learning evaluation instances,evaluation time (cpu seconds),model cost (RAM-Hours),classified instances,classifications correct (percent),Kappa Statistic (percent),Kappa Temporal Statistic (percent),Kappa M Statistic (percent),model training instances,model serialized size (bytes),ensemble size,change detections,[avg] model training instances,[err] model training instances,[avg] model serialized size (bytes),[err] model serialized size (bytes),[avg] tree size (nodes),[err] tree size (nodes),[avg] tree size (leaves),[err] tree size (leaves),[avg] active learning leaves,[err] active learning leaves,[avg] tree depth,[err] tree depth,[avg] active leaf byte size estimate,[err] active leaf byte size estimate,[avg] inactive leaf byte size estimate,[err] inactive leaf byte size estimate,[avg] byte size estimate overhead,[err] byte size estimate overhead
1000.0,0.171875,3.865822994460662E-8,1000.0,35.0,33.27858755902279,35.0,27.777777777777775,1000.0,885632.0,15.0,0.0,6001.0,69.52697318307483,32720.0,0.0,1.0,0.0,1.0,0.0,1.0,0.0,0.0,0.0,0.0,0.0,0.0,0.0,1.0,0.0
2000.0,0.40625,9.220394228274624E-8,2000.0,38.800000000000004,37.90584415584416,38.800000000000004,32.0,2000.0,883112.0,15.0,4.0,8922.199999999999,5214.876401767762,32820.8,228.98134671378148,1.0,0.0,1.0,0.0,1.0,0.0,0.0,0.0,0.0,0.0,0.0,0.0,1.0,0.0
3000.0,0.640625,1.4887637613962094E-7,3000.0,48.4,47.59825327510917,48.4,42.666666666666664,3000.0,935728.0,15.0,19.0,3227.4,4545.801419206205,36379.73333333334,9098.708915214813,1.2666666666666668,0.7037315505489967,1.1333333333333335,0.3518657752744984,1.1333333333333335,0.3518657752744984,0.13333333333333336,0.35186577527449836,0.0,0.0,0.0,0.0,1.0,0.0
4000.0,0.96875,2.4378658660377064E-7,4000.0,44.9,43.901445734066385,44.9,38.77777777777777,4000.0,1118088.0,15.0,43.0,3382.2000000000003,4270.80011239112,48493.86666666667,40619.70949791785,2.066666666666667,2.8149262021959873,1.5333333333333332,1.4074631010979934,1.5333333333333332,1.4074631010979934,0.39999999999999997,1.0555973258234952,0.0,0.0,0.0,0.0,1.0,0.0
5000.0,1.21875,3.046485168548922E-7,5000.0,30.099999999999998,28.78973105134474,30.099999999999998,22.33333333333333,5000.0,941040.0,15.0,56.0,4898.799999999999,2001.9353564559897,36386.133333333324,12768.007327841315,1.4,1.5491933384829668,1.2,0.7745966692414834,1.2,0.7745966692414834,0.13333333333333333,0.5163977794943222,0.0,0.0,0.0,0.0,1.0,0.0
6000.0,1.4375,3.696744938174056E-7,6000.0,37.6,34.2673548930791,37.6,30.66666666666667,6000.0,1149056.0,15.0,59.0,8861.533333333333,4596.23137342924,50363.200000000004,33759.753661931325,2.466666666666667,2.774029216723951,1.7333333333333334,1.3870146083619754,1.7333333333333334,1.3870146083619754,0.6,1.0555973258234952,0.0,0.0,0.0,0.0,1.0,0.0
7000.0,1.71875,4.580744684466885E-7,7000.0,74.5,74.02729680179263,74.5,71.66666666666667,7000.0,1214960.0,15.0,69.0,6713.2,6828.468027310372,54811.20000000001,39569.895027118066,2.6,2.84855853271189,1.8,1.424279266355945,1.8,1.424279266355945,0.6666666666666666,1.1126972805283737,0.0,0.0,0.0,0.0,1.0,0.0
8000.0,2.015625,5.236422940571276E-7,8000.0,64.0,63.45919610231425,64.0,60.0,8000.0,853728.0,15.0,90.0,1716.3333333333335,1001.0854585089603,30893.86666666667,8511.562000904305,0.9333333333333333,0.2581988897471611,0.9333333333333333,0.2581988897471611,0.9333333333333333,0.2581988897471611,0.0,0.0,0.0,0.0,0.0,0.0,1.0,0.0
9000.0,2.3125,5.918723763898016E-7,9000.0,34.300000000000004,33.434650455927056,34.300000000000004,27.0,9000.0,888392.0,15.0,110.0,3075.133333333333,1244.4209133262787,33036.80000000001,292.8449614191297,1.0,0.0,1.0,0.0,1.0,0.0,0.0,0.0,0.0,0.0,0.0,0.0,1.0,0.0
10000.0,2.59375,6.966135697439314E-7,10000.0,55.60000000000001,54.00870105655687,55.60000000000001,50.66666666666667,10000.0,1439552.0,15.0,119.0,5580.333333333333,2710.5798448372802,69729.6,28297.77339246727,4.333333333333333,2.581988897471611,2.6666666666666665,1.2909944487358056,2.6666666666666665,1.2909944487358056,1.6666666666666665,1.2909944487358056,0.0,0.0,0.0,0.0,1.0,0.0
11000.0,2.890625,8.049175893473957E-7,11000.0,84.39999999999999,84.12536888165259,84.39999999999999,82.66666666666667,11000.0,1410176.0,15.0,129.0,5796.066666666667,5559.363471614696,67828.8,44832.63472580151,3.266666666666667,2.914659173083209,2.1333333333333333,1.4573295865416045,2.1333333333333333,1.4573295865416045,1.1333333333333335,1.4573295865416045,0.0,0.0,0.0,0.0,1.0,0.0
12000.0,3.21875,8.772752415906224E-7,12000.0,57.99999999999999,57.325746799431,57.99999999999999,53.333333333333336,12000.0,852408.0,15.0,155.0,2109.5333333333333,1349.4770874393569,30850.666666666668,8499.743951325549,0.9333333333333333,0.2581988897471611,0.9333333333333333,0.2581988897471611,0.9333333333333333,0.2581988897471611,0.0,0.0,0.0,0.0,0.0,0.0,1.0,0.0
13000.0,3.5,9.57361998088244E-7,13000.0,37.7,36.200716845878134,37.7,30.777777777777782,13000.0,1100704.0,15.0,168.0,3667.333333333333,2120.7138510641266,47165.33333333333,14537.176984086927,2.2,1.2649110640673518,1.6,0.6324555320336759,1.6,0.6324555320336759,0.6,0.6324555320336759,0.0,0.0,0.0,0.0,1.0,0.0
14000.0,3.78125,1.0813384950678384E-6,14000.0,77.2,76.73231962445148,77.2,74.66666666666667,14000.0,1703920.0,15.0,168.0,9654.733333333334,2103.8796294555673,87174.93333333333,11910.875459407835,5.2666666666666675,1.0327955589886444,3.1333333333333337,0.5163977794943222,3.1333333333333337,0.5163977794943222,2.066666666666667,0.45773770821706344,0.0,0.0,0.0,0.0,1.0,0.0
15000.0,4.03125,1.1524196209696433E-6,15000.0,81.2,80.94272681196148,81.2,79.11111111111111,15000.0,1099048.0,15.0,185.0,4425.933333333333,6240.771821161989,47134.933333333334,30566.082396451573,2.0666666666666664,2.3744673588186544,1.5333333333333332,1.1872336794093272,1.5333333333333332,1.1872336794093272,0.4666666666666668,0.9904304018720251,0.0,0.0,0.0,0.0,1.0,0.0
16000.0,4.328125,1.2178363006872435E-6,16000.0,42.0,41.38453764527539,42.0,35.55555555555555,16000.0,851760.0,15.0,215.0,1499.3333333333333,1037.332132145222,30807.46666666667,8487.673868336253,0.9333333333333332,0.2581988897471611,0.9333333333333332,0.2581988897471611,0.9333333333333332,0.2581988897471611,0.0,0.0,0.0,0.0,0.0,0.0,1.0,0.0
17000.0,4.625,1.2995490881924827E-6,17000.0,38.4,37.613935588414016,38.4,31.555555555555557,17000.0,1063944.0,15.0,223.0,5157.4,3013.9913688377696,44661.866666666676,16130.652408498843,1.9333333333333333,1.2798809468443688,1.4666666666666666,0.6399404734221844,1.4666666666666666,0.6399404734221844,0.4666666666666666,0.6399404734221844,0.0,0.0,0.0,0.0,1.0,0.0
18000.0,4.90625,1.384937980522712E-6,18000.0,52.300000000000004,51.52439024390244,52.300000000000004,47.0,18000.0,1173576.0,15.0,238.0,5003.6,4384.793525029754,52033.066666666666,37066.13614968071,2.333333333333333,2.5819888974716116,1.6666666666666665,1.2909944487358058,1.6666666666666665,1.2909944487358058,0.5333333333333333,0.990430401872025,0.0,0.0,0.0,0.0,1.0,0.0
19000.0,5.1875,1.4788909660031397E-6,19000.0,41.199999999999996,40.304568527918775,41.199999999999996,34.666666666666664,19000.0,1291280.0,15.0,261.0,6004.266666666666,7417.305050321431,59985.6,52557.81775856811,2.866666666666667,3.7391111752597546,1.9333333333333336,1.8695555876298773,1.9333333333333336,1.8695555876298773,0.7333333333333335,1.3870146083619754,0.0,0.0,0.0,0.0,1.0,0.0
20000.0,5.453125,1.5481443390146726E-6,20000.0,43.1,42.414735350673006,43.1,36.77777777777777,20000.0,1007800.0,15.0,285.0,2427.6,1708.0260453015846,41222.933333333334,17051.598699521513,1.7333333333333332,1.0997835284835873,1.3333333333333335,0.6172133998483676,1.3333333333333335,0.6172133998483676,0.39999999999999997,0.50709255283711,0.0,0.0,0.0,0.0,1.0,0.0
21000.0,5.71875,1.6279867850244044E-6,21000.0,69.39999999999999,68.65075299661919,69.39999999999999,65.99999999999999,21000.0,1161896.0,15.0,301.0,3748.733333333334,2742.5761994015425,51307.200000000004,25073.916382225914,2.6,2.164651077128664,1.8,1.082325538564332,1.8,1.082325538564332,0.7333333333333332,0.9611501047232547,0.0,0.0,0.0,0.0,1.0,0.0
22000.0,5.984375,1.7009283571193615E-6,22000.0,89.1,88.89794255449175,89.1,87.8888888888889,22000.0,1061472.0,15.0,314.0,4324.333333333334,4701.632492575116,44644.26666666667,26373.579136993103,1.8000000000000005,1.8205179796655993,1.4000000000000001,0.9102589898327995,1.4000000000000001,0.9102589898327995,0.33333333333333337,0.723746864455746,0.0,0.0,0.0,0.0,1.0,0.0
23000.0,6.28125,1.7689003854886524E-6,23000.0,74.4,73.99959374365224,74.4,71.55555555555556,23000.0,885032.0,15.0,334.0,1629.3333333333333,954.7903035795472,33036.8,292.84496141912905,1.0,0.0,1.0,0.0,1.0,0.0,0.0,0.0,0.0,0.0,0.0,0.0,1.0,0.0
24000.0,6.578125,1.8457961656774082E-6,24000.0,33.5,32.61045804620997,33.5,26.111111111111114,24000.0,1001224.0,15.0,351.0,3349.6000000000004,1608.6638111000254,40541.33333333333,12925.598669012625,1.5333333333333332,0.915475416434127,1.2666666666666666,0.4577377082170634,1.2666666666666666,0.4577377082170634,0.2666666666666667,0.4577377082170635,0.0,0.0,0.0,0.0,1.0,0.0
25000.0,6.828125,1.9440268968335453E-6,25000.0,71.7,71.00409836065573,71.7,68.55555555555556,25000.0,1518832.0,15.0,357.0,6524.799999999999,3062.4761969920446,75003.73333333332,25905.78355576405,4.333333333333333,2.0930724738891344,2.6666666666666665,1.0465362369445672,2.6666666666666665,1.0465362369445672,1.4000000000000001,0.7367883976130073,0.0,0.0,0.0,0.0,1.0,0.0
26000.0,7.078125,2.0266434876248237E-6,26000.0,88.6,88.3981274170568,88.6,87.33333333333333,26000.0,1277408.0,15.0,366.0,7388.533333333334,6686.271327628476,59016.0,36609.93413971522,2.866666666666667,2.6690465570704314,1.9333333333333333,1.3345232785352157,1.9333333333333333,1.3345232785352157,0.6666666666666666,0.8997354108424374,0.0,0.0,0.0,0.0,1.0,0.0
27000.0,7.375,2.0946302619348794E-6,27000.0,72.7,72.25891677675033,72.7,69.66666666666667,27000.0,885224.0,15.0,390.0,2555.2,2316.8173428218292,32993.6,288.25702816360615,1.0,0.0,1.0,0.0,1.0,0.0,0.0,0.0,0.0,0.0,0.0,0.0,1.0,0.0
28000.0,7.640625,2.153348986111167E-6,28000.0,27.6,26.601784266017848,27.6,19.555555555555557,28000.0,854496.0,15.0,406.0,3986.8666666666672,2623.5676600131105,30821.866666666665,8491.332840580671,0.9333333333333333,0.2581988897471611,0.9333333333333333,0.2581988897471611,0.9333333333333333,0.2581988897471611,0.0,0.0,0.0,0.0,0.0,0.0,1.0,0.0
29000.0,7.921875,2.2383548720325856E-6,29000.0,47.5,45.93759654000618,47.5,41.666666666666664,29000.0,1168312.0,15.0,420.0,4616.4,4361.321880216725,51792.533333333326,24605.122526668725,2.4666666666666663,1.9223002094465096,1.7333333333333332,0.9611501047232548,1.7333333333333332,0.9611501047232548,0.6666666666666666,0.816496580927726,0.0,0.0,0.0,0.0,1.0,0.0
30000.0,8.171875,2.319464272457278E-6,30000.0,44.9,43.637479541734855,44.9,38.77777777777777,30000.0,1254104.0,15.0,438.0,5912.066666666667,5730.1240134506525,57398.40000000001,40018.75688224211,2.6,2.640346297633811,1.8000000000000005,1.3201731488169055,1.8000000000000005,1.3201731488169055,0.6666666666666666,1.0465362369445672,0.0,0.0,0.0,0.0,1.0,0.0
31000.0,8.453125,2.4142566124080777E-6,31000.0,38.6,37.76606527468072,38.6,31.777777777777782,31000.0,1302816.0,15.0,454.0,7333.800000000001,8145.714194768751,60610.666666666664,49469.16741721434,2.733333333333334,3.1045281828476345,1.8666666666666667,1.5522640914238177,1.8666666666666667,1.5522640914238177,0.7333333333333333,1.2798809468443688,0.0,0.0,0.0,0.0,1.0,0.0
32000.0,8.796875,2.4900065101165733E-6,32000.0,46.9,45.06517690875233,46.9,41.0,32000.0,851808.0,15.0,481.0,1671.7333333333336,1160.1788326846531,30821.86666666667,8491.332840580671,0.9333333333333332,0.2581988897471611,0.9333333333333332,0.2581988897471611,0.9333333333333332,0.2581988897471611,0.0,0.0,0.0,0.0,0.0,0.0,1.0,0.0
33000.0,9.109375,2.586052384382734E-6,33000.0,51.300000000000004,50.36689767631473,51.300000000000004,45.88888888888889,33000.0,1188040.0,15.0,497.0,3995.0,1743.453551349816,53107.73333333333,12664.077561956026,2.4666666666666663,0.9154754164341269,1.7333333333333332,0.45773770821706344,1.7333333333333332,0.45773770821706344,0.7333333333333333,0.4577377082170635,0.0,0.0,0.0,0.0,1.0,0.0
34000.0,9.359375,2.671381193471865E-6,34000.0,83.39999999999999,82.99006045701404,83.39999999999999,81.55555555555554,34000.0,1319344.0,15.0,504.0,7359.8,4631.356823714993,61685.333333333336,26877.119857036836,3.1333333333333333,2.065591117977289,2.066666666666667,1.0327955589886444,2.066666666666667,1.0327955589886444,1.0666666666666667,1.0327955589886444,0.0,0.0,0.0,0.0,1.0,0.0
35000.0,9.65625,2.7393624380541338E-6,35000.0,52.7,51.91134607564051,52.7,47.44444444444445,35000.0,885152.0,15.0,532.0,1807.6666666666665,1291.7601317950782,33022.4,303.28035120754464,1.0,0.0,1.0,0.0,1.0,0.0,0.0,0.0,0.0,0.0,0.0,0.0,1.0,0.0
36000.0,9.96875,2.839629661240097E-6,36000.0,41.4,40.27721157766001,41.4,34.88888888888888,36000.0,1240256.0,15.0,546.0,4034.7999999999997,2142.3666886346577,56447.46666666666,8456.568418071469,3.1333333333333337,0.915475416434127,2.066666666666667,0.4577377082170635,2.066666666666667,0.4577377082170635,1.0666666666666669,0.4577377082170635,0.0,0.0,0.0,0.0,1.0,0.0
37000.0,10.234375,2.9810769612797427E-6,37000.0,84.89999999999999,84.64354723888945,84.89999999999999,83.22222222222221,37000.0,2058392.0,15.0,547.0,9673.066666666668,3028.091300441505,110796.79999999997,25112.839707437077,7.0,2.0,3.999999999999999,0.9999999999999997,3.999999999999999,0.9999999999999997,2.7333333333333334,0.7988086367179803,0.0,0.0,0.0,0.0,1.0,0.0
38000.0,10.546875,3.087233506246573E-6,38000.0,76.6,76.27496704856534,76.6,74.0,38000.0,1313104.0,15.0,569.0,4865.733333333334,5776.363691392544,61347.73333333332,59386.961444732086,3.1333333333333337,4.501851470969101,2.0666666666666664,2.2509257354845507,2.0666666666666664,2.2509257354845507,0.6000000000000001,1.2421180068162376,0.0,0.0,0.0,0.0,1.0,0.0
39000.0,10.8125,3.17452216727866E-6,39000.0,51.2,50.756811301715445,51.2,45.77777777777778,39000.0,1270256.0,15.0,591.0,4749.6,6843.64046605105,58518.399999999994,58482.80542029915,2.733333333333334,3.8446004188930196,1.8666666666666667,1.9223002094465098,1.8666666666666667,1.9223002094465098,0.5333333333333333,1.0600988273786194,0.0,0.0,0.0,0.0,1.0,0.0
40000.0,11.140625,3.2948432231528886E-6,40000.0,40.8,40.020263424518745,40.8,34.222222222222214,40000.0,1417440.0,15.0,606.0,3585.4666666666667,1636.7504333136376,68324.26666666668,17366.23400027712,4.2,1.4735767952260146,2.6,0.7367883976130073,2.6,0.7367883976130073,1.5999999999999999,0.7367883976130071,0.0,0.0,0.0,0.0,1.0,0.0
41000.0,11.375,3.3834566258721877E-6,41000.0,81.10000000000001,80.81607795371498,81.10000000000001,79.0,41000.0,1461472.0,15.0,611.0,6767.333333333333,3862.4421154546894,71115.73333333334,30076.23576244367,4.066666666666666,2.491891612715892,2.533333333333333,1.245945806357946,2.533333333333333,1.245945806357946,1.4000000000000004,1.121223821162776,0.0,0.0,0.0,0.0,1.0,0.0
42000.0,11.703125,3.485962451021704E-6,42000.0,89.60000000000001,89.39749209909267,89.60000000000001,88.44444444444444,42000.0,1207568.0,15.0,626.0,5483.733333333334,5776.070976347982,54282.666666666664,39134.40794176374,2.866666666666667,3.58302877997027,1.9333333333333333,1.791514389985135,1.9333333333333333,1.791514389985135,0.7333333333333334,1.2798809468443686,0.0,0.0,0.0,0.0,1.0,0.0
43000.0,12.0,3.567878609626657E-6,43000.0,68.2,67.65992067527714,68.2,64.66666666666667,43000.0,1066592.0,15.0,653.0,3067.2666666666664,5254.553161193587,45120.0,46830.73510908347,1.8000000000000005,3.0983866769659336,1.4000000000000001,1.5491933384829668,1.4000000000000001,1.5491933384829668,0.19999999999999998,0.7745966692414834,0.0,0.0,0.0,0.0,1.0,0.0
44000.0,12.296875,3.6360662973796324E-6,44000.0,30.4,29.63299969669396,30.4,22.666666666666664,44000.0,887840.0,15.0,673.0,2757.5333333333333,1511.3156457048876,33022.4,303.28035120754424,1.0,0.0,1.0,0.0,1.0,0.0,0.0,0.0,0.0,0.0,0.0,0.0,1.0,0.0
45000.0,12.59375,3.7552190284865595E-6,45000.0,48.9,48.00040704182354,48.9,43.22222222222222,45000.0,1551432.0,15.0,678.0,6969.400000000001,1867.153096485204,77036.26666666666,5684.5067566735,4.866666666666666,0.5163977794943224,2.933333333333333,0.2581988897471612,2.933333333333333,0.2581988897471612,1.9333333333333331,0.2581988897471611,0.0,0.0,0.0,0.0,1.0,0.0
46000.0,12.84375,3.854129625122166E-6,46000.0,62.4,62.031707563364634,62.4,58.22222222222222,46000.0,1529344.0,15.0,684.0,8804.066666666668,5365.955692627185,75653.33333333333,40550.148216510286,3.9333333333333327,2.814926202195987,2.4666666666666663,1.4074631010979934,2.4666666666666663,1.4074631010979934,1.3333333333333333,1.1751393027860062,0.0,0.0,0.0,0.0,1.0,0.0
47000.0,13.140625,3.933390285561068E-6,47000.0,80.80000000000001,80.50761421319798,80.80000000000001,78.66666666666667,47000.0,1032016.0,15.0,706.0,3697.0666666666666,4665.182043097364,42771.73333333332,31513.507071156164,1.6666666666666667,2.0930724738891344,1.3333333333333335,1.0465362369445672,1.3333333333333335,1.0465362369445672,0.26666666666666666,0.7988086367179803,0.0,0.0,0.0,0.0,1.0,0.0
48000.0,13.4375,4.001506086852816E-6,48000.0,41.3,40.21185577510695,41.3,34.77777777777777,48000.0,886904.0,15.0,732.0,2283.6,1191.769500724508,32993.600000000006,288.2570281636067,1.0,0.0,1.0,0.0,1.0,0.0,0.0,0.0,0.0,0.0,0.0,0.0,1.0,0.0
49000.0,13.65625,4.073557017060618E-6,49000.0,45.4,44.17748696452306,45.4,39.33333333333333,49000.0,1273192.0,15.0,746.0,4358.533333333333,1005.7991752593463,58630.933333333334,4461.751473303259,3.133333333333334,0.5163977794943224,2.0666666666666664,0.2581988897471611,2.0666666666666664,0.2581988897471611,1.066666666666667,0.2581988897471612,0.0,0.0,0.0,0.0,1.0,0.0
50000.0,13.90625,4.182589020476573E-6,50000.0,84.2,83.89562735704821,84.2,82.44444444444444,50000.0,1685840.0,15.0,746.0,10325.800000000001,1004.0653934309826,85950.4,626.0274754353836,5.0,0.0,3.0,0.0,3.0,0.0,2.0,0.0,0.0,0.0,0.0,0.0,1.0,0.0
51000.0,14.21875,4.268011349874238E-6,51000.0,81.69999999999999,81.38351983723295,81.69999999999999,79.66666666666666,51000.0,1056632.0,15.0,759.0,5105.466666666666,6090.43516937673,44299.2,23451.829253051576,1.8,1.65615734242165,1.4000000000000001,0.8280786712108251,1.4000000000000001,0.8280786712108251,0.39999999999999997,0.828078671210825,0.0,0.0,0.0,0.0,1.0,0.0
52000.0,14.515625,4.342770197480503E-6,52000.0,74.7,74.27293064876957,74.7,71.88888888888889,52000.0,973400.0,15.0,785.0,2309.2666666666664,2071.158973917283,38900.8,12130.910619452396,1.4,0.828078671210825,1.2000000000000002,0.4140393356054125,1.2000000000000002,0.4140393356054125,0.2,0.4140393356054125,0.0,0.0,0.0,0.0,1.0,0.0
53000.0,14.796875,4.412080387636605E-6,53000.0,33.7,33.326629123089305,33.7,26.333333333333336,53000.0,952592.0,15.0,800.0,3366.666666666667,2090.428686953491,37401.600000000006,9334.859129704559,1.4,0.828078671210825,1.2000000000000004,0.4140393356054125,1.2000000000000004,0.4140393356054125,0.2,0.4140393356054125,0.0,0.0,0.0,0.0,1.0,0.0
54000.0,15.078125,4.48021187265921E-6,54000.0,48.199999999999996,47.405828002842924,48.199999999999996,42.44444444444444,54000.0,936392.0,15.0,820.0,2709.6,2818.711960148769,36334.4,12806.988163833501,1.2666666666666668,1.0327955589886444,1.1333333333333335,0.5163977794943222,1.1333333333333335,0.5163977794943222,0.13333333333333336,0.5163977794943222,0.0,0.0,0.0,0.0,1.0,0.0
55000.0,15.359375,4.550657694279734E-6,55000.0,56.00000000000001,55.384303386736974,56.00000000000001,51.11111111111112,55000.0,968200.0,15.0,832.0,5013.533333333333,3670.5481853467586,38262.933333333334,20035.64546169318,1.4000000000000001,1.5491933384829668,1.2,0.7745966692414834,1.2,0.7745966692414834,0.19999999999999998,0.7745966692414834,0.0,0.0,0.0,0.0,1.0,0.0
56000.0,15.671875,4.619513476629638E-6,56000.0,31.900000000000002,31.086824529447483,31.900000000000002,24.333333333333332,56000.0,851712.0,15.0,859.0,1819.533333333333,1710.063318237355,30793.06666666667,8483.987130948233,0.9333333333333332,0.2581988897471611,0.9333333333333332,0.2581988897471611,0.9333333333333332,0.2581988897471611,0.0,0.0,0.0,0.0,0.0,0.0,1.0,0.0
57000.0,16.0,4.707353008497093E-6,57000.0,30.3,28.89206284431749,30.3,22.555555555555554,57000.0,1034792.0,15.0,878.0,3626.8,1854.4053802461085,42731.200000000004,12279.637332941533,1.8,1.01418510567422,1.4000000000000001,0.50709255283711,1.4000000000000001,0.50709255283711,0.39999999999999997,0.50709255283711,0.0,0.0,0.0,0.0,1.0,0.0
58000.0,16.28125,4.8131722077313405E-6,58000.0,71.1,70.51622117935115,71.1,67.88888888888889,58000.0,1454368.0,15.0,886.0,5728.999999999999,3734.9209783187803,70731.2,33017.190715487246,4.199999999999999,2.8081514000698546,2.5999999999999996,1.4040757000349273,2.5999999999999996,1.4040757000349273,1.2,1.01418510567422,0.0,0.0,0.0,0.0,1.0,0.0
59000.0,16.59375,4.933852857599657E-6,59000.0,79.5,79.11147340533931,79.5,77.22222222222223,59000.0,1492760.0,15.0,895.0,7895.199999999999,6309.353161322143,73268.79999999999,50284.796752668124,4.066666666666667,3.9182114481458186,2.5333333333333337,1.9591057240729093,2.5333333333333337,1.9591057240729093,1.2,1.52127765851133,0.0,0.0,0.0,0.0,1.0,0.0
60000.0,16.84375,5.0213935578035E-6,60000.0,47.199999999999996,46.32509911558402,47.199999999999996,41.333333333333336,60000.0,1353544.0,15.0,923.0,5349.866666666667,8359.451604250697,64233.600000000006,72145.08044687257,3.1999999999999997,4.753945729601885,2.0666666666666664,2.404361117002265,2.0666666666666664,2.404361117002265,0.8,1.65615734242165,0.0,0.0,0.0,0.0,1.0,0.0
61000.0,17.140625,5.122862833862505E-6,61000.0,39.5,37.79559942422374,39.5,32.777777777777786,61000.0,1321184.0,15.0,936.0,5548.0666666666675,6399.662630244847,61761.6,34894.694047744764,3.2666666666666666,2.250925735484551,2.1333333333333337,1.1254628677422756,2.1333333333333337,1.1254628677422756,1.0666666666666669,0.8837151016885368,0.0,0.0,0.0,0.0,1.0,0.0
62000.0,17.40625,5.248354508593266E-6,62000.0,63.3,62.895561621676265,63.3,59.22222222222222,62000.0,1826200.0,15.0,936.0,11551.733333333332,6388.564811628739,95243.73333333332,26705.278214151567,5.666666666666667,1.632993161855452,3.3333333333333335,0.816496580927726,3.3333333333333335,0.816496580927726,2.266666666666667,0.5936168397046637,0.0,0.0,0.0,0.0,1.0,0.0
63000.0,17.640625,5.334211778568312E-6,63000.0,66.8,66.26701889859785,66.8,63.111111111111114,63000.0,1416016.0,15.0,943.0,9216.333333333336,6575.890539003244,68003.73333333332,34806.778698299284,3.4000000000000004,2.4142434484888695,2.1999999999999997,1.2071217242444348,2.1999999999999997,1.2071217242444348,1.2000000000000002,1.2071217242444348,0.0,0.0,0.0,0.0,1.0,0.0
64000.0,17.921875,5.437075192781373E-6,64000.0,66.4,65.45342381246145,66.4,62.66666666666667,64000.0,1413744.0,15.0,958.0,5454.133333333332,3773.208238293218,68007.46666666667,25891.91502564532,3.533333333333333,1.7674302033770735,2.2666666666666666,0.8837151016885368,2.2666666666666666,0.8837151016885368,1.2666666666666666,0.8837151016885367,0.0,0.0,0.0,0.0,1.0,0.0
65000.0,18.21875,5.523090722918925E-6,65000.0,44.2,42.909760589318594,44.2,37.99999999999999,65000.0,1119968.0,15.0,973.0,5057.666666666667,3983.918721679997,48417.600000000006,24302.147996774747,2.3333333333333335,1.632993161855452,1.6666666666666667,0.816496580927726,1.6666666666666667,0.816496580927726,0.6666666666666667,0.816496580927726,0.0,0.0,0.0,0.0,1.0,0.0
66000.0,18.5,5.619481445238409E-6,66000.0,43.1,41.682894332274266,43.1,36.77777777777777,66000.0,1324784.0,15.0,991.0,3265.3333333333335,1757.944687357803,62073.066666666666,17566.226521638724,3.9333333333333336,1.667618775665584,2.4666666666666663,0.833809387832792,2.4666666666666663,0.833809387832792,1.4666666666666668,0.833809387832792,0.0,0.0,0.0,0.0,1.0,0.0
67000.0,18.78125,5.71980234882277E-6,67000.0,67.80000000000001,67.41220524238439,67.80000000000001,64.22222222222223,67000.0,1378800.0,15.0,1001.0,6941.133333333333,3631.092257290137,65553.06666666668,37295.371308872454,3.6666666666666665,3.086066999241838,2.3333333333333335,1.5430334996209192,2.3333333333333335,1.5430334996209192,1.0666666666666669,1.2798809468443688,0.0,0.0,0.0,0.0,1.0,0.0
68000.0,19.046875,5.786093178256933E-6,68000.0,77.10000000000001,76.77013593020897,77.10000000000001,74.55555555555556,68000.0,964688.0,15.0,1020.0,3285.9999999999995,3151.7605284303295,38163.200000000004,10601.366510300184,1.4000000000000001,0.8280786712108251,1.2000000000000002,0.4140393356054125,1.2000000000000002,0.4140393356054125,0.19999999999999998,0.4140393356054125,0.0,0.0,0.0,0.0,1.0,0.0
69000.0,19.296875,5.843567163942176E-6,69000.0,36.7,36.1186799878898,36.7,29.666666666666668,69000.0,888656.0,15.0,1043.0,2861.4666666666667,1225.4617710809882,33065.600000000006,303.2803512075447,1.0,0.0,1.0,0.0,1.0,0.0,0.0,0.0,0.0,0.0,0.0,0.0,1.0,0.0
70000.0,19.59375,5.9564055603307995E-6,70000.0,32.800000000000004,31.218014329580345,32.800000000000004,25.333333333333336,70000.0,1469216.0,15.0,1051.0,6558.133333333334,2046.4723608711465,71602.66666666667,13629.749534784285,4.066666666666666,1.0327955589886444,2.533333333333333,0.5163977794943222,2.533333333333333,0.5163977794943222,1.5333333333333332,0.5163977794943222,0.0,0.0,0.0,0.0,1.0,0.0
71000.0,19.84375,6.069865485187621E-6,71000.0,61.6,61.1885991510006,61.6,57.333333333333336,71000.0,1754304.0,15.0,1052.0,11980.0,3514.883659932024,90523.73333333334,19721.0301363315,5.533333333333333,1.5976172734359606,3.2666666666666666,0.7988086367179803,3.2666666666666666,0.7988086367179803,1.9333333333333336,0.5936168397046638,0.0,0.0,0.0,0.0,1.0,0.0
72000.0,20.125,6.167393003124745E-6,72000.0,83.8,83.48287112561175,83.8,82.0,72000.0,1340408.0,15.0,1069.0,6938.9333333333325,8985.523479994019,63268.26666666668,50130.77206020651,3.466666666666667,3.7959878568725443,2.1999999999999997,1.9346465162548796,2.1999999999999997,1.9346465162548796,0.9333333333333333,1.3870146083619754,0.0,0.0,0.0,0.0,1.0,0.0
73000.0,20.40625,6.231802108231933E-6,73000.0,65.4,64.34827408552293,65.4,61.555555555555564,73000.0,885232.0,15.0,1093.0,1723.2666666666669,1010.9630109572801,32964.8,564.8346407830979,1.0,0.0,1.0,0.0,1.0,0.0,0.0,0.0,0.0,0.0,0.0,0.0,1.0,0.0
74000.0,20.65625,6.294756409867357E-6,74000.0,42.0,40.44563096827189,42.0,35.55555555555555,74000.0,973392.0,15.0,1113.0,2624.666666666667,1840.8774176100555,38824.53333333333,12491.814359049386,1.5333333333333334,1.1872336794093272,1.2666666666666668,0.5936168397046636,1.2666666666666668,0.5936168397046636,0.26666666666666666,0.5936168397046636,0.0,0.0,0.0,0.0,1.0,0.0
75000.0,20.953125,6.41920170488043E-6,75000.0,50.2,49.36451448906964,50.2,44.666666666666664,75000.0,1620344.0,15.0,1117.0,7568.200000000001,2322.439394872801,81645.86666666667,15419.247183155154,4.866666666666665,1.1872336794093277,2.9333333333333327,0.5936168397046638,2.9333333333333327,0.5936168397046638,1.9333333333333331,0.5936168397046637,0.0,0.0,0.0,0.0,1.0,0.0
76000.0,21.1875,6.526218429725204E-6,76000.0,71.5,71.07186358099878,71.5,68.33333333333333,76000.0,1764992.0,15.0,1117.0,13565.866666666667,2321.7106644721707,91221.86666666665,17582.023928135346,4.866666666666665,1.1872336794093277,2.9333333333333327,0.5936168397046638,2.9333333333333327,0.5936168397046638,1.9333333333333331,0.5936168397046637,0.0,0.0,0.0,0.0,1.0,0.0
77000.0,21.515625,6.680361532037044E-6,77000.0,73.6,73.21428571428571,73.6,70.66666666666667,77000.0,1815880.0,15.0,1124.0,14262.800000000001,8802.414564846886,94729.6,40915.55079289187,5.533333333333333,3.067494712224262,3.2666666666666666,1.533747356112131,3.2666666666666666,1.533747356112131,2.1999999999999997,1.424279266355945,0.0,0.0,0.0,0.0,1.0,0.0
78000.0,21.828125,6.776909285690637E-6,78000.0,52.5,51.59482319372262,52.5,47.22222222222223,78000.0,1194248.0,15.0,1149.0,4919.4,7533.345574368477,53469.33333333333,53911.636457483,2.6,4.2895221179054435,1.8000000000000005,2.144761058952722,1.8000000000000005,2.144761058952722,0.5333333333333333,1.4074631010979937,0.0,0.0,0.0,0.0,1.0,0.0
79000.0,22.09375,6.850689759529714E-6,79000.0,57.199999999999996,56.165505940188446,57.199999999999996,52.444444444444436,79000.0,1073680.0,15.0,1165.0,3675.6666666666674,7242.624619635647,45539.200000000004,48514.008043627386,1.9333333333333331,3.6147844564602556,1.4666666666666666,1.8073922282301278,1.4666666666666666,1.8073922282301278,0.2666666666666667,1.0327955589886444,0.0,0.0,0.0,0.0,1.0,0.0
80000.0,22.359375,6.9446604983467205E-6,80000.0,68.7,68.26201581829244,68.7,65.22222222222223,80000.0,1367496.0,15.0,1176.0,5375.4,2935.6306161173816,64903.466666666674,24654.553302633187,3.9333333333333336,2.3744673588186544,2.466666666666667,1.1872336794093272,2.466666666666667,1.1872336794093272,1.4666666666666668,1.1872336794093272,0.0,0.0,0.0,0.0,1.0,0.0
81000.0,22.6875,7.0708658636754595E-6,81000.0,76.9,76.55060399959395,76.9,74.33333333333334,81000.0,1486760.0,15.0,1188.0,6090.266666666666,5794.31740669458,72885.86666666667,51941.375434050184,3.9333333333333336,3.844600418893019,2.466666666666667,1.9223002094465098,2.466666666666667,1.9223002094465098,1.2,1.5212776585113297,0.0,0.0,0.0,0.0,1.0,0.0
82000.0,23.0,7.14971784165957E-6,82000.0,68.5,67.9584986267928,68.5,65.0,82000.0,975360.0,15.0,1212.0,2326.6666666666674,1425.6881880424658,38899.73333333333,10210.920257020816,1.5333333333333334,0.9154754164341269,1.2666666666666666,0.4577377082170634,1.2666666666666666,0.4577377082170634,0.2666666666666667,0.45773770821706344,0.0,0.0,0.0,0.0,1.0,0.0
82250.0,23.09375,7.173303391836171E-6,82250.0,60.0,59.150326797385624,60.0,55.55555555555556,82250.0,972472.0,15.0,1218.0,2205.3999999999996,1686.8838896447073,38843.2,12045.918545299897,1.4000000000000001,0.828078671210825,1.2000000000000002,0.4140393356054125,1.2000000000000002,0.4140393356054125,0.2,0.41403933560541256,0.0,0.0,0.0,0.0,1.0,0.0
