learning evaluation instances,evaluation time (cpu seconds),model cost (RAM-Hours),classified instances,classifications correct (percent),Kappa Statistic (percent),Kappa Temporal Statistic (percent),Kappa M Statistic (percent),model training instances,model serialized size (bytes),ensemble size,[avg] model training instances,[err] model training instances,[avg] model serialized size (bytes),[err] model serialized size (bytes),[avg] Change detected,[err] Change detected,[avg] Warning detected,[err] Warning detected,[avg] tree size (nodes),[err] tree size (nodes),[avg] tree size (leaves),[err] tree size (leaves),[avg] active learning leaves,[err] active learning leaves,[avg] tree depth,[err] tree depth,[avg] active leaf byte size estimate,[err] active leaf byte size estimate,[avg] inactive leaf byte size estimate,[err] inactive leaf byte size estimate,[avg] byte size estimate overhead,[err] byte size estimate overhead
1000.0,0.265625,7.317081326618791E-8,1000.0,31.0,29.08530318602261,31.0,23.333333333333332,1000.0,1084528.0,10.0,1018.3999999999999,50.972025351373404,211912.0,183489.79671618628,0.0,0.0,20.9,6.244108334173014,1.0,0.0,1.0,0.0,1.0,0.0,0.0,0.0,0.0,0.0,0.0,0.0,1.0,0.0
2000.0,0.59375,1.6385097599898776E-7,2000.0,48.1,47.22391702257474,48.1,42.333333333333336,2000.0,1068256.0,10.0,1140.65,876.0283145508122,211314.39999999994,182825.48219211385,1.7999999999999998,0.6324555320336759,16.6,6.239658110292048,1.0,0.0,1.0,0.0,1.0,0.0,0.0,0.0,0.0,0.0,0.0,0.0,1.0,0.0
3000.0,1.09375,3.0050393737231694E-7,3000.0,86.2,85.88090853284224,86.2,84.66666666666667,3000.0,1056456.0,10.0,1510.0500000000002,1382.0555429085368,210702.8,182331.25371656014,3.9,0.7378647873726218,23.0,5.868938953886337,1.0,0.0,1.0,0.0,1.0,0.0,0.0,0.0,0.0,0.0,0.0,0.0,1.0,0.0
4000.0,1.640625,4.296384415485793E-7,4000.0,51.0,50.12722646310432,51.0,45.55555555555556,4000.0,912760.0,10.0,2141.1999999999994,1982.3192849206762,203474.8,175055.04159898125,4.5,2.7588242262078078,28.099999999999998,10.104454463255301,1.0,0.0,1.0,0.0,1.0,0.0,0.0,0.0,0.0,0.0,0.0,0.0,1.0,0.0
5000.0,2.0625,5.473893381551736E-7,5000.0,29.5,28.10524168876198,29.5,21.666666666666664,5000.0,1078904.0,10.0,2981.35,2151.8177205868483,211825.19999999998,183308.03507745615,0.39999999999999997,0.5163977794943222,18.3,6.566751268490548,1.0,0.0,1.0,0.0,1.0,0.0,0.0,0.0,0.0,0.0,0.0,0.0,1.0,0.0
6000.0,2.453125,6.579394297053417E-7,6000.0,28.7,23.97910224970679,28.7,20.77777777777777,6000.0,1093960.0,10.0,3787.2499999999995,2307.313221613307,212588.79999999996,184062.1576366327,0.6,1.3498971154211057,13.799999999999999,10.93211375311797,1.0,0.0,1.0,0.0,1.0,0.0,0.0,0.0,0.0,0.0,0.0,0.0,1.0,0.0
7000.0,2.734375,7.357141779114803E-7,7000.0,36.4,34.72906403940886,36.4,29.333333333333332,7000.0,1068928.0,10.0,4769.150000000001,2314.935926702258,211337.19999999995,182776.7874014641,0.0,0.0,5.9,5.6460408940936455,1.0,0.0,1.0,0.0,1.0,0.0,0.0,0.0,0.0,0.0,0.0,0.0,1.0,0.0
8000.0,3.0625,8.245940747049947E-7,8000.0,50.5,49.83785974868261,50.5,45.0,8000.0,1047048.0,10.0,4133.55,3912.715256900117,210243.19999999998,181630.7238447806,2.2,0.6324555320336759,14.0,5.962847939999438,1.0,0.0,1.0,0.0,1.0,0.0,0.0,0.0,0.0,0.0,0.0,0.0,1.0,0.0
9000.0,3.609375,9.737119156246383E-7,9000.0,33.2,32.16896831844029,33.2,25.77777777777778,9000.0,1054008.0,10.0,4716.700000000001,4293.629272109528,210569.59999999998,182106.7346130025,2.9,1.5238839267549946,25.400000000000002,9.203863922891902,1.0,0.0,1.0,0.0,1.0,0.0,0.0,0.0,0.0,0.0,0.0,0.0,1.0,0.0
10000.0,4.046875,1.0943362980874047E-6,10000.0,37.3,34.91124260355029,37.3,30.333333333333336,10000.0,1065760.0,10.0,5367.449999999999,4620.907275633217,211200.40000000002,182788.4006081464,0.8,1.0327955589886444,18.7,7.587270040447135,1.0,0.0,1.0,0.0,1.0,0.0,0.0,0.0,0.0,0.0,0.0,0.0,1.0,0.0
11000.0,4.453125,1.2061840647624597E-6,11000.0,76.6,76.11026033690659,76.6,74.0,11000.0,1064232.0,10.0,5723.750000000001,5227.324160751747,211016.0,182611.15724027262,2.6999999999999997,1.7029386365926402,17.3,10.467409740077374,1.0,0.0,1.0,0.0,1.0,0.0,0.0,0.0,0.0,0.0,0.0,0.0,1.0,0.0
12000.0,5.015625,1.360804566906558E-6,12000.0,62.9,62.29291594674255,62.9,58.777777777777786,12000.0,1062544.0,10.0,5983.150000000001,5942.818029706995,210812.8,182876.8693087467,4.7,1.7669811040931427,29.1,10.785278031753387,1.0,0.0,1.0,0.0,1.0,0.0,0.0,0.0,0.0,0.0,0.0,0.0,1.0,0.0
13000.0,5.609375,1.5301702983884347E-6,13000.0,46.5,45.38587178440179,46.5,40.55555555555556,13000.0,1102616.0,10.0,6703.100000000001,6251.133243786997,213010.80000000002,184514.19540244192,2.1999999999999997,1.7511900715418265,30.9,13.755402978870197,1.0,0.0,1.0,0.0,1.0,0.0,0.0,0.0,0.0,0.0,0.0,0.0,1.0,0.0
14000.0,6.046875,1.6558117931708692E-6,14000.0,60.699999999999996,59.93475379753288,60.699999999999996,56.333333333333336,14000.0,1111136.0,10.0,7548.050000000001,6394.678803299539,214981.6,184488.5845101762,0.7,0.9486832980505138,20.6,13.351654079800998,1.2000000000000002,0.6324555320336759,1.1,0.31622776601683794,1.1,0.31622776601683794,0.09999999999999999,0.31622776601683794,0.0,0.0,0.0,0.0,1.0,0.0
15000.0,6.46875,1.776206481736153E-6,15000.0,72.0,71.6971596078035,72.0,68.88888888888889,15000.0,1103128.0,10.0,8425.400000000001,6530.490578815652,214916.0,183780.33732062907,0.39999999999999997,0.8432740427115678,12.9,8.786985325531795,1.2000000000000002,0.6324555320336759,1.1,0.31622776601683794,1.1,0.31622776601683794,0.09999999999999999,0.31622776601683794,0.0,0.0,0.0,0.0,1.0,0.0
16000.0,6.953125,1.9178889083882997E-6,16000.0,41.699999999999996,41.003845375430075,41.699999999999996,35.222222222222214,16000.0,1130672.0,10.0,8111.5999999999985,7862.772032947748,214910.4,186390.8951668368,3.3000000000000003,1.4944341180973262,22.5,7.3673453684334484,1.0,0.0,1.0,0.0,1.0,0.0,0.0,0.0,0.0,0.0,0.0,0.0,1.0,0.0
17000.0,7.265625,2.0043305186037384E-6,17000.0,31.6,31.352870333199522,31.6,24.0,17000.0,1069240.0,10.0,8996.650000000001,7945.990192179357,211860.4,183323.52565439572,0.19999999999999998,0.6324555320336759,9.200000000000001,7.405703507732702,1.0,0.0,1.0,0.0,1.0,0.0,0.0,0.0,0.0,0.0,0.0,0.0,1.0,0.0
18000.0,7.578125,2.093055162630561E-6,18000.0,40.400000000000006,39.7979797979798,40.400000000000006,33.777777777777786,18000.0,1097480.0,10.0,9681.4,8240.235008145926,213261.60000000003,184694.88224021345,0.8,1.3984117975602022,11.2,8.283853102404837,1.0,0.0,1.0,0.0,1.0,0.0,0.0,0.0,0.0,0.0,0.0,0.0,1.0,0.0
19000.0,7.953125,2.1971669371446797E-6,19000.0,39.1,38.38526912181304,39.1,32.333333333333336,19000.0,1073176.0,10.0,9853.249999999998,9063.067174992197,212078.8,183491.16976820782,2.0,1.4907119849998598,17.7,12.961910010145537,1.0,0.0,1.0,0.0,1.0,0.0,0.0,0.0,0.0,0.0,0.0,0.0,1.0,0.0
20000.0,8.484375,2.349793180150704E-6,20000.0,33.5,32.699119522315556,33.5,26.111111111111114,20000.0,1110536.0,10.0,10222.2,9753.513982689845,213903.59999999995,185374.87997835487,2.5,1.7159383568311668,29.9,13.486206945534308,1.0,0.0,1.0,0.0,1.0,0.0,0.0,0.0,0.0,0.0,0.0,0.0,1.0,0.0
21000.0,9.0,2.4901338878812055E-6,21000.0,65.7,64.9964282069599,65.7,61.88888888888889,21000.0,1052088.0,10.0,10656.0,10415.487349943935,210959.6,182557.10953890564,3.1,1.66332999331662,29.300000000000004,12.667105255564728,1.0,0.0,1.0,0.0,1.0,0.0,0.0,0.0,0.0,0.0,0.0,0.0,1.0,0.0
22000.0,9.421875,2.608775361699776E-6,22000.0,83.89999999999999,83.56304236855539,83.89999999999999,82.11111111111111,22000.0,1087064.0,10.0,11372.150000000003,10723.039544904184,212665.19999999998,184241.41894510383,1.4,1.3498971154211057,16.9,6.4713041790490555,1.0,0.0,1.0,0.0,1.0,0.0,0.0,0.0,0.0,0.0,0.0,0.0,1.0,0.0
23000.0,9.90625,2.737975090793851E-6,23000.0,80.9,80.58153721024807,80.9,78.77777777777779,23000.0,1031056.0,10.0,11448.4,11598.984530870293,209746.0,181609.4590418508,3.4999999999999996,1.0801234497346432,22.299999999999997,9.989438867568532,1.0,0.0,1.0,0.0,1.0,0.0,0.0,0.0,0.0,0.0,0.0,0.0,1.0,0.0
24000.0,10.546875,2.914449853253447E-6,24000.0,43.9,43.097677249213916,43.9,37.66666666666666,24000.0,1064832.0,10.0,12018.2,12033.424763418023,211596.8,183234.8459510219,4.4,1.7126976771553504,33.1,7.460265112953799,1.0,0.0,1.0,0.0,1.0,0.0,0.0,0.0,0.0,0.0,0.0,0.0,1.0,0.0
25000.0,11.078125,3.0626726867113672E-6,25000.0,52.2,51.21951219512195,52.2,46.88888888888889,25000.0,1078496.0,10.0,12722.05,12312.69515356962,212280.0,183859.49221935184,1.1,0.8755950357709131,27.4,9.912954487269003,1.0,0.0,1.0,0.0,1.0,0.0,0.0,0.0,0.0,0.0,0.0,0.0,1.0,0.0
26000.0,11.5,3.1773816509586236E-6,26000.0,71.3,70.67838169186759,71.3,68.11111111111111,26000.0,1051032.0,10.0,13466.349999999999,12498.621323022624,210917.6,182400.90284356425,0.7,1.1595018087284057,15.499999999999998,10.66927051551948,1.0,0.0,1.0,0.0,1.0,0.0,0.0,0.0,0.0,0.0,0.0,0.0,1.0,0.0
27000.0,11.96875,3.290480106241173E-6,27000.0,60.9,60.4890864995958,60.9,56.55555555555556,27000.0,932648.0,10.0,13344.399999999998,13600.595712185395,205020.0,176547.25264359114,4.1,1.286683937707919,19.2,7.405703507732702,1.0,0.0,1.0,0.0,1.0,0.0,0.0,0.0,0.0,0.0,0.0,0.0,1.0,0.0
28000.0,12.4375,3.424890326439506E-6,28000.0,28.499999999999996,26.66666666666666,28.499999999999996,20.555555555555554,28000.0,1108392.0,10.0,14357.099999999999,13667.174573831231,213774.8,185279.93568356306,0.39999999999999997,0.9660917830792959,17.9,10.257246760759493,1.0,0.0,1.0,0.0,1.0,0.0,0.0,0.0,0.0,0.0,0.0,0.0,1.0,0.0
29000.0,12.828125,3.536566574540403E-6,29000.0,36.7,34.05563079487447,36.7,29.666666666666668,29000.0,1105104.0,10.0,15330.250000000002,13708.103868553544,213610.4,185118.92766099825,0.6,1.8973665961010275,12.3,9.177871939253311,1.0,0.0,1.0,0.0,1.0,0.0,0.0,0.0,0.0,0.0,0.0,0.0,1.0,0.0
30000.0,13.15625,3.632204768817044E-6,30000.0,39.5,36.087048383688995,39.5,32.777777777777786,30000.0,1126664.0,10.0,16339.95,13710.933825447102,214688.4,186237.4115116735,0.0,0.0,7.5,4.32691832858239,1.0,0.0,1.0,0.0,1.0,0.0,0.0,0.0,0.0,0.0,0.0,0.0,1.0,0.0
31000.0,13.625,3.7452770306521818E-6,31000.0,37.0,36.05359317904994,37.0,30.0,31000.0,932432.0,10.0,15608.05,15514.121511079069,204987.6,176561.1661130499,2.9000000000000004,2.0248456731316584,20.0,12.640323483905693,1.0,0.0,1.0,0.0,1.0,0.0,0.0,0.0,0.0,0.0,0.0,0.0,1.0,0.0
32000.0,14.15625,3.897792226376219E-6,32000.0,44.1,41.81931723563697,44.1,37.888888888888886,32000.0,1109728.0,10.0,16307.1,15803.012856980617,213852.40000000002,185329.6878102145,0.9,0.9944289260117533,25.2,8.676917015212771,1.0,0.0,1.0,0.0,1.0,0.0,0.0,0.0,0.0,0.0,0.0,0.0,1.0,0.0
33000.0,14.609375,4.025884975110077E-6,33000.0,40.6,39.56043956043956,40.6,34.0,33000.0,1092720.0,10.0,17087.450000000004,16000.500605573168,213012.80000000002,184464.08791375256,1.1,1.911950719959998,16.699999999999996,12.893150636416735,1.0,0.0,1.0,0.0,1.0,0.0,0.0,0.0,0.0,0.0,0.0,0.0,1.0,0.0
34000.0,15.015625,4.135615664482531E-6,34000.0,57.199999999999996,56.156525302192165,57.199999999999996,52.444444444444436,34000.0,1044088.0,10.0,17136.350000000002,17014.41108458542,210516.4,182181.63446823007,2.3000000000000003,1.7029386365926402,13.5,9.324400487132909,1.0,0.0,1.0,0.0,1.0,0.0,0.0,0.0,0.0,0.0,0.0,0.0,1.0,0.0
35000.0,15.671875,4.313410770717181E-6,35000.0,45.300000000000004,44.641230644671595,45.300000000000004,39.22222222222222,35000.0,1047256.0,10.0,17421.499999999996,17757.59485403358,210739.6,182286.73342794745,4.8,1.4757295747452437,33.8,12.136263382478516,1.0,0.0,1.0,0.0,1.0,0.0,0.0,0.0,0.0,0.0,0.0,0.0,1.0,0.0
36000.0,16.125,4.4460283566473265E-6,36000.0,32.300000000000004,31.86392914653784,32.300000000000004,24.777777777777775,36000.0,1131320.0,10.0,18312.750000000004,17836.716994579936,214910.39999999997,186463.30639633266,0.5,1.2692955176439846,19.700000000000003,8.907549856410823,1.0,0.0,1.0,0.0,1.0,0.0,0.0,0.0,0.0,0.0,0.0,0.0,1.0,0.0
37000.0,16.4375,4.531124076392088E-6,37000.0,58.199999999999996,57.623682076236825,58.199999999999996,53.55555555555556,37000.0,1052592.0,10.0,19146.9,17977.605565931477,210736.40000000002,182788.02084393305,0.7,1.888562063228706,9.500000000000002,12.186057606953941,1.0,0.0,1.0,0.0,1.0,0.0,0.0,0.0,0.0,0.0,0.0,0.0,1.0,0.0
38000.0,16.640625,4.588649220143756E-6,38000.0,63.4,63.10855760508013,63.4,59.333333333333336,38000.0,1094704.0,10.0,19882.799999999996,18248.49760102833,213025.6,184644.95378924272,0.7999999999999999,1.3984117975602022,7.800000000000001,7.345444544447637,1.0,0.0,1.0,0.0,1.0,0.0,0.0,0.0,0.0,0.0,0.0,0.0,1.0,0.0
39000.0,17.078125,4.709789710533288E-6,39000.0,49.7,49.2021813774995,49.7,44.111111111111114,39000.0,1070320.0,10.0,19539.250000000004,19584.234623194134,211882.0,183289.3852797006,3.2,0.6324555320336759,23.2,8.350648677398262,1.0,0.0,1.0,0.0,1.0,0.0,0.0,0.0,0.0,0.0,0.0,0.0,1.0,0.0
40000.0,17.609375,4.859461656047239E-6,40000.0,34.5,33.63728470111448,34.5,27.22222222222222,40000.0,1089040.0,10.0,20101.6,20025.666437165874,212850.40000000005,184243.25999538306,2.6999999999999997,1.1595018087284057,30.3,8.407007658957959,1.0,0.0,1.0,0.0,1.0,0.0,0.0,0.0,0.0,0.0,0.0,0.0,1.0,0.0
41000.0,17.90625,4.957941192616192E-6,41000.0,63.800000000000004,63.207643053155806,63.800000000000004,59.777777777777786,41000.0,1282256.0,10.0,21081.3,20026.454974673663,231413.2,185536.42937215438,0.0,0.0,7.6000000000000005,3.0983866769659336,2.4000000000000004,0.9660917830792959,1.7000000000000002,0.48304589153964794,1.7000000000000002,0.48304589153964794,0.7,0.48304589153964794,0.0,0.0,0.0,0.0,1.0,0.0
42000.0,18.15625,5.042292113001977E-6,42000.0,80.30000000000001,79.94298513541031,80.30000000000001,78.11111111111111,42000.0,1304224.0,10.0,22031.300000000003,20028.099426608238,233861.6,185427.6371720246,0.0,0.0,1.5,2.718251071716682,2.4000000000000004,0.9660917830792959,1.7000000000000002,0.48304589153964794,1.7000000000000002,0.48304589153964794,0.7,0.48304589153964794,0.0,0.0,0.0,0.0,1.0,0.0
43000.0,18.59375,5.142596330390209E-6,43000.0,60.699999999999996,59.9388379204893,60.699999999999996,56.333333333333336,43000.0,886224.0,10.0,21268.2,21813.45943171205,202385.19999999998,174375.66109789035,5.1,1.1005049346146119,18.7,6.447221623821122,1.0,0.0,1.0,0.0,1.0,0.0,0.0,0.0,0.0,0.0,0.0,0.0,1.0,0.0
44000.0,19.140625,5.293722012235473E-6,44000.0,29.2,28.68654311039484,29.2,21.33333333333333,44000.0,1068200.0,10.0,21981.1,22168.369922980473,211776.0,183290.09757844472,3.0,1.699673171197595,29.3,10.32849349023263,1.0,0.0,1.0,0.0,1.0,0.0,0.0,0.0,0.0,0.0,0.0,0.0,1.0,0.0
45000.0,19.640625,5.436598278012955E-6,45000.0,36.8,36.450477626948214,36.8,29.777777777777782,45000.0,1104568.0,10.0,22763.100000000002,22439.753657293117,214728.8,184142.29015216522,2.0,1.4907119849998598,24.8,14.140564188021479,1.2000000000000002,0.6324555320336759,1.1,0.31622776601683794,1.1,0.31622776601683794,0.09999999999999999,0.31622776601683794,0.0,0.0,0.0,0.0,1.0,0.0
46000.0,20.046875,5.5556010597178515E-6,46000.0,44.800000000000004,44.4947209653092,44.800000000000004,38.66666666666666,46000.0,1132312.0,10.0,23637.3,22612.697187991296,216483.20000000004,185181.6106073057,1.0,1.414213562373095,18.299999999999997,11.72888173129334,1.2000000000000002,0.6324555320336759,1.1,0.31622776601683794,1.1,0.31622776601683794,0.09999999999999999,0.31622776601683794,0.0,0.0,0.0,0.0,1.0,0.0
47000.0,20.359375,5.6471940479241324E-6,47000.0,59.0,58.53559870550161,59.0,54.44444444444444,47000.0,1132960.0,10.0,24049.700000000004,23241.440493675356,216580.4,185231.20445495026,1.7,1.7669811040931427,9.4,7.691264886581111,1.2000000000000002,0.6324555320336759,1.1,0.31622776601683794,1.1,0.31622776601683794,0.09999999999999999,0.31622776601683794,0.0,0.0,0.0,0.0,1.0,0.0
48000.0,21.046875,5.838929306870948E-6,48000.0,47.199999999999996,46.199307112288565,47.199999999999996,41.333333333333336,48000.0,1078032.0,10.0,24001.75,24271.865568953872,212202.8,183763.87582971223,4.9,1.286683937707919,37.8,9.519570485175379,1.0,0.0,1.0,0.0,1.0,0.0,0.0,0.0,0.0,0.0,0.0,0.0,1.0,0.0
49000.0,21.671875,6.014189986874247E-6,49000.0,28.999999999999996,27.838194938510007,28.999999999999996,21.111111111111107,49000.0,1083944.0,10.0,24712.550000000003,24585.21018069496,212530.8,184041.91845212012,2.5,2.273030282830976,32.4,12.518430856585466,1.0,0.0,1.0,0.0,1.0,0.0,0.0,0.0,0.0,0.0,0.0,0.0,1.0,0.0
50000.0,22.03125,6.113168686473122E-6,50000.0,48.4,47.57695824443767,48.4,42.666666666666664,50000.0,1064624.0,10.0,25571.849999999995,24747.1012130714,211543.2,183061.71411320052,0.7999999999999999,1.3984117975602022,10.799999999999999,5.593647190240809,1.0,0.0,1.0,0.0,1.0,0.0,0.0,0.0,0.0,0.0,0.0,0.0,1.0,0.0
51000.0,22.375,6.209092518676901E-6,51000.0,68.60000000000001,67.91334559574904,68.60000000000001,65.11111111111111,51000.0,1078664.0,10.0,26384.75,24911.608612673986,212202.0,183846.1676740123,0.7,1.1595018087284057,10.4,8.448537019968473,1.0,0.0,1.0,0.0,1.0,0.0,0.0,0.0,0.0,0.0,0.0,0.0,1.0,0.0
52000.0,22.921875,6.367559156691035E-6,52000.0,66.7,66.05504587155964,66.7,63.0,52000.0,1120088.0,10.0,25868.899999999998,26441.01826588458,214392.0,185831.85333209723,4.6,0.9660917830792958,21.2,7.96938586787659,1.0,0.0,1.0,0.0,1.0,0.0,0.0,0.0,0.0,0.0,0.0,0.0,1.0,0.0
53000.0,23.390625,6.499227796060344E-6,53000.0,33.900000000000006,33.218832087290366,33.900000000000006,26.555555555555554,53000.0,1085784.0,10.0,26679.350000000002,26674.55987556802,212655.2,184114.72556836889,2.0,2.0,23.000000000000004,8.550503558920441,1.0,0.0,1.0,0.0,1.0,0.0,0.0,0.0,0.0,0.0,0.0,0.0,1.0,0.0
54000.0,23.890625,6.637299472155671E-6,54000.0,44.3,43.325193325193325,44.3,38.11111111111111,54000.0,1067424.0,10.0,27428.35,26936.04779018747,211769.60000000003,183110.03217864156,1.9000000000000001,2.183269719175042,20.299999999999997,15.506629406662027,1.0,0.0,1.0,0.0,1.0,0.0,0.0,0.0,0.0,0.0,0.0,0.0,1.0,0.0
55000.0,24.40625,6.784718522491555E-6,55000.0,52.7,51.960186877919966,52.7,47.44444444444445,55000.0,1105152.0,10.0,28312.25,27032.29719170249,213666.79999999996,185054.14424791007,0.8000000000000002,1.6865480854231358,17.0,15.333333333333334,1.0,0.0,1.0,0.0,1.0,0.0,0.0,0.0,0.0,0.0,0.0,0.0,1.0,0.0
56000.0,24.890625,6.915434981541088E-6,56000.0,31.4,30.35532994923858,31.4,23.777777777777775,56000.0,1043160.0,10.0,28042.7,28322.48795401391,210502.4,182106.50856150957,3.5999999999999996,2.2705848487901865,20.599999999999998,12.194716524426106,1.0,0.0,1.0,0.0,1.0,0.0,0.0,0.0,0.0,0.0,0.0,0.0,1.0,0.0
57000.0,25.34375,7.041190757364449E-6,57000.0,29.9,29.077296641036014,29.9,22.11111111111111,57000.0,1072784.0,10.0,28826.949999999993,28542.40605886174,211972.8,183477.2376811788,1.1,1.1972189997378648,18.1,5.586690532964137,1.0,0.0,1.0,0.0,1.0,0.0,0.0,0.0,0.0,0.0,0.0,0.0,1.0,0.0
58000.0,25.578125,7.1057614857434406E-6,58000.0,40.9,39.297452752670495,40.9,34.33333333333333,58000.0,1064944.0,10.0,29829.649999999998,28543.20126492472,211580.8,183079.65824330185,0.0,0.0,6.5,6.3639610306789285,1.0,0.0,1.0,0.0,1.0,0.0,0.0,0.0,0.0,0.0,0.0,0.0,1.0,0.0
59000.0,25.890625,7.193701619851507E-6,59000.0,56.3,55.44907737791823,56.3,51.444444444444436,59000.0,1087776.0,10.0,30687.3,28698.68839676714,212733.2,184234.98156704803,0.4000000000000001,1.2649110640673518,7.3,6.129165250396392,1.0,0.0,1.0,0.0,1.0,0.0,0.0,0.0,0.0,0.0,0.0,0.0,1.0,0.0
60000.0,26.421875,7.346741266600374E-6,60000.0,37.8,36.53708805223956,37.8,30.888888888888893,60000.0,1113544.0,10.0,29946.55,30463.69378107064,213989.2,185587.38389562222,4.3,1.5670212364724212,26.9,6.522610247779983,1.0,0.0,1.0,0.0,1.0,0.0,0.0,0.0,0.0,0.0,0.0,0.0,1.0,0.0
61000.0,26.953125,7.498593477066607E-6,61000.0,43.1,41.51505807379998,43.1,36.77777777777777,61000.0,1104904.0,10.0,30669.7,30740.086391858877,213589.6,185113.75949268544,2.4,2.1705094128132942,26.4,18.69164994797885,1.0,0.0,1.0,0.0,1.0,0.0,0.0,0.0,0.0,0.0,0.0,0.0,1.0,0.0
62000.0,27.359375,7.615209291947799E-6,62000.0,42.199999999999996,41.55121852563454,42.199999999999996,35.77777777777777,62000.0,1109600.0,10.0,31546.449999999997,30881.51817149403,215012.80000000002,184352.52177271107,1.0,1.885618083164127,19.5,14.30811735422317,1.2000000000000002,0.6324555320336759,1.1,0.31622776601683794,1.1,0.31622776601683794,0.10000000000000002,0.31622776601683794,0.0,0.0,0.0,0.0,1.0,0.0
63000.0,27.84375,7.754753460176289E-6,63000.0,44.2,43.67050272562083,44.2,37.99999999999999,63000.0,1113608.0,10.0,32264.450000000004,31203.472287340748,215504.80000000002,184445.43054749997,0.7999999999999999,1.3984117975602022,20.7,18.37903394873868,1.2000000000000002,0.6324555320336759,1.1,0.31622776601683794,1.1,0.31622776601683794,0.10000000000000002,0.31622776601683794,0.0,0.0,0.0,0.0,1.0,0.0
64000.0,28.375,7.9043407458812E-6,64000.0,46.7,45.556690500510726,46.7,40.77777777777777,64000.0,1088424.0,10.0,32064.699999999997,32392.842403189858,212787.19999999998,184238.59264768605,2.5,1.4337208778404378,27.3,7.394442357458592,1.0,0.0,1.0,0.0,1.0,0.0,0.0,0.0,0.0,0.0,0.0,0.0,1.0,0.0
65000.0,28.90625,8.05737489523987E-6,65000.0,36.4,35.385553185004575,36.4,29.333333333333332,65000.0,1113504.0,10.0,32569.449999999997,32889.87198047608,214062.80000000002,185515.07867147675,3.1,1.5951314818673865,25.599999999999998,9.743373816770724,1.0,0.0,1.0,0.0,1.0,0.0,0.0,0.0,0.0,0.0,0.0,0.0,1.0,0.0
66000.0,29.421875,8.206663575644295E-6,66000.0,29.4,28.564201153495905,29.4,21.555555555555554,66000.0,1119168.0,10.0,33180.19999999999,33260.60494212018,214248.80000000002,185909.3060770847,2.2,1.8135294011647256,25.9,18.79982269419936,1.0,0.0,1.0,0.0,1.0,0.0,0.0,0.0,0.0,0.0,0.0,0.0,1.0,0.0
67000.0,29.765625,8.310842806369894E-6,67000.0,55.2,54.563894523326574,55.2,50.22222222222222,67000.0,1171496.0,10.0,34061.75,33368.24473227739,219414.79999999996,186242.20995749763,0.6,1.0749676997731399,10.299999999999999,11.518584017915474,1.4,0.8432740427115678,1.2000000000000002,0.4216370213557839,1.2000000000000002,0.4216370213557839,0.20000000000000004,0.4216370213557839,0.0,0.0,0.0,0.0,1.0,0.0
68000.0,30.0625,8.400149138954778E-6,68000.0,75.6,75.1906456532791,75.6,72.88888888888889,68000.0,1162816.0,10.0,34929.149999999994,33498.82292397906,219347.99999999997,185442.46051680372,0.7,1.636391694484477,9.299999999999999,10.677598564804311,1.4,0.8432740427115678,1.2000000000000002,0.4216370213557839,1.2000000000000002,0.4216370213557839,0.20000000000000004,0.4216370213557839,0.0,0.0,0.0,0.0,1.0,0.0
69000.0,30.4375,8.507990860380231E-6,69000.0,36.4,35.411800548390374,36.4,29.333333333333332,69000.0,1111624.0,10.0,34713.75,34711.00845382598,213947.19999999992,185431.35763703988,1.8,1.3165611772087666,16.8,7.509993342207435,1.0,0.0,1.0,0.0,1.0,0.0,0.0,0.0,0.0,0.0,0.0,0.0,1.0,0.0
70000.0,30.796875,8.612018233786026E-6,70000.0,24.5,22.052446830476978,24.5,16.11111111111111,70000.0,1118928.0,10.0,35607.1,34767.77409265504,214344.80000000005,185788.22187176906,0.3,0.6749485577105528,15.3,7.703534542302284,1.0,0.0,1.0,0.0,1.0,0.0,0.0,0.0,0.0,0.0,0.0,0.0,1.0,0.0
71000.0,31.0625,8.686139545817341E-6,71000.0,47.199999999999996,45.23957685127567,47.199999999999996,41.333333333333336,71000.0,1078640.0,10.0,36565.5,34768.66718378549,212330.4,183713.98931989796,0.0,0.0,4.2,3.2930904093942583,1.0,0.0,1.0,0.0,1.0,0.0,0.0,0.0,0.0,0.0,0.0,0.0,1.0,0.0
72000.0,31.296875,8.752777616286443E-6,72000.0,46.1,44.243301955105,46.1,40.11111111111111,72000.0,1099040.0,10.0,37530.600000000006,34769.611767506954,213350.4,184755.30088895533,0.0,0.0,4.0,4.346134936801766,1.0,0.0,1.0,0.0,1.0,0.0,0.0,0.0,0.0,0.0,0.0,0.0,1.0,0.0
73000.0,31.75,8.870190811446972E-6,73000.0,53.0,50.769875353514195,53.0,47.77777777777778,73000.0,1001616.0,10.0,36868.05,36459.89855988862,208414.39999999997,180097.15831371045,3.899999999999999,2.183269719175042,22.1,12.031902038608305,1.0,0.0,1.0,0.0,1.0,0.0,0.0,0.0,0.0,0.0,0.0,0.0,1.0,0.0
74000.0,32.140625,8.984320674143319E-6,74000.0,34.8,33.4625982243086,34.8,27.55555555555555,74000.0,1129384.0,10.0,37795.450000000004,36461.404086303875,214802.80000000002,186366.5568241368,0.0,0.0,12.0,6.394442031083626,1.0,0.0,1.0,0.0,1.0,0.0,0.0,0.0,0.0,0.0,0.0,0.0,1.0,0.0
75000.0,32.421875,9.064584381930118E-6,75000.0,39.4,37.03241895261846,39.4,32.66666666666667,75000.0,1103136.0,10.0,38755.25,36463.187095270994,214711.6,183996.06976992454,0.0,0.0,6.8,5.411920998027308,1.2000000000000002,0.6324555320336759,1.1,0.31622776601683794,1.1,0.31622776601683794,0.10000000000000002,0.31622776601683794,0.0,0.0,0.0,0.0,1.0,0.0
76000.0,32.671875,9.136482484690434E-6,76000.0,44.7,43.542623787646754,44.7,38.55555555555556,76000.0,1111680.0,10.0,39778.049999999996,36465.38010291405,216413.59999999998,183552.80894448477,0.0,0.0,4.3,3.400980250849256,1.4,1.2649110640673518,1.2000000000000002,0.6324555320336759,1.2000000000000002,0.6324555320336759,0.20000000000000004,0.6324555320336759,0.0,0.0,0.0,0.0,1.0,0.0
77000.0,32.9375,9.218240771183954E-6,77000.0,45.4,43.69973190348526,45.4,39.33333333333333,77000.0,1189776.0,10.0,40249.75,37102.70797731616,222229.99999999997,186926.07771663726,0.3,0.48304589153964794,5.6,2.913569784454954,1.6,1.8973665961010275,1.2999999999999998,0.9486832980505138,1.2999999999999998,0.9486832980505138,0.20000000000000004,0.6324555320336759,0.0,0.0,0.0,0.0,1.0,0.0
78000.0,33.453125,9.375343053963867E-6,78000.0,48.6,47.373809767584724,48.6,42.888888888888886,78000.0,1177744.0,10.0,39505.549999999996,38872.094345260615,222050.80000000002,186203.18694361247,3.7,1.9465068427541912,22.900000000000006,9.723396754449777,1.6,1.8973665961010275,1.2999999999999998,0.9486832980505138,1.2999999999999998,0.9486832980505138,0.20000000000000004,0.6324555320336759,0.0,0.0,0.0,0.0,1.0,0.0
79000.0,33.75,9.46752791706887E-6,79000.0,37.1,35.901355344950574,37.1,30.11111111111111,79000.0,1200296.0,10.0,40360.0,38997.356697197065,223178.4,187289.43857328084,0.3,0.6749485577105528,13.7,9.080504146552414,1.6,1.8973665961010275,1.2999999999999998,0.9486832980505138,1.2999999999999998,0.9486832980505138,0.20000000000000004,0.6324555320336759,0.0,0.0,0.0,0.0,1.0,0.0
80000.0,34.015625,9.552326810080562E-6,80000.0,40.8,40.26838865906568,40.8,34.222222222222214,80000.0,1234024.0,10.0,41358.4,38998.23449094236,225588.40000000002,189271.06620327977,0.0,0.0,9.700000000000001,5.812821078348179,1.8,2.5298221281347035,1.4,1.2649110640673518,1.4,1.2649110640673518,0.3,0.9486832980505138,0.0,0.0,0.0,0.0,1.0,0.0
81000.0,34.40625,9.678058591412591E-6,81000.0,53.0,52.16284987277354,53.0,47.77777777777778,81000.0,1244192.0,10.0,41468.65000000001,39980.49332161215,226204.80000000002,189767.56636020204,1.2000000000000002,0.9189365834726815,13.0,8.232726023485645,1.8,2.5298221281347035,1.4,1.2649110640673518,1.4,1.2649110640673518,0.3,0.9486832980505138,0.0,0.0,0.0,0.0,1.0,0.0
82000.0,34.859375,9.823430122600665E-6,82000.0,60.8,60.10990129235779,60.8,56.44444444444444,82000.0,1240120.0,10.0,41868.1,40601.19279152691,226281.99999999997,189675.38454061872,2.0999999999999996,1.66332999331662,19.5,9.789450103725608,1.8,2.5298221281347035,1.4,1.2649110640673518,1.4,1.2649110640673518,0.3,0.9486832980505138,0.0,0.0,0.0,0.0,1.0,0.0
82250.0,35.015625,9.872161576317421E-6,82250.0,53.800000000000004,52.94836541399328,53.800000000000004,48.66666666666667,82250.0,1205568.0,10.0,41700.35,41019.88325867424,224749.60000000003,188225.09022930916,1.5,0.8498365855987975,7.5,3.689323936863109,1.8,2.5298221281347035,1.4,1.2649110640673518,1.4,1.2649110640673518,0.3,0.9486832980505138,0.0,0.0,0.0,0.0,1.0,0.0
