learning evaluation instances,evaluation time (cpu seconds),model cost (RAM-Hours),classified instances,classifications correct (percent),Kappa Statistic (percent),Kappa Temporal Statistic (percent),Kappa M Statistic (percent),model training instances,model serialized size (bytes),tree size (nodes),tree size (leaves),active learning leaves,tree depth,active leaf byte size estimate,inactive leaf byte size estimate,byte size estimate overhead
1000.0,0.015625,1.322607406311565E-10,1000.0,35.6,33.778920308483286,35.6,28.444444444444443,1000.0,32720.0,1.0,1.0,1.0,0.0,0.0,0.0,1.0
2000.0,0.03125,2.64521481262313E-10,2000.0,38.6,37.6902780596712,38.6,31.777777777777782,2000.0,32720.0,1.0,1.0,1.0,0.0,0.0,0.0,1.0
3000.0,0.046875,3.967822218934695E-10,3000.0,28.499999999999996,27.462716850968853,28.499999999999996,20.555555555555554,3000.0,32720.0,1.0,1.0,1.0,0.0,0.0,0.0,1.0
4000.0,0.0625,5.29042962524626E-10,4000.0,28.299999999999997,28.120300751879697,28.299999999999997,20.33333333333333,4000.0,32720.0,1.0,1.0,1.0,0.0,0.0,0.0,1.0
5000.0,0.0625,5.29042962524626E-10,5000.0,13.700000000000001,10.893133711925659,13.700000000000001,4.111111111111112,5000.0,32720.0,1.0,1.0,1.0,0.0,0.0,0.0,1.0
6000.0,0.078125,6.613037031557825E-10,6000.0,17.7,14.935400516795863,17.7,8.555555555555554,6000.0,32720.0,1.0,1.0,1.0,0.0,0.0,0.0,1.0
7000.0,0.078125,6.613037031557825E-10,7000.0,42.699999999999996,39.79827694893885,42.699999999999996,36.33333333333333,7000.0,32720.0,1.0,1.0,1.0,0.0,0.0,0.0,1.0
8000.0,0.09375,7.93564443786939E-10,8000.0,35.9,33.36105624285268,35.9,28.77777777777778,8000.0,32720.0,1.0,1.0,1.0,0.0,0.0,0.0,1.0
9000.0,0.109375,9.258251844180955E-10,9000.0,17.4,12.314225053078557,17.4,8.22222222222222,9000.0,32720.0,1.0,1.0,1.0,0.0,0.0,0.0,1.0
10000.0,0.125,1.058085925049252E-9,10000.0,12.8,4.34401053093462,12.8,3.1111111111111107,10000.0,32720.0,1.0,1.0,1.0,0.0,0.0,0.0,1.0
11000.0,0.15625,1.322607406311565E-9,11000.0,44.3,41.28188909972591,44.3,38.11111111111111,11000.0,32720.0,1.0,1.0,1.0,0.0,0.0,0.0,1.0
12000.0,0.15625,1.322607406311565E-9,12000.0,24.7,21.644120707596255,24.7,16.333333333333332,12000.0,32720.0,1.0,1.0,1.0,0.0,0.0,0.0,1.0
13000.0,0.171875,1.4548681469427214E-9,13000.0,9.5,8.797742618159832,9.5,-0.555555555555556,13000.0,32720.0,1.0,1.0,1.0,0.0,0.0,0.0,1.0
14000.0,0.1875,1.587128887573878E-9,14000.0,28.599999999999998,27.172582619339043,28.599999999999998,20.666666666666664,14000.0,32720.0,1.0,1.0,1.0,0.0,0.0,0.0,1.0
15000.0,0.203125,1.7193896282050344E-9,15000.0,45.5,43.23507967920009,45.5,39.44444444444444,15000.0,32720.0,1.0,1.0,1.0,0.0,0.0,0.0,1.0
16000.0,0.21875,1.851650368836191E-9,16000.0,19.400000000000002,16.476683937823836,19.400000000000002,10.444444444444443,16000.0,32720.0,1.0,1.0,1.0,0.0,0.0,0.0,1.0
17000.0,0.21875,1.851650368836191E-9,17000.0,10.100000000000001,8.56387306753458,10.100000000000001,0.1111111111111112,17000.0,32720.0,1.0,1.0,1.0,0.0,0.0,0.0,1.0
18000.0,0.21875,1.851650368836191E-9,18000.0,16.900000000000002,13.8860103626943,16.900000000000002,7.666666666666668,18000.0,32720.0,1.0,1.0,1.0,0.0,0.0,0.0,1.0
19000.0,0.265625,2.2484325907296606E-9,19000.0,13.100000000000001,10.162307453737206,13.100000000000001,3.4444444444444446,19000.0,32720.0,1.0,1.0,1.0,0.0,0.0,0.0,1.0
20000.0,0.28125,2.3806933313608173E-9,20000.0,9.0,7.445077298616762,9.0,-1.111111111111112,20000.0,32720.0,1.0,1.0,1.0,0.0,0.0,0.0,1.0
21000.0,0.28125,2.3806933313608173E-9,21000.0,20.0,19.57374082637981,20.0,11.111111111111112,21000.0,32720.0,1.0,1.0,1.0,0.0,0.0,0.0,1.0
22000.0,0.296875,2.512954071991974E-9,22000.0,35.4,33.53225640497993,35.4,28.22222222222222,22000.0,32720.0,1.0,1.0,1.0,0.0,0.0,0.0,1.0
23000.0,0.296875,2.512954071991974E-9,23000.0,32.0,28.885170466429617,32.0,24.444444444444443,23000.0,32720.0,1.0,1.0,1.0,0.0,0.0,0.0,1.0
24000.0,0.296875,2.512954071991974E-9,24000.0,12.4,11.11111111111111,12.4,2.6666666666666656,24000.0,32720.0,1.0,1.0,1.0,0.0,0.0,0.0,1.0
25000.0,0.328125,2.777475553254287E-9,25000.0,22.400000000000002,21.829354286289913,22.400000000000002,13.777777777777779,25000.0,32720.0,1.0,1.0,1.0,0.0,0.0,0.0,1.0
26000.0,0.34375,2.9097362938854433E-9,26000.0,47.099999999999994,45.84911454601289,47.099999999999994,41.22222222222222,26000.0,32720.0,1.0,1.0,1.0,0.0,0.0,0.0,1.0
27000.0,0.359375,3.0419970345166E-9,27000.0,36.0,34.25107869324018,36.0,28.888888888888893,27000.0,32720.0,1.0,1.0,1.0,0.0,0.0,0.0,1.0
28000.0,0.375,3.1742577751477567E-9,28000.0,14.000000000000002,13.236481033091204,14.000000000000002,4.4444444444444455,28000.0,32720.0,1.0,1.0,1.0,0.0,0.0,0.0,1.0
29000.0,0.390625,3.3065185157789134E-9,29000.0,10.100000000000001,8.284023668639055,10.100000000000001,0.1111111111111112,29000.0,32720.0,1.0,1.0,1.0,0.0,0.0,0.0,1.0
30000.0,0.390625,3.3065185157789134E-9,30000.0,12.2,10.535969023843487,12.2,2.4444444444444438,30000.0,32720.0,1.0,1.0,1.0,0.0,0.0,0.0,1.0
31000.0,0.390625,3.3065185157789134E-9,31000.0,22.3,19.698222405952873,22.3,13.666666666666666,31000.0,32720.0,1.0,1.0,1.0,0.0,0.0,0.0,1.0
32000.0,0.4375,3.703300737672383E-9,32000.0,13.3,11.53061224489796,13.3,3.6666666666666665,32000.0,32720.0,1.0,1.0,1.0,0.0,0.0,0.0,1.0
33000.0,0.4375,3.703300737672383E-9,33000.0,10.4,8.08370947886746,10.4,0.4444444444444433,33000.0,32720.0,1.0,1.0,1.0,0.0,0.0,0.0,1.0
34000.0,0.453125,3.835561478303539E-9,34000.0,18.3,14.753756260434056,18.3,9.222222222222221,34000.0,32720.0,1.0,1.0,1.0,0.0,0.0,0.0,1.0
35000.0,0.46875,3.967822218934696E-9,35000.0,23.400000000000002,19.596935026766037,23.400000000000002,14.888888888888891,35000.0,32720.0,1.0,1.0,1.0,0.0,0.0,0.0,1.0
36000.0,0.484375,4.100082959565853E-9,36000.0,11.700000000000001,11.140183153869378,11.700000000000001,1.8888888888888888,36000.0,32720.0,1.0,1.0,1.0,0.0,0.0,0.0,1.0
37000.0,0.5,4.2323437001970094E-9,37000.0,20.9,19.359771638291363,20.9,12.111111111111109,37000.0,32720.0,1.0,1.0,1.0,0.0,0.0,0.0,1.0
38000.0,0.515625,4.364604440828166E-9,38000.0,32.7,29.52879581151833,32.7,25.222222222222225,38000.0,32720.0,1.0,1.0,1.0,0.0,0.0,0.0,1.0
39000.0,0.53125,4.496865181459323E-9,39000.0,17.599999999999998,14.893617021276595,17.599999999999998,8.444444444444441,39000.0,32720.0,1.0,1.0,1.0,0.0,0.0,0.0,1.0
40000.0,0.546875,4.6291259220904795E-9,40000.0,10.8,10.45974703874724,10.8,0.8888888888888882,40000.0,32720.0,1.0,1.0,1.0,0.0,0.0,0.0,1.0
41000.0,0.546875,4.6291259220904795E-9,41000.0,22.7,21.46703240881845,22.7,14.11111111111111,41000.0,32720.0,1.0,1.0,1.0,0.0,0.0,0.0,1.0
42000.0,0.546875,4.6291259220904795E-9,42000.0,40.6,38.38813401099472,40.6,34.0,42000.0,32720.0,1.0,1.0,1.0,0.0,0.0,0.0,1.0
43000.0,0.59375,5.025908143983949E-9,43000.0,24.2,21.344816851717336,24.2,15.777777777777777,43000.0,32720.0,1.0,1.0,1.0,0.0,0.0,0.0,1.0
44000.0,0.59375,5.025908143983949E-9,44000.0,12.4,11.533023631589579,12.4,2.6666666666666656,44000.0,32720.0,1.0,1.0,1.0,0.0,0.0,0.0,1.0
45000.0,0.625,5.290429625246261E-9,45000.0,12.9,12.28600201409869,12.9,3.2222222222222223,45000.0,32720.0,1.0,1.0,1.0,0.0,0.0,0.0,1.0
46000.0,0.625,5.290429625246261E-9,46000.0,21.4,18.498548320199088,21.4,12.666666666666664,46000.0,32720.0,1.0,1.0,1.0,0.0,0.0,0.0,1.0
47000.0,0.640625,5.422690365877418E-9,47000.0,52.800000000000004,51.011935651271415,52.800000000000004,47.555555555555564,47000.0,32720.0,1.0,1.0,1.0,0.0,0.0,0.0,1.0
48000.0,0.65625,5.554951106508575E-9,48000.0,16.7,14.564102564102566,16.7,7.4444444444444455,48000.0,32720.0,1.0,1.0,1.0,0.0,0.0,0.0,1.0
49000.0,0.671875,5.6872118471397315E-9,49000.0,12.8,12.176452814986403,12.8,3.1111111111111107,49000.0,32720.0,1.0,1.0,1.0,0.0,0.0,0.0,1.0
50000.0,0.6875,5.819472587770888E-9,50000.0,22.0,21.251892983341744,22.0,13.333333333333334,50000.0,32720.0,1.0,1.0,1.0,0.0,0.0,0.0,1.0
51000.0,0.703125,5.951733328402045E-9,51000.0,55.60000000000001,54.288067538350674,55.60000000000001,50.66666666666667,51000.0,32720.0,1.0,1.0,1.0,0.0,0.0,0.0,1.0
52000.0,0.71875,6.0839940690332016E-9,52000.0,29.799999999999997,27.814910025706936,29.799999999999997,21.999999999999996,52000.0,32720.0,1.0,1.0,1.0,0.0,0.0,0.0,1.0
53000.0,0.734375,6.216254809664358E-9,53000.0,12.0,11.111111111111112,12.0,2.222222222222221,53000.0,32720.0,1.0,1.0,1.0,0.0,0.0,0.0,1.0
54000.0,0.75,6.348515550295515E-9,54000.0,10.0,6.619630628761152,10.0,0.0,54000.0,32720.0,1.0,1.0,1.0,0.0,0.0,0.0,1.0
55000.0,0.765625,6.480776290926672E-9,55000.0,15.4,11.737089201877932,15.4,5.999999999999999,55000.0,32720.0,1.0,1.0,1.0,0.0,0.0,0.0,1.0
56000.0,0.78125,6.613037031557828E-9,56000.0,14.000000000000002,11.065149948293692,14.000000000000002,4.4444444444444455,56000.0,32720.0,1.0,1.0,1.0,0.0,0.0,0.0,1.0
57000.0,0.78125,6.613037031557828E-9,57000.0,11.600000000000001,11.262798634812288,11.600000000000001,1.7777777777777777,57000.0,32720.0,1.0,1.0,1.0,0.0,0.0,0.0,1.0
58000.0,0.796875,6.745297772188985E-9,58000.0,18.7,18.43900481540931,18.7,9.666666666666664,58000.0,32720.0,1.0,1.0,1.0,0.0,0.0,0.0,1.0
59000.0,0.8125,6.877558512820142E-9,59000.0,28.1,27.116066903193108,28.1,20.111111111111114,59000.0,32720.0,1.0,1.0,1.0,0.0,0.0,0.0,1.0
60000.0,0.8125,6.877558512820142E-9,60000.0,16.400000000000002,15.768261964735517,16.400000000000002,7.111111111111111,60000.0,32720.0,1.0,1.0,1.0,0.0,0.0,0.0,1.0
61000.0,0.8125,6.877558512820142E-9,61000.0,28.199999999999996,27.525991723024124,28.199999999999996,20.222222222222218,61000.0,80264.0,5.0,3.0,3.0,2.0,0.0,0.0,1.0
62000.0,0.8125,6.877558512820142E-9,62000.0,43.9,43.18411991087705,43.9,37.66666666666666,62000.0,88904.0,5.0,3.0,3.0,2.0,0.0,0.0,1.0
63000.0,0.8125,6.877558512820142E-9,63000.0,67.5,66.92111959287533,67.5,63.88888888888889,63000.0,140960.0,9.0,5.0,5.0,3.0,0.0,0.0,1.0
64000.0,0.8125,6.877558512820142E-9,64000.0,50.5,48.71529216742644,50.5,45.0,64000.0,151552.0,9.0,5.0,5.0,3.0,0.0,0.0,1.0
65000.0,0.875,9.48901288211346E-9,65000.0,38.2,35.20654225204446,38.2,31.333333333333336,65000.0,161512.0,9.0,5.0,5.0,3.0,0.0,0.0,1.0
66000.0,0.890625,1.014187647443679E-8,66000.0,19.6,15.377328702241872,19.6,10.666666666666666,66000.0,161512.0,9.0,5.0,5.0,3.0,0.0,0.0,1.0
67000.0,0.90625,1.079474006676012E-8,67000.0,47.599999999999994,44.69073253113785,47.599999999999994,41.77777777777777,67000.0,161512.0,9.0,5.0,5.0,3.0,0.0,0.0,1.0
68000.0,0.921875,1.1447603659083449E-8,68000.0,60.5,59.012140707689106,60.5,56.111111111111114,68000.0,161512.0,9.0,5.0,5.0,3.0,0.0,0.0,1.0
69000.0,0.921875,1.1447603659083449E-8,69000.0,30.9,26.512815059023715,30.9,23.22222222222222,69000.0,161512.0,9.0,5.0,5.0,3.0,0.0,0.0,1.0
70000.0,0.9375,1.2100467251406778E-8,70000.0,25.7,22.965266977708655,25.7,17.444444444444443,70000.0,161512.0,9.0,5.0,5.0,3.0,0.0,0.0,1.0
71000.0,0.953125,1.2753330843730107E-8,71000.0,54.300000000000004,53.47653466354474,54.300000000000004,49.22222222222223,71000.0,161512.0,9.0,5.0,5.0,3.0,0.0,0.0,1.0
72000.0,0.96875,1.3410560010621947E-8,72000.0,61.9,60.74997424538993,61.9,57.666666666666664,72000.0,162592.0,9.0,5.0,5.0,3.0,0.0,0.0,1.0
73000.0,0.984375,1.4067789177513788E-8,73000.0,31.7,31.149193548387093,31.7,24.11111111111111,73000.0,162592.0,9.0,5.0,5.0,3.0,0.0,0.0,1.0
74000.0,1.0,1.4725018344405628E-8,74000.0,33.1,32.26688265667713,33.1,25.666666666666664,74000.0,162592.0,9.0,5.0,5.0,3.0,0.0,0.0,1.0
75000.0,1.0,1.4725018344405628E-8,75000.0,37.1,36.451808446150736,37.1,30.11111111111111,75000.0,162592.0,9.0,5.0,5.0,3.0,0.0,0.0,1.0
76000.0,1.0,1.4725018344405628E-8,76000.0,45.0,43.70522006141249,45.0,38.888888888888886,76000.0,166912.0,9.0,5.0,5.0,3.0,0.0,0.0,1.0
77000.0,1.015625,1.5399709809571508E-8,77000.0,44.9,43.50456269865683,44.9,38.77777777777777,77000.0,166912.0,9.0,5.0,5.0,3.0,0.0,0.0,1.0
78000.0,1.03125,1.6074401274737387E-8,78000.0,26.400000000000002,25.925925925925924,26.400000000000002,18.22222222222222,78000.0,166912.0,9.0,5.0,5.0,3.0,0.0,0.0,1.0
79000.0,1.046875,1.6749092739903267E-8,79000.0,33.800000000000004,31.703291034767357,33.800000000000004,26.44444444444445,79000.0,166912.0,9.0,5.0,5.0,3.0,0.0,0.0,1.0
80000.0,1.046875,1.6749092739903267E-8,80000.0,39.7,37.83505154639175,39.7,33.0,80000.0,166912.0,9.0,5.0,5.0,3.0,0.0,0.0,1.0
81000.0,1.046875,1.6749092739903267E-8,81000.0,52.1,50.29057700290577,52.1,46.77777777777778,81000.0,166912.0,9.0,5.0,5.0,3.0,0.0,0.0,1.0
82000.0,1.0625,1.7423784205069147E-8,82000.0,35.6,34.26559150760437,35.6,28.444444444444443,82000.0,166912.0,9.0,5.0,5.0,3.0,0.0,0.0,1.0
82250.0,1.078125,1.8098475670235026E-8,82250.0,30.0,29.042067916877844,30.0,22.22222222222222,82250.0,166912.0,9.0,5.0,5.0,3.0,0.0,0.0,1.0
