learning evaluation instances,evaluation time (cpu seconds),model cost (RAM-Hours),classified instances,classifications correct (percent),Kappa Statistic (percent),Kappa Temporal Statistic (percent),Kappa M Statistic (percent),model training instances,model serialized size (bytes),tree size (nodes),tree size (leaves),active learning leaves,tree depth,active leaf byte size estimate,inactive leaf byte size estimate,byte size estimate overhead,splits
1000.0,0.0,0.0,1000.0,37.6,36.131013306038895,37.6,30.66666666666667,1000.0,74624.0,5.0,3.0,3.0,2.0,0.0,0.0,1.0,2.0
2000.0,0.0,0.0,2000.0,56.2,55.35623279991846,56.2,51.33333333333334,2000.0,87584.0,5.0,3.0,3.0,2.0,0.0,0.0,1.0,2.0
3000.0,0.0,0.0,3000.0,61.3,60.35648432698218,61.3,56.99999999999999,3000.0,82136.0,9.0,5.0,5.0,3.0,0.0,0.0,1.0,4.0
4000.0,0.015625,6.91345323705011E-10,4000.0,56.3,55.09658857377722,56.3,51.444444444444436,4000.0,171032.0,11.0,6.0,6.0,3.0,0.0,0.0,1.0,5.0
5000.0,0.0625,3.161872478408946E-9,5000.0,26.900000000000002,23.455497382198956,26.900000000000002,18.77777777777778,5000.0,203728.0,15.0,8.0,8.0,4.0,0.0,0.0,1.0,7.0
6000.0,0.109375,6.129493057313893E-9,6000.0,49.9,49.04912030916302,49.9,44.333333333333336,6000.0,244720.0,17.0,9.0,9.0,5.0,0.0,0.0,1.0,8.0
7000.0,0.125,7.239577826112509E-9,7000.0,50.5,48.96381070213424,50.5,45.0,7000.0,274624.0,19.0,10.0,10.0,5.0,0.0,0.0,1.0,9.0
8000.0,0.125,7.239577826112509E-9,8000.0,56.2,55.30156138381468,56.2,51.33333333333334,8000.0,331632.0,23.0,12.0,12.0,5.0,0.0,0.0,1.0,11.0
9000.0,0.125,7.239577826112509E-9,9000.0,35.5,34.86822175098455,35.5,28.333333333333332,9000.0,282640.0,22.0,10.0,9.0,5.0,0.0,0.0,1.0,12.0
10000.0,0.1875,1.2299634464499023E-8,10000.0,54.400000000000006,53.36469625690326,54.400000000000006,49.33333333333334,10000.0,312952.0,24.0,11.0,10.0,5.0,0.0,0.0,1.0,13.0
11000.0,0.234375,1.6876696867661345E-8,11000.0,72.0,71.50417260329738,72.0,68.88888888888889,11000.0,377440.0,28.0,13.0,12.0,5.0,0.0,0.0,1.0,15.0
12000.0,0.25,1.8699308081219594E-8,12000.0,51.5,50.68130974171242,51.5,46.111111111111114,12000.0,450896.0,32.0,15.0,14.0,5.0,0.0,0.0,1.0,17.0
13000.0,0.296875,2.4109225099285443E-8,13000.0,40.6,39.872456726389316,40.6,34.0,13000.0,446120.0,34.0,16.0,15.0,6.0,0.0,0.0,1.0,18.0
14000.0,0.328125,2.7905205368167824E-8,14000.0,67.10000000000001,66.359918200409,67.10000000000001,63.44444444444445,14000.0,469544.0,36.0,17.0,16.0,6.0,0.0,0.0,1.0,19.0
15000.0,0.34375,3.015215042978525E-8,15000.0,62.3,61.55807076577955,62.3,58.111111111111114,15000.0,555872.0,42.0,20.0,19.0,7.0,0.0,0.0,1.0,22.0
16000.0,0.359375,3.252582650424706E-8,16000.0,45.1,44.25264012997563,45.1,38.99999999999999,16000.0,587224.0,42.0,20.0,19.0,7.0,0.0,0.0,1.0,22.0
17000.0,0.359375,3.252582650424706E-8,17000.0,42.6,42.06701655228098,42.6,36.222222222222214,17000.0,589384.0,42.0,20.0,19.0,7.0,0.0,0.0,1.0,22.0
18000.0,0.375,3.507981697718303E-8,18000.0,58.5,57.752214191183946,58.5,53.888888888888886,18000.0,631832.0,46.0,22.0,21.0,7.0,0.0,0.0,1.0,24.0
19000.0,0.375,3.507981697718303E-8,19000.0,53.800000000000004,53.11072769714807,53.800000000000004,48.66666666666667,19000.0,642232.0,46.0,22.0,21.0,7.0,0.0,0.0,1.0,24.0
20000.0,0.375,3.507981697718303E-8,20000.0,33.7,32.82674772036474,33.7,26.333333333333336,20000.0,667672.0,48.0,23.0,22.0,8.0,0.0,0.0,1.0,25.0
21000.0,0.421875,4.3255471003552285E-8,21000.0,54.50000000000001,53.52400408580185,54.50000000000001,49.44444444444445,21000.0,674192.0,48.0,23.0,22.0,8.0,0.0,0.0,1.0,25.0
22000.0,0.453125,4.882128754009804E-8,22000.0,71.5,70.89757990401307,71.5,68.33333333333333,22000.0,688464.0,48.0,23.0,22.0,8.0,0.0,0.0,1.0,25.0
23000.0,0.484375,5.4451585229900154E-8,23000.0,66.9,66.45383601905341,66.9,63.22222222222222,23000.0,696440.0,50.0,24.0,23.0,9.0,0.0,0.0,1.0,26.0
24000.0,0.515625,6.010807636711333E-8,24000.0,34.599999999999994,33.62427686998883,34.599999999999994,27.333333333333332,24000.0,699680.0,50.0,24.0,23.0,9.0,0.0,0.0,1.0,26.0
25000.0,0.53125,6.27182048952414E-8,25000.0,56.599999999999994,55.57830092118731,56.599999999999994,51.77777777777778,25000.0,645720.0,48.0,22.0,20.0,7.0,0.0,0.0,1.0,26.0
26000.0,0.5625,6.865441618073318E-8,26000.0,81.89999999999999,81.4966264567573,81.89999999999999,79.88888888888889,26000.0,734280.0,56.0,26.0,24.0,8.0,0.0,0.0,1.0,30.0
27000.0,0.578125,7.180975646608406E-8,27000.0,71.89999999999999,71.39075544695581,71.89999999999999,68.77777777777777,27000.0,780600.0,58.0,27.0,25.0,8.0,0.0,0.0,1.0,31.0
28000.0,0.59375,7.501069275248381E-8,28000.0,25.1,24.46551028640581,25.1,16.77777777777778,28000.0,791880.0,58.0,27.0,25.0,8.0,0.0,0.0,1.0,31.0
29000.0,0.609375,7.827837382339768E-8,29000.0,43.8,42.978896103896105,43.8,37.55555555555555,29000.0,808392.0,60.0,28.0,26.0,8.0,0.0,0.0,1.0,32.0
30000.0,0.625,8.153800283455186E-8,30000.0,46.400000000000006,45.6775108949022,46.400000000000006,40.44444444444444,30000.0,806400.0,62.0,29.0,27.0,8.0,0.0,0.0,1.0,33.0
31000.0,0.671875,9.151081839162442E-8,31000.0,49.6,48.81170018281536,49.6,44.0,31000.0,822392.0,62.0,29.0,27.0,8.0,0.0,0.0,1.0,33.0
32000.0,0.671875,9.151081839162442E-8,32000.0,43.3,42.67515923566879,43.3,36.99999999999999,32000.0,857928.0,62.0,29.0,27.0,8.0,0.0,0.0,1.0,33.0
33000.0,0.703125,9.839937168483932E-8,33000.0,49.6,48.91028890015205,49.6,44.0,33000.0,852080.0,64.0,30.0,28.0,8.0,0.0,0.0,1.0,34.0
34000.0,0.734375,1.0548492557265691E-7,34000.0,64.0,63.08070967080299,64.0,60.0,34000.0,876448.0,68.0,32.0,30.0,8.0,0.0,0.0,1.0,36.0
35000.0,0.765625,1.132548722024593E-7,35000.0,52.900000000000006,52.10007118885386,52.900000000000006,47.66666666666667,35000.0,961104.0,70.0,33.0,31.0,8.0,0.0,0.0,1.0,37.0
36000.0,0.796875,1.2112312510402665E-7,36000.0,34.9,33.70672097759674,34.9,27.66666666666666,36000.0,973264.0,74.0,35.0,33.0,8.0,0.0,0.0,1.0,39.0
37000.0,0.828125,1.2925932727133234E-7,37000.0,61.0,60.27299582357135,61.0,56.666666666666664,37000.0,1006408.0,76.0,36.0,34.0,8.0,0.0,0.0,1.0,40.0
38000.0,0.859375,1.3782814170958268E-7,38000.0,73.7,73.23427640952575,73.7,70.77777777777777,38000.0,1059920.0,80.0,38.0,36.0,8.0,0.0,0.0,1.0,42.0
39000.0,0.875,1.4216842828318476E-7,39000.0,41.0,40.422094314854085,41.0,34.444444444444436,39000.0,1073744.0,80.0,38.0,36.0,8.0,0.0,0.0,1.0,42.0
40000.0,0.90625,1.508609663384656E-7,40000.0,38.2,37.85197103781175,38.2,31.333333333333336,40000.0,1075224.0,82.0,39.0,37.0,8.0,0.0,0.0,1.0,43.0
41000.0,0.96875,1.6878672694373462E-7,41000.0,67.5,66.88741721854305,67.5,63.88888888888889,41000.0,1108664.0,88.0,42.0,40.0,8.0,0.0,0.0,1.0,46.0
42000.0,0.984375,1.735671927842001E-7,42000.0,73.4,72.76264591439688,73.4,70.44444444444444,42000.0,1182640.0,90.0,43.0,41.0,8.0,0.0,0.0,1.0,47.0
43000.0,0.984375,1.735671927842001E-7,43000.0,61.5,60.961265463394845,61.5,57.22222222222222,43000.0,1238992.0,92.0,44.0,42.0,8.0,0.0,0.0,1.0,48.0
44000.0,0.984375,1.735671927842001E-7,44000.0,28.799999999999997,28.326957922287093,28.799999999999997,20.888888888888886,44000.0,1245904.0,92.0,44.0,42.0,8.0,0.0,0.0,1.0,48.0
45000.0,1.046875,1.9381324010383752E-7,45000.0,48.0,47.670323035121264,48.0,42.22222222222222,45000.0,1252168.0,92.0,44.0,42.0,8.0,0.0,0.0,1.0,48.0
46000.0,1.078125,2.0442540214086572E-7,46000.0,65.9,64.92852000411395,65.9,62.111111111111114,46000.0,1312672.0,98.0,47.0,45.0,9.0,0.0,0.0,1.0,51.0
47000.0,1.125,2.205504764181872E-7,47000.0,80.4,80.19801980198021,80.4,78.22222222222223,47000.0,1329728.0,102.0,49.0,47.0,9.0,0.0,0.0,1.0,53.0
48000.0,1.140625,2.259780174224741E-7,48000.0,38.1,37.493688781177426,38.1,31.222222222222225,48000.0,1342720.0,102.0,49.0,47.0,9.0,0.0,0.0,1.0,53.0
49000.0,1.171875,2.3668648080072468E-7,49000.0,43.3,42.680954306510316,43.3,36.99999999999999,49000.0,1324584.0,101.0,48.0,45.0,9.0,0.0,0.0,1.0,53.0
50000.0,1.203125,2.4759627801055707E-7,50000.0,72.7,72.1627408993576,72.7,69.66666666666667,50000.0,1349488.0,103.0,49.0,46.0,9.0,0.0,0.0,1.0,54.0
51000.0,1.25,2.640133607201278E-7,51000.0,74.2,73.74580238119466,74.2,71.33333333333334,51000.0,1353808.0,103.0,49.0,46.0,9.0,0.0,0.0,1.0,54.0
52000.0,1.28125,2.7525235459001525E-7,52000.0,66.2,65.73050795903883,66.2,62.44444444444445,52000.0,1390208.0,105.0,50.0,47.0,9.0,0.0,0.0,1.0,55.0
53000.0,1.3125,2.8657348593696947E-7,53000.0,37.8,37.48743718592965,37.8,30.888888888888893,53000.0,1400368.0,105.0,50.0,47.0,9.0,0.0,0.0,1.0,55.0
54000.0,1.34375,2.979225569611622E-7,54000.0,61.9,61.3668627053336,61.9,57.666666666666664,54000.0,1403824.0,105.0,50.0,47.0,9.0,0.0,0.0,1.0,55.0
55000.0,1.375,3.0949398125004433E-7,55000.0,64.7,64.0089722675367,64.7,60.777777777777786,55000.0,1431328.0,107.0,51.0,48.0,9.0,0.0,0.0,1.0,56.0
56000.0,1.375,3.0949398125004433E-7,56000.0,45.0,44.23603366115786,45.0,38.888888888888886,56000.0,1444960.0,107.0,51.0,48.0,9.0,0.0,0.0,1.0,56.0
57000.0,1.4375,3.3287367033254764E-7,57000.0,45.2,44.5231828305325,45.2,39.11111111111111,57000.0,1445976.0,109.0,52.0,49.0,9.0,0.0,0.0,1.0,57.0
58000.0,1.453125,3.38740420476016E-7,58000.0,59.199999999999996,58.494404883011185,59.199999999999996,54.666666666666664,58000.0,1451376.0,109.0,52.0,49.0,9.0,0.0,0.0,1.0,57.0
59000.0,1.46875,3.446712313840786E-7,59000.0,69.6,68.89070814572247,69.6,66.22222222222221,59000.0,1467224.0,109.0,52.0,49.0,9.0,0.0,0.0,1.0,57.0
60000.0,1.484375,3.5073178070079945E-7,60000.0,48.6,47.57776644569097,48.6,42.888888888888886,60000.0,1499320.0,111.0,53.0,50.0,9.0,0.0,0.0,1.0,58.0
61000.0,1.515625,3.629262209869921E-7,61000.0,36.5,35.2965151823925,36.5,29.444444444444446,61000.0,1508392.0,111.0,53.0,50.0,9.0,0.0,0.0,1.0,58.0
62000.0,1.5625,3.809973713941872E-7,62000.0,61.0,60.51832354727678,61.0,56.666666666666664,62000.0,1490208.0,115.0,55.0,52.0,9.0,0.0,0.0,1.0,60.0
63000.0,1.5625,3.809973713941872E-7,63000.0,70.39999999999999,69.73415132924335,70.39999999999999,67.11111111111111,63000.0,1516456.0,115.0,55.0,52.0,9.0,0.0,0.0,1.0,60.0
64000.0,1.609375,3.995996667072177E-7,64000.0,54.2,53.66248482395791,54.2,49.111111111111114,64000.0,1534008.0,119.0,57.0,54.0,9.0,0.0,0.0,1.0,62.0
65000.0,1.640625,4.1243710762096774E-7,65000.0,49.3,48.33384286151025,49.3,43.666666666666664,65000.0,1587928.0,121.0,58.0,55.0,9.0,0.0,0.0,1.0,63.0
66000.0,1.671875,4.2563608278416925E-7,66000.0,34.5,33.52953115486096,34.5,27.22222222222222,66000.0,1632648.0,121.0,58.0,55.0,9.0,0.0,0.0,1.0,63.0
67000.0,1.71875,4.4560334774562054E-7,67000.0,66.3,65.71719226856561,66.3,62.555555555555564,67000.0,1646568.0,123.0,59.0,56.0,9.0,0.0,0.0,1.0,64.0
68000.0,1.734375,4.522783112608724E-7,68000.0,68.30000000000001,67.55705659604953,68.30000000000001,64.77777777777779,68000.0,1651320.0,123.0,59.0,56.0,9.0,0.0,0.0,1.0,64.0
69000.0,1.765625,4.6219631460391815E-7,69000.0,41.699999999999996,40.89019568082733,41.699999999999996,35.222222222222214,69000.0,1226808.0,106.0,42.0,38.0,9.0,0.0,0.0,1.0,64.0
70000.0,1.796875,4.720249368498723E-7,70000.0,35.199999999999996,34.25324675324675,35.199999999999996,27.999999999999996,70000.0,1215752.0,110.0,44.0,40.0,9.0,0.0,0.0,1.0,66.0
71000.0,1.828125,4.818954686116841E-7,71000.0,74.2,73.80710659898477,74.2,71.33333333333334,71000.0,1220936.0,110.0,44.0,40.0,9.0,0.0,0.0,1.0,66.0
72000.0,1.84375,4.868431197893288E-7,72000.0,69.5,68.67296631059983,69.5,66.11111111111111,72000.0,1224000.0,116.0,47.0,43.0,9.0,0.0,0.0,1.0,69.0
73000.0,1.859375,4.900702495231397E-7,73000.0,41.699999999999996,40.80016246953696,41.699999999999996,35.222222222222214,73000.0,798360.0,101.0,32.0,27.0,9.0,0.0,0.0,1.0,69.0
74000.0,1.890625,4.96720862833576E-7,74000.0,50.9,50.025445292620866,50.9,45.44444444444445,74000.0,822648.0,103.0,33.0,28.0,9.0,0.0,0.0,1.0,70.0
75000.0,1.90625,5.001100038902627E-7,75000.0,58.8,58.21501014198782,58.8,54.222222222222214,75000.0,838440.0,107.0,35.0,30.0,9.0,0.0,0.0,1.0,72.0
76000.0,1.96875,5.153310485184192E-7,76000.0,74.1,73.63062512726532,74.1,71.22222222222221,76000.0,941384.0,115.0,39.0,34.0,9.0,0.0,0.0,1.0,76.0
77000.0,2.0,5.237591944427953E-7,77000.0,67.60000000000001,67.09991876523152,67.60000000000001,64.0,77000.0,1042520.0,116.0,39.0,33.0,9.0,0.0,0.0,1.0,77.0
78000.0,2.015625,5.281911904199256E-7,78000.0,46.2,45.607117581639876,46.2,40.22222222222222,78000.0,1096432.0,116.0,39.0,33.0,9.0,0.0,0.0,1.0,77.0
79000.0,2.046875,5.369688410104977E-7,79000.0,68.7,68.28774062816616,68.7,65.22222222222223,79000.0,1085752.0,120.0,41.0,34.0,9.0,0.0,0.0,1.0,79.0
80000.0,2.078125,5.459410345388784E-7,80000.0,69.89999999999999,69.36386768447836,69.89999999999999,66.55555555555556,80000.0,1109816.0,122.0,42.0,35.0,9.0,0.0,0.0,1.0,80.0
81000.0,2.109375,5.553755262452696E-7,81000.0,72.8,72.29578325524545,72.8,69.77777777777777,81000.0,1167000.0,126.0,44.0,37.0,9.0,0.0,0.0,1.0,82.0
82000.0,2.109375,5.553755262452696E-7,82000.0,67.30000000000001,66.84578728581567,67.30000000000001,63.66666666666667,82000.0,1279736.0,130.0,46.0,39.0,9.0,0.0,0.0,1.0,84.0
82250.0,2.140625,5.659019936703974E-7,82250.0,63.5,62.898963203903236,63.5,59.44444444444444,82250.0,1302072.0,132.0,47.0,40.0,9.0,0.0,0.0,1.0,85.0
