learning evaluation instances,evaluation time (cpu seconds),model cost (RAM-Hours),classified instances,classifications correct (percent),Kappa Statistic (percent),Kappa Temporal Statistic (percent),Kappa M Statistic (percent),model training instances,model serialized size (bytes),ensemble size,[avg] model training instances,[err] model training instances,[avg] model serialized size (bytes),[err] model serialized size (bytes),[avg] Change detected,[err] Change detected,[avg] Warning detected,[err] Warning detected,[avg] tree size (nodes),[err] tree size (nodes),[avg] tree size (leaves),[err] tree size (leaves),[avg] active learning leaves,[err] active learning leaves,[avg] tree depth,[err] tree depth,[avg] active leaf byte size estimate,[err] active leaf byte size estimate,[avg] inactive leaf byte size estimate,[err] inactive leaf byte size estimate,[avg] byte size estimate overhead,[err] byte size estimate overhead
1000.0,0.125,3.071786421868536E-8,1000.0,93.0,90.74029980263612,50.35460992907805,86.16600790513836,1000.0,969632.0,25.0,692.6799999999997,419.1494516961019,173086.08,170109.01149507103,4.319999999999999,2.809507667427397,25.4,7.52772652709081,1.0,0.0,1.0,0.0,1.0,0.0,0.0,0.0,0.0,0.0,0.0,0.0,1.0,0.0
2000.0,0.28125,7.054128218442201E-8,2000.0,95.19999999999999,94.71837959886092,65.7142857142857,93.16239316239316,2000.0,986240.0,25.0,1361.6600000000005,959.1691687526837,174295.67999999993,170589.82900291108,4.72,3.6574125644595616,19.120000000000005,7.201388754955534,1.4000000000000001,0.9999999999999999,1.2000000000000004,0.4999999999999999,1.2000000000000004,0.4999999999999999,0.20000000000000004,0.5,0.0,0.0,0.0,0.0,1.0,0.0
3000.0,0.703125,1.7909304006025196E-7,3000.0,92.10000000000001,90.51773184145648,57.52688172043015,86.58743633276741,3000.0,994616.0,25.0,1783.5800000000002,1398.000088902511,174439.2,170787.2847859917,4.719999999999999,3.5061850112812545,22.56,7.937673882609858,1.32,1.2489995996796797,1.1600000000000001,0.6244997998398398,1.1600000000000001,0.6244997998398398,0.15999999999999998,0.6244997998398398,0.0,0.0,0.0,0.0,1.0,0.0
4000.0,1.078125,2.7656526071950796E-7,4000.0,96.39999999999999,95.7424413550863,78.698224852071,94.08866995073892,4000.0,1004736.0,25.0,2210.8999999999996,1789.4039852556998,175119.52000000002,170530.18771050835,3.4400000000000004,2.902297940138699,16.999999999999996,7.427426651719063,1.7199999999999998,1.514375558880073,1.3600000000000003,0.7571877794400365,1.3600000000000003,0.7571877794400365,0.36,0.7571877794400365,0.0,0.0,0.0,0.0,1.0,0.0
5000.0,1.515625,3.8909489780457487E-7,5000.0,93.8,92.87133448618418,61.24999999999997,90.40247678018575,5000.0,994240.0,25.0,2823.9999999999995,2403.5401526303076,174900.48000000007,170365.2032625902,6.5600000000000005,3.559962546619463,23.760000000000005,7.241546796092668,1.7200000000000002,2.1509687739868903,1.3600000000000003,1.0754843869934452,1.3600000000000003,1.0754843869934452,0.36,1.0754843869934452,0.0,0.0,0.0,0.0,1.0,0.0
6000.0,1.9375,4.946964003870057E-7,6000.0,91.3,89.54281675649428,42.76315789473688,85.05154639175258,6000.0,967584.0,25.0,3488.7,2985.256207170329,173641.92,170490.9998160583,5.16,4.696452561952124,25.680000000000003,9.39734004918413,1.0799999999999998,0.4,1.04,0.2,1.04,0.2,0.04,0.2,0.0,0.0,0.0,0.0,1.0,0.0
7000.0,2.265625,5.758482600665755E-7,7000.0,90.7,88.70234942539906,51.30890052356021,83.9378238341969,7000.0,956008.0,25.0,4053.600000000001,3477.4339765442687,173307.52000000002,170354.2828786874,4.36,3.8609152628187355,21.399999999999995,10.920164833920778,1.0,0.0,1.0,0.0,1.0,0.0,0.0,0.0,0.0,0.0,0.0,0.0,1.0,0.0
8000.0,2.625,6.646864737073581E-7,8000.0,90.8,87.262469281091,46.19883040935676,80.63157894736842,8000.0,955552.0,25.0,4559.039999999998,4031.129162517366,173306.87999999995,170337.43501226246,4.8,4.123105625617661,25.48,11.008027373996972,1.0800000000000003,0.39999999999999997,1.0400000000000003,0.19999999999999998,1.0400000000000003,0.19999999999999998,0.039999999999999994,0.19999999999999996,0.0,0.0,0.0,0.0,1.0,0.0
9000.0,2.96875,7.507691366804971E-7,9000.0,92.60000000000001,89.8138971478912,56.976744186046545,84.38818565400845,9000.0,968000.0,25.0,4994.060000000001,4434.580353843403,173650.24000000002,170494.58789358224,4.359999999999999,3.4385074281340926,19.44,8.129575634681064,1.0800000000000003,0.39999999999999997,1.0400000000000003,0.19999999999999998,1.0400000000000003,0.19999999999999998,0.04000000000000001,0.2,0.0,0.0,0.0,0.0,1.0,0.0
10000.0,3.3125,8.380790111712284E-7,10000.0,93.0,90.7524225350252,51.04895104895108,86.13861386138615,10000.0,981800.0,25.0,5273.720000000002,4927.717831008674,174172.96,170528.2011624841,5.4399999999999995,4.848367422820455,21.12,8.135928547703287,1.32,0.7483314773547882,1.1600000000000004,0.3741657386773942,1.1600000000000004,0.3741657386773942,0.16000000000000003,0.37416573867739417,0.0,0.0,0.0,0.0,1.0,0.0
11000.0,3.625,9.187321928847168E-7,11000.0,93.2,91.11985196270861,62.01117318435758,86.89788053949906,11000.0,997640.0,25.0,5788.0599999999995,5386.847620087357,174750.40000000002,170603.82931128322,4.5200000000000005,3.5014282800023198,21.24,8.520954563114785,1.56,1.3564659966250536,1.2800000000000002,0.6782329983125267,1.2800000000000002,0.6782329983125267,0.28,0.6782329983125268,0.0,0.0,0.0,0.0,1.0,0.0
12000.0,4.03125,1.0224261010686557E-6,12000.0,90.60000000000001,88.09250854109162,31.884057971014517,82.94010889292197,12000.0,986648.0,25.0,6608.580000000001,5964.381843844647,174391.35999999996,170524.54727330522,6.039999999999999,4.756399198273137,25.84,9.994498486667554,1.4799999999999998,1.446835627614047,1.2400000000000002,0.7234178138070235,1.2400000000000002,0.7234178138070235,0.24000000000000005,0.7234178138070235,0.0,0.0,0.0,0.0,1.0,0.0
13000.0,4.421875,1.1204849902747407E-6,13000.0,91.4,88.5486476085981,39.860139860139896,82.90258449304176,13000.0,970352.0,25.0,7011.020000000001,6599.694515162758,174059.52,170204.88215476053,5.52,3.618471132029843,24.559999999999995,8.093618885681897,1.4,1.2909944487358056,1.2000000000000006,0.6454972243679029,1.2000000000000006,0.6454972243679029,0.19999999999999998,0.6454972243679028,0.0,0.0,0.0,0.0,1.0,0.0
14000.0,4.765625,1.2076155851698585E-6,14000.0,93.30000000000001,91.16721904505773,31.632653061224524,86.54618473895583,14000.0,979784.0,25.0,7444.640000000001,6878.357052763843,173979.68,170643.05938843958,4.6,5.809475019311125,18.880000000000003,7.019734088031161,1.1600000000000004,0.7999999999999999,1.0800000000000003,0.39999999999999997,1.0800000000000003,0.39999999999999997,0.08000000000000002,0.39999999999999997,0.0,0.0,0.0,0.0,1.0,0.0
15000.0,5.03125,1.275707359632684E-6,15000.0,91.8,90.13092174783783,43.448275862068996,85.71428571428571,15000.0,990896.0,25.0,7908.200000000001,7424.434752070699,174289.28000000003,170782.54440543236,5.52,5.252935687149932,21.439999999999998,9.278469701410895,1.2400000000000002,0.8793937305515278,1.1200000000000003,0.4396968652757639,1.1200000000000003,0.4396968652757639,0.12000000000000005,0.4396968652757639,0.0,0.0,0.0,0.0,1.0,0.0
16000.0,5.390625,1.3647687026403017E-6,16000.0,92.2,90.50999066815749,52.43902439024394,86.52849740932645,16000.0,957952.0,25.0,8473.4,8134.387906428172,173533.91999999998,170217.4425197155,5.879999999999998,4.235957192103496,24.48,8.751761727408566,1.1600000000000004,0.8,1.0800000000000003,0.39999999999999997,1.0800000000000003,0.39999999999999997,0.08000000000000002,0.4,0.0,0.0,0.0,0.0,1.0,0.0
17000.0,5.734375,1.4511615477709306E-6,17000.0,90.0,88.5252673612705,37.50000000000003,84.375,17000.0,971488.0,25.0,9010.099999999999,8755.42726669858,173713.6,170570.55582452007,7.24,5.34072404579504,26.440000000000005,9.429916931412139,1.0800000000000003,0.39999999999999997,1.0400000000000003,0.19999999999999998,1.0400000000000003,0.19999999999999998,0.04000000000000001,0.19999999999999998,0.0,0.0,0.0,0.0,1.0,0.0
18000.0,6.09375,1.5414456397088038E-6,18000.0,91.3,89.51612708864054,37.41007194244607,85.15358361774744,18000.0,971104.0,25.0,9623.22,9105.435313961365,173893.44000000003,170384.8757909347,4.000000000000002,4.102844541697057,23.639999999999997,9.608503178608693,1.2400000000000002,0.8793937305515278,1.12,0.4396968652757639,1.12,0.4396968652757639,0.12000000000000002,0.43969686527576396,0.0,0.0,0.0,0.0,1.0,0.0
19000.0,6.453125,1.631003073675351E-6,19000.0,92.7,91.6777819578873,45.52238805970153,88.68217054263566,19000.0,963288.0,25.0,10213.18,9515.140456436484,173749.44,170218.2265225917,3.1999999999999997,2.798809270624444,18.360000000000003,8.118292102817357,1.3200000000000003,1.2489995996796794,1.1600000000000004,0.6244997998398397,1.1600000000000004,0.6244997998398397,0.16,0.6244997998398398,0.0,0.0,0.0,0.0,1.0,0.0
20000.0,6.828125,1.7261174960165388E-6,20000.0,92.60000000000001,90.09392034441031,40.322580645161324,84.95934959349594,20000.0,980432.0,25.0,10498.36,9999.607310167286,174004.32,170645.3726315149,5.88,5.286145413563018,21.560000000000002,7.422263805605404,1.3200000000000003,1.2489995996796794,1.1600000000000004,0.6244997998398397,1.1600000000000004,0.6244997998398397,0.15999999999999998,0.6244997998398398,0.0,0.0,0.0,0.0,1.0,0.0
21000.0,7.265625,1.8352018863273163E-6,21000.0,87.5,84.7594430490868,31.69398907103827,77.51798561151078,21000.0,963800.0,25.0,11008.779999999999,10669.875423961477,173665.92000000004,170319.93263529503,7.200000000000001,4.092676385936225,27.64,8.817028978062849,1.24,1.2000000000000002,1.12,0.6000000000000001,1.12,0.6000000000000001,0.12,0.6000000000000001,0.0,0.0,0.0,0.0,1.0,0.0
22000.0,7.671875,1.938295479501701E-6,22000.0,93.4,92.91048303242273,64.70588235294122,90.90909090909092,22000.0,980936.0,25.0,11556.14,11031.536107830467,174180.64,170520.9976089198,4.200000000000001,3.5355339059327378,21.52,10.93587368861461,1.4,2.0,1.2000000000000002,1.0,1.2000000000000002,1.0,0.15999999999999998,0.8,0.0,0.0,0.0,0.0,1.0,0.0
23000.0,8.109375,2.0466971586251424E-6,23000.0,88.8,86.5276934087943,25.827814569536443,80.45375218150087,23000.0,957768.0,25.0,12232.140000000001,11741.619041456499,173813.75999999998,169964.54221558527,6.96,5.373391232111555,27.799999999999997,11.507244095206579,1.48,2.0231987873991355,1.2400000000000002,1.0115993936995678,1.2400000000000002,1.0115993936995678,0.19999999999999998,0.816496580927726,0.0,0.0,0.0,0.0,1.0,0.0
24000.0,8.515625,2.147309617915501E-6,24000.0,88.0,86.01776675770654,18.918918918918934,80.13245033112582,24000.0,957328.0,25.0,12753.26,12398.838664856597,173336.64000000004,170378.22500204467,6.120000000000001,4.484417464955732,25.240000000000002,9.452865526741967,1.0,0.0,1.0,0.0,1.0,0.0,0.0,0.0,0.0,0.0,0.0,0.0,1.0,0.0
25000.0,8.90625,2.2454938152804967E-6,25000.0,89.1,87.41031291724995,6.034482758620696,82.5040128410915,25000.0,971592.0,25.0,13221.119999999999,12900.147296485433,173628.31999999998,170656.7680019609,6.6000000000000005,5.338539126015656,24.16,10.466932056083419,1.0,0.0,1.0,0.0,1.0,0.0,0.0,0.0,0.0,0.0,0.0,0.0,1.0,0.0
26000.0,9.3125,2.3469243509074047E-6,26000.0,90.10000000000001,87.86297668465562,29.28571428571431,82.25806451612902,26000.0,965112.0,25.0,13763.64,13339.825366418056,173498.71999999994,170528.12015582406,4.919999999999998,4.271221527073179,23.44,8.860398787112613,1.0,0.0,1.0,0.0,1.0,0.0,0.0,0.0,0.0,0.0,0.0,0.0,1.0,0.0
27000.0,9.703125,2.445461027996821E-6,27000.0,92.4,90.87328273609377,28.97196261682246,87.11864406779661,27000.0,975080.0,25.0,14240.759999999998,13650.582154828206,173698.08000000002,170726.01884315783,4.92,4.636090306856989,18.24,9.189124006128115,1.0,0.0,1.0,0.0,1.0,0.0,0.0,0.0,0.0,0.0,0.0,0.0,1.0,0.0
28000.0,10.03125,2.526791488182627E-6,28000.0,90.60000000000001,88.84352449677174,-3.296703296703301,84.06779661016948,28000.0,958112.0,25.0,14488.46,14170.599412969697,173358.71999999997,170387.50269672394,5.48,4.950757517794624,20.36,7.8255990186055415,1.0,0.0,1.0,0.0,1.0,0.0,0.0,0.0,0.0,0.0,0.0,0.0,1.0,0.0
29000.0,10.5,2.64115401983468E-6,29000.0,90.9,89.4254166502044,21.551724137931057,85.2988691437803,29000.0,943072.0,25.0,15009.439999999999,14782.649268459487,173045.12000000002,170098.90444795185,7.6,5.8309518948453,22.88,7.355949972641196,1.0,0.0,1.0,0.0,1.0,0.0,0.0,0.0,0.0,0.0,0.0,0.0,1.0,0.0
30000.0,10.9375,2.747232307835171E-6,30000.0,90.4,88.79353013139585,11.111111111111123,84.10596026490067,30000.0,937240.0,25.0,15640.460000000001,15221.249443485787,172902.87999999995,170010.64037776808,6.48,5.591064299397745,23.680000000000003,9.294801414410818,1.0,0.0,1.0,0.0,1.0,0.0,0.0,0.0,0.0,0.0,0.0,0.0,1.0,0.0
31000.0,11.359375,2.852794520246485E-6,31000.0,89.0,87.34533992142607,26.17449664429532,82.2866344605475,31000.0,967224.0,25.0,16319.580000000005,15766.893246823696,173625.6,170487.6033891841,6.64,3.806573262134856,27.199999999999996,8.578072821638514,1.0800000000000003,0.39999999999999997,1.0400000000000003,0.2000000000000001,1.0400000000000003,0.2000000000000001,0.039999999999999994,0.19999999999999998,0.0,0.0,0.0,0.0,1.0,0.0
32000.0,11.8125,2.9637735375824067E-6,32000.0,88.3,85.78686122874407,18.750000000000014,79.86230636833047,32000.0,946728.0,25.0,16792.94,16399.560868199977,173296.63999999998,169998.57276973038,8.160000000000002,5.713142742834281,28.0,9.652288157046838,1.1600000000000004,0.5537749241945382,1.0800000000000003,0.27688746209726917,1.0800000000000003,0.27688746209726917,0.07999999999999999,0.2768874620972691,0.0,0.0,0.0,0.0,1.0,0.0
33000.0,12.28125,3.083284536842256E-6,33000.0,89.9,87.39335842179827,13.675213675213687,81.4678899082569,33000.0,985528.0,25.0,17166.919999999995,16851.081687366117,174269.28000000003,170598.09133643407,5.4399999999999995,5.115988011453246,24.28,8.284121357553055,1.32,1.2489995996796797,1.1600000000000001,0.6244997998398398,1.1600000000000001,0.6244997998398398,0.15999999999999998,0.6244997998398398,0.0,0.0,0.0,0.0,1.0,0.0
34000.0,12.703125,3.1866578501649195E-6,34000.0,89.60000000000001,87.58823985726477,26.76056338028171,83.08943089430895,34000.0,947168.0,25.0,17551.959999999995,17370.48295823835,173389.12,169943.15820328792,5.760000000000002,4.196029869610876,23.119999999999997,9.479451460923254,1.2400000000000002,1.2000000000000002,1.12,0.6000000000000001,1.12,0.6000000000000001,0.12,0.6000000000000001,0.0,0.0,0.0,0.0,1.0,0.0
35000.0,13.125,3.291685716249048E-6,35000.0,90.3,88.33573833573834,20.491803278688543,83.24697754749569,35000.0,962328.0,25.0,17946.68,17825.92125270823,173433.91999999998,170481.20678422507,5.48,3.606937759374287,25.08,10.09504829111778,1.0,0.0,1.0,0.0,1.0,0.0,0.0,0.0,0.0,0.0,0.0,0.0,1.0,0.0
36000.0,13.515625,3.3881455116594823E-6,36000.0,90.0,88.9220243449593,35.064935064935085,85.59077809798272,36000.0,954528.0,25.0,18703.52,18201.85352665256,173277.92000000004,170325.49283277636,4.320000000000001,4.048868154599917,22.88,10.564563407921788,1.0,0.0,1.0,0.0,1.0,0.0,0.0,0.0,0.0,0.0,0.0,0.0,1.0,0.0
37000.0,13.90625,3.485759759011367E-6,37000.0,88.9,87.3958167737833,31.481481481481506,82.89676425269646,37000.0,965952.0,25.0,19161.58000000001,18811.578698943125,173515.52000000008,170543.8761698297,5.999999999999999,4.5,21.880000000000003,9.705324998851575,1.0,0.0,1.0,0.0,1.0,0.0,0.0,0.0,0.0,0.0,0.0,0.0,1.0,0.0
38000.0,14.296875,3.583901109070413E-6,38000.0,90.5,89.229366868172,33.098591549295804,85.62783661119516,38000.0,971168.0,25.0,19835.38,19250.313257869922,173713.6,170557.42292344154,5.3999999999999995,5.139714648369758,22.480000000000004,9.583492752297218,1.08,0.4,1.04,0.2,1.04,0.2,0.039999999999999994,0.2,0.0,0.0,0.0,0.0,1.0,0.0
39000.0,14.671875,3.679023292433056E-6,39000.0,90.8,88.34557892069927,29.77099236641224,82.70676691729322,39000.0,980512.0,25.0,20406.880000000005,19618.57742730141,174069.91999999998,170584.39757969108,4.639999999999999,4.1016256939576206,22.599999999999998,12.144957801491119,1.2400000000000002,0.8793937305515279,1.12,0.439696865275764,1.12,0.439696865275764,0.12,0.439696865275764,0.0,0.0,0.0,0.0,1.0,0.0
40000.0,15.015625,3.765120895372496E-6,40000.0,92.0,88.39243999616949,45.20547945205483,82.0627802690583,40000.0,968168.0,25.0,20669.100000000006,20080.34148344686,173740.96,170419.07160794135,4.3999999999999995,3.7416573867739418,19.680000000000003,10.39118215924765,1.1600000000000001,0.8,1.08,0.4,1.08,0.4,0.08,0.4,0.0,0.0,0.0,0.0,1.0,0.0
41000.0,15.390625,3.860482118195957E-6,41000.0,91.5,88.24046993849073,54.05405405405409,81.87633262260128,41000.0,982976.0,25.0,21140.88,20528.546323316987,174043.52000000002,170707.80138243866,3.960000000000001,3.4578413304642344,22.32,11.010298209706525,1.1600000000000001,0.8,1.08,0.4,1.08,0.4,0.08,0.4,0.0,0.0,0.0,0.0,1.0,0.0
42000.0,15.765625,3.955203832851516E-6,42000.0,93.4,91.2710882572331,58.49056603773589,86.63967611336034,42000.0,976384.0,25.0,21635.579999999998,20840.393304967023,173905.28,170582.1729383495,4.359999999999999,3.9568505994877623,18.76,9.96360042019617,1.1600000000000001,0.8,1.08,0.4,1.08,0.4,0.08,0.4,0.0,0.0,0.0,0.0,1.0,0.0
43000.0,16.171875,4.056388020722402E-6,43000.0,91.3,88.77332438640411,32.03125000000003,83.73831775700936,43000.0,962768.0,25.0,22135.580000000005,21513.984402263013,173639.36000000002,170304.33209701566,6.2799999999999985,6.8588142804229175,23.759999999999998,10.321014162054682,1.1600000000000001,0.8,1.08,0.4,1.08,0.4,0.08,0.4,0.0,0.0,0.0,0.0,1.0,0.0
44000.0,16.59375,4.162093423979564E-6,44000.0,89.0,87.2985814824865,39.89071038251368,82.62243285939968,44000.0,968536.0,25.0,22645.560000000005,22087.505555856686,173748.31999999998,170426.52721531066,5.4,4.708148963941844,26.279999999999998,8.561152570380541,1.1600000000000001,0.8,1.08,0.4,1.08,0.4,0.08,0.4,0.0,0.0,0.0,0.0,1.0,0.0
45000.0,16.953125,4.250529260995487E-6,45000.0,92.7,91.13208097260421,44.27480916030538,87.3263888888889,45000.0,951224.0,25.0,23137.480000000003,22403.632815146706,173381.12,170101.1248712809,4.479999999999999,5.197114584074512,19.559999999999995,11.464001628285533,1.1600000000000001,0.8,1.08,0.4,1.08,0.4,0.08,0.4,0.0,0.0,0.0,0.0,1.0,0.0
45312.0,17.125,4.293992112959838E-6,45312.0,93.0,91.04757446819394,50.70422535211272,86.86679174484054,45312.0,977480.0,25.0,23258.14,22506.389346782827,173933.6,170598.15402212035,1.48,1.8055470085267789,6.320000000000001,4.308131845707603,1.1600000000000001,0.8,1.08,0.4,1.08,0.4,0.08,0.4,0.0,0.0,0.0,0.0,1.0,0.0
