learning evaluation instances,evaluation time (cpu seconds),model cost (RAM-Hours),classified instances,classifications correct (percent),Kappa Statistic (percent),Kappa Temporal Statistic (percent),Kappa M Statistic (percent),model training instances,model serialized size (bytes),ensemble size,change detections,[avg] model training instances,[err] model training instances,[avg] model serialized size (bytes),[err] model serialized size (bytes),[avg] tree size (nodes),[err] tree size (nodes),[avg] tree size (leaves),[err] tree size (leaves),[avg] active learning leaves,[err] active learning leaves,[avg] tree depth,[err] tree depth,[avg] active leaf byte size estimate,[err] active leaf byte size estimate,[avg] inactive leaf byte size estimate,[err] inactive leaf byte size estimate,[avg] byte size estimate overhead,[err] byte size estimate overhead
1000.0,0.421875,9.724753908813E-8,1000.0,88.3,84.34920796290896,17.021276595744695,76.87747035573122,1000.0,908296.0,20.0,2.0,5855.549999999999,451.71445044058754,24122.4,2653.386285286666,11.000000000000002,1.5894388284780527,6.000000000000001,0.7947194142390264,6.000000000000001,0.7947194142390264,4.300000000000001,0.5712405705774795,0.0,0.0,0.0,0.0,1.0,0.0
2000.0,0.625,1.5120904815072814E-7,2000.0,90.5,89.54336421893333,32.14285714285717,86.46723646723648,2000.0,1026888.0,20.0,4.0,10758.199999999999,3317.1770909361435,30022.0,8411.306626077469,16.599999999999998,5.335087430842801,8.799999999999999,2.6675437154214006,8.799999999999999,2.6675437154214006,5.2,1.6415653633362466,0.0,0.0,0.0,0.0,1.0,0.0
3000.0,0.6875,1.682406097340087E-7,3000.0,89.0,86.61860719164709,40.86021505376347,81.32427843803057,3000.0,1053360.0,20.0,11.0,13881.8,6138.0218534707265,31314.0,9930.798494423401,19.7,9.044335243676011,10.35,4.522167621838006,10.35,4.522167621838006,6.350000000000001,2.1830688201896455,0.0,0.0,0.0,0.0,1.0,0.0
4000.0,0.734375,1.817584658662478E-7,4000.0,91.5,90.14341905079966,49.70414201183435,86.04269293924467,4000.0,1114728.0,20.0,12.0,19532.5,6778.543287850505,34211.200000000004,9355.303689126798,22.3,8.663899693252274,11.65,4.331949846626137,11.65,4.331949846626137,7.05,2.1636956688426445,0.0,0.0,0.0,0.0,1.0,0.0
5000.0,0.734375,1.817584658662478E-7,5000.0,90.3,89.09129350268444,39.37500000000003,84.98452012383902,5000.0,968152.0,20.0,20.0,15386.199999999999,11872.315233791862,27114.8,11901.022908711848,16.199999999999996,11.019599763483626,8.6,5.509799881741813,8.6,5.509799881741813,5.1,2.900090742681938,0.0,0.0,0.0,0.0,1.0,0.0
6000.0,0.734375,1.817584658662478E-7,6000.0,88.7,86.45171655552278,25.657894736842124,80.58419243986253,6000.0,989408.0,20.0,27.0,13403.8,11619.641885051455,28202.000000000004,11726.751962028846,17.5,11.587198017412872,9.25,5.793599008706436,9.25,5.793599008706436,5.250000000000001,2.8996370008747827,0.0,0.0,0.0,0.0,1.0,0.0
7000.0,0.734375,1.817584658662478E-7,7000.0,90.2,88.29253840465529,48.69109947643979,83.0742659758204,7000.0,1101200.0,20.0,28.0,18828.85,12100.420002606259,33541.600000000006,12303.494096778917,20.999999999999996,11.964860832322378,10.999999999999998,5.982430416161189,10.999999999999998,5.982430416161189,6.15,2.6011131220468307,0.0,0.0,0.0,0.0,1.0,0.0
8000.0,0.796875,1.9940534710056252E-7,8000.0,87.7,82.34154044935755,28.07017543859651,74.10526315789474,8000.0,1091416.0,20.0,34.0,20277.100000000006,13807.360138327445,33138.4,15424.974658001873,20.65,13.522982386721464,10.8,6.802476329288204,10.8,6.802476329288204,6.0,3.0607876523260447,0.0,0.0,0.0,0.0,1.0,0.0
9000.0,0.8125,2.0359688076294132E-7,9000.0,91.10000000000001,87.12455044427536,48.2558139534884,81.22362869198312,9000.0,1036944.0,20.0,38.0,19807.3,13702.24679271327,30426.0,15020.766621405739,18.399999999999995,13.963863136117116,9.699999999999998,6.981931568058558,9.699999999999998,6.981931568058558,5.5,2.9468984587725098,0.0,0.0,0.0,0.0,1.0,0.0
10000.0,0.84375,2.1171574998233056E-7,10000.0,88.4,84.30597928659851,18.881118881118898,77.02970297029704,10000.0,1004264.0,20.0,41.0,20958.350000000006,13480.84441863616,28922.000000000004,10493.720829243803,16.299999999999997,9.364546803882464,8.65,4.682273401941232,8.65,4.682273401941232,5.4,2.583347481568501,0.0,0.0,0.0,0.0,1.0,0.0
11000.0,0.859375,2.1585373259666896E-7,11000.0,91.2,88.84439323006792,50.837988826815675,83.04431599229288,11000.0,1023696.0,20.0,45.0,24227.050000000003,16374.898799124805,29802.000000000004,11153.266068735204,17.6,9.40548552147824,9.299999999999999,4.702742760739121,9.299999999999999,4.702742760739121,5.85,2.539685019840059,0.0,0.0,0.0,0.0,1.0,0.0
12000.0,0.9375,2.338960055365331E-7,12000.0,86.4,83.11781653783659,1.449275362318842,75.31760435571688,12000.0,892696.0,20.0,55.0,18724.200000000004,18319.70724484543,23555.199999999997,14991.99671965363,14.15,11.802207643621506,7.55,5.933624081186986,7.55,5.933624081186986,4.35,3.313052337267506,0.0,0.0,0.0,0.0,1.0,0.0
13000.0,0.9375,2.338960055365331E-7,13000.0,89.2,85.16770790272766,24.475524475524495,78.52882703777337,13000.0,967168.0,20.0,58.0,19655.2,17192.439007032313,27035.200000000004,11251.649449139259,15.600000000000001,8.851999476775973,8.3,4.425999738387986,8.3,4.425999738387986,5.100000000000001,2.359750209795854,0.0,0.0,0.0,0.0,1.0,0.0
14000.0,0.9375,2.338960055365331E-7,14000.0,91.7,89.0433960719915,15.30612244897961,83.33333333333334,14000.0,1006272.0,20.0,59.0,23735.100000000002,17581.36185342457,28844.0,10853.291210746313,17.2,9.51231888270761,9.100000000000001,4.756159441353805,9.100000000000001,4.756159441353805,5.3500000000000005,2.3004576203785834,0.0,0.0,0.0,0.0,1.0,0.0
15000.0,0.96875,2.4038169714104803E-7,15000.0,88.0,85.69678129901831,17.24137931034484,79.09407665505226,15000.0,802248.0,20.0,71.0,14788.199999999999,16818.672597975583,19050.399999999998,11935.369279229652,11.499999999999998,10.77765720074832,6.249999999999999,5.38882860037416,6.249999999999999,5.38882860037416,3.4999999999999996,2.7815179498365916,0.0,0.0,0.0,0.0,1.0,0.0
16000.0,0.984375,2.441719536566073E-7,16000.0,88.7,86.35647982690841,31.097560975609778,80.48359240069085,16000.0,937672.0,20.0,78.0,13163.200000000003,14125.452680589706,25618.799999999996,13728.803135628472,14.15,11.712678690430433,7.55,5.889106803868344,7.55,5.889106803868344,4.05,2.41650029675366,0.0,0.0,0.0,0.0,1.0,0.0
17000.0,1.171875,2.9103649366233093E-7,17000.0,86.8,85.02042669087608,17.500000000000014,79.375,17000.0,966152.0,20.0,85.0,13158.1,8964.847853818004,26942.0,11035.346044224869,15.500000000000002,9.173761209931405,8.250000000000002,4.586880604965703,8.250000000000002,4.586880604965703,4.6000000000000005,2.087557121815378,0.0,0.0,0.0,0.0,1.0,0.0
18000.0,1.203125,2.988511308406791E-7,18000.0,86.9,84.37760870083717,5.755395683453242,77.64505119453923,18000.0,966632.0,20.0,89.0,16469.7,10169.844738762058,26889.600000000006,14147.841012156701,16.099999999999998,10.612306659326189,8.549999999999999,5.306153329663094,8.549999999999999,5.306153329663094,4.799999999999999,2.6076809620810595,0.0,0.0,0.0,0.0,1.0,0.0
19000.0,1.21875,3.025285615068344E-7,19000.0,90.0,88.90940648688816,25.373134328358233,84.49612403100775,19000.0,909760.0,20.0,92.0,18364.75,8870.065785521192,24073.6,14118.720824717646,13.7,9.454043969033625,7.35,4.727021984516813,7.35,4.727021984516813,4.3999999999999995,3.05045294307169,0.0,0.0,0.0,0.0,1.0,0.0
20000.0,1.28125,3.1683095989541885E-7,20000.0,84.39999999999999,80.01393899639226,-25.806451612903246,68.29268292682926,20000.0,884568.0,20.0,101.0,16538.999999999996,12711.413491322215,23022.0,18005.427555981118,12.700000000000001,11.969698584781753,6.8500000000000005,5.9848492923908765,6.8500000000000005,5.9848492923908765,3.5500000000000003,3.3320611607453077,0.0,0.0,0.0,0.0,1.0,0.0
21000.0,1.390625,3.4601392043340547E-7,21000.0,84.1,80.88308140681283,13.114754098360665,71.40287769784172,21000.0,1031368.0,20.0,112.0,17826.55,15576.243491713845,30245.6,20785.724510118147,16.7,14.01164928869809,8.85,7.005824644349045,8.85,7.005824644349045,5.1499999999999995,3.6602415796027223,0.0,0.0,0.0,0.0,1.0,0.0
22000.0,1.390625,3.4601392043340547E-7,22000.0,89.5,88.73779659817102,43.85026737967917,85.53719008264463,22000.0,1014064.0,20.0,114.0,20783.45,16644.040458579828,29273.599999999995,22856.76694548028,17.3,15.84497263786646,9.15,7.92248631893323,9.15,7.92248631893323,5.1,4.1536287242539345,0.0,0.0,0.0,0.0,1.0,0.0
23000.0,1.40625,3.4966713024510285E-7,23000.0,76.4,73.94087892115239,-56.291390728476784,58.813263525305416,23000.0,903768.0,20.0,118.0,20787.2,16774.892022869997,24074.399999999998,20142.18178324964,14.200000000000001,14.486291160229637,7.6000000000000005,7.243145580114819,7.6000000000000005,7.243145580114819,4.3999999999999995,4.096211343231824,0.0,0.0,0.0,0.0,1.0,0.0
24000.0,1.5,3.7271193125181736E-7,24000.0,79.80000000000001,77.13835595353427,-36.48648648648644,66.55629139072849,24000.0,950176.0,20.0,128.0,20512.449999999997,19518.685259528273,26338.0,20973.155353300663,15.849999999999996,14.658480570358543,8.399999999999999,7.3584895475262195,8.399999999999999,7.3584895475262195,4.8999999999999995,3.905461762576529,0.0,0.0,0.0,0.0,1.0,0.0
25000.0,1.5625,3.856045400930776E-7,25000.0,77.5,74.34722231723252,-93.9655172413793,63.88443017656501,25000.0,797376.0,20.0,135.0,17621.249999999996,18393.337717986225,18635.600000000002,19177.36885086443,10.800000000000002,13.438358295722383,5.9,6.71917914786119,5.9,6.71917914786119,3.1999999999999997,3.9550101470360217,0.0,0.0,0.0,0.0,1.0,0.0
26000.0,1.609375,3.947490606353515E-7,26000.0,82.6,78.15936134960083,-24.285714285714306,68.81720430107525,26000.0,754088.0,20.0,140.0,19502.95,19523.10257233722,16625.2,19387.549128785016,9.599999999999998,14.054031075591237,5.299999999999999,7.027015537795618,5.299999999999999,7.027015537795618,2.6500000000000004,3.801315561749643,0.0,0.0,0.0,0.0,1.0,0.0
27000.0,1.703125,4.134393465291295E-7,27000.0,85.3,82.77942434075653,-37.383177570093494,75.08474576271186,27000.0,770632.0,20.0,144.0,20802.699999999997,19779.105421471522,17300.399999999994,20463.668566510747,9.0,13.85640646055102,5.0,6.92820323027551,5.0,6.92820323027551,2.4499999999999997,3.4713109915419564,0.0,0.0,0.0,0.0,1.0,0.0
28000.0,1.8125,4.347869738315543E-7,28000.0,83.5,80.53992852846477,-81.31868131868141,72.03389830508473,28000.0,754456.0,20.0,152.0,17110.0,15980.148266883476,16554.4,14209.879937268255,8.600000000000001,10.189778159870235,4.800000000000001,5.094889079935117,4.800000000000001,5.094889079935117,2.4999999999999996,2.417044737516849,0.0,0.0,0.0,0.0,1.0,0.0
29000.0,1.84375,4.415170082615482E-7,29000.0,81.69999999999999,79.618929670829,-57.758620689655224,70.43618739903069,29000.0,832472.0,20.0,157.0,20556.949999999997,18110.586033341184,20566.0,15357.488363730095,11.100000000000001,11.172805330236825,6.050000000000001,5.586402665118412,6.050000000000001,5.586402665118412,3.1999999999999997,2.4192212753171978,0.0,0.0,0.0,0.0,1.0,0.0
30000.0,1.875,4.487915430217982E-7,30000.0,86.9,84.6010617038984,-21.29629629629632,78.31125827814569,30000.0,899824.0,20.0,162.0,23341.45,19605.782797497053,23740.4,17478.95012624584,12.7,12.230677564395627,6.85,6.115338782197814,6.85,6.115338782197814,3.4999999999999996,2.5649458802128855,0.0,0.0,0.0,0.0,1.0,0.0
31000.0,1.921875,4.5948894694447523E-7,31000.0,82.39999999999999,80.04831481945425,-18.12080536912753,71.65861513687601,31000.0,882144.0,20.0,170.0,22269.850000000002,22472.216741837135,22971.600000000002,20055.42693951729,11.8,13.367675072431453,6.4,6.6838375362157265,6.4,6.6838375362157265,3.4,3.0157481397002077,0.0,0.0,0.0,0.0,1.0,0.0
32000.0,1.9375,4.631549301039842E-7,32000.0,81.2,76.89125985655373,-30.555555555555504,67.64199655765923,32000.0,906928.0,20.0,182.0,19856.7,23942.798726394365,24220.8,19133.253525843702,12.299999999999999,14.23524166507748,6.650000000000001,7.117620832538742,6.650000000000001,7.117620832538742,3.7500000000000004,2.9177316351468723,0.0,0.0,0.0,0.0,1.0,0.0
33000.0,2.015625,4.833518566253285E-7,33000.0,84.39999999999999,79.99435738285156,-33.333333333333364,71.37614678899082,33000.0,999304.0,20.0,189.0,20731.649999999998,25248.8565812499,28695.199999999997,19913.215991290544,15.399999999999999,14.848001814881922,8.200000000000001,7.424000907440961,8.200000000000001,7.424000907440961,4.45,3.03445130737702,0.0,0.0,0.0,0.0,1.0,0.0
34000.0,2.0625,4.92749095428735E-7,34000.0,84.6,82.13011365943942,-8.45070422535212,74.95934959349593,34000.0,774928.0,20.0,200.0,11484.45,13537.13918107865,17720.400000000005,17494.688271767398,9.8,10.670174861685604,5.4,5.335087430842802,5.4,5.335087430842802,2.9499999999999997,2.6650762801367183,0.0,0.0,0.0,0.0,1.0,0.0
35000.0,2.09375,5.00346294655982E-7,35000.0,85.0,82.22346526287346,-22.950819672131168,74.09326424870467,35000.0,939736.0,20.0,211.0,12266.6,11719.947944917629,25746.4,15364.818125903908,12.1,9.656740214945588,6.55,4.828370107472795,6.55,4.828370107472795,3.8,2.5669970167903444,0.0,0.0,0.0,0.0,1.0,0.0
36000.0,2.09375,5.00346294655982E-7,36000.0,88.5,87.2732705481347,25.324675324675344,83.42939481268012,36000.0,857688.0,20.0,216.0,12159.1,8142.365386958315,21566.0,15973.545472041214,10.2,10.551128650029518,5.6,5.275564325014759,5.6,5.275564325014759,3.0999999999999996,2.4039441275580953,0.0,0.0,0.0,0.0,1.0,0.0
37000.0,2.09375,5.00346294655982E-7,37000.0,82.69999999999999,80.96265158351123,-6.790123456790129,73.34360554699538,37000.0,789728.0,20.0,230.0,9330.35,10230.011330317335,18355.199999999997,14232.015833842263,8.200000000000001,8.593755382773432,4.6000000000000005,4.296877691386716,4.6000000000000005,4.296877691386716,2.55,2.211810403980842,0.0,0.0,0.0,0.0,1.0,0.0
38000.0,2.109375,5.033601256501344E-7,38000.0,84.5,82.91284226679336,-9.154929577464795,76.55068078668683,38000.0,745592.0,20.0,235.0,10647.95,9856.876917985523,16076.800000000001,12557.605779178735,7.1,7.552622409677177,4.05,3.776311204838588,4.05,3.776311204838588,2.4000000000000004,1.930366749991743,0.0,0.0,0.0,0.0,1.0,0.0
39000.0,2.109375,5.033601256501344E-7,39000.0,79.2,74.52678606419249,-58.77862595419844,60.902255639097746,39000.0,654864.0,20.0,244.0,8965.4,7083.7519451949065,11581.999999999998,8370.513811808938,4.5,4.3468076610433615,2.75,2.1734038305216807,2.75,2.1734038305216807,1.65,2.007223796297028,0.0,0.0,0.0,0.0,1.0,0.0
40000.0,2.109375,5.033601256501344E-7,40000.0,87.0,80.03010845187258,10.95890410958905,70.85201793721973,40000.0,720344.0,20.0,246.0,14120.399999999998,7879.1669102767455,14745.199999999999,9006.57342167375,6.5,5.186013579051376,3.75,2.593006789525688,3.75,2.593006789525688,2.3999999999999995,2.3033156878497434,0.0,0.0,0.0,0.0,1.0,0.0
41000.0,2.1875,5.205093960588178E-7,41000.0,89.8,85.38390882998189,44.86486486486489,78.25159914712154,41000.0,848512.0,20.0,247.0,19676.0,8544.330148362158,21088.4,9926.604414400726,8.8,4.851478342244059,4.9,2.4257391711220295,4.9,2.4257391711220295,3.15,1.9269556026896004,0.0,0.0,0.0,0.0,1.0,0.0
42000.0,2.203125,5.240027935037184E-7,42000.0,88.8,85.14754324451917,29.55974842767298,77.32793522267207,42000.0,864232.0,20.0,250.0,23585.0,11421.878281337278,21976.399999999998,10071.066542589377,10.0,5.525062514530824,5.5,2.762531257265412,5.5,2.762531257265412,3.6999999999999993,2.226633049436324,0.0,0.0,0.0,0.0,1.0,0.0
43000.0,2.265625,5.361388321034611E-7,43000.0,86.9,83.66400219476002,-2.343750000000002,75.51401869158879,43000.0,750584.0,20.0,259.0,18431.100000000002,15001.312152783941,16484.0,11607.318635013724,7.2,6.3874877690685254,4.1000000000000005,3.1937438845342623,4.1000000000000005,3.1937438845342623,2.55,2.605156829302827,0.0,0.0,0.0,0.0,1.0,0.0
44000.0,2.34375,5.520576572356126E-7,44000.0,83.89999999999999,82.56941918273311,12.021857923497276,74.565560821485,44000.0,787632.0,20.0,264.0,22018.65,16400.977096293926,18256.4,14331.721277604702,8.799999999999999,8.127924574867613,4.8999999999999995,4.063962287433807,4.8999999999999995,4.063962287433807,2.85,2.9428772172466644,0.0,0.0,0.0,0.0,1.0,0.0
45000.0,2.34375,5.520576572356126E-7,45000.0,81.8,78.50000945054529,-38.9312977099237,68.40277777777777,45000.0,790992.0,20.0,272.0,22069.149999999998,17978.179760549498,18400.8,15486.176469422824,8.399999999999999,8.261515089797232,4.699999999999999,4.130757544898616,4.699999999999999,4.130757544898616,2.4499999999999997,2.704285098641939,0.0,0.0,0.0,0.0,1.0,0.0
45312.0,2.34375,5.520576572356126E-7,45312.0,81.8,77.39863224470078,-28.169014084507065,65.85365853658536,45312.0,814440.0,20.0,273.0,23843.050000000003,18087.01062983279,19541.2,14993.47457220535,9.100000000000001,8.347076387006789,5.050000000000001,4.173538193503394,5.050000000000001,4.173538193503394,2.650000000000001,2.641271623569542,0.0,0.0,0.0,0.0,1.0,0.0
