learning evaluation instances,evaluation time (cpu seconds),model cost (RAM-Hours),classified instances,classifications correct (percent),Kappa Statistic (percent),Kappa Temporal Statistic (percent),Kappa M Statistic (percent),model training instances,model serialized size (bytes),[avg] model training instances,[err] model training instances,[avg] model serialized size (bytes),[err] model serialized size (bytes),[avg] tree size (nodes),[err] tree size (nodes),[avg] tree size (leaves),[err] tree size (leaves),[avg] active learning leaves,[err] active learning leaves,[avg] tree depth,[err] tree depth,[avg] active leaf byte size estimate,[err] active leaf byte size estimate,[avg] inactive leaf byte size estimate,[err] inactive leaf byte size estimate,[avg] byte size estimate overhead,[err] byte size estimate overhead
1000.0,0.359375,3.4326221793890004E-7,1000.0,89.5,86.04662288407003,25.531914893617042,79.24901185770752,1000.0,3715864.0,6095.5,521.3487134468236,30133.800000000007,13297.247422785844,25.374999999999996,11.856072524078224,13.187499999999998,5.928036262039112,13.187499999999998,5.928036262039112,6.825,1.8264928002505478,0.0,0.0,0.0,0.0,1.0,0.0
2000.0,1.078125,1.2553362305172616E-6,2000.0,92.9,92.17220272010444,49.28571428571433,89.8860398860399,2000.0,4905176.0,11046.687499999998,3576.43657104068,40664.4,24890.460315631983,40.824999999999996,21.9601336142208,20.912499999999998,10.9800668071104,20.912499999999998,10.9800668071104,9.150000000000002,2.929984663199157,0.0,0.0,0.0,0.0,1.0,0.0
3000.0,2.0625,2.9211268540368316E-6,3000.0,91.8,90.19151661880046,55.913978494623684,86.07809847198644,3000.0,6541272.0,14740.862500000003,5349.422904504202,56841.20000000002,37916.021392519215,58.325,37.29179330766041,29.6625,18.645896653830206,29.6625,18.645896653830206,10.549999999999999,4.477510610352898,0.0,0.0,0.0,0.0,1.0,0.0
4000.0,3.0625,5.140091881104228E-6,4000.0,91.5,90.11653190267226,49.70414201183435,86.04269293924467,4000.0,8577344.0,23184.275000000005,4661.757961381772,78017.30000000002,50392.34003182968,83.25,43.02883931339804,42.125,21.51441965669902,42.125,21.51441965669902,12.45,4.42347019969559,0.0,0.0,0.0,0.0,1.0,0.0
5000.0,4.203125,8.24412395660248E-6,5000.0,90.9,89.72104497438168,43.12500000000003,85.91331269349845,5000.0,1.0519272E7,29709.475000000006,8356.883281258764,99157.9,66606.11178699955,112.15,61.66859159956078,56.575,30.83429579978039,56.575,30.83429579978039,13.6625,4.64415721122053,0.0,0.0,0.0,0.0,1.0,0.0
6000.0,5.6875,1.2859422163779124E-5,6000.0,88.8,86.4699003604805,26.31578947368423,80.75601374570446,6000.0,1.2018728E7,33424.837499999994,13428.801012903032,115735.40000000002,95353.62764177128,140.02500000000003,88.65349629350943,70.51250000000002,44.32674814675472,70.51250000000002,44.32674814675472,14.6,5.020464449743592,0.0,0.0,0.0,0.0,1.0,0.0
7000.0,7.09375,1.8242859546767756E-5,7000.0,90.5,88.7359080280962,50.26178010471204,83.5924006908463,7000.0,1.479788E7,39985.08750000002,15782.195563831781,146955.69999999995,127713.66282513653,174.34999999999994,120.4232094203132,87.67499999999997,60.2116047101566,87.67499999999997,60.2116047101566,15.587500000000004,5.656168918574042,0.0,0.0,0.0,0.0,1.0,0.0
8000.0,8.75,2.456674484872363E-5,8000.0,90.3,86.39217199172307,43.27485380116961,79.57894736842105,8000.0,1.475912E7,43161.97500000001,21207.850830171603,148992.99999999997,138117.89761328517,185.67499999999993,157.67068508986972,93.33749999999996,78.83534254493486,93.33749999999996,78.83534254493486,15.35,6.14405135790771,0.0,0.0,0.0,0.0,1.0,0.0
9000.0,10.140625,3.0770981975365434E-5,9000.0,92.60000000000001,89.51009299160808,56.976744186046545,84.38818565400845,9000.0,1.7245696E7,52241.7375,21077.93338820396,177671.7,163233.58439469265,221.75000000000003,189.33551359652728,111.37500000000001,94.66775679826364,111.37500000000001,94.66775679826364,16.6375,6.12577817324853,0.0,0.0,0.0,0.0,1.0,0.0
10000.0,11.734375,3.798331492968525E-5,10000.0,90.2,86.98530534731307,31.46853146853149,80.5940594059406,10000.0,1.7492744E7,52327.92499999998,27395.774475422808,183497.30000000002,191688.89612898647,235.55,240.7524018308888,118.275,120.3762009154444,118.275,120.3762009154444,16.35,7.461462170480996,0.0,0.0,0.0,0.0,1.0,0.0
11000.0,13.375,4.654683570455139E-5,11000.0,92.60000000000001,90.38462787860203,58.659217877095,85.7418111753372,11000.0,2.017648E7,62422.2,26901.601800410474,215665.50000000003,213267.53064518207,280.7000000000001,278.1867326596437,140.85000000000005,139.09336632982186,140.85000000000005,139.09336632982186,18.4125,7.440385436456768,0.0,0.0,0.0,0.0,1.0,0.0
12000.0,15.34375,5.736175914838289E-5,12000.0,88.6,85.97383998120003,17.3913043478261,79.31034482758622,12000.0,2.1234168E7,64578.21249999999,33934.03449460224,226357.99999999997,245859.38865986498,304.79999999999995,329.6516919032626,152.89999999999998,164.8258459516313,152.89999999999998,164.8258459516313,18.362500000000004,9.023518848268854,0.0,0.0,0.0,0.0,1.0,0.0
13000.0,17.40625,6.895530959203218E-5,13000.0,90.4,87.0282365563211,32.867132867132895,80.9145129224652,13000.0,2.1728256E7,62378.062500000015,40888.940319036956,232025.00000000003,280981.781565003,323.0999999999999,394.2878085223623,162.04999999999995,197.14390426118115,162.04999999999995,197.14390426118115,17.699999999999996,10.146271997292304,0.0,0.0,0.0,0.0,1.0,0.0
14000.0,19.0625,7.966912076679161E-5,14000.0,92.30000000000001,89.68505941137859,21.428571428571452,84.53815261044177,14000.0,2.5004632E7,72634.775,40300.18462092177,267833.9,302872.0444841603,367.87500000000006,431.7296204684982,184.43750000000003,215.8648102342491,184.43750000000003,215.8648102342491,19.062499999999996,10.106200315159333,0.0,0.0,0.0,0.0,1.0,0.0
15000.0,21.09375,9.360047312737958E-5,15000.0,89.7,87.69182235117262,28.965517241379334,82.05574912891986,15000.0,2.6511376E7,75722.27500000001,44491.99370985579,284887.19999999984,332481.7843365333,402.0250000000001,488.5879415031428,201.51250000000005,244.2939707515714,201.51250000000005,244.2939707515714,19.075,11.538351021866054,0.0,0.0,0.0,0.0,1.0,0.0
16000.0,23.421875,1.0883479356481174E-4,16000.0,88.8,86.64020154210245,31.707317073170753,80.65630397236616,16000.0,2.5294096E7,69288.08750000001,53106.287649188234,279896.3999999999,365395.0692122122,384.79999999999995,552.4538218860068,192.89999999999998,276.2269109430034,192.89999999999998,276.2269109430034,16.899999999999995,11.90638590490228,0.0,0.0,0.0,0.0,1.0,0.0
17000.0,25.578125,1.2370831155244052E-4,17000.0,86.9,85.23644232069603,18.125000000000014,79.53125,17000.0,2.6663488E7,69830.66250000002,57468.9120353798,295066.50000000006,405764.41526686476,407.0750000000001,613.5050942192015,204.03750000000005,306.75254710960075,204.03750000000005,306.75254710960075,17.049999999999994,11.63897859714546,0.0,0.0,0.0,0.0,1.0,0.0
18000.0,27.640625,1.4019598152824778E-4,18000.0,89.3,87.08671452225671,23.021582733812966,81.74061433447099,18000.0,3.0900656E7,80862.01249999997,57357.205515913854,343109.1,435114.41070368513,456.14999999999975,637.1375683576179,228.57499999999987,318.5687841788089,228.57499999999987,318.5687841788089,18.3875,11.704693151558988,0.0,0.0,0.0,0.0,1.0,0.0
19000.0,29.671875,1.582647738784241E-4,19000.0,92.0,90.99276606524616,40.2985074626866,87.59689922480621,19000.0,3.4384928E7,91906.52499999998,57286.8874165178,383381.7000000002,457764.7319869107,491.2500000000001,644.084621769531,246.12500000000006,322.0423108847655,246.12500000000006,322.0423108847655,19.025000000000006,11.609658789783177,0.0,0.0,0.0,0.0,1.0,0.0
20000.0,31.953125,1.7836712607984532E-4,20000.0,89.3,85.9439861278966,13.709677419354852,78.25203252032522,20000.0,3.4062488E7,88804.03749999999,63226.3666782118,384399.79999999993,488252.99843106087,475.85,660.7869320894998,238.425,330.3934660447499,238.425,330.3934660447499,17.324999999999996,11.71148413991556,0.0,0.0,0.0,0.0,1.0,0.0
21000.0,34.109375,1.968546704220999E-4,21000.0,87.9,85.43635567067388,33.87978142076505,78.23741007194243,21000.0,3.3142288E7,85090.225,69445.15016119383,374724.60000000003,513163.05008258903,418.95,581.7358550607751,209.975,290.86792753038753,209.975,290.86792753038753,16.05,9.478690290343552,0.0,0.0,0.0,0.0,1.0,0.0
22000.0,36.125,2.155396267254319E-4,22000.0,90.0,89.26462694578638,46.52406417112302,86.22589531680441,22000.0,3.5833128E7,94311.28749999996,69825.25846099065,406589.2,533677.2285169467,447.87500000000006,590.2423311604065,224.43750000000003,295.12116558020324,224.43750000000003,295.12116558020324,16.899999999999995,9.049232431258284,0.0,0.0,0.0,0.0,1.0,0.0
23000.0,38.4375,2.314173421149866E-4,23000.0,84.8,82.28925377168984,-0.6622516556291396,73.47294938917976,23000.0,2.6540472E7,64600.03750000003,76058.18226515532,295222.3,565189.1238136807,289.95000000000016,482.7319905325773,145.47500000000008,241.36599526628865,145.47500000000008,241.36599526628865,11.6875,8.026212988496436,0.0,0.0,0.0,0.0,1.0,0.0
24000.0,40.53125,2.4564802168040633E-4,24000.0,85.8,83.63557579724709,4.054054054054057,76.49006622516556,24000.0,2.6272608E7,63529.725,76096.24108748694,292263.5000000001,574893.3742952314,290.95,489.73213810062276,145.975,244.86606905031138,145.975,244.86606905031138,12.749999999999998,7.036073415899244,0.0,0.0,0.0,0.0,1.0,0.0
25000.0,42.5,2.580356224077857E-4,25000.0,87.5,85.65597520434498,-7.75862068965518,79.93579454253612,25000.0,2.4321984E7,63153.100000000006,71580.92072092742,272196.2000000001,542807.001415588,273.82499999999993,456.2027856617818,137.41249999999997,228.1013928308909,137.41249999999997,228.1013928308909,13.375000000000002,6.6129428137726896,0.0,0.0,0.0,0.0,1.0,0.0
26000.0,44.46875,2.722115208032644E-4,26000.0,90.3,88.07586210287704,30.714285714285737,82.61648745519713,26000.0,2.7833152E7,73193.74999999999,71227.7410179418,311858.7,552875.978639026,308.92500000000007,458.6583012895025,154.96250000000003,229.32915064475125,154.96250000000003,229.32915064475125,14.687499999999998,6.182035529753873,0.0,0.0,0.0,0.0,1.0,0.0
27000.0,46.328125,2.868353291220652E-4,27000.0,93.0,91.67172312048638,34.579439252336485,88.13559322033898,27000.0,3.040156E7,84169.46249999998,70498.95719615582,341276.19999999995,558433.3663325271,337.3750000000001,461.3497087865867,169.18750000000006,230.67485439329334,169.18750000000006,230.67485439329334,15.737500000000004,5.849902628206189,0.0,0.0,0.0,0.0,1.0,0.0
28000.0,48.390625,3.037322175805456E-4,28000.0,86.3,83.76373268230248,-50.54945054945061,76.77966101694913,28000.0,3.16676E7,88518.2125,73723.18761244036,356148.39999999997,568947.2529803296,348.09999999999997,467.71254831156847,174.54999999999998,233.85627415578423,174.54999999999998,233.85627415578423,15.512500000000001,7.006314963451802,0.0,0.0,0.0,0.0,1.0,0.0
29000.0,50.34375,3.1902939297853857E-4,29000.0,87.2,85.5729781881464,-10.344827586206906,79.32148626817448,29000.0,3.027496E7,86576.76249999997,76902.8550700832,350780.49999999994,585551.7676946067,339.42499999999995,481.6459852041654,170.21249999999998,240.8229926020827,170.21249999999998,240.8229926020827,14.500000000000005,5.9235637579869715,0.0,0.0,0.0,0.0,1.0,0.0
30000.0,52.375,3.361760417788496E-4,30000.0,87.7,85.69461373130996,-13.888888888888903,79.63576158940397,30000.0,3.2630088E7,93708.22499999999,77104.74279161687,379263.29999999993,590376.3975951081,369.14999999999986,485.1140828895008,185.07499999999993,242.5570414447504,185.07499999999993,242.5570414447504,15.237499999999997,5.287299686483029,0.0,0.0,0.0,0.0,1.0,0.0
31000.0,54.53125,3.5446523303916255E-4,31000.0,87.1,85.32588479795791,13.42281879194632,79.22705314009661,31000.0,3.2786704E7,96180.8125,80652.51500941646,382754.6999999999,599567.3755418878,378.5250000000001,495.8280881898227,189.76250000000005,247.91404409491136,189.76250000000005,247.91404409491136,15.2625,6.167993642151411,0.0,0.0,0.0,0.0,1.0,0.0
32000.0,57.046875,3.668151787132955E-4,32000.0,86.3,83.72183104448811,4.861111111111114,76.41996557659209,32000.0,1.8976736E7,55960.55,83169.07768978576,218181.8999999999,372543.3943111199,216.67500000000004,367.5717711713255,108.83750000000002,183.78588558566275,108.83750000000002,183.78588558566275,11.0,5.780806303534771,0.0,0.0,0.0,0.0,1.0,0.0
33000.0,58.765625,3.743432747756337E-4,33000.0,89.8,87.30459026187395,12.820512820512834,81.28440366972478,33000.0,1.6930696E7,51352.02499999998,74255.3039375648,192022.09999999998,287063.9220807709,200.35000000000005,330.3167294766523,100.67500000000003,165.15836473832616,100.67500000000003,165.15836473832616,11.975000000000003,4.23061476216197,0.0,0.0,0.0,0.0,1.0,0.0
34000.0,60.359375,3.818676099116499E-4,34000.0,90.10000000000001,88.3508854503736,30.281690140845097,83.90243902439025,34000.0,1.8249472E7,57053.2,75779.05295825907,208942.29999999996,297411.4929167961,221.29999999999998,341.7647573508547,111.14999999999999,170.88237867542736,111.14999999999999,170.88237867542736,12.075000000000001,4.660023903888275,0.0,0.0,0.0,0.0,1.0,0.0
35000.0,62.046875,3.8998237484419294E-4,35000.0,86.5,84.16700873746554,-10.655737704918042,76.6839378238342,35000.0,1.858808E7,54669.4,72257.19633603496,213111.20000000007,287570.5911453852,217.17500000000007,333.4759314185103,109.08750000000003,166.73796570925515,109.08750000000003,166.73796570925515,13.112499999999999,4.603228778789234,0.0,0.0,0.0,0.0,1.0,0.0
36000.0,63.640625,3.976405208555256E-4,36000.0,90.0,88.85401433819595,35.064935064935085,85.59077809798272,36000.0,1.8574016E7,56571.2875,62649.78457643137,212477.4,253414.5559110305,213.42499999999998,294.5043798432129,107.21249999999999,147.25218992160646,107.21249999999999,147.25218992160646,13.237500000000002,4.612157160254417,0.0,0.0,0.0,0.0,1.0,0.0
37000.0,65.359375,4.058247588950001E-4,37000.0,86.4,84.82319016542723,16.049382716049394,79.04468412942988,37000.0,1.840636E7,56470.80000000001,52943.41877040748,209861.40000000002,211113.57978649394,211.55,235.9373388171132,106.275,117.9686694085566,106.275,117.9686694085566,13.312500000000002,5.390084074401245,0.0,0.0,0.0,0.0,1.0,0.0
38000.0,66.9375,4.146063583579638E-4,38000.0,88.9,87.45394127088184,21.830985915492978,83.2072617246596,38000.0,2.1509712E7,67961.93749999999,52943.46480758024,246390.80000000005,215612.99193884459,247.20000000000002,242.83861390862714,124.10000000000001,121.41930695431357,124.10000000000001,121.41930695431357,14.475000000000001,4.586648206713907,0.0,0.0,0.0,0.0,1.0,0.0
39000.0,68.328125,4.2247293727187845E-4,39000.0,91.0,88.52409684642181,31.297709923664147,83.0827067669173,39000.0,2.1866448E7,68361.26250000001,58641.601140941406,251821.79999999996,236676.8014826564,249.92499999999993,260.5742332093836,125.46249999999999,130.2871166046918,125.46249999999999,130.2871166046918,14.762500000000001,5.197963939267378,0.0,0.0,0.0,0.0,1.0,0.0
40000.0,69.765625,4.3053097469964986E-4,40000.0,91.0,86.65179577840797,38.356164383561676,79.8206278026906,40000.0,2.1668248E7,68876.67500000002,61314.102918522454,249485.89999999997,245553.7714617279,247.47500000000002,268.46799186910124,124.23750000000001,134.23399593455062,124.23750000000001,134.23399593455062,14.525000000000006,5.9957263260772,0.0,0.0,0.0,0.0,1.0,0.0
41000.0,71.375,4.4119763120155153E-4,41000.0,89.7,85.29655282677341,44.32432432432435,78.03837953091684,41000.0,2.5619664E7,80257.59999999999,61281.32820936404,295959.10000000003,257189.93577252084,277.35,273.29286465880836,139.175,136.64643232940418,139.175,136.64643232940418,15.725000000000005,5.5254875493686395,0.0,0.0,0.0,0.0,1.0,0.0
42000.0,73.09375,4.533248393757578E-4,42000.0,90.10000000000001,86.89786421952299,37.7358490566038,79.95951417004049,42000.0,2.7274104E7,87944.1875,63265.52349115566,314698.6,267282.3562879251,294.6999999999999,280.39756585375136,147.84999999999994,140.19878292687568,147.84999999999994,140.19878292687568,16.250000000000007,5.8102920469530694,0.0,0.0,0.0,0.0,1.0,0.0
43000.0,74.921875,4.660776640715387E-4,43000.0,87.6,84.0847104123215,3.1250000000000027,76.82242990654207,43000.0,2.6965152E7,89268.82500000001,69562.33401390912,312800.99999999994,288258.761322338,297.47499999999997,296.8621115789943,149.23749999999998,148.43105578949715,149.23749999999998,148.43105578949715,15.262499999999998,7.5485663824583105,0.0,0.0,0.0,0.0,1.0,0.0
44000.0,76.71875,4.7740119680788153E-4,44000.0,87.5,86.20382143109417,31.69398907103827,80.25276461295418,44000.0,2.4359392E7,81736.43750000001,60160.62891871045,279069.7,240406.57163812086,262.70000000000005,226.81216228858915,131.85000000000002,113.40608114429457,131.85000000000002,113.40608114429457,14.699999999999998,6.781210078340169,0.0,0.0,0.0,0.0,1.0,0.0
45000.0,78.453125,4.883950616608166E-4,45000.0,92.80000000000001,91.13483909732962,45.03816793893133,87.49999999999999,45000.0,2.4502464E7,81391.64999999998,61471.0367133183,278678.9000000001,245939.8631403801,262.65,237.05252849489457,131.825,118.52626424744729,131.825,118.52626424744729,14.524999999999997,6.490450628969347,0.0,0.0,0.0,0.0,1.0,0.0
45312.0,79.5625,4.956161592013409E-4,45312.0,93.60000000000001,91.73595338044701,54.92957746478877,87.9924953095685,45312.0,2.516096E7,84517.18750000001,61590.0012142555,286090.29999999993,245907.88589186722,269.69999999999993,238.0413962509755,135.34999999999997,119.02069812548775,135.34999999999997,119.02069812548775,14.762500000000001,6.485121725724842,0.0,0.0,0.0,0.0,1.0,0.0
