learning evaluation instances,evaluation time (cpu seconds),model cost (RAM-Hours),classified instances,classifications correct (percent),Kappa Statistic (percent),Kappa Temporal Statistic (percent),Kappa M Statistic (percent),model training instances,model serialized size (bytes),tree size (nodes),tree size (leaves),active learning leaves,tree depth,active leaf byte size estimate,inactive leaf byte size estimate,byte size estimate overhead
1000.0,0.0,0.0,1000.0,82.5,75.65772818445599,-24.113475177304984,65.41501976284584,1000.0,4688.0,1.0,1.0,1.0,0.0,0.0,0.0,1.0
2000.0,0.015625,5.8013635377089185E-11,2000.0,89.5,88.40463196301852,25.00000000000002,85.04273504273505,2000.0,14352.0,7.0,4.0,4.0,3.0,0.0,0.0,1.0
3000.0,0.015625,5.8013635377089185E-11,3000.0,86.0,83.30306019127536,24.73118279569894,76.23089983022072,3000.0,14352.0,7.0,4.0,4.0,3.0,0.0,0.0,1.0
4000.0,0.015625,5.8013635377089185E-11,4000.0,88.0,86.02781164092873,28.994082840236707,80.29556650246306,4000.0,14352.0,7.0,4.0,4.0,3.0,0.0,0.0,1.0
5000.0,0.015625,5.8013635377089185E-11,5000.0,83.6,81.86683178169434,-2.5000000000000018,74.61300309597523,5000.0,14352.0,7.0,4.0,4.0,3.0,0.0,0.0,1.0
6000.0,0.015625,5.8013635377089185E-11,6000.0,78.60000000000001,74.73471450227387,-40.78947368421048,63.230240549828174,6000.0,14352.0,7.0,4.0,4.0,3.0,0.0,0.0,1.0
7000.0,0.015625,5.8013635377089185E-11,7000.0,80.10000000000001,77.67511571918662,-4.1884816753926755,65.63039723661487,7000.0,14352.0,7.0,4.0,4.0,3.0,0.0,0.0,1.0
8000.0,0.015625,5.8013635377089185E-11,8000.0,77.7,72.1424109931293,-30.409356725146154,53.05263157894737,8000.0,14352.0,7.0,4.0,4.0,3.0,0.0,0.0,1.0
9000.0,0.015625,5.8013635377089185E-11,9000.0,89.1,84.42087088761016,36.627906976744214,77.0042194092827,9000.0,14352.0,7.0,4.0,4.0,3.0,0.0,0.0,1.0
10000.0,0.015625,5.8013635377089185E-11,10000.0,83.5,77.41953142106415,-15.384615384615397,67.32673267326732,10000.0,14352.0,7.0,4.0,4.0,3.0,0.0,0.0,1.0
11000.0,0.015625,5.8013635377089185E-11,11000.0,80.5,73.55480393938491,-8.938547486033462,62.427745664739895,11000.0,14352.0,7.0,4.0,4.0,3.0,0.0,0.0,1.0
12000.0,0.015625,5.8013635377089185E-11,12000.0,83.0,79.58014373176476,-23.18840579710147,69.1470054446461,12000.0,19040.0,9.0,5.0,5.0,4.0,0.0,0.0,1.0
13000.0,0.015625,5.8013635377089185E-11,13000.0,82.6,77.77241249803592,-21.678321678321698,65.40755467196819,13000.0,19040.0,9.0,5.0,5.0,4.0,0.0,0.0,1.0
14000.0,0.015625,5.8013635377089185E-11,14000.0,88.4,85.14968097418092,-18.36734693877553,76.70682730923694,14000.0,19040.0,9.0,5.0,5.0,4.0,0.0,0.0,1.0
15000.0,0.015625,5.8013635377089185E-11,15000.0,71.2,68.92292020959763,-98.62068965517241,49.82578397212543,15000.0,19040.0,9.0,5.0,5.0,4.0,0.0,0.0,1.0
16000.0,0.015625,5.8013635377089185E-11,16000.0,64.9,63.83419368798492,-114.02439024390239,39.37823834196892,16000.0,19040.0,9.0,5.0,5.0,4.0,0.0,0.0,1.0
17000.0,0.015625,5.8013635377089185E-11,17000.0,75.5,74.36487674214204,-53.124999999999964,61.71875,17000.0,19040.0,9.0,5.0,5.0,4.0,0.0,0.0,1.0
18000.0,0.015625,5.8013635377089185E-11,18000.0,80.2,77.19808187500864,-42.44604316546758,66.21160409556315,18000.0,19040.0,9.0,5.0,5.0,4.0,0.0,0.0,1.0
19000.0,0.015625,5.8013635377089185E-11,19000.0,86.1,84.92244278121271,-3.7313432835820928,78.44961240310077,19000.0,19040.0,9.0,5.0,5.0,4.0,0.0,0.0,1.0
20000.0,0.015625,5.8013635377089185E-11,20000.0,67.4,64.07887661645056,-162.9032258064516,33.73983739837399,20000.0,19040.0,9.0,5.0,5.0,4.0,0.0,0.0,1.0
21000.0,0.015625,5.8013635377089185E-11,21000.0,57.599999999999994,57.22011461780612,-131.69398907103823,23.74100719424459,21000.0,19040.0,9.0,5.0,5.0,4.0,0.0,0.0,1.0
22000.0,0.015625,5.8013635377089185E-11,22000.0,82.8,82.30547336973741,8.021390374331554,76.30853994490357,22000.0,19040.0,9.0,5.0,5.0,4.0,0.0,0.0,1.0
23000.0,0.015625,5.8013635377089185E-11,23000.0,64.60000000000001,62.97144722019124,-134.4370860927152,38.219895287958124,23000.0,19336.0,11.0,6.0,6.0,4.0,0.0,0.0,1.0
24000.0,0.015625,5.8013635377089185E-11,24000.0,77.7,74.79553869732494,-50.675675675675635,63.0794701986755,24000.0,24024.0,13.0,7.0,7.0,4.0,0.0,0.0,1.0
25000.0,0.015625,5.8013635377089185E-11,25000.0,71.89999999999999,66.0354826466699,-142.24137931034485,54.89566613162118,25000.0,24024.0,13.0,7.0,7.0,4.0,0.0,0.0,1.0
26000.0,0.015625,5.8013635377089185E-11,26000.0,80.4,74.9249026420965,-39.99999999999995,64.87455197132617,26000.0,24024.0,13.0,7.0,7.0,4.0,0.0,0.0,1.0
27000.0,0.015625,5.8013635377089185E-11,27000.0,83.3,81.14294102370117,-56.07476635514025,71.69491525423727,27000.0,24024.0,13.0,7.0,7.0,4.0,0.0,0.0,1.0
28000.0,0.015625,5.8013635377089185E-11,28000.0,74.9,71.41978752718535,-175.8241758241759,57.45762711864406,28000.0,24024.0,13.0,7.0,7.0,4.0,0.0,0.0,1.0
29000.0,0.015625,5.8013635377089185E-11,29000.0,74.6,73.13638993270348,-118.96551724137933,58.966074313408726,29000.0,24024.0,13.0,7.0,7.0,4.0,0.0,0.0,1.0
30000.0,0.015625,5.8013635377089185E-11,30000.0,83.2,80.54159234635965,-55.555555555555614,72.18543046357615,30000.0,24024.0,13.0,7.0,7.0,4.0,0.0,0.0,1.0
31000.0,0.015625,5.8013635377089185E-11,31000.0,74.7,72.51224997555438,-69.79865771812078,59.25925925925925,31000.0,24024.0,13.0,7.0,7.0,4.0,0.0,0.0,1.0
32000.0,0.015625,5.8013635377089185E-11,32000.0,69.89999999999999,66.15635091254171,-109.02777777777779,48.19277108433735,32000.0,24024.0,13.0,7.0,7.0,4.0,0.0,0.0,1.0
33000.0,0.015625,5.8013635377089185E-11,33000.0,65.4,62.883700473608286,-195.72649572649573,36.513761467889914,33000.0,24024.0,13.0,7.0,7.0,4.0,0.0,0.0,1.0
34000.0,0.046875,2.522331972916921E-10,34000.0,73.6,68.37698467361814,-85.91549295774647,57.073170731707314,34000.0,24024.0,13.0,7.0,7.0,4.0,0.0,0.0,1.0
35000.0,0.046875,2.522331972916921E-10,35000.0,64.0,62.56586068885056,-195.08196721311475,37.8238341968912,35000.0,24024.0,13.0,7.0,7.0,4.0,0.0,0.0,1.0
36000.0,0.046875,2.522331972916921E-10,36000.0,77.2,73.76391203085733,-48.05194805194801,67.14697406340059,36000.0,24024.0,13.0,7.0,7.0,4.0,0.0,0.0,1.0
37000.0,0.0625,3.493429782489935E-10,37000.0,75.0,71.52139540605934,-54.32098765432095,61.47919876733437,37000.0,24024.0,13.0,7.0,7.0,4.0,0.0,0.0,1.0
38000.0,0.0625,3.493429782489935E-10,38000.0,56.89999999999999,41.83567160231253,-203.5211267605634,34.79576399394855,38000.0,24024.0,13.0,7.0,7.0,4.0,0.0,0.0,1.0
39000.0,0.0625,3.493429782489935E-10,39000.0,52.5,17.19718575024579,-262.5954198473282,10.714285714285712,39000.0,24024.0,13.0,7.0,7.0,4.0,0.0,0.0,1.0
40000.0,0.078125,4.4645275920629496E-10,40000.0,62.6,26.38490851258148,-156.1643835616438,16.143497757847523,40000.0,24024.0,13.0,7.0,7.0,4.0,0.0,0.0,1.0
41000.0,0.078125,4.4645275920629496E-10,41000.0,64.1,36.41290871090014,-94.05405405405399,23.454157782515992,41000.0,24024.0,13.0,7.0,7.0,4.0,0.0,0.0,1.0
42000.0,0.078125,4.4645275920629496E-10,42000.0,71.39999999999999,53.98318938331037,-79.87421383647796,42.105263157894726,42000.0,24024.0,13.0,7.0,7.0,4.0,0.0,0.0,1.0
43000.0,0.09375,5.435625401635964E-10,43000.0,74.0,62.20847838252287,-103.125,51.40186915887851,43000.0,24024.0,13.0,7.0,7.0,4.0,0.0,0.0,1.0
44000.0,0.09375,5.435625401635964E-10,44000.0,82.89999999999999,81.50147447311656,6.5573770491803325,72.98578199052133,44000.0,24024.0,13.0,7.0,7.0,4.0,0.0,0.0,1.0
45000.0,0.09375,5.435625401635964E-10,45000.0,78.4,75.53727394629072,-64.88549618320609,62.5,45000.0,24024.0,13.0,7.0,7.0,4.0,0.0,0.0,1.0
45312.0,0.09375,5.435625401635964E-10,45312.0,79.10000000000001,74.90436039739967,-47.18309859154925,60.78799249530958,45312.0,24024.0,13.0,7.0,7.0,4.0,0.0,0.0,1.0
