learning evaluation instances,evaluation time (cpu seconds),model cost (RAM-Hours),classified instances,classifications correct (percent),Kappa Statistic (percent),Kappa Temporal Statistic (percent),Kappa M Statistic (percent),model training instances,model serialized size (bytes),[avg] model training instances,[err] model training instances,[avg] model serialized size (bytes),[err] model serialized size (bytes),[avg] tree size (nodes),[err] tree size (nodes),[avg] tree size (leaves),[err] tree size (leaves),[avg] active learning leaves,[err] active learning leaves,[avg] tree depth,[err] tree depth,[avg] active leaf byte size estimate,[err] active leaf byte size estimate,[avg] inactive leaf byte size estimate,[err] inactive leaf byte size estimate,[avg] byte size estimate overhead,[err] byte size estimate overhead
1000.0,0.125,3.500194806191656E-8,1000.0,44.0,26.238922666779068,27.27272727272727,8.34697217675941,1000.0,1102544.0,5990.62,68.48145585425564,4154.880000000002,3237.7878101681513,1.8399999999999999,2.3591766118106303,1.4199999999999997,1.1795883059053152,1.4199999999999997,1.1795883059053152,0.31999999999999995,0.8907689867497083,0.0,0.0,0.0,0.0,1.0,0.0
2000.0,0.40625,1.4944170187744828E-7,2000.0,50.0,32.70135418335112,33.155080213903744,16.666666666666664,2000.0,1572848.0,11987.480000000001,89.55154484247295,13133.120000000003,3020.771739750203,8.36,2.4054360205541934,4.68,1.2027180102770967,4.68,1.2027180102770967,2.500000000000001,0.7354021529276429,0.0,0.0,0.0,0.0,1.0,0.0
3000.0,0.734375,3.0334440654971534E-7,3000.0,55.2,41.55243516299435,42.85714285714287,26.677577741407532,3000.0,1813048.0,18004.14,115.09056061579128,17619.04,4283.237650875509,12.040000000000001,3.838366999713524,6.5200000000000005,1.919183499856762,6.5200000000000005,1.919183499856762,3.5799999999999996,0.758354825142114,0.0,0.0,0.0,0.0,1.0,0.0
4000.0,0.9375,4.1175465513434675E-7,4000.0,56.8,44.01686751047416,44.897959183673464,29.064039408866986,4000.0,2063048.0,24006.15999999999,139.91066537513996,22376.960000000003,6648.954795749356,15.520000000000001,5.552127740693615,8.26,2.776063870346808,8.26,2.776063870346808,4.0600000000000005,0.912721876855045,0.0,0.0,0.0,0.0,1.0,0.0
5000.0,1.25,5.981595151954227E-7,5000.0,60.5,48.99751056203453,49.87309644670051,35.45751633986928,5000.0,2305736.0,29991.04,143.99645120343672,27154.399999999998,8510.965757330305,19.36,6.745399036622318,10.18,3.372699518311159,10.18,3.372699518311159,4.700000000000001,0.9529760045804524,0.0,0.0,0.0,0.0,1.0,0.0
6000.0,1.53125,7.825968916424447E-7,6000.0,60.3,50.28140474443139,49.93694829760403,37.38170347003154,6000.0,2534888.0,35980.90000000001,154.53845040332615,31568.960000000003,9622.585220453906,22.319999999999993,7.500857093883147,11.659999999999997,3.7504285469415737,11.659999999999997,3.7504285469415737,5.140000000000001,0.94782242373705,0.0,0.0,0.0,0.0,1.0,0.0
7000.0,1.765625,9.514849645913476E-7,7000.0,59.9,48.71388229516248,47.78645833333333,34.902597402597394,7000.0,2785416.0,41984.4,177.46387962464036,36306.08,10711.422192277947,25.839999999999996,8.232241245151124,13.419999999999998,4.116120622575562,13.419999999999998,4.116120622575562,5.4799999999999995,0.9527618286018895,0.0,0.0,0.0,0.0,1.0,0.0
8000.0,2.109375,1.2223565136082472E-6,8000.0,59.8,49.395005966857504,48.789808917197455,34.95145631067961,8000.0,3045952.0,47970.42,194.76527893223368,41379.99999999999,11060.220022168432,29.48,8.509874216677558,15.24,4.254937108338779,15.24,4.254937108338779,5.700000000000001,0.9091372900969895,0.0,0.0,0.0,0.0,1.0,0.0
9000.0,2.4375,1.5042736777104439E-6,9000.0,62.8,53.12517719817087,52.0618556701031,39.31484502446982,9000.0,3321120.0,53971.939999999995,195.74925756368705,46804.15999999999,10958.802525376761,33.480000000000004,8.335417426468178,17.240000000000002,4.167708713234089,17.240000000000002,4.167708713234089,5.98,0.8449127475783569,0.0,0.0,0.0,0.0,1.0,0.0
10000.0,2.703125,1.7504000829325783E-6,10000.0,61.7,52.34563968824343,51.70239596469105,39.87441130298273,10000.0,3581720.0,59970.780000000006,215.0869107678878,51934.71999999999,11404.269288368834,37.51999999999999,8.88759741184883,19.259999999999994,4.443798705924415,19.259999999999994,4.443798705924415,6.260000000000001,0.8033094811148314,0.0,0.0,0.0,0.0,1.0,0.0
11000.0,3.015625,2.0625619476454125E-6,11000.0,62.6,52.9288571277541,53.712871287128706,39.1869918699187,11000.0,3861288.0,65961.51999999996,221.51714726090893,57436.48000000002,11175.97097683696,41.44000000000002,8.55512735624857,21.22000000000001,4.277563678124285,21.22000000000001,4.277563678124285,6.5200000000000005,0.8141603913585718,0.0,0.0,0.0,0.0,1.0,0.0
12000.0,3.34375,2.412944223680016E-6,12000.0,64.4,54.564598675226215,52.469959946595466,40.666666666666664,12000.0,4127672.0,71971.49999999997,221.93014620803555,62650.55999999999,11782.917493540886,45.4,9.389529557231418,23.2,4.694764778615709,23.2,4.694764778615709,6.779999999999999,0.8640200300021394,0.0,0.0,0.0,0.0,1.0,0.0
13000.0,3.71875,2.835978876747605E-6,13000.0,65.5,55.31556922136408,54.183266932270925,40.82332761578046,13000.0,4360608.0,77988.01999999999,226.72697687045863,67183.03999999998,12407.63295184682,48.279999999999994,9.804288940695955,24.639999999999997,4.902144470347977,24.639999999999997,4.902144470347977,6.880000000000001,0.8241260058203405,0.0,0.0,0.0,0.0,1.0,0.0
14000.0,4.078125,3.259633118028028E-6,14000.0,63.9,53.304574470149205,52.43741765480896,39.93344425956739,14000.0,4556864.0,83991.31999999998,243.51712339742252,70991.03999999996,13381.997936551836,50.92000000000001,10.796522493802515,25.960000000000004,5.398261246901257,25.960000000000004,5.398261246901257,7.039999999999999,0.9026039427960753,0.0,0.0,0.0,0.0,1.0,0.0
15000.0,4.40625,3.6597736309179E-6,15000.0,67.30000000000001,58.05557443981103,58.23754789272031,45.13422818791947,15000.0,4713848.0,89984.62000000001,252.16822130620287,74039.99999999999,14533.180502223318,53.120000000000026,11.79699027683912,27.060000000000013,5.89849513841956,27.060000000000013,5.89849513841956,7.18,0.9623525596056738,0.0,0.0,0.0,0.0,1.0,0.0
16000.0,4.734375,4.075743038103812E-6,16000.0,66.10000000000001,58.337122729741886,56.37065637065638,46.52996845425868,16000.0,4900320.0,95990.86000000002,265.95964171356593,77688.48000000001,15252.469131981248,55.960000000000015,12.54698923150531,28.480000000000008,6.273494615752655,28.480000000000008,6.273494615752655,7.460000000000001,0.908238932871562,0.0,0.0,0.0,0.0,1.0,0.0
17000.0,5.09375,4.54954783587406E-6,17000.0,65.0,56.95221696082652,55.070603337612326,44.00000000000001,17000.0,5096288.0,101984.37999999998,279.49187787110844,81488.79999999997,16714.15871014019,58.720000000000006,13.498359688707152,29.860000000000003,6.749179844353576,29.860000000000003,6.749179844353576,7.699999999999998,0.8864052604279182,0.0,0.0,0.0,0.0,1.0,0.0
18000.0,5.40625,4.976100689317617E-6,18000.0,65.7,57.28496779560547,56.96361355081556,45.29505582137162,18000.0,5276248.0,107992.31999999999,296.04504897128174,84962.4,16929.234494549026,61.16,13.326910017413821,31.08,6.663455008706911,31.08,6.663455008706911,7.879999999999998,0.8953394066281366,0.0,0.0,0.0,0.0,1.0,0.0
19000.0,5.78125,5.502231975292994E-6,19000.0,68.60000000000001,59.81365823692024,58.02139037433156,47.13804713804714,19000.0,5423320.0,113988.52,301.7253271789143,87835.35999999997,17705.703365403857,63.67999999999999,14.214737968397593,32.33999999999999,7.107368984198797,32.33999999999999,7.107368984198797,8.04,0.8561899465012395,0.0,0.0,0.0,0.0,1.0,0.0
20000.0,6.171875,6.071112422634744E-6,20000.0,65.60000000000001,57.177872412466726,55.8408215661104,43.97394136807818,20000.0,5629416.0,119964.82,303.11476172484555,91840.63999999998,17642.276411217343,66.75999999999998,13.753752734643527,33.87999999999999,6.876876367321763,33.87999999999999,6.876876367321763,8.100000000000001,0.839095723176481,0.0,0.0,0.0,0.0,1.0,0.0
21000.0,6.578125,6.681752177731445E-6,21000.0,64.2,56.48643786798131,55.0251256281407,43.8871473354232,21000.0,5810240.0,125974.22,322.2358934389634,95372.48000000001,18372.891488343605,69.0,14.66357419469296,35.0,7.33178709734648,35.0,7.33178709734648,8.239999999999997,0.8703740692415896,0.0,0.0,0.0,0.0,1.0,0.0
22000.0,6.953125,7.260643663660934E-6,22000.0,67.9,59.81572819909366,59.16030534351145,47.63458401305058,22000.0,5967168.0,131973.62,338.0830045405752,98453.76000000001,19402.673632891154,71.87999999999998,15.476961152972255,36.43999999999999,7.738480576486127,36.43999999999999,7.738480576486127,8.42,0.9707981147446862,0.0,0.0,0.0,0.0,1.0,0.0
23000.0,7.3125,7.834815769456328E-6,23000.0,65.2,56.95290920403703,56.390977443609025,44.4976076555024,23000.0,6175848.0,137970.19999999998,337.65004223368373,102545.91999999997,21276.80728297211,74.47999999999999,16.795577649233405,37.739999999999995,8.397788824616702,37.739999999999995,8.397788824616702,8.520000000000001,1.0544366906997678,0.0,0.0,0.0,0.0,1.0,0.0
24000.0,7.75,8.557059013077783E-6,24000.0,65.9,58.11129864801452,56.39386189258313,46.383647798742146,24000.0,6381280.0,143978.52000000005,342.0747167458207,106546.24,21432.514382534562,77.31999999999998,16.914478763377094,39.15999999999999,8.457239381688547,39.15999999999999,8.457239381688547,8.579999999999997,1.0515294982615973,0.0,0.0,0.0,0.0,1.0,0.0
25000.0,8.0625,9.088557045389382E-6,25000.0,64.9,55.68623836763757,55.28662420382167,42.26973684210527,25000.0,6574368.0,149985.86,357.94663893732536,110323.51999999999,22827.096546527548,80.0,18.18386815901638,40.5,9.09193407950819,40.5,9.09193407950819,8.660000000000002,1.0615737258948166,0.0,0.0,0.0,0.0,1.0,0.0
26000.0,8.453125,9.769959368794744E-6,26000.0,68.2,59.821902369749694,59.49044585987262,47.350993377483455,26000.0,6742888.0,155971.9,365.08339835591994,113627.04,23961.182370880873,82.88000000000004,19.227573737649134,41.94000000000002,9.613786868824567,41.94000000000002,9.613786868824567,8.759999999999998,1.1168468734681178,0.0,0.0,0.0,0.0,1.0,0.0
27000.0,8.859375,1.0503311415151178E-5,27000.0,68.10000000000001,59.99879620201737,59.102564102564116,47.53289473684211,27000.0,6977848.0,161958.29999999996,384.9616068850417,118181.12000000001,24214.93598843659,86.55999999999997,19.17179050116103,43.77999999999999,9.585895250580515,43.77999999999999,9.585895250580515,8.88,1.0811935959099714,0.0,0.0,0.0,0.0,1.0,0.0
28000.0,9.234375,1.0757520568505346E-5,28000.0,57.4,47.88448951878788,46.27994955863808,33.95348837209301,28000.0,2620368.0,41351.22,71849.01963664175,31247.68,51909.942963826834,22.000000000000004,38.68079732415883,11.500000000000002,19.340398662079416,11.500000000000002,19.340398662079416,2.0599999999999996,3.644453431768135,0.0,0.0,0.0,0.0,1.0,0.0
29000.0,9.546875,1.0886446010166161E-5,29000.0,49.1,34.62071020661911,34.993614303959134,20.71651090342679,29000.0,1594744.0,6570.34,1726.237439742096,12280.32,4098.019578642686,7.72,3.0172294359872196,4.359999999999999,1.5086147179936098,4.359999999999999,1.5086147179936098,2.5399999999999996,1.2157134463653305,0.0,0.0,0.0,0.0,1.0,0.0
30000.0,9.8125,1.1012145486246384E-5,30000.0,53.800000000000004,42.687438128484345,43.451652386780914,30.000000000000004,30000.0,1829224.0,12577.319999999996,1725.9777168850335,16588.479999999996,3942.784648608914,10.799999999999997,3.083861877846129,5.899999999999999,1.5419309389230644,5.899999999999999,1.5419309389230644,3.479999999999999,0.9310954706743042,0.0,0.0,0.0,0.0,1.0,0.0
31000.0,10.15625,1.1189057452914619E-5,31000.0,56.49999999999999,48.19498217788294,46.09665427509294,34.389140271493204,31000.0,1989376.0,18571.759999999995,1740.3664938917964,19425.120000000003,5320.967353512223,12.799999999999995,4.242640687119285,6.899999999999998,2.1213203435596424,6.899999999999998,2.1213203435596424,3.7799999999999994,1.0745668325195135,0.0,0.0,0.0,0.0,1.0,0.0
32000.0,10.453125,1.1346462383193692E-5,32000.0,60.3,54.45409155989574,50.43695380774032,43.44729344729345,32000.0,2049496.0,24566.34,1754.5623747643672,20574.719999999998,6113.209915504325,13.360000000000001,4.601508182218131,7.180000000000001,2.3007540911090656,7.180000000000001,2.3007540911090656,3.92,1.192493528840526,0.0,0.0,0.0,0.0,1.0,0.0
33000.0,10.734375,1.150160733636262E-5,33000.0,58.099999999999994,52.33425631201381,49.39613526570047,40.65155807365439,33000.0,2132296.0,30553.419999999995,1746.907449273295,22097.919999999995,6996.346579669787,14.480000000000002,5.40309812864389,7.740000000000002,2.701549064321945,7.740000000000002,2.701549064321945,4.159999999999999,1.2992933715316652,0.0,0.0,0.0,0.0,1.0,0.0
34000.0,11.0,1.1657844814989305E-5,34000.0,60.6,54.35160157521732,50.252525252525245,41.19402985074627,34000.0,2273624.0,36544.399999999994,1746.4436750734565,24689.120000000006,7889.334657133318,16.479999999999997,6.098644881262976,8.739999999999998,3.049322440631488,8.739999999999998,3.049322440631488,4.660000000000001,1.3187811317536309,0.0,0.0,0.0,0.0,1.0,0.0
35000.0,11.34375,1.1876212342435291E-5,35000.0,62.5,55.95996702282331,53.47394540942928,42.30769230769231,35000.0,2455544.0,42540.819999999985,1716.6289662460836,28264.159999999996,8448.678465334815,19.12,6.4701512457482115,10.06,3.2350756228741058,10.06,3.2350756228741058,5.059999999999999,1.2190662200961815,0.0,0.0,0.0,0.0,1.0,0.0
36000.0,11.65625,1.2084059611273313E-5,36000.0,61.6,55.30622221187643,52.825552825552826,42.34234234234234,36000.0,2570968.0,48550.91999999999,1721.0877651968249,30522.079999999998,10148.263806148503,21.0,7.959079015533782,11.0,3.979539507766891,11.0,3.979539507766891,5.319999999999998,1.268777332067115,0.0,0.0,0.0,0.0,1.0,0.0
37000.0,11.96875,1.2302584752130017E-5,37000.0,60.9,54.97352535416604,53.004807692307686,42.919708029197075,37000.0,2703048.0,54570.399999999994,1735.4953301050182,33102.880000000005,11017.45607260754,22.64,8.336690480236467,11.82,4.168345240118233,11.82,4.168345240118233,5.440000000000001,1.231557832128703,0.0,0.0,0.0,0.0,1.0,0.0
38000.0,12.328125,1.2570684355321449E-5,38000.0,60.699999999999996,53.907970754431524,52.01465201465202,39.908256880733944,38000.0,2883704.0,60549.32000000001,1755.847402137167,36595.039999999986,12020.142104087161,25.199999999999992,9.171829096728299,13.099999999999996,4.5859145483641495,13.099999999999996,4.5859145483641495,5.599999999999999,1.1428571428571426,0.0,0.0,0.0,0.0,1.0,0.0
39000.0,12.640625,1.2816415756889107E-5,39000.0,61.4,54.39185197438382,52.1091811414392,41.515151515151516,39000.0,3039576.0,66542.34,1766.0050455240296,39529.119999999995,12287.628715691808,27.439999999999994,9.444056547989991,14.219999999999997,4.7220282739949955,14.219999999999997,4.7220282739949955,5.88,1.0230007879981804,0.0,0.0,0.0,0.0,1.0,0.0
40000.0,13.0,1.3111366004320901E-5,40000.0,62.1,54.596314514563915,52.80199252801992,39.7456279809221,40000.0,3172512.0,72540.32,1744.9628197898594,42081.91999999999,12643.19004539921,29.16,9.543370388251047,15.08,4.771685194125523,15.08,4.771685194125523,5.999999999999999,1.0301575072754254,0.0,0.0,0.0,0.0,1.0,0.0
41000.0,13.328125,1.3395116709741872E-5,41000.0,58.099999999999994,50.735151468833216,48.014888337468975,36.99248120300751,41000.0,3342720.0,78520.98000000001,1754.1369119069045,45399.03999999998,12994.47102669722,31.799999999999997,9.98774759597059,16.4,4.993873797985295,16.4,4.993873797985295,6.220000000000001,0.9538322275784913,0.0,0.0,0.0,0.0,1.0,0.0
42000.0,13.6875,1.3725988553940426E-5,42000.0,62.2,55.35835548684784,52.39294710327456,42.5531914893617,42000.0,3558888.0,84533.88,1766.8463735580133,49729.28,12805.329743445396,35.279999999999994,10.101606257402425,18.139999999999997,5.0508031287012125,18.139999999999997,5.0508031287012125,6.38,0.9010198303555131,0.0,0.0,0.0,0.0,1.0,0.0
43000.0,14.015625,1.4048228007999978E-5,43000.0,63.5,58.16153772969602,55.48780487804878,46.559297218155194,43000.0,3796136.0,90526.22,1767.1816636228707,54409.6,13886.914563056569,38.91999999999999,10.613506989315306,19.959999999999994,5.306753494657653,19.959999999999994,5.306753494657653,6.680000000000001,0.9354688882139943,0.0,0.0,0.0,0.0,1.0,0.0
44000.0,14.375,1.4424453871065962E-5,44000.0,63.1,56.81609390451558,54.61254612546126,44.17549167927382,44000.0,4046720.0,96520.18,1762.8021256753998,59384.48,13291.68842983909,42.959999999999994,10.548159719561879,21.979999999999997,5.274079859780939,21.979999999999997,5.274079859780939,6.8599999999999985,0.9691148917798076,0.0,0.0,0.0,0.0,1.0,0.0
45000.0,14.703125,1.4795297110039331E-5,45000.0,62.3,55.489439072480195,53.05105853051059,41.73106646058733,45000.0,4368712.0,102494.74000000002,1747.3069285185657,65697.28000000004,13962.890278893126,47.59999999999999,11.394592344348155,24.299999999999994,5.697296172174077,24.299999999999994,5.697296172174077,7.040000000000001,0.9680613912055667,0.0,0.0,0.0,0.0,1.0,0.0
46000.0,15.046875,1.5201142006036313E-5,46000.0,62.3,57.31363495345262,53.51418002466092,46.372688477951634,46000.0,4563728.0,108499.75999999998,1762.2483037533705,69484.48,14376.703164750495,50.32,11.791453148231508,25.66,5.895726574115754,25.66,5.895726574115754,7.2,0.9689042833036096,0.0,0.0,0.0,0.0,1.0,0.0
47000.0,15.4375,1.5685572030229706E-5,47000.0,63.7,57.35963331633984,54.339622641509436,44.66463414634147,47000.0,4793728.0,114507.68,1778.5240778550638,73968.00000000003,14946.706393048604,53.36000000000001,12.213675841081603,27.180000000000003,6.106837920540801,27.180000000000003,6.106837920540801,7.36,0.9847821679779477,0.0,0.0,0.0,0.0,1.0,0.0
48000.0,15.65625,1.5966462411193387E-5,48000.0,64.2,57.72938303791132,55.305867665418226,44.06250000000001,48000.0,4963536.0,120509.42000000001,1768.6229866705885,77309.44,16010.963137112001,55.84000000000001,12.930520768590057,28.420000000000005,6.4652603842950285,28.420000000000005,6.4652603842950285,7.479999999999999,1.0544366906997678,0.0,0.0,0.0,0.0,1.0,0.0
49000.0,15.984375,1.6403085642701225E-5,49000.0,65.60000000000001,58.956443719023454,56.6204287515763,45.65560821484993,49000.0,5143632.0,126489.28000000001,1785.284360131634,80881.92,16334.427121305003,58.63999999999999,12.851998971016938,29.819999999999997,6.425999485508469,29.819999999999997,6.425999485508469,7.600000000000001,1.0301575072754257,0.0,0.0,0.0,0.0,1.0,0.0
50000.0,16.375,1.6943515478892048E-5,50000.0,60.4,54.48725758143448,50.86848635235731,42.35807860262008,50000.0,5347880.0,132503.9,1801.2490819156699,84865.59999999999,17358.68525069376,61.4,13.624707448647273,31.200000000000003,6.812353724323637,31.200000000000003,6.812353724323637,7.68,1.0388376550113052,0.0,0.0,0.0,0.0,1.0,0.0
51000.0,16.734375,1.745748728151537E-5,51000.0,62.3,55.659474170761605,53.16770186335405,42.08909370199693,51000.0,5528328.0,138495.84000000003,1785.4287012779148,88335.52,17576.1627376747,63.96,13.745440802576788,32.48,6.872720401288394,32.48,6.872720401288394,7.88,1.0621503025966346,0.0,0.0,0.0,0.0,1.0,0.0
52000.0,17.09375,1.7986630393554354E-5,52000.0,63.3,57.13918669562983,53.72005044136192,44.3939393939394,52000.0,5691512.0,144499.31999999992,1794.917648500327,91465.28000000001,18010.192224427155,66.72,14.467472312122833,33.86,7.233736156061418,33.86,7.233736156061418,8.06,1.1501552690211625,0.0,0.0,0.0,0.0,1.0,0.0
53000.0,17.5,1.8604897680537157E-5,53000.0,64.60000000000001,59.36084015148994,57.09090909090909,48.16983894582723,53000.0,5882816.0,150501.10000000003,1809.1476993211986,95188.31999999998,18629.715667575118,69.52,14.834103014503372,35.26,7.417051507251686,35.26,7.417051507251686,8.100000000000003,1.1473127431577865,0.0,0.0,0.0,0.0,1.0,0.0
54000.0,17.921875,1.926671878512328E-5,54000.0,63.4,57.204044334739216,54.59057071960297,44.54545454545455,54000.0,6064000.0,156487.26,1809.9180363672153,98744.48,19181.58309978291,72.12,14.76432545436631,36.56,7.382162727183155,36.56,7.382162727183155,8.239999999999997,1.0796824930109248,0.0,0.0,0.0,0.0,1.0,0.0
55000.0,18.28125,1.9847814595171564E-5,55000.0,65.9,60.595254328166426,56.998738965952086,49.406528189910986,55000.0,6250320.0,162497.50000000003,1808.038798233703,102396.48000000003,18878.023982376537,75.07999999999997,14.845929834572884,38.039999999999985,7.422964917286442,38.039999999999985,7.422964917286442,8.320000000000002,1.0190031142929719,0.0,0.0,0.0,0.0,1.0,0.0
56000.0,18.640625,2.0446268382430494E-5,56000.0,64.60000000000001,59.377628548576446,56.35018495684341,48.01762114537445,56000.0,6437024.0,168475.50000000003,1812.1067708552912,106105.12,19248.934580259294,77.48000000000002,14.99148057384321,39.24000000000001,7.495740286921605,39.24000000000001,7.495740286921605,8.46,1.0343093919941686,0.0,0.0,0.0,0.0,1.0,0.0
57000.0,19.0625,2.1173791384272694E-5,57000.0,65.2,59.61574614550864,56.390977443609025,48.1371087928465,57000.0,6666000.0,174478.94,1796.9035999037187,110573.12,19827.07358756028,81.04000000000002,15.609991567412644,41.02000000000001,7.804995783706322,41.02000000000001,7.804995783706322,8.539999999999997,1.0143863129186705,0.0,0.0,0.0,0.0,1.0,0.0
58000.0,19.421875,2.177794166426692E-5,58000.0,62.7,56.07749672347546,53.893695920889996,41.80967238689548,58000.0,6498296.0,169708.56000000003,43302.300387194875,106854.24,33351.206761240595,78.36000000000001,25.396255549162507,39.68000000000001,12.698127774581254,39.68000000000001,12.698127774581254,8.059999999999999,2.2714734946141664,0.0,0.0,0.0,0.0,1.0,0.0
59000.0,19.796875,2.202259932851626E-5,59000.0,51.7,41.617732737342656,39.92537313432835,26.81818181818182,59000.0,2521912.0,44485.92,76384.36106414156,28667.2,49468.45645624356,20.2,37.079066100121004,10.6,18.539533050060502,10.6,18.539533050060502,1.9800000000000002,3.711482458643221,0.0,0.0,0.0,0.0,1.0,0.0
60000.0,20.109375,2.2214268748131064E-5,60000.0,52.1,43.215900496238504,39.443742098609356,29.142011834319533,60000.0,2370856.0,31743.120000000006,60387.54615107797,26489.600000000002,38284.203296409556,18.4,28.28210655203053,9.7,14.141053276015265,9.7,14.141053276015265,3.2599999999999993,2.4974272476176074,0.0,0.0,0.0,0.0,1.0,0.0
61000.0,20.390625,2.2394023318257596E-5,61000.0,55.900000000000006,48.863339884855556,44.73684210526316,34.66666666666667,61000.0,2470528.0,33872.54,55873.20184869396,28261.92,33794.55976738002,19.44,25.495225643485583,10.219999999999999,12.747612821742791,10.219999999999999,12.747612821742791,3.7800000000000002,2.243266568635833,0.0,0.0,0.0,0.0,1.0,0.0
62000.0,20.734375,2.2609925751263896E-5,62000.0,56.10000000000001,48.26645486159804,44.21855146124524,34.477611940298516,62000.0,2427824.0,31809.279999999995,44664.23510542471,27844.320000000003,29370.89410119606,19.039999999999996,22.096227399855447,10.019999999999998,11.048113699927724,10.019999999999998,11.048113699927724,4.02,1.8125413436523266,0.0,0.0,0.0,0.0,1.0,0.0
63000.0,21.03125,2.2803927034450074E-5,63000.0,58.199999999999996,51.67216617375359,46.41025641025641,39.85611510791366,63000.0,2526000.0,33563.66,37217.52287516827,29765.120000000003,26461.844285024767,20.599999999999998,20.15450524405531,10.799999999999999,10.077252622027656,10.799999999999999,10.077252622027656,4.46,1.5934816200601085,0.0,0.0,0.0,0.0,1.0,0.0
64000.0,21.3125,2.30057353231435E-5,64000.0,55.1,48.85726164237672,44.43069306930693,35.488505747126446,64000.0,2773632.0,39561.79999999998,37203.779940720415,34411.360000000015,26976.90443638402,23.68,20.177214872226543,12.34,10.088607436113271,12.34,10.088607436113271,4.8,1.355261854357877,0.0,0.0,0.0,0.0,1.0,0.0
65000.0,21.578125,2.3207209726226413E-5,65000.0,58.3,52.407093968027155,49.7590361445783,39.826839826839816,65000.0,2931928.0,45590.30000000001,37203.7561090604,37393.76,27470.876151165132,25.759999999999998,20.85084053510573,13.379999999999999,10.425420267552864,13.379999999999999,10.425420267552864,5.160000000000001,1.4049475260736282,0.0,0.0,0.0,0.0,1.0,0.0
66000.0,21.890625,2.3457134019635205E-5,66000.0,59.099999999999994,52.97747977686722,48.29329962073325,40.11713030746705,66000.0,3091440.0,51552.380000000005,37202.37855512434,40335.68,28487.389500418798,27.880000000000003,21.879670929883744,14.440000000000001,10.939835464941872,14.440000000000001,10.939835464941872,5.440000000000002,1.4730227148171704,0.0,0.0,0.0,0.0,1.0,0.0
67000.0,22.1875,2.370421147336149E-5,67000.0,60.8,54.94796605007441,51.90184049079755,42.35294117647059,67000.0,3217080.0,57563.42,37211.926114439855,42769.75999999999,29474.40918558307,29.920000000000005,22.642600268935002,15.460000000000003,11.321300134467501,15.460000000000003,11.321300134467501,5.720000000000002,1.4002915148391823,0.0,0.0,0.0,0.0,1.0,0.0
68000.0,22.53125,2.400305135072106E-5,68000.0,57.599999999999994,51.24290348509746,46.261089987325725,37.73861967694565,68000.0,3360456.0,63564.30000000001,37199.993041062546,45568.31999999999,30383.458784875773,32.0,23.152555287193042,16.5,11.576277643596521,16.5,11.576277643596521,5.960000000000003,1.4977534196664177,0.0,0.0,0.0,0.0,1.0,0.0
69000.0,22.828125,2.4274383419348553E-5,69000.0,60.9,54.67996054490683,50.94102885821832,41.901931649331345,69000.0,3532888.0,69584.81999999998,37204.77407082076,48879.679999999986,30489.707553058306,34.60000000000001,23.76758210638334,17.800000000000004,11.88379105319167,17.800000000000004,11.88379105319167,6.119999999999999,1.4234192808092745,0.0,0.0,0.0,0.0,1.0,0.0
70000.0,23.140625,2.457207679981366E-5,70000.0,62.2,56.72655878834364,52.926525529265255,45.76757532281205,70000.0,3682320.0,75603.24,37189.01223812413,51741.12,31220.517994787613,36.67999999999999,24.355731002231515,18.839999999999996,12.177865501115757,18.839999999999996,12.177865501115757,6.280000000000001,1.309930672725446,0.0,0.0,0.0,0.0,1.0,0.0
71000.0,23.4375,2.4868070225541795E-5,71000.0,61.1,55.547683394374324,53.357314148681056,43.4593023255814,71000.0,3853992.0,81612.79999999999,37173.518848113104,55039.51999999999,31478.336471773793,39.32,24.625720749837548,20.16,12.312860374918774,20.16,12.312860374918774,6.48,1.1993195349608776,0.0,0.0,0.0,0.0,1.0,0.0
72000.0,23.8125,2.5257126350576685E-5,72000.0,60.3,53.83881957606129,51.40758873929009,39.75720789074354,72000.0,4010360.0,87604.41999999997,37181.894179549054,58093.44,33038.64714095434,41.67999999999998,25.990924632750296,21.33999999999999,12.995462316375148,21.33999999999999,12.995462316375148,6.679999999999999,1.1856282240712246,0.0,0.0,0.0,0.0,1.0,0.0
73000.0,24.1875,2.566487877629698E-5,73000.0,60.4,55.07932582689206,51.35135135135135,42.52539912917271,73000.0,4203080.0,93589.48000000001,37189.23007046914,61843.68000000001,33881.33511418934,44.039999999999985,26.158824163800883,22.519999999999992,13.079412081900442,22.519999999999992,13.079412081900442,6.84,1.1842503872035832,0.0,0.0,0.0,0.0,1.0,0.0
74000.0,24.578125,2.6107463151371736E-5,74000.0,57.49999999999999,51.03444064625321,47.20496894409937,36.84992570579494,74000.0,4379640.0,99579.14,37189.05230394712,65292.48000000001,34428.34401954534,46.800000000000004,26.41350922137676,23.900000000000002,13.20675461068838,23.900000000000002,13.20675461068838,7.040000000000001,1.1773370158878007,0.0,0.0,0.0,0.0,1.0,0.0
75000.0,24.921875,2.6514070697077042E-5,75000.0,58.199999999999996,52.57388772718866,47.815230961298376,40.0286944045911,75000.0,4572304.0,105582.72000000002,37185.31095387433,69043.04000000001,34745.50658657247,49.43999999999999,26.286614891403943,25.219999999999995,13.143307445701971,25.219999999999995,13.143307445701971,7.14,1.1430357003370006,0.0,0.0,0.0,0.0,1.0,0.0
76000.0,25.3125,2.6994920950124256E-5,76000.0,61.9,56.76178695250038,53.30882352941176,44.942196531791915,76000.0,4758304.0,111592.9,37178.86595313559,72685.12,34771.768112346195,52.160000000000004,27.234701753311654,26.580000000000002,13.617350876655827,26.580000000000002,13.617350876655827,7.300000000000001,1.1111677990074318,0.0,0.0,0.0,0.0,1.0,0.0
77000.0,25.671875,2.7455906965769835E-5,77000.0,59.9,55.02901245505705,50.248138957816366,43.28147100424328,77000.0,4958408.0,117599.83999999998,37174.37661273294,76616.48,35270.19403396399,54.8,26.930750196057463,27.9,13.465375098028732,27.9,13.465375098028732,7.4,1.0879675865519867,0.0,0.0,0.0,0.0,1.0,0.0
78000.0,26.015625,2.7914587408304222E-5,78000.0,62.6,57.092476039474924,52.538071065989854,44.8377581120944,78000.0,5157864.0,123579.78,37190.0121556082,80517.44,35534.75238563752,58.199999999999996,27.020778097227176,29.599999999999998,13.510389048613588,29.599999999999998,13.510389048613588,7.500000000000001,1.1473127431577865,0.0,0.0,0.0,0.0,1.0,0.0
79000.0,26.390625,2.8433098147312807E-5,79000.0,58.8,53.7574849459288,49.756097560975604,41.560283687943254,79000.0,5344768.0,129579.40000000001,37189.101364320624,84137.44,35972.0689720369,60.44,27.594853113712112,30.72,13.797426556856056,30.72,13.797426556856056,7.62,1.1933489148832632,0.0,0.0,0.0,0.0,1.0,0.0
80000.0,26.75,2.894755785948494E-5,80000.0,61.5,55.97675572702387,53.38983050847457,43.21533923303835,80000.0,5533576.0,135589.55999999994,37187.47574290274,87796.31999999999,36453.937242319094,63.55999999999999,28.485699957010294,32.28,14.242849978505147,32.28,14.242849978505147,7.679999999999998,1.1856282240712241,0.0,0.0,0.0,0.0,1.0,0.0
81000.0,27.15625,2.9552275179109233E-5,81000.0,62.9,58.00587917691523,54.08415841584158,47.226173541963014,81000.0,5753888.0,141591.38,37195.45717482835,92110.56000000001,37975.31491890757,66.6,29.443824063973146,33.80000000000001,14.721912031986573,33.80000000000001,14.721912031986573,7.779999999999997,1.130107453803777,0.0,0.0,0.0,0.0,1.0,0.0
82000.0,27.515625,3.01043314458285E-5,82000.0,59.8,54.74817698190601,50.73529411764706,42.57142857142857,82000.0,5937968.0,147594.55999999997,37206.0809832073,95683.51999999999,39422.310398461595,69.24,30.686405951236473,35.12,15.343202975618237,35.12,15.343202975618237,7.799999999999998,1.1428571428571426,0.0,0.0,0.0,0.0,1.0,0.0
83000.0,27.984375,3.084549638313346E-5,83000.0,62.6,57.362494043289615,52.77777777777778,44.26229508196721,83000.0,6111896.0,153593.52,37191.37800852586,99146.71999999999,40109.189960752825,71.88,30.80196124155945,36.44,15.400980620779725,36.44,15.400980620779725,7.8599999999999985,1.178203405743729,0.0,0.0,0.0,0.0,1.0,0.0
84000.0,28.390625,3.150763374934388E-5,84000.0,64.2,58.45161470023653,56.01965601965602,45.59270516717326,84000.0,6300240.0,159602.6,37212.990701898605,102838.39999999997,40046.62500595209,75.04,30.6327555777425,38.02,15.31637778887125,38.02,15.31637778887125,7.959999999999996,1.1241323184517709,0.0,0.0,0.0,0.0,1.0,0.0
85000.0,28.734375,3.208366478146572E-5,85000.0,64.7,59.39653823856892,56.41975308641975,46.837349397590366,85000.0,6477472.0,165595.88000000003,37227.61006029842,106384.16000000003,39974.95400329704,77.52000000000001,30.593610110476288,39.260000000000005,15.296805055238144,39.260000000000005,15.296805055238144,7.999999999999999,1.1428571428571423,0.0,0.0,0.0,0.0,1.0,0.0
86000.0,29.109375,3.2731612284098655E-5,86000.0,61.5,56.291126076827716,53.10596833130329,44.28364688856729,86000.0,6678992.0,171602.33999999994,37238.553436256065,110316.96,40308.3354973856,80.68000000000002,30.704277439165125,40.84000000000001,15.352138719582562,40.84000000000001,15.352138719582562,8.159999999999997,1.075895450500727,0.0,0.0,0.0,0.0,1.0,0.0
87000.0,29.5,3.3425977130213554E-5,87000.0,62.1,56.900669119954884,52.91925465838509,44.912790697674424,87000.0,6871160.0,177604.58000000002,37239.181735508144,114079.04000000001,40098.2539438478,83.2,31.231198425645477,42.1,15.615599212822739,42.1,15.615599212822739,8.239999999999998,1.0411924090450624,0.0,0.0,0.0,0.0,1.0,0.0
88000.0,29.9375,3.42201956987588E-5,88000.0,60.9,55.242366591345636,52.375152253349576,42.33038348082596,88000.0,7017208.0,183617.82,37234.58560383596,116911.99999999999,40516.60537385145,85.28000000000002,31.2775853757731,43.14000000000001,15.63879268788655,43.14000000000001,15.63879268788655,8.32,1.0388376550113052,0.0,0.0,0.0,0.0,1.0,0.0
89000.0,30.296875,3.489207094793933E-5,89000.0,59.4,54.41710593531944,50.30599755201959,42.65536723163842,89000.0,7226752.0,189619.32,37227.77825733283,120999.04,40482.27211950376,88.00000000000001,30.67472535346004,44.50000000000001,15.33736267673002,44.50000000000001,15.33736267673002,8.399999999999999,0.9897433186107868,0.0,0.0,0.0,0.0,1.0,0.0
90000.0,30.78125,3.522109207955914E-5,90000.0,52.400000000000006,45.01813477487468,39.28571428571429,25.972006220839816,90000.0,2625696.0,49704.88000000001,80399.43173843244,30340.319999999996,47032.93469667,20.919999999999995,34.45662164969462,10.959999999999997,17.22831082484731,10.959999999999997,17.22831082484731,2.1799999999999997,3.739966168132476,0.0,0.0,0.0,0.0,1.0,0.0
91000.0,31.09375,3.5346525708316936E-5,91000.0,45.7,32.988443900344066,31.1787072243346,14.622641509433967,91000.0,1551552.0,18704.22,44424.12584018843,10709.92,30720.966090676415,6.64,22.66234852825996,3.8199999999999994,11.33117426412998,3.8199999999999994,11.33117426412998,0.5399999999999999,2.168513080336809,0.0,0.0,0.0,0.0,1.0,0.0
92000.0,31.328125,3.543251782603977E-5,92000.0,45.7,31.66261214945626,30.473751600512166,14.622641509433967,92000.0,1418240.0,20715.019999999997,36463.859440905624,7996.160000000003,24459.425860867323,4.68,18.22919837703753,2.8400000000000007,9.114599188518765,2.8400000000000007,9.114599188518765,0.33999999999999997,1.6855932159913076,0.0,0.0,0.0,0.0,1.0,0.0
93000.0,31.59375,3.5555851775118057E-5,93000.0,48.5,33.78505213623564,34.72750316856781,18.769716088328074,93000.0,1794800.0,26723.88,36455.58419509574,15344.0,24486.84039417491,10.079999999999998,17.85753142434386,5.539999999999999,8.92876571217193,5.539999999999999,8.92876571217193,2.1799999999999997,1.746015872943722,0.0,0.0,0.0,0.0,1.0,0.0
94000.0,31.84375,3.568843951345319E-5,94000.0,56.10000000000001,43.14583546482489,45.398009950248756,30.64770932069511,94000.0,2050056.0,32716.71999999999,36464.31948510539,20330.56,23291.045304010495,13.92,18.609674903124986,7.460000000000001,9.304837451562493,7.460000000000001,9.304837451562493,3.2200000000000006,1.4885961061842592,0.0,0.0,0.0,0.0,1.0,0.0
95000.0,32.15625,3.587942078916564E-5,95000.0,55.00000000000001,41.90639959102106,41.93548387096775,28.90995260663508,95000.0,2362344.0,38707.15999999999,36454.506353592034,25992.16,25410.372401964727,17.840000000000007,19.106959945719957,9.420000000000002,9.553479972859979,9.420000000000002,9.553479972859979,3.92,1.306811042974774,0.0,0.0,0.0,0.0,1.0,0.0
96000.0,32.453125,3.607667416670464E-5,96000.0,56.39999999999999,44.81040602326063,44.670050761421315,33.231240428790194,96000.0,2568344.0,44708.44,36440.40595562311,29987.039999999997,25981.636410545736,20.4,19.298937265866133,10.7,9.649468632933067,10.7,9.649468632933067,4.42,1.213697336443397,0.0,0.0,0.0,0.0,1.0,0.0
97000.0,32.78125,3.63138991007064E-5,97000.0,59.3,49.374961129423475,49.69097651421508,37.38461538461538,97000.0,2794624.0,50734.64000000001,36444.30280313414,34390.719999999994,26434.095452838854,23.800000000000004,19.54586443027094,12.4,9.772932215135468,12.4,9.772932215135468,4.9399999999999995,1.1851117229689223,0.0,0.0,0.0,0.0,1.0,0.0
98000.0,33.09375,3.6555733822751796E-5,98000.0,58.199999999999996,46.90350919534681,44.34087882822902,33.22683706070287,98000.0,2991376.0,56745.24000000001,36444.61935794234,38020.15999999999,26710.32161219589,26.520000000000003,19.768290419822574,13.760000000000002,9.884145209911287,13.760000000000002,9.884145209911287,5.3599999999999985,1.1911236334671904,0.0,0.0,0.0,0.0,1.0,0.0
99000.0,33.390625,3.680031306834685E-5,99000.0,55.2,43.428200536926994,43.50567465321565,29.670329670329682,99000.0,3184552.0,62736.860000000015,36450.753140792855,41781.12,27201.993624897783,29.319999999999997,20.14786158704224,15.159999999999998,10.07393079352112,15.159999999999998,10.07393079352112,5.680000000000002,1.1506874608915585,0.0,0.0,0.0,0.0,1.0,0.0
100000.0,33.734375,3.710413649160829E-5,100000.0,57.599999999999994,47.2353304262987,45.360824742268036,34.16149068322981,100000.0,3416496.0,68742.78000000003,36454.8886267308,46340.80000000001,27669.643597566024,32.75999999999999,20.645264318373602,16.879999999999995,10.322632159186801,16.879999999999995,10.322632159186801,5.9799999999999995,1.203566129704317,0.0,0.0,0.0,0.0,1.0,0.0
101000.0,34.03125,3.738153098513269E-5,101000.0,57.49999999999999,48.01019734105799,46.94132334581773,34.715821812596005,101000.0,3611824.0,74746.80000000002,36474.38714316373,50197.28,28107.456759938927,35.4,20.804238186740033,18.2,10.402119093370017,18.2,10.402119093370017,6.1,1.1473127431577863,0.0,0.0,0.0,0.0,1.0,0.0
102000.0,34.25,3.759725051673336E-5,102000.0,58.3,47.96820195824229,45.203679369250985,33.704292527821934,102000.0,3811920.0,80748.26000000002,36457.6998372198,54126.55999999999,28075.01636989364,37.84,20.804591329996445,19.42,10.402295664998222,19.42,10.402295664998222,6.28,1.1073041357186344,0.0,0.0,0.0,0.0,1.0,0.0
103000.0,34.578125,3.793623291939083E-5,103000.0,57.9,48.91086705903768,46.84343434343434,36.69172932330826,103000.0,3993376.0,86739.02,36463.08600992158,57464.64,27783.73365673828,40.440000000000005,20.710009410811924,20.720000000000002,10.355004705405962,20.720000000000002,10.355004705405962,6.4,1.0301575072754257,0.0,0.0,0.0,0.0,1.0,0.0
104000.0,34.890625,3.827262922034909E-5,104000.0,60.199999999999996,50.706458197094896,48.84318766066838,37.0253164556962,104000.0,4161056.0,92761.71999999999,36468.571092828046,60688.96000000001,28206.533335642187,43.160000000000004,20.979445723306014,22.080000000000002,10.489722861653007,22.080000000000002,10.489722861653007,6.56,1.0528871870107588,0.0,0.0,0.0,0.0,1.0,0.0
105000.0,35.28125,3.871387805298178E-5,105000.0,62.6,54.583375329543756,51.98973042362003,41.92546583850932,105000.0,4366424.0,98752.72,36461.17971998522,64761.91999999999,27753.15135468256,46.44000000000002,20.432227445076734,23.72000000000001,10.216113722538367,23.72000000000001,10.216113722538367,6.7,1.0151907431108498,0.0,0.0,0.0,0.0,1.0,0.0
106000.0,35.609375,3.910361355843229E-5,106000.0,59.9,49.638806000140654,49.176172370088715,34.47712418300653,106000.0,4591272.0,104755.45999999998,36461.59317900726,69225.75999999995,27070.84072830289,49.87999999999998,20.114610386990055,25.43999999999999,10.057305193495027,25.43999999999999,10.057305193495027,6.94,0.9127218768550448,0.0,0.0,0.0,0.0,1.0,0.0
107000.0,35.9375,3.951313976560616E-5,107000.0,60.8,51.6321675698619,49.6790757381258,39.0357698289269,107000.0,4824416.0,110758.72,36453.588898673195,73803.04000000001,28405.546840441042,52.84,21.577917661633734,26.92,10.788958830816867,26.92,10.788958830816867,7.020000000000001,0.8687311883149013,0.0,0.0,0.0,0.0,1.0,0.0
108000.0,36.3125,4.000004917745375E-5,108000.0,58.599999999999994,50.35072297262453,47.52851711026616,36.986301369863,108000.0,5019024.0,116753.46,36462.040604850896,77634.24000000003,28882.97186540816,55.88,22.013576515877837,28.44,11.006788257938918,28.44,11.006788257938918,7.24,0.9595917499283808,0.0,0.0,0.0,0.0,1.0,0.0
109000.0,36.625,4.0423739507483945E-5,109000.0,59.599999999999994,50.14579885804263,48.79594423320659,36.57770800627943,109000.0,5240840.0,122749.7,36485.94209082591,81954.72,29190.831173741477,59.16000000000001,22.023512481909336,30.080000000000005,11.011756240954668,30.080000000000005,11.011756240954668,7.359999999999999,0.9424241429983224,0.0,0.0,0.0,0.0,1.0,0.0
110000.0,36.859375,4.0754450213474536E-5,110000.0,62.2,53.7563768488274,51.96950444726811,40.75235109717868,110000.0,5454304.0,128746.36000000004,36472.223492405836,85980.48000000001,30296.278617193435,61.76,22.992066067250594,31.38,11.496033033625297,31.38,11.496033033625297,7.48,0.9310954706743042,0.0,0.0,0.0,0.0,1.0,0.0
111000.0,37.09375,4.1095696991154305E-5,111000.0,61.5,53.01560492103571,50.38659793814433,40.1244167962675,111000.0,5628072.0,134770.53999999998,36484.48847712056,89223.36000000003,30211.315056772877,63.959999999999994,22.64270842673109,32.480000000000004,11.321354213365545,32.480000000000004,11.321354213365545,7.580000000000002,0.9278018789216865,0.0,0.0,0.0,0.0,1.0,0.0
112000.0,37.296875,4.140089075210401E-5,112000.0,60.0,51.93907797524142,48.51994851994852,38.366718027734976,112000.0,5807840.0,140787.00000000003,36479.836308597114,92732.95999999996,30380.394919548944,66.64000000000003,22.694744514345793,33.820000000000014,11.347372257172896,33.820000000000014,11.347372257172896,7.7,0.9313146293146642,0.0,0.0,0.0,0.0,1.0,0.0
113000.0,37.625,4.191372614716076E-5,113000.0,62.4,53.91281432134781,52.344740177439796,40.50632911392405,113000.0,6041448.0,146785.92,36484.55296218678,97126.24,30317.879815591543,69.75999999999999,22.774457586676938,35.379999999999995,11.387228793338469,35.379999999999995,11.387228793338469,7.739999999999998,0.9435062700547638,0.0,0.0,0.0,0.0,1.0,0.0
114000.0,37.8125,4.22179399498014E-5,114000.0,58.599999999999994,50.552580880570154,49.38875305623471,37.74436090225563,114000.0,6271624.0,152762.82,36504.41905912886,101571.03999999996,30904.816205443527,72.96000000000001,23.01548724361977,36.980000000000004,11.507743621809885,36.980000000000004,11.507743621809885,7.840000000000001,0.911603207631075,0.0,0.0,0.0,0.0,1.0,0.0
115000.0,37.984375,4.250481362558074E-5,115000.0,60.4,51.96896904303022,50.25125628140703,38.41368584758943,115000.0,6451792.0,158762.41999999995,36508.56137954047,105069.12,30501.030775917545,75.60000000000001,23.1384475516842,38.300000000000004,11.5692237758421,38.300000000000004,11.5692237758421,7.999999999999999,0.8329931278350431,0.0,0.0,0.0,0.0,1.0,0.0
116000.0,38.359375,4.314968543541101E-5,116000.0,58.199999999999996,48.812774763963205,49.086479902557855,35.09316770186335,116000.0,6647288.0,164768.52000000008,36486.914263878105,108910.40000000002,31615.101036546133,77.96,23.850692027781534,39.48,11.925346013890767,39.48,11.925346013890767,8.099999999999998,0.8144110179279559,0.0,0.0,0.0,0.0,1.0,0.0
117000.0,38.6875,4.372935544880522E-5,117000.0,60.3,52.8985765166777,49.42675159235669,39.9394856278366,117000.0,6828792.0,170772.16000000003,36487.20805665728,112394.55999999998,31593.678497226665,80.71999999999998,24.02383170511978,40.85999999999999,12.01191585255989,40.85999999999999,12.01191585255989,8.219999999999999,0.7365113574085852,0.0,0.0,0.0,0.0,1.0,0.0
118000.0,39.0625,4.4410982680144834E-5,118000.0,61.3,52.104493885587914,49.47780678851175,38.47376788553259,118000.0,7026160.0,176765.37999999998,36462.47541379538,116164.64000000003,31919.042370781663,83.52000000000001,24.002754943921733,42.260000000000005,12.001377471960867,42.260000000000005,12.001377471960867,8.28,0.7570080742566726,0.0,0.0,0.0,0.0,1.0,0.0
119000.0,39.34375,4.4936123465757E-5,119000.0,60.9,51.884266278131086,50.69356872635561,36.93548387096774,119000.0,7217480.0,182741.72000000003,36475.30668600838,119922.24,31662.214592804725,86.16,23.76445639511037,43.58,11.882228197555184,43.58,11.882228197555184,8.320000000000002,0.7406560798180409,0.0,0.0,0.0,0.0,1.0,0.0
120000.0,39.75,4.571195746797862E-5,120000.0,61.9,53.75062970763357,50.775193798449614,40.1883830455259,120000.0,7382064.0,188728.66,36474.980330447484,123166.87999999999,31912.847605812873,88.36,24.076205545504628,44.68,12.038102772752314,44.68,12.038102772752314,8.360000000000001,0.8020382198638969,0.0,0.0,0.0,0.0,1.0,0.0
121000.0,40.140625,4.6473117221871194E-5,121000.0,62.3,54.33081930752439,50.58977719528178,40.909090909090914,121000.0,7532136.0,194716.43999999994,36482.911790321894,126082.40000000001,31906.253917067857,90.88000000000001,23.885475050066447,45.940000000000005,11.942737525033223,45.940000000000005,11.942737525033223,8.38,0.8053393251117373,0.0,0.0,0.0,0.0,1.0,0.0
122000.0,40.59375,4.6602310936173644E-5,122000.0,48.5,40.03602495898581,37.04156479217603,26.84659090909091,122000.0,1102112.0,2484.3199999999997,677.1786440211825,3045.120000000001,14.343653933474076,1.0,0.0,1.0,0.0,1.0,0.0,0.0,0.0,0.0,0.0,0.0,0.0,1.0,0.0
123000.0,40.75,4.664844050744757E-5,123000.0,41.9,35.27810918505001,29.232643118148598,20.519835841313267,123000.0,1141200.0,8474.640000000003,694.6124674953653,3079.839999999999,244.0287169451119,1.0799999999999998,0.5656854249492379,1.0400000000000003,0.282842712474619,1.0400000000000003,0.282842712474619,0.039999999999999994,0.28284271247461895,0.0,0.0,0.0,0.0,1.0,0.0
124000.0,41.03125,4.6771770899391025E-5,124000.0,44.6,35.18784994466399,29.336734693877553,21.529745042492923,124000.0,1695040.0,14487.339999999998,702.8839022199896,13983.52,2447.1736153516918,9.239999999999998,2.1243006051932687,5.119999999999999,1.0621503025966343,5.119999999999999,1.0621503025966343,2.9400000000000004,0.793082336101829,0.0,0.0,0.0,0.0,1.0,0.0
125000.0,41.203125,4.6852314036287796E-5,125000.0,48.6,40.71497281423948,38.22115384615385,30.163043478260864,125000.0,1811416.0,20465.920000000006,700.3148516407254,15985.440000000002,4126.099448582383,10.520000000000001,3.32117510553609,5.760000000000001,1.660587552768045,5.760000000000001,1.660587552768045,3.3200000000000003,1.0190031142929719,0.0,0.0,0.0,0.0,1.0,0.0
126000.0,41.328125,4.691492711167991E-5,126000.0,48.6,42.21076431323564,36.30731102850062,30.63427800269905,126000.0,1936232.0,26464.86,718.4120246368768,18343.840000000007,4786.0047645745835,12.239999999999998,3.700854837819533,6.619999999999999,1.8504274189097665,6.619999999999999,1.8504274189097665,3.7799999999999994,1.0159945363825456,0.0,0.0,0.0,0.0,1.0,0.0
127000.0,41.5625,4.704239897869736E-5,127000.0,51.9,45.29988400391203,41.05392156862745,34.10958904109589,127000.0,2102352.0,32454.94,734.1646484409398,21432.639999999996,7025.034899354085,14.520000000000003,5.444487944664019,7.76,2.7222439723320093,7.76,2.7222439723320093,4.16,1.1492677349210723,0.0,0.0,0.0,0.0,1.0,0.0
128000.0,41.75,4.71530354439488E-5,128000.0,46.2,39.42621538821829,33.987730061349694,27.49326145552561,128000.0,2280864.0,38447.92,731.0621805542501,24666.24,8253.832501428209,17.160000000000004,6.412233206448246,9.080000000000002,3.206116603224123,9.080000000000002,3.206116603224123,4.5,1.1823532398033463,0.0,0.0,0.0,0.0,1.0,0.0
129000.0,41.96875,4.729004942217015E-5,129000.0,53.0,46.14421204971692,41.1764705882353,33.333333333333336,129000.0,2421136.0,44457.06000000001,749.6453422677105,27344.479999999996,9744.621059930072,19.0,7.329003050503235,10.0,3.6645015252516173,10.0,3.6645015252516173,4.879999999999999,1.3036839481771239,0.0,0.0,0.0,0.0,1.0,0.0
130000.0,42.109375,4.738213888938643E-5,130000.0,53.300000000000004,47.80839983012585,43.11814859926919,36.72086720867209,130000.0,2531336.0,50460.03999999998,745.021077910294,29520.0,10026.264284877197,20.600000000000005,7.505100306607828,10.800000000000002,3.752550153303914,10.800000000000002,3.752550153303914,5.0600000000000005,1.1322724125962493,0.0,0.0,0.0,0.0,1.0,0.0
131000.0,42.265625,4.749253941958564E-5,131000.0,53.900000000000006,47.62262384522656,44.45783132530121,35.16174402250352,131000.0,2731200.0,56452.680000000015,746.1202901321853,33472.319999999985,10635.643356647306,23.799999999999997,8.060991988380506,12.399999999999999,4.030495994190253,12.399999999999999,4.030495994190253,5.260000000000001,1.1394592344348156,0.0,0.0,0.0,0.0,1.0,0.0
132000.0,42.328125,4.754042556871557E-5,132000.0,54.400000000000006,49.047546684067974,45.12635379061372,37.534246575342465,132000.0,2961640.0,62456.19999999999,747.5928445514252,37983.35999999999,11033.103890546476,26.960000000000008,8.595110142828126,13.980000000000004,4.297555071414063,13.980000000000004,4.297555071414063,5.54,1.0143863129186708,0.0,0.0,0.0,0.0,1.0,0.0
133000.0,42.484375,4.767076286952943E-5,133000.0,55.2,48.76756254817336,44.278606965174134,35.44668587896255,133000.0,3224416.0,68461.02,752.4337516434558,43209.76000000001,11803.073059822607,30.800000000000004,9.12721876855045,15.899999999999995,4.5636093842752254,15.899999999999995,4.5636093842752254,5.78,0.932190748632883,0.0,0.0,0.0,0.0,1.0,0.0
134000.0,42.515625,4.7698134310647026E-5,134000.0,52.900000000000006,46.975044497056615,41.271820448877804,33.380480905233384,134000.0,3385712.0,74469.01999999999,745.784684416489,46300.8,11904.320711062715,32.72000000000001,9.142946428135467,16.860000000000007,4.571473214067733,16.860000000000007,4.571473214067733,5.980000000000002,0.8687311883149015,0.0,0.0,0.0,0.0,1.0,0.0
135000.0,42.625,4.779841770262769E-5,135000.0,58.4,53.25012755073373,48.705302096177554,40.74074074074074,135000.0,3544160.0,80455.64,743.530539839131,49376.159999999996,12250.672097114524,35.04000000000001,9.751943814607698,18.020000000000007,4.875971907303849,18.020000000000007,4.875971907303849,6.219999999999999,0.9749934589000885,0.0,0.0,0.0,0.0,1.0,0.0
136000.0,42.9375,4.8102219006977986E-5,136000.0,53.6,48.27144115319012,43.62089914945323,35.64493758668516,136000.0,3757872.0,86462.37999999999,741.651215951573,53272.96000000001,13453.563383455445,37.68,10.455815684711213,19.34,5.227907842355607,19.34,5.227907842355607,6.459999999999999,0.9304376850247875,0.0,0.0,0.0,0.0,1.0,0.0
137000.0,43.078125,4.824401781661437E-5,137000.0,55.400000000000006,50.27260868110916,45.67600487210719,38.22714681440444,137000.0,3897736.0,92469.33999999998,731.7239808026236,56003.52,13640.324004530517,39.72,10.673331251301068,20.36,5.336665625650534,20.36,5.336665625650534,6.720000000000001,0.9267014137272489,0.0,0.0,0.0,0.0,1.0,0.0
138000.0,43.265625,4.844113068732744E-5,138000.0,56.89999999999999,51.73388460478897,46.52605459057071,38.25214899713467,138000.0,4063648.0,98461.03999999998,719.0897579579371,59227.83999999998,13867.379617046088,41.96000000000001,10.881476490451325,21.480000000000004,5.4407382452256625,21.480000000000004,5.4407382452256625,6.88,1.0028530728448137,0.0,0.0,0.0,0.0,1.0,0.0
139000.0,43.46875,4.866204913317537E-5,139000.0,56.00000000000001,51.05553194850152,46.21026894865526,38.973647711511795,139000.0,4204080.0,104457.56000000001,722.3765528321304,61938.39999999999,14576.718748380505,44.2,11.335333957072786,22.6,5.667666978536393,22.6,5.667666978536393,7.020000000000001,1.0398194505758769,0.0,0.0,0.0,0.0,1.0,0.0
140000.0,43.53125,4.873255413258449E-5,140000.0,57.49999999999999,52.79010480596733,46.47355163727959,40.89012517385257,140000.0,4360560.0,110444.22000000002,727.4779831158907,64800.96000000001,15165.008887890437,45.75999999999999,11.470565703182228,23.379999999999995,5.735282851591114,23.379999999999995,5.735282851591114,7.1000000000000005,1.0350983390135313,0.0,0.0,0.0,0.0,1.0,0.0
141000.0,43.640625,4.886063853822029E-5,141000.0,55.7,51.27654356019987,46.30303030303031,39.72789115646259,141000.0,4526688.0,116436.7,709.4585532471318,67967.36000000003,14163.76814523016,48.39999999999998,10.993504575754852,24.69999999999999,5.496752287877426,24.69999999999999,5.496752287877426,7.34,1.002242383816593,0.0,0.0,0.0,0.0,1.0,0.0
142000.0,43.765625,4.9013360177115034E-5,142000.0,54.1,49.34647014421358,42.98136645962734,36.6896551724138,142000.0,4722728.0,122435.92,699.1921530872435,71798.87999999999,15533.933741828248,51.319999999999986,11.913703308820988,26.159999999999993,5.956851654410494,26.159999999999993,5.956851654410494,7.460000000000002,1.0143863129186703,0.0,0.0,0.0,0.0,1.0,0.0
143000.0,43.90625,4.9190568162076606E-5,143000.0,55.7,50.37760069538568,47.261904761904766,38.30083565459611,143000.0,4871056.0,128446.84,695.8641774580656,74724.48000000001,16142.85849082169,52.79999999999998,12.37673920988027,26.89999999999999,6.188369604940135,26.89999999999999,6.188369604940135,7.620000000000001,1.0079277589921503,0.0,0.0,0.0,0.0,1.0,0.0
144000.0,44.109375,4.9455601773742186E-5,144000.0,57.099999999999994,52.60820574004108,48.313253012048186,40.58171745152354,144000.0,5043592.0,134439.81999999998,698.7658417758097,78098.24,16525.939065058927,55.480000000000004,12.523023694339141,28.240000000000002,6.2615118471695705,28.240000000000002,6.2615118471695705,7.78,1.0358866851590458,0.0,0.0,0.0,0.0,1.0,0.0
145000.0,44.296875,4.970941899551287E-5,145000.0,58.099999999999994,52.88354927436168,47.22921914357682,39.79885057471264,145000.0,5232656.0,140455.26000000004,710.3241803743446,81805.59999999996,17343.059937623468,58.24,13.70767697909698,29.62,6.85383848954849,29.62,6.85383848954849,7.94,1.0382481320346642,0.0,0.0,0.0,0.0,1.0,0.0
146000.0,44.484375,4.9971456303157754E-5,146000.0,61.3,56.599558593960275,52.04460966542751,45.02840909090909,146000.0,5402120.0,146432.88000000003,707.4471968468855,85183.68000000001,17885.153726313838,60.64000000000001,13.6168563005638,30.82,6.808428150281901,30.82,6.808428150281901,7.9799999999999995,1.0783585409580352,0.0,0.0,0.0,0.0,1.0,0.0
147000.0,44.6875,5.026455674346331E-5,147000.0,59.3,54.209878515545014,48.93350062735257,42.02279202279202,147000.0,5577704.0,152429.15999999997,709.7737311198249,88662.40000000001,18121.717015554485,63.44000000000002,13.875775396609114,32.22,6.937887698304559,32.22,6.937887698304559,8.060000000000002,1.0184021097498064,0.0,0.0,0.0,0.0,1.0,0.0
148000.0,44.875,5.0542755602186355E-5,148000.0,58.099999999999994,52.65595568868635,49.21212121212121,39.79885057471264,148000.0,5735304.0,158455.46,710.1409808292015,91747.19999999998,19058.964590588497,65.39999999999999,14.87361723979471,33.199999999999996,7.436808619897355,33.199999999999996,7.436808619897355,8.1,1.035098339013531,0.0,0.0,0.0,0.0,1.0,0.0
149000.0,45.03125,5.078070269923452E-5,149000.0,57.3,52.13761053465764,47.735618115055075,40.4463040446304,149000.0,5886576.0,164445.17999999996,742.052632766656,94679.83999999998,19461.095096145655,67.47999999999999,14.368673408154423,34.239999999999995,7.184336704077212,34.239999999999995,7.184336704077212,8.139999999999999,1.0303555954432548,0.0,0.0,0.0,0.0,1.0,0.0
150000.0,45.203125,5.10506405003576E-5,150000.0,60.0,56.07484845822718,51.040391676866584,46.091644204851754,150000.0,6070904.0,170456.63999999998,749.8338798340237,98204.96,19183.417525497152,70.08,14.714757273997186,35.54,7.357378636998593,35.54,7.357378636998593,8.219999999999997,1.0358866851590458,0.0,0.0,0.0,0.0,1.0,0.0
151000.0,45.453125,5.145421413342574E-5,151000.0,58.9,54.97370727432077,49.81684981684982,44.45945945945945,151000.0,6240008.0,176449.25999999995,761.1020154744006,101464.47999999998,19098.193382065634,72.52,14.271764617808213,36.76,7.135882308904106,36.76,7.135882308904106,8.28,1.0309496315810696,0.0,0.0,0.0,0.0,1.0,0.0
152000.0,45.609375,5.171343807079314E-5,152000.0,60.199999999999996,56.02511209176831,51.58150851581508,45.70259208731241,152000.0,6412944.0,182443.47999999998,779.786214553816,104824.16000000002,18538.3884372787,75.24,14.46538443798766,38.12,7.23269221899383,38.12,7.23269221899383,8.38,1.0669429914193052,0.0,0.0,0.0,0.0,1.0,0.0
153000.0,45.953125,5.229886349601052E-5,153000.0,61.1,57.00612303543403,51.856435643564346,46.121883656509695,153000.0,6583112.0,188429.90000000002,771.0164838493015,108178.88000000003,19433.210119183255,77.56,15.11339451868941,39.28,7.556697259344705,39.28,7.556697259344705,8.42,1.0119691856242765,0.0,0.0,0.0,0.0,1.0,0.0
154000.0,46.40625,5.309403353344858E-5,154000.0,56.2,51.050459376910354,45.79207920792079,38.222849083215806,154000.0,6783352.0,194422.73999999993,788.5827589765813,112035.68000000001,19638.742697857542,80.16000000000001,15.102858223879753,40.580000000000005,7.551429111939877,40.580000000000005,7.551429111939877,8.5,0.9741558354989899,0.0,0.0,0.0,0.0,1.0,0.0
155000.0,46.828125,5.3851261650884746E-5,155000.0,58.4,53.626548800811534,47.99999999999999,41.40845070422535,155000.0,6938176.0,200409.53999999998,785.3749191777628,115011.68000000002,20007.133892424168,82.27999999999999,15.490668685583929,41.63999999999999,7.745334342791964,41.63999999999999,7.745334342791964,8.639999999999997,0.9847821679779484,0.0,0.0,0.0,0.0,1.0,0.0
156000.0,47.25,5.462408272756472E-5,156000.0,58.4,53.88803660580479,49.697702539298675,42.620689655172406,156000.0,7081048.0,206415.13999999998,787.424036115906,117795.35999999999,20458.943134831912,84.07999999999997,15.676369842172369,42.539999999999985,7.838184921086184,42.539999999999985,7.838184921086184,8.719999999999997,1.0109603435973795,0.0,0.0,0.0,0.0,1.0,0.0
157000.0,47.65625,5.538221164089111E-5,157000.0,59.5,54.149213177855756,50.96852300242131,42.389758179231855,157000.0,7213600.0,212412.96000000005,768.1637516752222,120388.31999999998,20878.020655889653,85.92000000000002,16.12810957202818,43.46000000000001,8.06405478601409,43.46000000000001,8.06405478601409,8.800000000000002,0.9689042833036098,0.0,0.0,0.0,0.0,1.0,0.0
158000.0,48.0625,5.615655494491674E-5,158000.0,57.8,52.284843653714596,48.09348093480935,39.1053391053391,158000.0,7367880.0,218403.92000000004,758.6511618037096,123406.72,21041.103741360475,88.36000000000004,16.189893546939228,44.68000000000002,8.094946773469614,44.68000000000002,8.094946773469614,8.879999999999999,1.0028530728448142,0.0,0.0,0.0,0.0,1.0,0.0
159000.0,48.53125,5.706931897697764E-5,159000.0,59.0,54.30904692015116,50.36319612590798,43.75857338820302,159000.0,7526960.0,224402.24,754.5875629799935,126520.95999999996,21845.28351370807,90.64,16.969071505391863,45.82,8.484535752695932,45.82,8.484535752695932,8.959999999999997,0.988918188564388,0.0,0.0,0.0,0.0,1.0,0.0
160000.0,48.953125,5.7903881501665144E-5,160000.0,59.199999999999996,54.33718408158423,48.99999999999999,43.49030470914127,160000.0,7646760.0,230398.0599999999,758.3305888864256,128881.75999999998,22241.285194990374,92.32,16.716654288829595,46.66,8.358327144414798,46.66,8.358327144414798,9.020000000000001,0.9791708278967879,0.0,0.0,0.0,0.0,1.0,0.0
161000.0,49.359375,5.872498968124598E-5,161000.0,59.5,54.87364620938629,50.06165228113441,44.21487603305785,161000.0,7812848.0,236382.97999999998,754.1905916752272,132121.91999999995,22617.210051730108,94.76,17.13637972863818,47.88,8.56818986431909,47.88,8.56818986431909,9.120000000000005,0.9178501945262285,0.0,0.0,0.0,0.0,1.0,0.0
162000.0,49.828125,5.969429857537359E-5,162000.0,60.5,55.76033976059064,51.474201474201465,44.909344490934444,162000.0,7993248.0,242387.95999999996,752.1452573560993,135647.68,22798.2887985131,97.67999999999998,17.573681620943454,49.33999999999999,8.786840810471727,49.33999999999999,8.786840810471727,9.180000000000001,0.9623525596056737,0.0,0.0,0.0,0.0,1.0,0.0
163000.0,50.265625,6.0619925465693504E-5,163000.0,58.099999999999994,53.72599605069599,49.334945586457074,42.206896551724135,163000.0,8178248.0,248360.87999999998,742.4968258023302,139127.36000000007,23219.816439851726,100.47999999999999,18.078332955474064,50.739999999999995,9.039166477737032,50.739999999999995,9.039166477737032,9.22,0.9321907486328828,0.0,0.0,0.0,0.0,1.0,0.0
164000.0,50.71875,6.160301269523593E-5,164000.0,58.699999999999996,54.17190971089465,49.81773997569866,43.34705075445815,164000.0,8386416.0,254352.86,734.4059103959415,143151.84000000003,24180.603972268225,103.60000000000001,18.631770102243564,52.300000000000004,9.315885051121782,52.300000000000004,9.315885051121782,9.240000000000004,0.9160696881075082,0.0,0.0,0.0,0.0,1.0,0.0
164860.0,51.15625,6.257082642858021E-5,164860.0,61.0,56.19828027709642,51.5527950310559,45.2247191011236,164860.0,8550984.0,259514.7799999999,730.6313537633403,146368.48,24433.099017554705,105.91999999999999,19.145884622006463,53.459999999999994,9.572942311003231,53.459999999999994,9.572942311003231,9.299999999999999,0.9529760045804526,0.0,0.0,0.0,0.0,1.0,0.0
