learning evaluation instances,evaluation time (cpu seconds),model cost (RAM-Hours),classified instances,classifications correct (percent),Kappa Statistic (percent),Kappa Temporal Statistic (percent),Kappa M Statistic (percent),model training instances,model serialized size (bytes),ensemble size,change detections,[avg] model training instances,[err] model training instances,[avg] model serialized size (bytes),[err] model serialized size (bytes),[avg] tree size (nodes),[err] tree size (nodes),[avg] tree size (leaves),[err] tree size (leaves),[avg] active learning leaves,[err] active learning leaves,[avg] tree depth,[err] tree depth,[avg] active leaf byte size estimate,[err] active leaf byte size estimate,[avg] inactive leaf byte size estimate,[err] inactive leaf byte size estimate,[avg] byte size estimate overhead,[err] byte size estimate overhead
1000.0,0.15625,2.622093436204725E-8,1000.0,48.6,34.91874973093841,33.246753246753244,15.875613747954171,1000.0,664888.0,35.0,0.0,5984.4000000000015,88.22037913156832,4272.685714285714,4.056740422696868,1.0,0.0,1.0,0.0,1.0,0.0,0.0,0.0,0.0,0.0,0.0,0.0,1.0,0.0
2000.0,0.328125,5.60460870878564E-8,2000.0,45.5,31.096737651776824,27.13903743315508,9.166666666666666,2000.0,670768.0,35.0,0.0,11985.628571428571,113.13502752808918,4272.685714285714,4.056740422696868,1.0,0.0,1.0,0.0,1.0,0.0,0.0,0.0,0.0,0.0,0.0,0.0,1.0,0.0
3000.0,0.421875,7.24330958392885E-8,3000.0,44.5,29.707151125825465,29.209183673469386,9.165302782324058,3000.0,675664.0,35.0,3.0,16779.02857142857,3966.7772256560097,4278.171428571429,19.604149792215747,1.0,0.0,1.0,0.0,1.0,0.0,0.0,0.0,0.0,0.0,0.0,0.0,1.0,0.0
4000.0,0.59375,1.0308599384087655E-7,4000.0,43.0,26.56777794096049,27.29591836734694,6.403940886699504,4000.0,690432.0,35.0,8.0,20839.428571428576,7215.588228785991,4696.685714285714,1711.9564276242645,1.2285714285714284,0.9420164319072111,1.1142857142857145,0.4710082159536055,1.1142857142857145,0.4710082159536055,0.11428571428571431,0.47100821595360554,0.0,0.0,0.0,0.0,1.0,0.0
5000.0,0.75,1.390237270647453E-7,5000.0,51.4,36.70943771674738,38.3248730964467,20.58823529411765,5000.0,889064.0,35.0,8.0,26845.25714285714,7217.450500422598,10403.428571428572,4215.689367154099,4.199999999999999,2.1801241195103063,2.6,1.0900620597551531,2.6,1.0900620597551531,1.4000000000000004,0.881175685227012,0.0,0.0,0.0,0.0,1.0,0.0
6000.0,0.875,1.6979617713433172E-7,6000.0,56.39999999999999,46.76928636658869,45.018915510718784,31.23028391167192,6000.0,951600.0,35.0,8.0,32841.7142857143,7202.767611752276,12182.628571428571,4473.963784634212,4.828571428571428,2.1893554555906105,2.914285714285714,1.0946777277953053,2.914285714285714,1.0946777277953053,1.5999999999999999,0.8471405189362209,0.0,0.0,0.0,0.0,1.0,0.0
7000.0,0.984375,1.975369781980084E-7,7000.0,53.300000000000004,42.68644700153163,39.192708333333336,24.188311688311693,7000.0,980400.0,35.0,8.0,38831.17142857142,7197.682210617668,12877.942857142856,4855.963695128225,5.057142857142856,2.3507552871722033,3.028571428571428,1.1753776435861016,3.028571428571428,1.1753776435861016,1.6857142857142853,0.9631879839558708,0.0,0.0,0.0,0.0,1.0,0.0
8000.0,0.984375,1.975369781980084E-7,8000.0,53.7,42.89132700574171,41.019108280254784,25.080906148867317,8000.0,988856.0,35.0,8.0,44826.65714285714,7193.7819184874015,13104.457142857145,5031.678262549696,5.114285714285714,2.4225828289297375,3.057142857142857,1.2112914144648688,3.057142857142857,1.2112914144648688,1.7142857142857144,0.9873144969898834,0.0,0.0,0.0,0.0,1.0,0.0
9000.0,1.09375,2.2625566796503133E-7,9000.0,54.7,44.509911044365126,41.62371134020619,26.10114192495922,9000.0,1014960.0,35.0,8.0,50811.8,7187.21597413237,13735.771428571426,4882.374922862332,5.457142857142856,2.330650718814221,3.228571428571428,1.1653253594071105,3.228571428571428,1.1653253594071105,1.857142857142857,0.9744638689724585,0.0,0.0,0.0,0.0,1.0,0.0
10000.0,1.21875,2.604833247864412E-7,10000.0,54.300000000000004,44.49815155769521,42.37074401008828,28.25745682888541,10000.0,1058448.0,35.0,8.0,56820.97142857143,7178.068241221327,14957.714285714286,4502.408065308455,5.971428571428572,2.1893554555906105,3.485714285714286,1.0946777277953053,3.485714285714286,1.0946777277953053,2.028571428571428,0.9230930832457441,0.0,0.0,0.0,0.0,1.0,0.0
11000.0,1.359375,3.005342700311707E-7,11000.0,55.900000000000006,44.98983372210511,45.42079207920792,28.292682926829276,11000.0,1100912.0,35.0,8.0,62800.91428571428,7150.830928152699,16168.22857142857,3176.1028199176862,6.6000000000000005,1.5185132047305931,3.8000000000000003,0.7592566023652966,3.8000000000000003,0.7592566023652966,2.314285714285714,0.6311254453205737,0.0,0.0,0.0,0.0,1.0,0.0
12000.0,1.484375,3.368796509069701E-7,12000.0,58.4,47.86640766965349,44.459279038718286,30.666666666666657,12000.0,1123936.0,35.0,8.0,68805.25714285714,7152.560262890883,16827.428571428572,3121.301861551421,6.885714285714287,1.6046151924889613,3.942857142857144,0.8023075962444807,3.942857142857144,0.8023075962444807,2.4285714285714293,0.6546536707079771,0.0,0.0,0.0,0.0,1.0,0.0
13000.0,1.578125,3.6447997748230894E-7,13000.0,57.599999999999994,46.34195110283742,43.69189907038512,27.27272727272727,13000.0,1138008.0,35.0,8.0,74802.14285714286,7152.103117853054,17213.714285714286,3373.941146069809,7.0,1.7489492643904123,3.999999999999999,0.8744746321952062,3.999999999999999,0.8744746321952062,2.4285714285714293,0.6546536707079771,0.0,0.0,0.0,0.0,1.0,0.0
14000.0,1.734375,4.1080551454797387E-7,14000.0,55.1,43.58396377311456,40.84321475625824,25.291181364392685,14000.0,1146048.0,35.0,8.0,80802.54285714283,7153.911629898945,17389.942857142858,3693.2999268377635,7.057142857142857,1.9088471596729784,4.0285714285714285,0.9544235798364891,4.0285714285714285,0.9544235798364891,2.4285714285714293,0.6546536707079771,0.0,0.0,0.0,0.0,1.0,0.0
15000.0,1.875,4.533995524980128E-7,15000.0,59.199999999999996,47.883668172249585,47.89272030651341,31.54362416107382,15000.0,1170816.0,35.0,8.0,86790.31428571428,7178.098665882412,18007.085714285724,3605.318305042186,7.3999999999999995,1.866106358484551,4.200000000000001,0.9330531792422753,4.200000000000001,0.9330531792422753,2.5142857142857147,0.6584933146039914,0.0,0.0,0.0,0.0,1.0,0.0
16000.0,2.015625,4.967636778019369E-7,16000.0,55.2,45.60571917009869,42.34234234234235,29.337539432176662,16000.0,1191984.0,35.0,8.0,92789.00000000001,7170.515343691672,18585.142857142855,3979.3949964555068,7.62857142857143,2.0448747162215137,4.314285714285714,1.0224373581107569,4.314285714285714,1.0224373581107569,2.5428571428571427,0.6572159257878978,0.0,0.0,0.0,0.0,1.0,0.0
17000.0,2.15625,5.410346784628928E-7,17000.0,57.199999999999996,48.114923020972235,45.057766367137354,31.519999999999992,17000.0,1216912.0,35.0,8.0,98810.62857142856,7179.616588508274,19287.77142857143,4417.738995071058,8.028571428571428,2.2943115625865835,4.514285714285714,1.1471557812932918,4.514285714285714,1.1471557812932918,2.6,0.6945163361480208,0.0,0.0,0.0,0.0,1.0,0.0
18000.0,2.28125,5.827193833991058E-7,18000.0,57.49999999999999,47.57655672956657,46.675031367628605,32.21690590111642,18000.0,1289048.0,35.0,8.0,104829.62857142856,7195.256448382033,21333.71428571429,4854.564598949956,9.285714285714281,2.6631629643696084,5.142857142857141,1.3315814821848042,5.142857142857141,1.3315814821848042,2.8571428571428568,0.7333587976225692,0.0,0.0,0.0,0.0,1.0,0.0
19000.0,2.453125,6.416625304458042E-7,19000.0,57.3,46.5437464946719,42.91443850267379,28.114478114478104,19000.0,1325632.0,35.0,8.0,110824.05714285713,7203.395065330437,22358.399999999998,4931.028023110991,9.8,2.709460549738312,5.4,1.354730274869156,5.4,1.354730274869156,2.971428571428571,0.7065123239304084,0.0,0.0,0.0,0.0,1.0,0.0
20000.0,2.578125,6.853286241595115E-7,20000.0,56.99999999999999,46.92766734755589,44.80102695763799,29.967426710097712,20000.0,1350320.0,35.0,8.0,116830.85714285714,7216.039043616073,23055.542857142857,5786.268513842554,10.085714285714287,3.1189310817068367,5.542857142857144,1.5594655408534184,5.542857142857144,1.5594655408534184,2.999999999999999,0.7669649888473705,0.0,0.0,0.0,0.0,1.0,0.0
21000.0,2.71875,7.352373278182413E-7,21000.0,55.1,46.280685214386736,43.592964824120614,29.62382445141067,21000.0,1371880.0,35.0,8.0,122835.31428571428,7201.217326713215,23658.514285714282,5987.158893004596,10.37142857142857,3.1723596180475013,5.685714285714285,1.5861798090237507,5.685714285714285,1.5861798090237507,3.057142857142857,0.7647705208621943,0.0,0.0,0.0,0.0,1.0,0.0
22000.0,2.859375,7.861719415005709E-7,22000.0,58.099999999999994,48.00940545839201,46.69211195928753,31.647634584013044,22000.0,1400080.0,35.0,8.0,128819.14285714286,7192.16933298193,24460.114285714284,6543.795012301745,10.714285714285714,3.4004448547335735,5.857142857142857,1.7002224273667867,5.857142857142857,1.7002224273667867,3.142857142857143,0.8096061912275311,0.0,0.0,0.0,0.0,1.0,0.0
23000.0,2.953125,8.206273843016888E-7,23000.0,55.400000000000006,45.63243135180206,44.11027568922306,28.86762360446572,23000.0,1420656.0,35.0,8.0,134836.08571428567,7190.096724259113,25045.257142857146,6502.459536219205,10.942857142857145,3.307236781068211,5.971428571428572,1.6536183905341055,5.971428571428572,1.6536183905341055,3.257142857142857,0.7413365173339116,0.0,0.0,0.0,0.0,1.0,0.0
24000.0,3.09375,8.724845894094969E-7,24000.0,58.3,49.74850149308409,46.67519181585678,34.43396226415094,24000.0,1425440.0,35.0,8.0,140830.0285714286,7186.554441069366,25177.14285714286,6578.990344238227,10.942857142857145,3.307236781068211,5.971428571428572,1.6536183905341055,5.971428571428572,1.6536183905341055,3.257142857142857,0.7413365173339116,0.0,0.0,0.0,0.0,1.0,0.0
25000.0,3.234375,9.251884249452914E-7,25000.0,55.2,44.229565052851214,42.92993630573249,26.315789473684216,25000.0,1448712.0,35.0,8.0,146806.42857142858,7186.191416573188,25732.8,6678.881540744237,11.285714285714285,3.468949905285193,6.142857142857142,1.7344749526425964,6.142857142857142,1.7344749526425964,3.342857142857143,0.7647705208621942,0.0,0.0,0.0,0.0,1.0,0.0
26000.0,3.359375,9.722300455905495E-7,26000.0,58.9,48.87811722210406,47.64331210191083,31.95364238410595,26000.0,1454704.0,35.0,8.0,152831.34285714285,7174.828933983914,25884.342857142856,6851.6178851200875,11.285714285714285,3.468949905285193,6.142857142857142,1.7344749526425964,6.142857142857142,1.7344749526425964,3.342857142857143,0.7647705208621942,0.0,0.0,0.0,0.0,1.0,0.0
27000.0,3.484375,1.0198726279971497E-6,27000.0,59.199999999999996,49.46536085819708,47.692307692307686,32.89473684210525,27000.0,1473288.0,35.0,8.0,158824.2,7183.108760058105,26411.200000000004,7089.038617305386,11.628571428571428,3.686906197738745,6.314285714285714,1.8434530988693725,6.314285714285714,1.8434530988693725,3.371428571428572,0.7702449681266146,0.0,0.0,0.0,0.0,1.0,0.0
28000.0,3.59375,1.0607332094675962E-6,28000.0,53.0,43.33184629667587,40.7313997477932,27.13178294573644,28000.0,1444072.0,35.0,14.0,141537.51428571428,58692.95079798587,25881.6,11703.598368727055,11.399999999999999,5.755815473476011,6.199999999999999,2.8779077367380057,6.199999999999999,2.8779077367380057,3.057142857142857,1.4939654524483637,0.0,0.0,0.0,0.0,1.0,0.0
29000.0,3.75,1.1184493390222387E-6,29000.0,52.1,41.693162397323974,38.82503192848021,25.389408099688477,29000.0,1427840.0,35.0,35.0,118744.39999999998,79617.40826019514,25653.71428571429,16157.206814100433,11.342857142857142,7.948151309813967,6.171428571428571,3.9740756549069833,6.171428571428571,3.9740756549069833,2.657142857142857,1.9394186081955402,0.0,0.0,0.0,0.0,1.0,0.0
30000.0,3.90625,1.17719251041611E-6,30000.0,56.00000000000001,46.960729241755416,46.144430844553256,33.33333333333334,30000.0,1453248.0,35.0,39.0,124360.22857142855,80224.8953981998,26251.428571428572,16329.745681326662,11.628571428571428,7.996637949000503,6.314285714285714,3.9983189745002514,6.314285714285714,3.9983189745002514,2.7714285714285705,1.9415838635401934,0.0,0.0,0.0,0.0,1.0,0.0
31000.0,4.078125,1.2452824739739295E-6,31000.0,56.699999999999996,48.87779076494409,46.34448574969021,34.69079939668174,31000.0,1531344.0,35.0,39.0,130359.60000000002,80216.41933661858,28440.914285714287,15479.17100944026,12.714285714285714,7.610254029042306,6.857142857142857,3.805127014521153,6.857142857142857,3.805127014521153,3.1428571428571423,1.7846215143777215,0.0,0.0,0.0,0.0,1.0,0.0
32000.0,4.203125,1.2980168038565248E-6,32000.0,60.699999999999996,55.292391174513256,50.936329588014985,44.017094017094024,32000.0,1630744.0,35.0,39.0,136360.54285714283,80208.87798827393,31216.22857142857,12682.265225121897,14.142857142857144,6.292586006997615,7.571428571428572,3.1462930034988075,7.571428571428572,3.1462930034988075,3.685714285714285,1.2781288844941072,0.0,0.0,0.0,0.0,1.0,0.0
33000.0,4.34375,1.3587727961647837E-6,33000.0,58.9,53.37297197953856,50.362318840579704,41.78470254957507,33000.0,1670048.0,35.0,39.0,142354.0571428572,80227.99157692547,32322.971428571433,13322.842598744623,14.657142857142857,6.712336566716089,7.828571428571427,3.3561682833580444,7.828571428571427,3.3561682833580444,3.799999999999999,1.3460180927024543,0.0,0.0,0.0,0.0,1.0,0.0
34000.0,4.484375,1.420249690353456E-6,34000.0,60.6,54.49064170505316,50.252525252525245,41.19402985074627,34000.0,1689864.0,35.0,39.0,148355.34285714288,80241.15372167122,32858.2857142857,13488.833073348942,14.828571428571427,6.79742907405489,7.914285714285715,3.3987145370274447,7.914285714285715,3.3987145370274447,3.828571428571428,1.3823618808936753,0.0,0.0,0.0,0.0,1.0,0.0
35000.0,4.625,1.4822920719679028E-6,35000.0,61.5,55.14425491112155,52.23325062034739,40.76923076923077,35000.0,1705408.0,35.0,39.0,154365.91428571424,80223.99545220849,33296.228571428575,13817.510934202539,14.942857142857145,6.902441414383145,7.971428571428572,3.451220707191572,7.971428571428572,3.451220707191572,3.857142857142857,1.417181484970975,0.0,0.0,0.0,0.0,1.0,0.0
36000.0,4.8125,1.5680835672861168E-6,36000.0,61.199999999999996,55.02909200491435,52.33415233415233,41.74174174174174,36000.0,1768664.0,35.0,39.0,160380.11428571425,80235.8837196966,35067.65714285715,13553.834634182178,15.971428571428572,6.917521293088742,8.485714285714286,3.458760646544371,8.485714285714286,3.458760646544371,4.028571428571429,1.3391330445196137,0.0,0.0,0.0,0.0,1.0,0.0
37000.0,4.9375,1.626917542631013E-6,37000.0,59.3,53.27118898991139,51.08173076923076,40.58394160583941,37000.0,1819368.0,35.0,39.0,166359.62857142856,80238.79881588959,36470.4,14494.906698155575,16.599999999999998,7.353270580856802,8.799999999999999,3.6766352904284005,8.799999999999999,3.6766352904284005,4.171428571428571,1.3609191160153988,0.0,0.0,0.0,0.0,1.0,0.0
38000.0,5.0625,1.6870344148224421E-6,38000.0,58.4,51.76420115255731,49.2063492063492,36.3914373088685,38000.0,1859040.0,35.0,39.0,172339.0857142857,80266.01434288634,37593.142857142855,14991.342711796067,17.057142857142857,7.537915366149111,9.028571428571428,3.7689576830745555,9.028571428571428,3.7689576830745555,4.1999999999999975,1.3676944963310036,0.0,0.0,0.0,0.0,1.0,0.0
39000.0,5.203125,1.7553384855596551E-6,39000.0,61.6,54.949670334827196,52.357320099255574,41.81818181818182,39000.0,1877528.0,35.0,39.0,178334.05714285717,80268.60821822411,38098.742857142846,15464.39961053405,17.34285714285715,7.828841312896885,9.171428571428574,3.9144206564484425,9.171428571428574,3.9144206564484425,4.1999999999999975,1.3676944963310036,0.0,0.0,0.0,0.0,1.0,0.0
40000.0,5.359375,1.831613157668875E-6,40000.0,60.0,52.56020702725653,50.186799501867995,36.40699523052464,40000.0,1886960.0,35.0,39.0,184331.77142857146,80284.38082953317,38344.228571428575,15618.053202258323,17.34285714285715,7.828841312896885,9.171428571428574,3.9144206564484425,9.171428571428574,3.9144206564484425,4.1999999999999975,1.3676944963310036,0.0,0.0,0.0,0.0,1.0,0.0
41000.0,5.515625,1.9082613289356228E-6,41000.0,56.99999999999999,49.65219030535361,46.6501240694789,35.33834586466164,41000.0,1896200.0,35.0,39.0,190332.71428571432,80286.48557054237,38563.65714285714,15813.253871251125,17.457142857142863,7.942228377265329,9.228571428571431,3.9711141886326646,9.228571428571431,3.9711141886326646,4.228571428571429,1.395069348597036,0.0,0.0,0.0,0.0,1.0,0.0
42000.0,5.671875,1.9861502935075093E-6,42000.0,62.1,55.78112238945281,52.267002518891694,42.401215805471125,42000.0,1926896.0,35.0,39.0,196339.40000000002,80293.81181935724,39406.399999999994,16430.26714042965,17.91428571428571,8.26534732401214,9.457142857142856,4.13267366200607,9.457142857142856,4.13267366200607,4.257142857142856,1.4418708668388633,0.0,0.0,0.0,0.0,1.0,0.0
43000.0,5.84375,2.0737916929647323E-6,43000.0,63.9,58.70085000743613,55.975609756097555,47.14494875549048,43000.0,1971056.0,35.0,39.0,202345.1142857143,80276.11957515996,40689.37142857144,16885.54996419357,18.54285714285714,8.514150357053895,9.77142857142857,4.257075178526947,9.77142857142857,4.257075178526947,4.314285714285715,1.4301671759834598,0.0,0.0,0.0,0.0,1.0,0.0
44000.0,5.96875,2.1381864401822286E-6,44000.0,61.6,55.776570334831256,52.76752767527676,41.90620272314674,44000.0,1991328.0,35.0,39.0,208341.34285714285,80282.07262226137,41279.54285714286,17314.24916811186,18.828571428571422,8.74974189295189,9.914285714285711,4.374870946475945,9.914285714285711,4.374870946475945,4.371428571428572,1.4967752451366179,0.0,0.0,0.0,0.0,1.0,0.0
45000.0,6.15625,2.2355267234767475E-6,45000.0,60.8,54.1541379983837,51.18306351183064,39.41267387944358,45000.0,2006752.0,35.0,39.0,214346.1428571428,80274.72460287374,41704.45714285715,17488.17694790811,18.942857142857143,8.751278418012985,9.971428571428572,4.375639209006493,9.971428571428572,4.375639209006493,4.371428571428572,1.4967752451366179,0.0,0.0,0.0,0.0,1.0,0.0
46000.0,6.328125,2.3254500249297254E-6,46000.0,61.7,56.728933317365595,52.7743526510481,45.519203413940254,46000.0,2022376.0,35.0,39.0,220323.42857142855,80247.57438638975,42142.62857142857,17591.44727866309,19.228571428571435,8.795338719644477,10.114285714285717,4.397669359822238,10.114285714285717,4.397669359822238,4.4,1.5185132047305934,0.0,0.0,0.0,0.0,1.0,0.0
47000.0,6.484375,2.4084030560010835E-6,47000.0,62.5,56.31325840183414,52.83018867924528,42.835365853658544,47000.0,2052176.0,35.0,39.0,226316.34285714285,80244.47109300825,42984.457142857136,17802.578630707434,19.628571428571433,8.861966699413433,10.314285714285717,4.430983349706716,10.314285714285717,4.430983349706716,4.457142857142857,1.5404899362532294,0.0,0.0,0.0,0.0,1.0,0.0
48000.0,6.6875,2.5180685851309034E-6,48000.0,61.6,54.853166979794445,52.05992509363296,40.0,48000.0,2086936.0,35.0,39.0,232321.65714285712,80239.54927991368,43962.514285714286,17315.82601751668,20.085714285714282,8.627491723866106,10.542857142857141,4.313745861933053,10.542857142857141,4.313745861933053,4.514285714285715,1.4627015410941933,0.0,0.0,0.0,0.0,1.0,0.0
49000.0,6.84375,2.6030291337519882E-6,49000.0,64.8,58.3594079938107,55.61160151324086,44.391785150078995,49000.0,2101840.0,35.0,39.0,238298.91428571424,80272.36418167815,44410.285714285725,17632.452281103106,20.257142857142863,8.786161770389969,10.628571428571432,4.393080885194984,10.628571428571432,4.393080885194984,4.571428571428571,1.500700116724236,0.0,0.0,0.0,0.0,1.0,0.0
50000.0,7.0,2.688819464916984E-6,50000.0,58.4,52.213074548752424,48.38709677419354,39.44687045123725,50000.0,2122368.0,35.0,39.0,244294.5428571429,80261.67961858661,44974.17142857143,17849.568216042644,20.54285714285714,8.958541297827116,10.77142857142857,4.479270648913558,10.77142857142857,4.479270648913558,4.6,1.4592504119258911,0.0,0.0,0.0,0.0,1.0,0.0
51000.0,7.078125,2.732127581516074E-6,51000.0,59.5,52.71022930284369,49.68944099378882,37.78801843317972,51000.0,2142800.0,35.0,39.0,250304.8285714286,80260.16374724421,45516.114285714284,18212.519791698927,20.828571428571426,9.182738647899669,10.914285714285713,4.591369323949834,10.914285714285713,4.591369323949834,4.6571428571428575,1.4939654524483637,0.0,0.0,0.0,0.0,1.0,0.0
52000.0,7.25,2.8280873407816724E-6,52000.0,61.7,55.46951754768424,51.70239596469105,41.96969696969697,52000.0,2158136.0,35.0,39.0,256316.40000000002,80267.8368864113,45895.08571428571,18413.521351204403,21.00000000000001,9.292628324455391,11.000000000000005,4.6463141622276956,11.000000000000005,4.6463141622276956,4.6571428571428575,1.4939654524483637,0.0,0.0,0.0,0.0,1.0,0.0
53000.0,7.4375,2.9335258619135454E-6,53000.0,61.7,56.19522974057969,53.57575757575758,43.92386530014641,53000.0,2173704.0,35.0,39.0,262338.88571428566,80267.20906842104,46332.57142857143,18588.419953555705,21.171428571428578,9.347807903730265,11.085714285714289,4.673903951865133,11.085714285714289,4.673903951865133,4.714285714285715,1.4866351380259535,0.0,0.0,0.0,0.0,1.0,0.0
54000.0,7.609375,3.03058513155621E-6,54000.0,60.199999999999996,53.999128526203734,50.62034739454093,39.696969696969695,54000.0,2182864.0,35.0,39.0,268321.2571428572,80261.68095722263,46588.57142857143,18726.659578205166,21.28571428571429,9.42016431907211,11.142857142857144,4.710082159536055,11.142857142857144,4.710082159536055,4.714285714285715,1.4866351380259535,0.0,0.0,0.0,0.0,1.0,0.0
55000.0,7.78125,3.1281128758564595E-6,55000.0,63.2,57.8350111485147,53.593947036569986,45.40059347181009,55000.0,2193400.0,35.0,39.0,274310.62857142865,80271.86995751146,46882.97142857143,18908.42795824393,21.400000000000002,9.453290743564008,11.200000000000001,4.726645371782004,11.200000000000001,4.726645371782004,4.714285714285715,1.4866351380259535,0.0,0.0,0.0,0.0,1.0,0.0
56000.0,7.9375,3.217578374056353E-6,56000.0,60.699999999999996,55.33689956257436,51.54130702836005,42.29074889867841,56000.0,2213288.0,35.0,39.0,280301.97142857144,80279.264426085,47447.77142857141,19250.863264196927,21.685714285714287,9.639903064473055,11.342857142857143,4.819951532236527,11.342857142857143,4.819951532236527,4.771428571428572,1.4967752451366176,0.0,0.0,0.0,0.0,1.0,0.0
57000.0,8.125,3.325999843784505E-6,57000.0,61.7,55.65497486343352,52.00501253132832,42.921013412816684,57000.0,2235200.0,35.0,39.0,286293.94285714277,80306.11098457719,48059.42857142856,19620.190636307336,22.085714285714285,9.89762725152266,11.542857142857143,4.94881362576133,11.542857142857143,4.94881362576133,4.828571428571429,1.5432150222966392,0.0,0.0,0.0,0.0,1.0,0.0
58000.0,8.28125,3.417891954692702E-6,58000.0,60.5,53.99610772131658,51.1742892459827,38.37753510140406,58000.0,2273320.0,35.0,39.0,292287.2857142857,80316.86824534119,49131.88571428572,19987.68433718687,22.71428571428572,10.04862129428542,11.85714285714286,5.02431064714271,11.85714285714286,5.02431064714271,4.857142857142858,1.5174060130378297,0.0,0.0,0.0,0.0,1.0,0.0
59000.0,8.46875,3.5061669768765576E-6,59000.0,53.800000000000004,45.51604092665186,42.53731343283582,30.000000000000004,59000.0,1819864.0,35.0,55.0,208919.28571428574,149593.4515912204,36748.8,28146.14573634843,16.542857142857144,13.754876904409656,8.771428571428572,6.877438452204828,8.771428571428572,6.877438452204828,3.457142857142857,2.627264929237888,0.0,0.0,0.0,0.0,1.0,0.0
60000.0,8.609375,3.573275462258608E-6,60000.0,55.300000000000004,48.43089162642277,43.489254108723145,33.87573964497042,60000.0,1844664.0,35.0,70.0,213287.65714285715,151964.6751990395,37510.171428571426,28336.959101961143,16.942857142857147,13.72405114504944,8.971428571428573,6.86202557252472,8.971428571428573,6.86202557252472,3.5428571428571436,2.6160461538343696,0.0,0.0,0.0,0.0,1.0,0.0
61000.0,8.796875,3.6641977688608078E-6,61000.0,56.00000000000001,49.65415839488304,44.86215538847118,34.814814814814824,61000.0,1874440.0,35.0,76.0,218705.8571428572,152756.3009608563,38319.08571428572,28290.050615815064,17.228571428571428,13.597330434978154,9.114285714285714,6.798665217489077,9.114285714285714,6.798665217489077,3.628571428571428,2.6018739206886377,0.0,0.0,0.0,0.0,1.0,0.0
62000.0,8.953125,3.740611815980326E-6,62000.0,55.900000000000006,48.97339326934759,43.964421855146135,34.17910447761195,62000.0,1890408.0,35.0,78.0,224435.82857142854,153139.43468127065,38706.742857142846,28407.152765728955,17.34285714285714,13.672520437945977,9.17142857142857,6.836260218972988,9.17142857142857,6.836260218972988,3.628571428571428,2.6018739206886377,0.0,0.0,0.0,0.0,1.0,0.0
63000.0,9.125,3.825252772205406E-6,63000.0,53.0,46.354625600942335,39.743589743589745,32.37410071942446,63000.0,1903576.0,35.0,81.0,229646.7714285714,154257.43250013742,39014.4,28835.059431593505,17.457142857142856,13.85713419388103,9.228571428571428,6.928567096940515,9.228571428571428,6.928567096940515,3.628571428571428,2.6018739206886377,0.0,0.0,0.0,0.0,1.0,0.0
64000.0,9.296875,3.911688658667522E-6,64000.0,53.6,47.47940773976953,42.57425742574257,33.33333333333334,64000.0,1943944.0,35.0,83.0,235470.68571428576,154543.5401603078,40132.1142857143,28710.331806810293,18.028571428571432,13.7487661784093,9.514285714285716,6.87438308920465,9.514285714285716,6.87438308920465,3.7142857142857144,2.584699647716841,0.0,0.0,0.0,0.0,1.0,0.0
65000.0,9.453125,3.990981397995104E-6,65000.0,55.7,49.64856288132973,46.626506024096386,36.07503607503608,65000.0,1961624.0,35.0,83.0,241468.74285714285,154545.46570723847,40601.6,28667.040721316996,18.200000000000003,13.70444324684087,9.600000000000001,6.852221623420435,9.600000000000001,6.852221623420435,3.7142857142857144,2.584699647716841,0.0,0.0,0.0,0.0,1.0,0.0
66000.0,9.671875,4.104642850709044E-6,66000.0,56.39999999999999,50.03598325976246,44.87989886219974,36.16398243045387,66000.0,2008480.0,35.0,83.0,247475.2,154540.03327346835,41913.6,28031.578683376945,18.828571428571433,13.402119486211467,9.914285714285716,6.701059743105733,9.914285714285716,6.701059743105733,3.8571428571428554,2.4512044715495556,0.0,0.0,0.0,0.0,1.0,0.0
67000.0,9.828125,4.186208275819405E-6,67000.0,58.9,52.46246732517522,49.57055214723926,39.55882352941176,67000.0,2017848.0,35.0,83.0,253469.1714285713,154535.4597374462,42179.88571428571,28155.618266814072,18.942857142857143,13.464425583830934,9.971428571428572,6.732212791915467,9.971428571428572,6.732212791915467,3.885714285714285,2.458735071385387,0.0,0.0,0.0,0.0,1.0,0.0
68000.0,10.0,4.276833399975052E-6,68000.0,52.800000000000004,45.933872085497796,40.17743979721167,30.690161527165934,68000.0,2038160.0,35.0,83.0,259478.68571428573,154551.68775293484,42670.399999999994,28357.33582773704,19.228571428571428,13.588675463058795,10.114285714285714,6.794337731529398,10.114285714285714,6.794337731529398,3.9428571428571435,2.4963839394430583,0.0,0.0,0.0,0.0,1.0,0.0
69000.0,10.15625,4.360418630919109E-6,69000.0,59.199999999999996,52.76372717347637,48.80803011292346,39.375928677563145,69000.0,2067816.0,35.0,83.0,265470.0571428572,154541.74872828583,43488.0,28193.887564505894,19.74285714285714,13.513267678890422,10.37142857142857,6.756633839445211,10.37142857142857,6.756633839445211,4.028571428571428,2.5027715729204068,0.0,0.0,0.0,0.0,1.0,0.0
70000.0,10.3125,4.446596689780968E-6,70000.0,60.099999999999994,54.271070549767174,50.31133250311333,42.75466284074605,70000.0,2131960.0,35.0,83.0,271450.31428571424,154543.8145879618,45307.42857142857,27686.313886197313,20.885714285714283,13.371988783782816,10.942857142857141,6.685994391891408,10.942857142857141,6.685994391891408,4.171428571428572,2.3699803211607215,0.0,0.0,0.0,0.0,1.0,0.0
71000.0,10.484375,4.544976012160382E-6,71000.0,58.8,52.87141216466637,50.59952038369304,40.116279069767444,71000.0,2212552.0,35.0,83.0,277464.02857142856,154526.51321822256,47599.085714285706,27423.20355569609,22.199999999999996,13.339018395845544,11.599999999999998,6.669509197922772,11.599999999999998,6.669509197922772,4.314285714285712,2.233059475663095,0.0,0.0,0.0,0.0,1.0,0.0
72000.0,10.640625,4.6384158000970895E-6,72000.0,57.599999999999994,50.6928583722131,48.10281517747858,35.66009104704096,72000.0,2311608.0,35.0,83.0,283468.4285714286,154518.74014068284,50428.34285714286,27308.234989320215,23.400000000000002,13.300154797860767,12.200000000000001,6.650077398930383,12.200000000000001,6.650077398930383,4.457142857142856,2.07708587070581,0.0,0.0,0.0,0.0,1.0,0.0
73000.0,10.796875,4.734033201303748E-6,73000.0,57.3,51.1183816635548,47.54299754299753,38.02612481857764,73000.0,2365480.0,35.0,83.0,289459.28571428574,154518.42906050957,51951.08571428572,27547.54693613062,23.97142857142857,13.366960396892813,12.485714285714286,6.683480198446406,12.485714285714286,6.683480198446406,4.485714285714285,2.0915998460428287,0.0,0.0,0.0,0.0,1.0,0.0
74000.0,10.9375,4.821263492986975E-6,74000.0,55.1,48.21688475546607,44.22360248447206,33.283803863298665,74000.0,2397768.0,35.0,83.0,295461.7142857143,154524.26561367436,52835.19999999999,27184.893812124235,24.371428571428567,13.19332655345946,12.685714285714283,6.59666327672973,12.685714285714283,6.59666327672973,4.57142857142857,2.033335629332404,0.0,0.0,0.0,0.0,1.0,0.0
75000.0,11.109375,4.929393989085738E-6,75000.0,56.10000000000001,50.00466926779049,45.19350811485644,37.015781922525115,75000.0,2431856.0,35.0,83.0,301461.1142857142,154538.258687685,53808.45714285715,26720.3144006059,24.828571428571433,12.919401084018869,12.914285714285716,6.459700542009434,12.914285714285716,6.459700542009434,4.628571428571428,1.9263759679117416,0.0,0.0,0.0,0.0,1.0,0.0
76000.0,11.25,5.018760210886185E-6,76000.0,57.599999999999994,51.752993533308064,48.0392156862745,38.72832369942196,76000.0,2456480.0,35.0,83.0,307468.0571428571,154512.32743775472,54483.88571428571,26800.28876904504,25.171428571428564,13.046265443290915,13.085714285714282,6.5231327216454575,13.085714285714282,6.5231327216454575,4.685714285714286,1.9215714857350263,0.0,0.0,0.0,0.0,1.0,0.0
77000.0,11.453125,5.149245908897785E-6,77000.0,55.800000000000004,49.94575569451963,45.16129032258065,37.48231966053749,77000.0,2483144.0,35.0,83.0,313449.8857142858,154535.30875989466,55237.48571428572,26579.806206272933,25.457142857142856,12.907687762002324,13.228571428571428,6.453843881001162,13.228571428571428,6.453843881001162,4.771428571428572,1.8324800662701117,0.0,0.0,0.0,0.0,1.0,0.0
78000.0,11.65625,5.280350839408737E-6,78000.0,59.199999999999996,53.155246727182124,48.223350253807105,39.823008849557525,78000.0,2494928.0,35.0,83.0,319455.88571428566,154539.11702652986,55520.228571428575,26426.058973812098,25.628571428571426,12.913936189216658,13.314285714285713,6.456968094608329,13.314285714285713,6.456968094608329,4.771428571428572,1.8324800662701117,0.0,0.0,0.0,0.0,1.0,0.0
79000.0,11.84375,5.4036203073337686E-6,79000.0,55.800000000000004,50.341542333273416,46.09756097560976,37.304964539007095,79000.0,2541304.0,35.0,83.0,325452.51428571425,154553.09088948186,56821.485714285714,27086.506596644835,26.371428571428567,13.121795327051936,13.685714285714283,6.560897663525968,13.685714285714283,6.560897663525968,4.800000000000002,1.8278885279437138,0.0,0.0,0.0,0.0,1.0,0.0
80000.0,11.984375,5.4974679369479426E-6,80000.0,59.199999999999996,53.22420509810305,50.60532687651331,39.823008849557525,80000.0,2579664.0,35.0,83.0,331430.62857142853,154552.16608870585,57910.85714285715,27224.087752385385,26.885714285714286,13.33675026245244,13.942857142857143,6.66837513122622,13.942857142857143,6.66837513122622,4.885714285714286,1.8274287396008984,0.0,0.0,0.0,0.0,1.0,0.0
81000.0,12.15625,5.613527998017769E-6,81000.0,58.599999999999994,53.04296342001481,48.762376237623755,41.109530583214784,81000.0,2610192.0,35.0,83.0,337439.2285714286,154566.14789850175,58762.51428571428,27606.31462436621,27.514285714285712,13.765625193749463,14.257142857142856,6.882812596874731,14.257142857142856,6.882812596874731,4.971428571428572,1.8066171554091055,0.0,0.0,0.0,0.0,1.0,0.0
82000.0,12.359375,5.752339913871968E-6,82000.0,56.599999999999994,50.89103354006623,46.81372549019607,37.99999999999999,82000.0,2641592.0,35.0,83.0,343426.79999999993,154568.71293753048,59645.942857142836,28509.016965682622,27.742857142857137,14.084498899275669,14.371428571428568,7.042249449637834,14.371428571428568,7.042249449637834,4.971428571428572,1.8066171554091055,0.0,0.0,0.0,0.0,1.0,0.0
83000.0,12.546875,5.881448386288766E-6,83000.0,59.099999999999994,53.279355186562725,48.358585858585855,39.0461997019374,83000.0,2661680.0,35.0,83.0,349430.142857143,154567.69926192876,60211.65714285713,28891.69815824654,28.14285714285714,14.14451225354753,14.571428571428568,7.072256126773765,14.571428571428568,7.072256126773765,5.057142857142856,1.7479880391106652,0.0,0.0,0.0,0.0,1.0,0.0
84000.0,12.75,6.0228377050306245E-6,84000.0,60.9,54.5191240685726,51.96560196560196,40.577507598784194,84000.0,2690640.0,35.0,83.0,355425.14285714284,154562.16732114105,61057.59999999999,28536.8571120804,28.485714285714288,14.128343286939677,14.742857142857138,7.064171643469837,14.742857142857138,7.064171643469837,5.142857142857144,1.7174340837228,0.0,0.0,0.0,0.0,1.0,0.0
85000.0,12.921875,6.142919107029837E-6,85000.0,61.8,55.89739563730573,52.8395061728395,42.46987951807229,85000.0,2700632.0,35.0,83.0,361398.7142857144,154554.57795502903,61342.62857142858,28704.57914595193,28.599999999999998,14.115490031292904,14.799999999999997,7.057745015646452,14.799999999999997,7.057745015646452,5.200000000000001,1.711552442873394,0.0,0.0,0.0,0.0,1.0,0.0
86000.0,13.09375,6.264297796102863E-6,86000.0,58.5,52.5980278495153,49.451887941534714,39.94211287988422,86000.0,2729808.0,35.0,83.0,367393.1428571428,154537.01303554943,62161.599999999984,28544.806886511516,28.942857142857136,14.121204033698557,14.971428571428568,7.0606020168492805,14.971428571428568,7.0606020168492805,5.257142857142857,1.6331646857424704,0.0,0.0,0.0,0.0,1.0,0.0
87000.0,13.296875,6.409276393242182E-6,87000.0,58.699999999999996,52.818549050430455,48.69565217391304,39.97093023255814,87000.0,2758944.0,35.0,83.0,373426.4285714286,154540.65586540953,62980.34285714286,28404.037912968368,29.285714285714285,14.051525830003678,15.142857142857144,7.025762915001839,15.142857142857144,7.025762915001839,5.314285714285714,1.6046151924889616,0.0,0.0,0.0,0.0,1.0,0.0
88000.0,13.46875,6.5332656635695876E-6,88000.0,56.49999999999999,50.166740939225186,47.01583434835566,35.84070796460176,88000.0,2788520.0,35.0,83.0,379417.9999999999,154526.1676724347,63810.514285714264,28416.337886930494,29.800000000000004,14.143799306534628,15.400000000000002,7.071899653267314,15.400000000000002,7.071899653267314,5.371428571428571,1.5162980128805637,0.0,0.0,0.0,0.0,1.0,0.0
89000.0,13.671875,6.681572057358508E-6,89000.0,57.8,52.57062705677138,48.34761321909424,40.3954802259887,89000.0,2822272.0,35.0,83.0,385412.14285714284,154509.85125782204,64756.11428571427,28644.86145867273,30.085714285714282,14.111679410981505,15.542857142857141,7.055839705490752,15.542857142857141,7.055839705490752,5.399999999999999,1.4990192872439672,0.0,0.0,0.0,0.0,1.0,0.0
90000.0,13.875,6.809009096792176E-6,90000.0,48.6,41.16967056160073,34.43877551020408,20.06220839813375,90000.0,2425128.0,35.0,97.0,310232.28571428574,215671.0741715906,54056.457142857136,36436.27461775103,24.942857142857147,17.713309813183283,12.971428571428573,8.856654906591642,12.971428571428573,8.856654906591642,4.257142857142855,2.582097382121035,0.0,0.0,0.0,0.0,1.0,0.0
91000.0,14.03125,6.896483246237041E-6,91000.0,49.0,40.587969413288725,35.361216730038024,19.81132075471698,91000.0,2164024.0,35.0,107.0,259096.0285714286,224504.08598934437,46588.114285714284,38142.525947210335,21.34285714285714,18.59465903257748,11.17142857142857,9.29732951628874,11.17142857142857,9.29732951628874,3.5999999999999996,2.8305060865298195,0.0,0.0,0.0,0.0,1.0,0.0
92000.0,14.203125,6.976722959532507E-6,92000.0,50.1,38.51052529755854,36.107554417413574,21.540880503144656,92000.0,1804592.0,35.0,115.0,195982.71428571432,226885.1188218353,36381.714285714275,39318.27288751558,16.371428571428574,18.959842569285772,8.685714285714287,9.479921284642884,8.685714285714287,9.479921284642884,2.7428571428571424,2.9738354828388873,0.0,0.0,0.0,0.0,1.0,0.0
93000.0,14.34375,7.0431897054529864E-6,93000.0,54.400000000000006,42.680803725747765,42.20532319391636,28.07570977917982,93000.0,1827024.0,35.0,115.0,202011.2857142857,226885.27987815018,36904.45714285713,39596.961069033074,16.65714285714286,19.032391672438575,8.82857142857143,9.516195836219287,8.82857142857143,9.516195836219287,2.7999999999999994,3.0078329115044626,0.0,0.0,0.0,0.0,1.0,0.0
94000.0,14.515625,7.1256921122161065E-6,94000.0,54.6,42.52698952826559,43.53233830845771,28.27804107424961,94000.0,1855480.0,35.0,115.0,207961.54285714283,226889.5737910382,37636.11428571429,39946.83645265029,17.000000000000007,19.20784153596099,9.000000000000002,9.603920767980496,9.000000000000002,9.603920767980496,2.8285714285714283,3.033981215631818,0.0,0.0,0.0,0.0,1.0,0.0
95000.0,14.6875,7.209325332142828E-6,95000.0,51.4,37.13531042350881,37.29032258064516,23.22274881516588,95000.0,1880912.0,35.0,115.0,213967.91428571424,226910.98301411857,38316.11428571429,40381.31749137831,17.285714285714285,19.373376863428764,9.142857142857142,9.686688431714382,9.142857142857142,9.686688431714382,2.8571428571428577,3.0596314382315932,0.0,0.0,0.0,0.0,1.0,0.0
96000.0,14.859375,7.293668200468853E-6,96000.0,53.2,41.25149381885376,40.60913705583757,28.330781010719765,96000.0,1896872.0,35.0,115.0,219976.94285714283,226920.89194655514,38736.45714285716,40447.50041309385,17.457142857142863,19.360880596682367,9.228571428571431,9.680440298341184,9.228571428571431,9.680440298341184,2.8571428571428577,3.0596314382315932,0.0,0.0,0.0,0.0,1.0,0.0
97000.0,15.03125,7.37869617296383E-6,97000.0,55.00000000000001,43.163159623108605,44.37577255871447,30.769230769230777,97000.0,1912280.0,35.0,115.0,225977.40000000002,226914.73073215643,39145.82857142857,40854.35042388979,17.628571428571426,19.55247195788465,9.314285714285713,9.776235978942324,9.314285714285713,9.776235978942324,2.8571428571428577,3.0596314382315932,0.0,0.0,0.0,0.0,1.0,0.0
98000.0,15.203125,7.464057804706198E-6,98000.0,55.300000000000004,41.85849893472284,40.479360852197075,28.59424920127796,98000.0,1919784.0,35.0,115.0,231998.54285714283,226927.2700457835,39354.05714285714,41123.452056648435,17.74285714285714,19.739990549408994,9.37142857142857,9.869995274704497,9.37142857142857,9.869995274704497,2.8571428571428577,3.0596314382315932,0.0,0.0,0.0,0.0,1.0,0.0
99000.0,15.390625,7.557795421841245E-6,99000.0,52.2,38.32687786915493,39.72257250945776,24.96075353218211,99000.0,1932480.0,35.0,115.0,238011.51428571434,226905.88780870617,39690.74285714286,41405.46918999588,17.91428571428571,19.866275633923568,9.457142857142856,9.933137816961784,9.457142857142856,9.933137816961784,2.8571428571428577,3.0596314382315932,0.0,0.0,0.0,0.0,1.0,0.0
100000.0,15.578125,7.651833002455534E-6,100000.0,54.6,42.03105807364354,41.49484536082475,29.503105590062116,100000.0,1938664.0,35.0,115.0,244033.51428571434,226903.57374695424,39847.08571428571,41645.506638045554,18.085714285714285,20.107609663670978,9.542857142857143,10.053804831835489,9.542857142857143,10.053804831835489,2.885714285714286,3.0943157427719603,0.0,0.0,0.0,0.0,1.0,0.0
101000.0,15.71875,7.725190371274949E-6,101000.0,54.6,42.17569672553963,43.32084893882647,30.261136712749625,101000.0,2016432.0,35.0,115.0,250038.71428571426,226907.13562349053,42012.799999999996,40586.804749964795,19.171428571428578,19.59214385513582,10.085714285714289,9.79607192756791,10.085714285714289,9.79607192756791,3.2571428571428576,2.821585465268619,0.0,0.0,0.0,0.0,1.0,0.0
102000.0,15.890625,7.819420295870966E-6,102000.0,53.900000000000006,40.16778976440905,39.421813403416564,26.709062003179657,102000.0,2119232.0,35.0,115.0,256039.3142857143,226920.89705391007,44895.54285714286,38696.158870284344,20.428571428571427,18.62049110726219,10.714285714285714,9.310245553631095,10.714285714285714,9.310245553631095,3.6857142857142846,2.4104115900844496,0.0,0.0,0.0,0.0,1.0,0.0
103000.0,16.015625,7.890047660718361E-6,103000.0,52.6,40.762884072714186,40.151515151515156,28.721804511278194,103000.0,2184064.0,35.0,115.0,262033.51428571428,226913.43964039156,46727.771428571425,37943.72548849438,21.34285714285714,18.467686974412192,11.17142857142857,9.233843487206096,11.17142857142857,9.233843487206096,3.9428571428571435,2.1412318766494747,0.0,0.0,0.0,0.0,1.0,0.0
104000.0,16.203125,7.997549061353007E-6,104000.0,57.3,46.062976212130394,45.11568123393316,32.43670886075949,104000.0,2216232.0,35.0,115.0,268019.7714285715,226912.7028193216,47640.45714285714,38629.55391341686,21.91428571428571,19.080898099117547,11.457142857142856,9.540449049558774,11.457142857142856,9.540449049558774,3.9714285714285715,2.1211222651854715,0.0,0.0,0.0,0.0,1.0,0.0
105000.0,16.390625,8.106561144813894E-6,105000.0,59.599999999999994,50.70465499359405,48.138639281129656,37.267080745341616,105000.0,2247376.0,35.0,115.0,274005.9714285713,226917.93901469233,48534.62857142857,38907.73435818893,22.31428571428571,19.109239262987,11.657142857142855,9.5546196314935,11.657142857142855,9.5546196314935,4.0,2.1143765594836976,0.0,0.0,0.0,0.0,1.0,0.0
106000.0,16.578125,8.217246504500507E-6,106000.0,57.699999999999996,45.818410980802035,46.38783269961977,30.88235294117646,106000.0,2281872.0,35.0,115.0,280000.48571428575,226902.5284381161,49514.28571428572,39408.36729648654,22.77142857142857,19.38326402775724,11.885714285714284,9.69163201387862,11.885714285714284,9.69163201387862,4.0857142857142845,2.1471106244470604,0.0,0.0,0.0,0.0,1.0,0.0
107000.0,16.78125,8.339296683617348E-6,107000.0,57.699999999999996,46.71557580559625,45.69961489088575,34.21461897356143,107000.0,2322616.0,35.0,115.0,286007.3428571429,226900.9505450163,50672.00000000001,39870.20485053381,23.34285714285714,19.502553161879415,12.17142857142857,9.751276580939708,12.17142857142857,9.751276580939708,4.228571428571428,2.0734415023977757,0.0,0.0,0.0,0.0,1.0,0.0
108000.0,16.96875,8.453627783132508E-6,108000.0,57.199999999999996,47.77819397960665,45.75411913814955,34.85540334855402,108000.0,2357032.0,35.0,115.0,292011.62857142853,226903.95724987276,51659.65714285715,39876.59572904657,23.742857142857144,19.427607489681,12.371428571428572,9.7138037448405,12.371428571428572,9.7138037448405,4.314285714285714,2.011312544399926,0.0,0.0,0.0,0.0,1.0,0.0
109000.0,17.140625,8.560813504219467E-6,109000.0,58.5,48.37544362909435,47.40177439797211,34.85086342229199,109000.0,2410608.0,35.0,115.0,298027.4571428571,226881.41879512908,53172.79999999999,39546.105462150495,24.48571428571429,19.404928768336195,12.742857142857146,9.702464384168097,12.742857142857146,9.702464384168097,4.6000000000000005,1.8343134634933422,0.0,0.0,0.0,0.0,1.0,0.0
110000.0,17.3125,8.669036841537387E-6,110000.0,60.6,51.32335009012593,49.93646759847522,38.24451410658307,110000.0,2433944.0,35.0,115.0,304028.65714285715,226888.0655459275,53855.771428571425,40220.45370139699,24.657142857142862,19.54473429482893,12.828571428571431,9.772367147414466,12.828571428571431,9.772367147414466,4.6000000000000005,1.8343134634933422,0.0,0.0,0.0,0.0,1.0,0.0
111000.0,17.4375,8.748498059705725E-6,111000.0,59.3,50.055589233604856,47.551546391752574,36.70295489891135,111000.0,2457240.0,35.0,115.0,310001.28571428574,226885.04986362995,54508.342857142845,40316.12919528307,24.942857142857136,19.5387139939612,12.971428571428568,9.7693569969806,12.971428571428568,9.7693569969806,4.685714285714287,1.8112626173218405,0.0,0.0,0.0,0.0,1.0,0.0
112000.0,17.640625,8.878719333248832E-6,112000.0,57.199999999999996,48.2120450555208,44.91634491634491,34.05238828967642,112000.0,2478112.0,35.0,115.0,316004.7428571428,226872.77262472888,55077.71428571428,40421.92181344718,25.228571428571428,19.588540639101932,13.114285714285714,9.794270319550966,13.114285714285714,9.794270319550966,4.714285714285715,1.7916707380580412,0.0,0.0,0.0,0.0,1.0,0.0
113000.0,17.765625,8.959713353154559E-6,113000.0,60.3,51.12895800044809,49.68314321926489,37.18354430379747,113000.0,2504640.0,35.0,115.0,322011.2857142857,226871.8501924368,55822.17142857142,40574.71839160418,25.514285714285712,19.669880571083098,13.257142857142854,9.834940285541549,13.257142857142854,9.834940285541549,4.714285714285715,1.7916707380580412,0.0,0.0,0.0,0.0,1.0,0.0
114000.0,17.921875,9.061668275131118E-6,114000.0,57.8,49.28908585766335,48.41075794621026,36.541353383458635,114000.0,2522264.0,35.0,115.0,328019.02857142856,226870.95587430903,56307.42857142859,40655.067715574936,25.914285714285715,19.93131061564048,13.457142857142857,9.96565530782024,13.457142857142857,9.96565530782024,4.714285714285715,1.7916707380580412,0.0,0.0,0.0,0.0,1.0,0.0
115000.0,18.0625,9.154947215898168E-6,115000.0,59.099999999999994,49.703447097003476,48.618090452261306,36.39191290824261,115000.0,2564032.0,35.0,115.0,334030.2571428571,226871.21043191812,57479.999999999985,40775.43380372982,26.37142857142857,19.744076869496112,13.685714285714287,9.872038434748058,13.685714285714287,9.872038434748058,4.771428571428571,1.733505701405889,0.0,0.0,0.0,0.0,1.0,0.0
116000.0,18.25,9.281924123772314E-6,116000.0,55.300000000000004,44.7740430589497,45.554202192448244,30.590062111801252,116000.0,2617736.0,35.0,115.0,340018.3142857143,226878.80228345437,59010.28571428572,40840.71147949385,27.114285714285717,19.869828485259088,14.057142857142859,9.934914242629544,14.057142857142859,9.934914242629544,4.857142857142858,1.6475089420958282,0.0,0.0,0.0,0.0,1.0,0.0
117000.0,18.390625,9.377452499595365E-6,117000.0,58.5,50.340140124568464,47.13375796178344,37.21633888048411,117000.0,2625864.0,35.0,115.0,346015.8857142858,226869.91684712595,59232.228571428575,40820.955655791564,27.28571428571428,20.100587390555983,14.142857142857144,10.050293695277992,14.142857142857144,10.050293695277992,4.857142857142858,1.6475089420958282,0.0,0.0,0.0,0.0,1.0,0.0
118000.0,18.640625,9.549585229251532E-6,118000.0,58.599999999999994,48.126411174623534,45.95300261096605,34.181240063593,118000.0,2661496.0,35.0,115.0,352026.00000000006,226864.20153358392,60238.85714285713,41080.922065044804,27.8,19.942269621260735,14.4,9.971134810630367,14.4,9.971134810630367,4.9142857142857155,1.5972665726802402,0.0,0.0,0.0,0.0,1.0,0.0
119000.0,18.84375,9.691670711617916E-6,119000.0,59.9,50.00623363670365,49.43253467843632,35.32258064516128,119000.0,2703888.0,35.0,115.0,358031.8285714286,226883.2739777265,61443.200000000004,40576.46943502804,28.371428571428574,19.85104192595992,14.685714285714287,9.92552096297996,14.685714285714287,9.92552096297996,5.0,1.4950900031928038,0.0,0.0,0.0,0.0,1.0,0.0
120000.0,19.03125,9.825454035308211E-6,120000.0,61.199999999999996,52.86331089076194,49.87080103359173,39.0894819466248,120000.0,2758056.0,35.0,115.0,364032.6,226854.6907006644,62999.77142857143,39833.50192627965,29.228571428571428,19.237044095864064,15.114285714285716,9.618522047932032,15.114285714285716,9.618522047932032,5.114285714285712,1.3670799402468055,0.0,0.0,0.0,0.0,1.0,0.0
121000.0,19.140625,9.904488947035538E-6,121000.0,61.199999999999996,53.029932522897916,49.1480996068152,39.18495297805642,121000.0,2793208.0,35.0,115.0,370018.8285714285,226839.5268831206,64003.2,39492.44479703755,29.742857142857144,18.89964652197131,15.371428571428572,9.449823260985655,15.371428571428572,9.449823260985655,5.142857142857142,1.3962735519706635,0.0,0.0,0.0,0.0,1.0,0.0
122000.0,19.390625,1.005963797474073E-5,122000.0,47.5,38.00825848076544,35.81907090464547,25.426136363636363,122000.0,2398896.0,35.0,126.0,307108.82857142854,258164.4666249297,53319.99999999999,41104.34153683124,24.25714285714286,19.638412025689764,12.62857142857143,9.819206012844882,12.62857142857143,9.819206012844882,4.142857142857143,2.4149394967802493,0.0,0.0,0.0,0.0,1.0,0.0
123000.0,19.5625,1.0144481687651327E-5,123000.0,47.599999999999994,39.315820620345185,36.17539585870889,28.31737346101231,123000.0,1908136.0,35.0,137.0,216786.54285714283,274960.3323544884,39443.428571428565,44420.97282238869,17.800000000000004,21.29457263082337,9.400000000000002,10.647286315411685,9.400000000000002,10.647286315411685,2.7142857142857144,2.8550412438705126,0.0,0.0,0.0,0.0,1.0,0.0
124000.0,19.78125,1.0247871687170118E-5,124000.0,47.5,38.911721037174246,33.035714285714285,25.637393767705387,124000.0,1826976.0,35.0,141.0,206108.9428571429,270606.5595589833,36998.62857142856,43440.58560912669,16.65714285714286,20.922747060025724,8.82857142857143,10.461373530012862,8.82857142857143,10.461373530012862,2.628571428571428,2.921378746672983,0.0,0.0,0.0,0.0,1.0,0.0
125000.0,19.9375,1.0322783006510387E-5,125000.0,48.199999999999996,40.739181468524265,37.740384615384606,29.6195652173913,125000.0,1853232.0,35.0,141.0,212118.08571428573,270597.2075019352,37644.571428571435,43867.28568165154,16.942857142857143,21.074019211206146,8.971428571428572,10.537009605603073,8.971428571428572,10.537009605603073,2.657142857142857,2.9400165780130556,0.0,0.0,0.0,0.0,1.0,0.0
126000.0,20.046875,1.037599848738561E-5,126000.0,49.7,43.31110482486737,37.67038413878563,32.11875843454791,126000.0,1880712.0,35.0,141.0,218141.25714285715,270578.67791396135,38377.14285714287,44416.16617797601,17.400000000000002,21.50677047979515,9.200000000000001,10.753385239897575,9.200000000000001,10.753385239897575,2.742857142857143,3.0325960257611277,0.0,0.0,0.0,0.0,1.0,0.0
127000.0,20.21875,1.0460792044695052E-5,127000.0,52.1,45.44338355807091,41.299019607843135,34.38356164383562,127000.0,1907008.0,35.0,141.0,224135.9428571429,270577.7724367251,39067.885714285716,45243.094183318986,17.571428571428573,21.690721402433418,9.285714285714286,10.845360701216709,9.285714285714286,10.845360701216709,2.742857142857143,3.0325960257611277,0.0,0.0,0.0,0.0,1.0,0.0
128000.0,20.359375,1.0531987289949837E-5,128000.0,46.300000000000004,39.394349792789626,34.110429447852766,27.62803234501348,128000.0,1957000.0,35.0,141.0,230133.91428571433,270589.1767281789,40444.8,45220.68058701617,18.25714285714286,21.70977396736976,9.62857142857143,10.85488698368488,9.62857142857143,10.85488698368488,2.9714285714285715,2.8849071173315526,0.0,0.0,0.0,0.0,1.0,0.0
129000.0,20.53125,1.06192921844518E-5,129000.0,50.9,43.57489255096647,38.54818523153943,30.354609929078013,129000.0,1963488.0,35.0,141.0,236132.65714285718,270570.80093593674,40601.37142857144,45311.61571313092,18.25714285714286,21.70977396736976,9.62857142857143,10.85488698368488,9.62857142857143,10.85488698368488,2.9714285714285715,2.8849071173315526,0.0,0.0,0.0,0.0,1.0,0.0
130000.0,20.71875,1.0716745390608491E-5,130000.0,51.5,45.66873386865501,40.92570036540805,34.28184281842819,130000.0,2009080.0,35.0,141.0,242121.14285714293,270552.08793003706,41895.08571428571,44949.062633275054,19.0,21.436637137496774,10.0,10.718318568748387,10.0,10.718318568748387,3.2,2.6985835064300807,0.0,0.0,0.0,0.0,1.0,0.0
131000.0,20.875,1.0801444651507253E-5,131000.0,54.0,47.87712599005133,44.57831325301205,35.30239099859354,131000.0,2095376.0,35.0,141.0,248130.14285714284,270578.97902701626,44354.05714285715,43962.31491385405,20.428571428571423,21.052156120239186,10.714285714285712,10.526078060119593,10.714285714285712,10.526078060119593,3.628571428571428,2.3274034292939154,0.0,0.0,0.0,0.0,1.0,0.0
132000.0,21.046875,1.0896786536452254E-5,132000.0,54.50000000000001,49.38933505372517,45.246690734055356,37.67123287671234,132000.0,2144240.0,35.0,141.0,254129.74285714285,270570.7073649351,45723.65714285715,43637.195805428935,20.999999999999996,20.750620118302912,10.999999999999998,10.375310059151456,10.999999999999998,10.375310059151456,3.771428571428572,2.2633358291756562,0.0,0.0,0.0,0.0,1.0,0.0
133000.0,21.203125,1.0984574360514263E-5,133000.0,54.300000000000004,47.933400324932045,43.159203980099505,34.14985590778099,133000.0,2171784.0,35.0,141.0,260127.91428571433,270547.56450352044,46525.25714285714,43373.32158905087,21.342857142857152,20.645385265795095,11.171428571428576,10.322692632897548,11.171428571428576,10.322692632897548,3.857142857142857,2.2510501750863536,0.0,0.0,0.0,0.0,1.0,0.0
134000.0,21.390625,1.1091719918315192E-5,134000.0,52.400000000000006,46.04141208264279,40.64837905236908,32.67326732673268,134000.0,2208896.0,35.0,141.0,266133.60000000003,270549.196848928,47550.62857142858,42855.49389661365,21.857142857142858,20.386187447766247,11.428571428571429,10.193093723883123,11.428571428571429,10.193093723883123,4.0,2.086370335408023,0.0,0.0,0.0,0.0,1.0,0.0
135000.0,21.5625,1.1190849440431012E-5,135000.0,56.599999999999994,50.641433900464015,46.48581997533908,38.17663817663817,135000.0,2229424.0,35.0,141.0,272131.62857142853,270530.10606759874,48125.48571428572,42744.63038680065,22.028571428571425,20.30573044920153,11.514285714285712,10.152865224600765,11.514285714285712,10.152865224600765,4.057142857142857,2.057166199680824,0.0,0.0,0.0,0.0,1.0,0.0
136000.0,21.703125,1.127253283306749E-5,136000.0,50.4,44.46633943606464,39.732685297691376,31.206657420249652,136000.0,2245296.0,35.0,141.0,278124.17142857146,270502.5195425212,48563.200000000004,42966.35405742772,22.14285714285714,20.56430782454204,11.57142857142857,10.28215391227102,11.57142857142857,10.28215391227102,4.057142857142857,2.057166199680824,0.0,0.0,0.0,0.0,1.0,0.0
137000.0,21.890625,1.1383149119663152E-5,137000.0,53.1,47.20157066884015,42.87454323995129,35.0415512465374,137000.0,2280448.0,35.0,141.0,284113.6285714286,270516.27549917623,49519.542857142864,42738.52226542154,22.542857142857144,20.396572458803636,11.771428571428572,10.198286229401818,11.771428571428572,10.198286229401818,4.114285714285715,2.011312544399926,0.0,0.0,0.0,0.0,1.0,0.0
138000.0,22.046875,1.1476649055516137E-5,138000.0,55.50000000000001,49.77812086657007,44.78908188585608,36.246418338108896,138000.0,2313096.0,35.0,141.0,290135.9714285714,270510.10350419837,50455.542857142864,42819.74545926959,23.11428571428572,20.482088916576714,12.05714285714286,10.241044458288357,12.05714285714286,10.241044458288357,4.171428571428573,1.9626769577126373,0.0,0.0,0.0,0.0,1.0,0.0
139000.0,22.15625,1.1543361211402546E-5,139000.0,55.7,50.6194857961354,45.84352078239609,38.55755894590847,139000.0,2357704.0,35.0,141.0,296156.9428571429,270506.7115161669,51704.22857142857,43087.88905801292,23.62857142857143,20.641314530480333,12.314285714285715,10.320657265240166,12.314285714285715,10.320657265240166,4.314285714285714,1.9818504213075656,0.0,0.0,0.0,0.0,1.0,0.0
140000.0,22.390625,1.1688082433667858E-5,140000.0,54.6,49.629823582340265,42.82115869017633,36.8567454798331,140000.0,2386840.0,35.0,141.0,302170.79999999993,270494.6578957978,52498.971428571436,43052.42751199554,23.97142857142857,20.57623659965646,12.485714285714286,10.28811829982823,12.485714285714286,10.28811829982823,4.428571428571428,1.8986948192921165,0.0,0.0,0.0,0.0,1.0,0.0
141000.0,22.53125,1.1775907025569012E-5,141000.0,53.6,48.84340901348263,43.757575757575765,36.870748299319736,141000.0,2414104.0,35.0,141.0,308156.8857142857,270505.55326068425,53258.97142857142,43166.44932834766,24.428571428571427,20.951324139377856,12.714285714285714,10.475662069688928,12.714285714285714,10.475662069688928,4.485714285714286,1.8370601285658525,0.0,0.0,0.0,0.0,1.0,0.0
142000.0,22.703125,1.188476531145473E-5,142000.0,53.400000000000006,48.45109934114753,42.11180124223603,35.724137931034484,142000.0,2448224.0,35.0,141.0,314147.4857142857,270496.3601402789,54218.514285714286,44031.37571254725,24.82857142857143,21.334156146597287,12.914285714285715,10.667078073298644,12.914285714285715,10.667078073298644,4.514285714285715,1.90002211398011,0.0,0.0,0.0,0.0,1.0,0.0
143000.0,22.859375,1.198435991278125E-5,143000.0,54.6,48.987388423957505,45.952380952380956,36.76880222841227,143000.0,2463872.0,35.0,141.0,320171.85714285716,270483.2143276333,54663.77142857143,44136.106642898136,25.057142857142857,21.30719687465862,13.028571428571428,10.65359843732931,13.028571428571428,10.65359843732931,4.514285714285715,1.90002211398011,0.0,0.0,0.0,0.0,1.0,0.0
144000.0,23.03125,1.2094567064195869E-5,144000.0,55.60000000000001,50.88126097980822,46.506024096385545,38.50415512465374,144000.0,2478560.0,35.0,141.0,326177.2,270488.2113808072,55066.74285714285,44431.58499002765,25.171428571428567,21.444162395401133,13.085714285714284,10.722081197700566,13.085714285714284,10.722081197700566,4.514285714285715,1.90002211398011,0.0,0.0,0.0,0.0,1.0,0.0
145000.0,23.1875,1.2195285396753911E-5,145000.0,55.800000000000004,49.98217690692951,44.33249370277079,36.494252873563234,145000.0,2491672.0,35.0,141.0,332179.4285714286,270491.598964931,55439.31428571429,44887.16911898061,25.34285714285714,21.65768829272584,13.17142857142857,10.82884414636292,13.17142857142857,10.82884414636292,4.514285714285715,1.90002211398011,0.0,0.0,0.0,0.0,1.0,0.0
146000.0,23.34375,1.2296595183822013E-5,146000.0,59.699999999999996,54.616299392781855,50.06195786864932,42.75568181818182,146000.0,2506304.0,35.0,141.0,338174.80000000005,270467.46743879,55854.62857142858,45001.91688406546,25.571428571428573,21.690721402433418,13.285714285714286,10.845360701216709,13.285714285714286,10.845360701216709,4.571428571428571,1.8986948192921165,0.0,0.0,0.0,0.0,1.0,0.0
147000.0,23.515625,1.2408803579294015E-5,147000.0,57.599999999999994,52.15494575679816,46.800501882057716,39.6011396011396,147000.0,2523568.0,35.0,141.0,344162.54285714275,270470.72799770476,56330.51428571428,45053.952024454506,25.857142857142858,21.689171677757244,13.428571428571429,10.844585838878622,13.428571428571429,10.844585838878622,4.628571428571427,1.9566735620873064,0.0,0.0,0.0,0.0,1.0,0.0
148000.0,23.65625,1.250098617876776E-5,148000.0,57.8,52.17469157209268,48.848484848484844,39.36781609195402,148000.0,2533896.0,35.0,141.0,350187.9428571428,270469.9931265555,56618.97142857143,45223.09365636213,25.97142857142857,21.900155404076227,13.485714285714286,10.950077702038113,13.485714285714286,10.950077702038113,4.628571428571427,1.9566735620873064,0.0,0.0,0.0,0.0,1.0,0.0
149000.0,23.8125,1.260446678821204E-5,149000.0,56.699999999999996,51.202470304505596,47.001223990208075,39.60948396094839,149000.0,2560008.0,35.0,141.0,356191.57142857136,270470.0167033074,57346.51428571428,45451.392514338186,26.31428571428571,21.93542853946747,13.657142857142855,10.967714269733735,13.657142857142855,10.967714269733735,4.685714285714285,1.9818504213075656,0.0,0.0,0.0,0.0,1.0,0.0
150000.0,24.0,1.2731215134004333E-5,150000.0,58.699999999999996,54.57704964189557,49.44920440636475,44.33962264150943,150000.0,2613024.0,35.0,141.0,362181.48571428575,270490.0793917862,58857.14285714286,45032.26359814827,27.057142857142853,21.673978511981023,14.028571428571427,10.836989255990511,14.028571428571427,10.836989255990511,4.771428571428571,1.9263759679117411,0.0,0.0,0.0,0.0,1.0,0.0
151000.0,24.171875,1.2848724727518852E-5,151000.0,56.89999999999999,52.35989830883165,47.37484737484737,41.756756756756744,151000.0,2642792.0,35.0,141.0,368181.3142857143,270488.6812461488,59675.42857142856,44688.84766937727,27.34285714285715,21.477680421836084,14.171428571428574,10.738840210918042,14.171428571428574,10.738840210918042,4.828571428571429,1.8706040906256851,0.0,0.0,0.0,0.0,1.0,0.0
152000.0,24.375,1.298822776233363E-5,152000.0,57.599999999999994,52.86285871197761,48.418491484184905,42.15552523874488,152000.0,2654744.0,35.0,141.0,374189.54285714286,270478.955993899,59994.97142857143,44231.15188980681,27.685714285714287,21.578545211514566,14.342857142857143,10.789272605757283,14.342857142857143,10.789272605757283,4.885714285714286,1.8112626173218405,0.0,0.0,0.0,0.0,1.0,0.0
153000.0,24.578125,1.3130818972260582E-5,153000.0,60.9,56.47857098333942,51.608910891089096,45.84487534626038,153000.0,2713512.0,35.0,141.0,380183.4857142856,270503.41902399115,61696.91428571428,44233.751490284,28.542857142857148,21.28288853839664,14.771428571428572,10.64144426919832,14.771428571428572,10.64144426919832,5.057142857142858,1.69675914514661,0.0,0.0,0.0,0.0,1.0,0.0
154000.0,24.765625,1.3263651570822624E-5,154000.0,54.6,49.175102965196146,43.81188118811881,35.96614950634697,154000.0,2738456.0,35.0,141.0,386181.8857142858,270502.3324124485,62400.22857142859,44052.702190662036,28.999999999999996,21.458578429972807,14.999999999999998,10.729289214986402,14.999999999999998,10.729289214986402,5.057142857142858,1.69675914514661,0.0,0.0,0.0,0.0,1.0,0.0
155000.0,24.9375,1.3386709938964077E-5,155000.0,55.800000000000004,50.41535553424089,44.75,37.74647887323945,155000.0,2767584.0,35.0,141.0,392179.9714285714,270517.2917145187,63247.314285714274,44576.459115554164,29.285714285714285,21.720918933777437,15.14285714285714,10.860459466888718,15.14285714285714,10.860459466888718,5.114285714285715,1.711061393532381,0.0,0.0,0.0,0.0,1.0,0.0
156000.0,25.125,1.3522123853262095E-5,156000.0,56.39999999999999,51.40052322464216,47.27932285368803,39.86206896551723,156000.0,2791672.0,35.0,141.0,398173.2571428571,270497.039001663,63912.2285714286,44712.71633773953,29.62857142857143,21.886183815750215,15.314285714285718,10.94309190787511,15.314285714285718,10.94309190787511,5.171428571428572,1.7061431269819949,0.0,0.0,0.0,0.0,1.0,0.0
157000.0,25.296875,1.3647274172399189E-5,157000.0,57.3,51.54071034282393,48.305084745762706,39.26031294452346,157000.0,2814632.0,35.0,141.0,404169.31428571424,270499.38480856124,64550.4,45027.63093348742,29.914285714285718,21.96437145573208,15.457142857142857,10.98218572786604,15.457142857142857,10.98218572786604,5.228571428571428,1.7335057014058888,0.0,0.0,0.0,0.0,1.0,0.0
158000.0,25.453125,1.3761904782667338E-5,158000.0,57.099999999999994,51.24562318662698,47.23247232472325,38.09523809523809,158000.0,2835848.0,35.0,141.0,410212.42857142864,270486.61021478934,65139.42857142858,45237.06075793173,30.142857142857135,22.028247716942708,15.57142857142857,11.014123858471352,15.57142857142857,11.014123858471352,5.257142857142856,1.7208557574111567,0.0,0.0,0.0,0.0,1.0,0.0
159000.0,25.640625,1.3900809992466944E-5,159000.0,55.900000000000006,50.393589186927315,46.610169491525426,39.50617283950618,159000.0,2863648.0,35.0,141.0,416212.65714285715,270495.28479329986,65934.4,45777.87893423686,30.485714285714288,22.320356612915734,15.742857142857149,11.160178306457867,15.742857142857149,11.160178306457867,5.257142857142856,1.7208557574111567,0.0,0.0,0.0,0.0,1.0,0.0
160000.0,25.828125,1.4040737328792192E-5,160000.0,57.099999999999994,52.05118117276775,46.374999999999986,40.58171745152354,160000.0,2884720.0,35.0,141.0,422230.45714285714,270516.8977793029,66523.42857142858,45967.97540122247,30.771428571428572,22.42777389793304,15.885714285714288,11.21388694896652,15.885714285714288,11.21388694896652,5.342857142857143,1.679335602917681,0.0,0.0,0.0,0.0,1.0,0.0
161000.0,26.03125,1.4193497740456621E-5,161000.0,58.099999999999994,53.37886404653657,48.33538840937114,42.28650137741046,161000.0,2907032.0,35.0,141.0,428218.0857142858,270515.58366444614,67157.48571428572,46037.52808906295,31.057142857142857,22.510053776221937,16.028571428571425,11.255026888110969,16.028571428571425,11.255026888110969,5.342857142857143,1.679335602917681,0.0,0.0,0.0,0.0,1.0,0.0
162000.0,26.171875,1.429966240215839E-5,162000.0,56.00000000000001,50.495884970438176,45.94594594594595,38.63319386331939,162000.0,2918232.0,35.0,141.0,434212.4571428571,270503.8932919062,67456.22857142857,46158.23862418707,31.22857142857143,22.516772460030918,16.114285714285717,11.258386230015459,16.114285714285717,11.258386230015459,5.371428571428573,1.6642559596287057,0.0,0.0,0.0,0.0,1.0,0.0
163000.0,26.359375,1.4442452003196289E-5,163000.0,56.599999999999994,51.951818966853395,47.521160822249094,40.13793103448275,163000.0,2943728.0,35.0,141.0,440196.57142857154,270526.3433490009,68170.97142857141,46150.071358995054,31.571428571428573,22.494817330280522,16.285714285714285,11.247408665140261,16.285714285714285,11.247408665140261,5.457142857142857,1.6331646857424704,0.0,0.0,0.0,0.0,1.0,0.0
164000.0,26.5625,1.4598665487331642E-5,164000.0,55.7,50.68737129181278,46.17253948967194,39.231824417009605,164000.0,2972744.0,35.0,141.0,446196.60000000003,270528.92582083796,68991.0857142857,46606.939297371886,31.914285714285715,22.75880104948598,16.457142857142856,11.37940052474299,16.457142857142856,11.37940052474299,5.457142857142857,1.6331646857424704,0.0,0.0,0.0,0.0,1.0,0.0
164860.0,26.703125,1.4707322601073725E-5,164860.0,59.199999999999996,54.13277213431004,49.316770186335404,42.69662921348314,164860.0,2986744.0,35.0,141.0,451365.71428571426,270524.9693158244,69394.28571428571,46801.57807581444,31.971428571428575,22.748607862105885,16.485714285714288,11.374303931052943,16.485714285714288,11.374303931052943,5.485714285714287,1.633679149351307,0.0,0.0,0.0,0.0,1.0,0.0
