learning evaluation instances,evaluation time (cpu seconds),model cost (RAM-Hours),classified instances,classifications correct (percent),Kappa Statistic (percent),Kappa Temporal Statistic (percent),Kappa M Statistic (percent),model training instances,model serialized size (bytes),[avg] model training instances,[err] model training instances,[avg] model serialized size (bytes),[err] model serialized size (bytes),[avg] tree size (nodes),[err] tree size (nodes),[avg] tree size (leaves),[err] tree size (leaves),[avg] active learning leaves,[err] active learning leaves,[avg] tree depth,[err] tree depth,[avg] active leaf byte size estimate,[err] active leaf byte size estimate,[avg] inactive leaf byte size estimate,[err] inactive leaf byte size estimate,[avg] byte size estimate overhead,[err] byte size estimate overhead
1000.0,0.09375,1.8041076449056466E-8,1000.0,43.5,25.382694331858158,26.623376623376622,7.528641571194761,1000.0,764016.0,5988.9,84.9930423115874,3282.666666666667,1548.2290958812698,1.2000000000000004,1.0954451150103326,1.1,0.5477225575051663,1.1,0.5477225575051663,0.0666666666666667,0.3651483716701107,0.0,0.0,0.0,0.0,1.0,0.0
2000.0,0.125,2.656397151036395E-8,2000.0,48.0,29.925370519603373,30.481283422459892,13.333333333333327,2000.0,1054240.0,11977.566666666668,106.55731283933662,12505.6,1664.4262053643135,7.866666666666667,1.3578211078487257,4.433333333333334,0.6789105539243626,4.433333333333334,0.6789105539243626,2.433333333333333,0.5683207771559355,0.0,0.0,0.0,0.0,1.0,0.0
3000.0,0.25,6.59677122409145E-8,3000.0,55.900000000000006,42.33281419789653,43.750000000000014,27.823240589198043,3000.0,1218512.0,17968.766666666663,135.10575253413836,17674.666666666664,5091.221419289273,12.000000000000002,4.510524092187835,6.500000000000001,2.2552620460939177,6.500000000000001,2.2552620460939177,3.633333333333333,0.9278574999588488,0.0,0.0,0.0,0.0,1.0,0.0
4000.0,0.453125,1.377646306840082E-7,4000.0,57.49999999999999,44.445461128815936,45.79081632653061,30.21346469622331,4000.0,1366296.0,23990.966666666664,179.59235129503128,22346.93333333333,6906.9152700121085,15.466666666666665,5.6000821012044,8.233333333333333,2.8000410506022,8.233333333333333,2.8000410506022,4.033333333333332,0.8502873077655143,0.0,0.0,0.0,0.0,1.0,0.0
5000.0,0.609375,1.9745399994361732E-7,5000.0,61.1,49.631820259402595,50.63451776649747,36.43790849673202,5000.0,1476656.0,30006.900000000005,209.63257676558638,25986.133333333335,7514.906839688392,18.33333333333334,5.996167358280266,9.66666666666667,2.998083679140133,9.66666666666667,2.998083679140133,4.6,0.7701320979389588,0.0,0.0,0.0,0.0,1.0,0.0
6000.0,0.703125,2.366962467527224E-7,6000.0,59.5,49.17576901453698,48.9281210592686,36.1198738170347,6000.0,1618024.0,36005.93333333334,166.58619666569126,30544.800000000003,9089.506273909947,21.46666666666667,7.290680557294069,11.233333333333334,3.6453402786470344,11.233333333333334,3.6453402786470344,4.933333333333333,0.7396799556440671,0.0,0.0,0.0,0.0,1.0,0.0
7000.0,0.859375,3.075094233887891E-7,7000.0,60.5,49.46884722449648,48.56770833333333,35.87662337662337,7000.0,1751848.0,41998.19999999999,171.87373071631612,34703.73333333334,10059.173555322126,24.533333333333328,7.855300575180863,12.766666666666664,3.9276502875904313,12.766666666666664,3.9276502875904313,5.2666666666666675,0.8683449709106096,0.0,0.0,0.0,0.0,1.0,0.0
8000.0,1.078125,4.142577462415728E-7,8000.0,59.099999999999994,48.33386178486927,47.898089171974526,33.81877022653721,8000.0,1886320.0,47984.46666666667,167.66052181331318,39093.333333333336,12104.006533413618,27.866666666666667,9.722825378115834,14.433333333333334,4.861412689057917,14.433333333333334,4.861412689057917,5.466666666666666,1.0416609195243758,0.0,0.0,0.0,0.0,1.0,0.0
9000.0,1.203125,4.811662883083854E-7,9000.0,62.5,52.789034970106016,51.675257731958766,38.825448613376835,9000.0,2069064.0,53976.23333333334,182.74358960092084,45042.666666666664,14056.995208751072,32.333333333333336,10.806553992619586,16.666666666666668,5.403276996309793,16.666666666666668,5.403276996309793,5.766666666666667,1.1351236704106018,0.0,0.0,0.0,0.0,1.0,0.0
10000.0,1.328125,5.516389501281083E-7,10000.0,62.0,52.69277693399397,52.08070617906684,40.34536891679748,10000.0,2179280.0,59968.16666666667,198.1356350711743,48660.8,14185.331030377094,34.20000000000001,10.771610195643756,17.600000000000005,5.385805097821878,17.600000000000005,5.385805097821878,5.966666666666667,1.0980651740387641,0.0,0.0,0.0,0.0,1.0,0.0
11000.0,1.515625,6.64571513577054E-7,11000.0,62.5,52.74477262674796,53.589108910891085,39.02439024390244,11000.0,2328200.0,65957.43333333335,211.22706908122464,53523.19999999999,11912.498375438612,38.133333333333326,9.000893953048383,19.566666666666663,4.5004469765241915,19.566666666666663,4.5004469765241915,6.133333333333334,1.0742546199601597,0.0,0.0,0.0,0.0,1.0,0.0
12000.0,1.71875,7.951286776612202E-7,12000.0,64.9,54.946860399445505,53.13751668891856,41.5,12000.0,2484504.0,71960.16666666666,232.16582708135016,58704.79999999999,11482.407119979918,42.400000000000006,8.838005704206477,21.700000000000003,4.4190028521032385,21.700000000000003,4.4190028521032385,6.533333333333333,0.8995528902176072,0.0,0.0,0.0,0.0,1.0,0.0
13000.0,1.9375,9.427174356662566E-7,13000.0,65.10000000000001,54.793741588591956,53.652058432934936,40.13722126929675,13000.0,2608000.0,77947.20000000001,232.03528269164778,62710.13333333334,11039.991540892977,44.93333333333334,8.685832036190865,22.96666666666667,4.3429160180954325,22.96666666666667,4.3429160180954325,6.8,0.7611243951073873,0.0,0.0,0.0,0.0,1.0,0.0
14000.0,2.109375,1.064446146806909E-6,14000.0,63.800000000000004,53.13576129790639,52.30566534914362,39.767054908485854,14000.0,2737680.0,83955.66666666664,231.14905376719287,66903.73333333334,11445.50000092894,48.2,9.014930144889718,24.6,4.507465072444859,24.6,4.507465072444859,6.966666666666668,0.8087168778415269,0.0,0.0,0.0,0.0,1.0,0.0
15000.0,2.28125,1.1910253670066595E-6,15000.0,66.0,56.3157191460494,56.577266922094516,42.95302013422819,15000.0,2846768.0,89953.23333333332,243.94370228611544,70434.93333333332,12063.561591473075,51.33333333333332,10.04930374439575,26.16666666666666,5.024651872197875,26.16666666666666,5.024651872197875,7.333333333333334,0.9589266029707686,0.0,0.0,0.0,0.0,1.0,0.0
16000.0,2.4375,1.311614501496984E-6,16000.0,65.4,57.24119180909305,55.469755469755476,45.425867507886444,16000.0,2983256.0,95962.8,252.17432394114178,74854.39999999998,13757.341908457714,54.266666666666666,11.796940963315619,27.633333333333333,5.898470481657809,27.633333333333333,5.898470481657809,7.3999999999999995,0.968468396223005,0.0,0.0,0.0,0.0,1.0,0.0
17000.0,2.625,1.4626470834223761E-6,17000.0,65.2,57.211887226272886,55.327342747111686,44.32000000000001,17000.0,3113664.0,101940.16666666664,290.8325840651658,79111.46666666667,14799.258722660059,57.199999999999996,11.748514212737563,29.099999999999998,5.874257106368781,29.099999999999998,5.874257106368781,7.6,1.003442350971962,0.0,0.0,0.0,0.0,1.0,0.0
18000.0,2.828125,1.6310140037805671E-6,18000.0,66.10000000000001,57.7228715523563,57.465495608532,45.93301435406699,18000.0,3204024.0,107939.70000000001,298.4863134389016,82014.66666666667,14033.228127489445,59.00000000000001,11.313708498984761,30.000000000000004,5.656854249492381,30.000000000000004,5.656854249492381,7.733333333333334,1.1426929274467317,0.0,0.0,0.0,0.0,1.0,0.0
19000.0,3.0,1.7779709823015665E-6,19000.0,67.30000000000001,58.13531893973535,56.28342245989305,44.949494949494955,19000.0,3305064.0,113936.29999999997,318.38700696933876,85290.66666666669,14733.889598902379,61.99999999999999,11.974110002201733,31.49999999999999,5.987055001100866,31.49999999999999,5.987055001100866,7.833333333333331,1.1472105098991157,0.0,0.0,0.0,0.0,1.0,0.0
20000.0,3.203125,1.9594267036558854E-6,20000.0,65.3,56.671469848587385,55.45571245186136,43.48534201954398,20000.0,3453104.0,119952.5,306.28572979468373,90110.4,15834.918223496692,65.46666666666665,13.021820767156719,33.23333333333333,6.510910383578359,33.23333333333333,6.510910383578359,7.966666666666667,1.1885468767200222,0.0,0.0,0.0,0.0,1.0,0.0
21000.0,3.390625,2.1318781525931427E-6,21000.0,63.800000000000004,55.76010734895499,54.52261306532664,43.260188087774296,21000.0,3555232.0,125984.09999999999,309.2272180998842,93415.46666666667,16407.606368396024,67.66666666666667,13.33218385849751,34.333333333333336,6.666091929248755,34.333333333333336,6.666091929248755,8.033333333333333,1.1885468767200222,0.0,0.0,0.0,0.0,1.0,0.0
22000.0,3.59375,2.323581688364761E-6,22000.0,68.89999999999999,61.05324059579775,60.43256997455471,49.26590538336051,22000.0,3648120.0,131978.89999999997,311.49565226389274,96445.59999999999,16313.246628388251,69.66666666666667,13.070982163274635,35.333333333333336,6.535491081637318,35.333333333333336,6.535491081637318,8.1,1.1551981469084383,0.0,0.0,0.0,0.0,1.0,0.0
23000.0,3.78125,2.5070724142197934E-6,23000.0,65.8,57.784709424255034,57.14285714285714,45.45454545454546,23000.0,3782816.0,137991.6666666667,315.52193577312767,100839.20000000001,16360.519860216906,73.6,12.845501023771869,37.3,6.422750511885934,37.3,6.422750511885934,8.166666666666668,1.0531834608931387,0.0,0.0,0.0,0.0,1.0,0.0
24000.0,3.984375,2.7118697956514857E-6,24000.0,65.7,57.940120465380915,56.1381074168798,46.06918238993711,24000.0,3897296.0,143981.53333333333,351.3952223620175,104568.26666666668,17553.658549663112,76.06666666666669,13.7337573866012,38.533333333333346,6.8668786933006,38.533333333333346,6.8668786933006,8.266666666666667,0.980265035707122,0.0,0.0,0.0,0.0,1.0,0.0
25000.0,4.21875,2.9564816698742412E-6,25000.0,65.5,56.54933728293561,56.05095541401275,43.256578947368425,25000.0,4034304.0,149974.36666666667,358.4764199750964,109022.66666666664,18775.568581010528,79.46666666666665,14.787537468010559,40.23333333333333,7.393768734005279,40.23333333333333,7.393768734005279,8.500000000000002,0.9737945687202028,0.0,0.0,0.0,0.0,1.0,0.0
26000.0,4.40625,3.157618242160728E-6,26000.0,68.5,60.25612718039303,59.87261146496816,47.8476821192053,26000.0,4146600.0,155976.73333333334,374.9668429785917,112674.93333333336,18417.229891923325,82.6,14.549795590458922,41.8,7.274897795229461,41.8,7.274897795229461,8.633333333333331,0.889917986664224,0.0,0.0,0.0,0.0,1.0,0.0
27000.0,4.59375,3.3647424424998466E-6,27000.0,68.5,60.51839967913367,59.61538461538463,48.19078947368422,27000.0,4270040.0,161987.76666666666,365.23017620289454,116697.59999999999,18287.602059205634,85.8,14.953721714123485,43.4,7.476860857061743,43.4,7.476860857061743,8.666666666666666,0.9222660747548281,0.0,0.0,0.0,0.0,1.0,0.0
28000.0,4.78125,3.4653012213918076E-6,28000.0,57.3,47.871840417025275,46.15384615384615,33.7984496124031,28000.0,2073104.0,57001.86666666666,79786.09034452289,42815.2,57872.61427414643,30.93333333333332,43.68376431087202,15.96666666666666,21.84188215543601,15.96666666666666,21.84188215543601,2.8666666666666663,4.150058855696763,0.0,0.0,0.0,0.0,1.0,0.0
29000.0,4.921875,3.509361219281952E-6,29000.0,53.1,40.89089644185883,40.1021711366539,26.947040498442377,29000.0,1211112.0,11957.5,30609.559093750322,15858.133333333333,21364.113661309082,10.533333333333333,15.354957266097426,5.766666666666667,7.677478633048713,5.766666666666667,7.677478633048713,2.6999999999999993,1.7645943169602114,0.0,0.0,0.0,0.0,1.0,0.0
30000.0,5.171875,3.5973054926014614E-6,30000.0,55.50000000000001,45.2408786070264,45.53243574051409,32.575757575757585,30000.0,1359784.0,17983.000000000007,30586.689164879637,20417.86666666667,20979.077360030897,13.73333333333333,15.39801450105541,7.366666666666665,7.699007250527704,7.366666666666665,7.699007250527704,3.666666666666667,1.446358884574816,0.0,0.0,0.0,0.0,1.0,0.0
31000.0,5.34375,3.6638719353100498E-6,31000.0,56.39999999999999,47.98389886924631,45.97273853779429,34.238310708898936,31000.0,1497080.0,23989.133333333335,30568.36864984201,24633.866666666665,22198.335339472596,16.8,16.932726932756882,8.9,8.466363466378441,8.9,8.466363466378441,4.1,1.4703975535606828,0.0,0.0,0.0,0.0,1.0,0.0
32000.0,5.5,3.728666439807664E-6,32000.0,60.699999999999996,54.95252821771339,50.936329588014985,44.017094017094024,32000.0,1602952.0,29970.633333333328,30540.623972899157,27949.60000000001,22669.180575671762,19.266666666666666,17.041396521479655,10.133333333333333,8.520698260739827,10.133333333333333,8.520698260739827,4.6,1.3544307876819286,0.0,0.0,0.0,0.0,1.0,0.0
33000.0,5.65625,3.7978346032711375E-6,33000.0,59.199999999999996,53.624348126560065,50.724637681159415,42.20963172804532,33000.0,1711152.0,35954.700000000004,30527.1954415663,31169.066666666662,23934.179511567847,21.533333333333335,17.972648440172165,11.266666666666667,8.986324220086082,11.266666666666667,8.986324220086082,4.933333333333334,1.36289077492212,0.0,0.0,0.0,0.0,1.0,0.0
34000.0,5.828125,3.8787828978254575E-6,34000.0,62.2,56.214931403392534,52.27272727272727,43.582089552238806,34000.0,1820528.0,41930.23333333333,30547.924737554014,34608.533333333326,24277.340256145104,24.66666666666667,19.476481543988726,12.833333333333336,9.738240771994363,12.833333333333336,9.738240771994363,5.2666666666666675,1.2576204496597132,0.0,0.0,0.0,0.0,1.0,0.0
35000.0,6.046875,3.988368003370448E-6,35000.0,63.3,56.844954622528576,54.46650124069479,43.53846153846154,35000.0,1936448.0,47952.833333333336,30532.749451044027,38357.066666666666,25123.20133199223,27.000000000000007,19.419151584862355,14.000000000000004,9.709575792431178,14.000000000000004,9.709575792431178,5.433333333333334,1.19433528860584,0.0,0.0,0.0,0.0,1.0,0.0
36000.0,6.203125,4.0704880181389555E-6,36000.0,62.3,56.093766013546876,53.685503685503676,43.393393393393396,36000.0,2031568.0,53951.63333333333,30548.769992150803,41457.86666666667,25603.88148878904,29.266666666666655,19.410152575095996,15.13333333333333,9.705076287547998,15.13333333333333,9.705076287547998,5.799999999999999,1.2148506364839742,0.0,0.0,0.0,0.0,1.0,0.0
37000.0,6.375,4.164791219712546E-6,37000.0,61.0,55.17586576665935,53.125,43.06569343065693,37000.0,2120880.0,59947.2,30537.64571961224,44386.93333333334,25981.225389769887,31.666666666666664,20.539840736268243,16.333333333333332,10.269920368134121,16.333333333333332,10.269920368134121,6.033333333333334,1.1591713250937243,0.0,0.0,0.0,0.0,1.0,0.0
38000.0,6.546875,4.262956402574977E-6,38000.0,60.4,53.69450063728528,51.64835164835166,39.44954128440367,38000.0,2207736.0,65947.83333333336,30520.969395373624,47179.46666666667,26147.381175300077,33.666666666666664,21.02434276037534,17.333333333333332,10.51217138018767,17.333333333333332,10.51217138018767,6.233333333333333,1.2228664272317622,0.0,0.0,0.0,0.0,1.0,0.0
39000.0,6.796875,4.412224645622903E-6,39000.0,62.1,55.29553309192134,52.977667493796524,42.57575757575758,39000.0,2307968.0,71951.26666666668,30496.154856471418,50327.73333333333,27705.174876923615,35.93333333333334,22.238415555897454,18.46666666666667,11.119207777948727,18.46666666666667,11.119207777948727,6.300000000000001,1.2635472781569876,0.0,0.0,0.0,0.0,1.0,0.0
40000.0,6.953125,4.511132719926537E-6,40000.0,62.0,54.69632229513199,52.6774595267746,39.58664546899841,40000.0,2446888.0,77960.0,30500.763140254883,54826.4,28983.93540495529,39.333333333333336,22.591321698651324,20.166666666666668,11.295660849325662,20.166666666666668,11.295660849325662,6.466666666666668,1.2521246311585854,0.0,0.0,0.0,0.0,1.0,0.0
41000.0,7.09375,4.605775466188789E-6,41000.0,58.599999999999994,51.39909560056161,48.63523573200992,37.74436090225563,41000.0,2601520.0,83954.33333333333,30505.550942391623,59839.46666666666,28044.277812961674,42.66666666666668,21.884230400676305,21.83333333333334,10.942115200338153,21.83333333333334,10.942115200338153,6.7,1.149212624004981,0.0,0.0,0.0,0.0,1.0,0.0
42000.0,7.265625,4.726625565025542E-6,42000.0,63.2,56.60955556629836,53.65239294710328,44.07294832826748,42000.0,2717920.0,89976.03333333331,30496.473241528507,63646.13333333333,28467.636191409314,45.933333333333344,22.250816851853163,23.466666666666672,11.125408425926581,23.466666666666672,11.125408425926581,6.966666666666667,1.188546876720022,0.0,0.0,0.0,0.0,1.0,0.0
43000.0,7.421875,4.842009317750733E-6,43000.0,64.1,58.77254733979574,56.21951219512194,47.43777452415812,43000.0,2854480.0,95955.76666666666,30483.91495095047,68176.26666666668,28419.76928117824,49.13333333333333,21.889587090406838,25.066666666666666,10.944793545203419,25.066666666666666,10.944793545203419,7.066666666666667,1.1121068335350712,0.0,0.0,0.0,0.0,1.0,0.0
44000.0,7.578125,4.965039940240483E-6,44000.0,64.4,58.46202133605275,56.21156211562116,46.142208774583956,44000.0,3043656.0,101931.16666666667,30471.652256599515,74458.40000000001,28015.35651006796,53.8,21.428952377566198,27.4,10.714476188783099,27.4,10.714476188783099,7.233333333333333,1.0726484571581123,0.0,0.0,0.0,0.0,1.0,0.0
45000.0,7.796875,5.143916156763832E-6,45000.0,62.5,55.719348047105164,53.300124533001245,42.040185471406495,45000.0,3160872.0,107926.3,30493.615316076048,78289.33333333333,27702.049107992163,56.333333333333336,21.54919525392895,28.666666666666668,10.774597626964475,28.666666666666668,10.774597626964475,7.333333333333333,1.1244411127720089,0.0,0.0,0.0,0.0,1.0,0.0
46000.0,7.9375,5.262944420489172E-6,46000.0,63.1,58.14907774857917,54.50061652281135,47.51066856330014,46000.0,3271824.0,113910.86666666662,30491.097922727095,81872.8,27872.88888483228,59.13333333333334,21.334339056753223,30.06666666666667,10.667169528376611,30.06666666666667,10.667169528376611,7.566666666666666,1.1043279539543756,0.0,0.0,0.0,0.0,1.0,0.0
47000.0,8.125,5.429214215837419E-6,47000.0,63.7,57.316212783970656,54.339622641509436,44.66463414634147,47000.0,3427792.0,119914.43333333333,30475.932476677208,86952.53333333334,27668.382647463088,63.333333333333336,21.00957636056888,32.16666666666668,10.504788180284438,32.16666666666668,10.504788180284438,7.7,1.2359555845161068,0.0,0.0,0.0,0.0,1.0,0.0
48000.0,8.34375,5.629167103001641E-6,48000.0,64.8,58.32425623005011,56.05493133583022,45.00000000000001,48000.0,3533312.0,125924.6666666667,30494.304071114817,90410.93333333332,27995.853839493782,66.06666666666666,21.04663677503439,33.53333333333333,10.523318387517195,33.53333333333333,10.523318387517195,7.866666666666666,1.2242755305537405,0.0,0.0,0.0,0.0,1.0,0.0
49000.0,8.59375,5.864258790906105E-6,49000.0,67.7,61.45787094711018,59.26860025220682,48.97314375987363,49000.0,3634960.0,131928.5333333333,30482.33468605454,93738.66666666669,27385.359357263093,68.53333333333332,20.735997906910637,34.76666666666666,10.367998953455318,34.76666666666666,10.367998953455318,7.933333333333334,1.257620449659713,0.0,0.0,0.0,0.0,1.0,0.0
50000.0,8.75,6.01622605851541E-6,50000.0,61.5,55.79427920562894,52.23325062034739,43.95924308588064,50000.0,3759520.0,137937.03333333335,30474.38847281359,97750.93333333333,26716.15927245652,71.66666666666666,20.357720442357863,36.33333333333333,10.178860221178931,36.33333333333333,10.178860221178931,8.200000000000001,1.3746472901853017,0.0,0.0,0.0,0.0,1.0,0.0
51000.0,9.015625,6.283978097296009E-6,51000.0,63.2,56.502878729316706,54.28571428571429,43.471582181259606,51000.0,3896424.0,143935.76666666666,30477.124537054446,102174.13333333335,27127.833813813548,74.66666666666666,20.824940838320288,37.83333333333333,10.412470419160144,37.83333333333333,10.412470419160144,8.299999999999999,1.3169976304537114,0.0,0.0,0.0,0.0,1.0,0.0
52000.0,9.25,6.526378565467893E-6,52000.0,63.4,57.18421899219139,53.846153846153854,44.54545454545455,52000.0,3997832.0,149933.59999999998,30492.259425450346,105445.33333333334,27017.550553021232,77.00000000000003,20.638096677813074,39.000000000000014,10.319048338906537,39.000000000000014,10.319048338906537,8.466666666666669,1.2242755305537407,0.0,0.0,0.0,0.0,1.0,0.0
53000.0,9.5,6.793952715169224E-6,53000.0,64.60000000000001,59.40152806226017,57.09090909090909,48.16983894582723,53000.0,4137200.0,155927.1,30476.019639359412,109959.46666666667,26400.742052963717,81.73333333333332,20.668038515832944,41.36666666666666,10.334019257916472,41.36666666666666,10.334019257916472,8.533333333333333,1.2242755305537407,0.0,0.0,0.0,0.0,1.0,0.0
54000.0,9.703125,7.0199296977888375E-6,54000.0,64.3,58.45194507742835,55.707196029776675,45.909090909090914,54000.0,4300344.0,161904.2333333333,30471.813438881887,115302.40000000001,26417.087418876275,85.2,20.133006010888753,43.1,10.066503005444376,43.1,10.066503005444376,8.733333333333336,1.2298957997167568,0.0,0.0,0.0,0.0,1.0,0.0
55000.0,9.9375,7.287845979185981E-6,55000.0,66.3,61.074662724080575,57.50315258511981,50.000000000000014,55000.0,4418656.0,167897.19999999998,30463.820501454305,119198.4,26311.647550087015,88.46666666666668,20.32110052228426,44.73333333333334,10.16055026114213,44.73333333333334,10.16055026114213,8.9,1.2134305884983485,0.0,0.0,0.0,0.0,1.0,0.0
56000.0,10.15625,7.545377496474733E-6,56000.0,64.3,59.139666799434146,55.980271270036994,47.57709251101321,56000.0,4550768.0,173907.83333333334,30476.316607109562,123546.13333333333,26448.457924845043,91.66666666666667,20.317027567914614,46.333333333333336,10.158513783957307,46.333333333333336,10.158513783957307,9.100000000000003,1.2134305884983485,0.0,0.0,0.0,0.0,1.0,0.0
57000.0,10.375,7.809702623894231E-6,57000.0,66.10000000000001,60.809792234096186,57.5187969924812,49.478390461997016,57000.0,4670816.0,179882.03333333338,30489.74628035187,127460.26666666663,25858.102827884934,94.2,20.373072153347845,47.6,10.186536076673923,47.6,10.186536076673923,9.100000000000003,1.2134305884983485,0.0,0.0,0.0,0.0,1.0,0.0
58000.0,10.640625,8.104361089256903E-6,58000.0,63.6,57.05090765355185,55.0061804697157,43.21372854914197,58000.0,4287976.0,162385.96666666667,55043.75593607847,115565.06666666668,41833.62090137,85.20000000000002,31.53695150684079,43.10000000000001,15.768475753420395,43.10000000000001,15.768475753420395,8.133333333333333,2.9447010659515325,0.0,0.0,0.0,0.0,1.0,0.0
59000.0,10.953125,8.240091006478502E-6,59000.0,52.0,42.02702506848058,40.298507462686565,27.272727272727277,59000.0,1678912.0,41431.23333333333,74336.61031471376,29332.8,52844.668904382335,20.800000000000004,39.80417583361202,10.900000000000002,19.90208791680601,10.900000000000002,19.90208791680601,1.8666666666666667,3.6173273934307315,0.0,0.0,0.0,0.0,1.0,0.0
60000.0,11.15625,8.312887188771534E-6,60000.0,51.6,43.1739464285295,38.811630847029086,28.402366863905325,60000.0,1385312.0,22314.966666666667,46683.67485127472,20824.0,31108.33459225113,14.466666666666665,23.31749873220618,7.7333333333333325,11.65874936610309,7.7333333333333325,11.65874936610309,3.0,2.051072049374214,0.0,0.0,0.0,0.0,1.0,0.0
61000.0,11.34375,8.385819447640745E-6,61000.0,55.2,48.06399258057038,43.85964912280702,33.62962962962963,61000.0,1503560.0,28332.500000000004,46700.57966025099,24452.533333333336,31923.859532172562,16.666666666666668,23.653144914954037,8.833333333333336,11.82657245747702,8.833333333333336,11.82657245747702,3.266666666666667,1.99885024422806,0.0,0.0,0.0,0.0,1.0,0.0
62000.0,11.53125,8.46917980298814E-6,62000.0,55.900000000000006,48.00644201362444,43.964421855146135,34.17910447761195,62000.0,1718544.0,34340.40000000001,46694.08080378438,31381.066666666673,31311.926804371185,21.66666666666666,23.20126829668397,11.33333333333333,11.600634148341985,11.33333333333333,11.600634148341985,4.300000000000001,1.6431676725154982,0.0,0.0,0.0,0.0,1.0,0.0
63000.0,11.703125,8.551568737150067E-6,63000.0,58.199999999999996,51.67272491837546,46.41025641025641,39.85611510791366,63000.0,1852928.0,40329.299999999996,46667.94898380657,35730.13333333333,31798.109815579886,24.933333333333334,24.277040854347923,12.966666666666667,12.138520427173962,12.966666666666667,12.138520427173962,4.733333333333335,1.3879613761229797,0.0,0.0,0.0,0.0,1.0,0.0
64000.0,11.9375,8.67315920509605E-6,64000.0,54.800000000000004,48.56921139078183,44.05940594059406,35.05747126436782,64000.0,2005352.0,46317.466666666674,46682.60198236253,40527.733333333344,31906.963614528577,28.333333333333332,23.955898177093346,14.666666666666666,11.977949088546673,14.666666666666666,11.977949088546673,5.3,1.1788363637137231,0.0,0.0,0.0,0.0,1.0,0.0
65000.0,12.15625,8.792062775076678E-6,65000.0,57.699999999999996,51.79860705950992,49.03614457831325,38.96103896103895,65000.0,2101112.0,52300.66666666667,46668.457629016026,43575.73333333333,32142.504040528675,30.133333333333333,23.644979540512708,15.566666666666666,11.822489770256354,15.566666666666666,11.822489770256354,5.366666666666666,1.1591713250937243,0.0,0.0,0.0,0.0,1.0,0.0
66000.0,12.359375,8.910933134352997E-6,66000.0,59.099999999999994,53.32765809827894,48.29329962073325,40.11713030746705,66000.0,2262104.0,58300.566666666666,46665.54461616181,48072.00000000001,31997.786061344716,33.666666666666664,23.654602720930605,17.333333333333332,11.827301360465302,17.333333333333332,11.827301360465302,5.6333333333333355,1.159171325093724,0.0,0.0,0.0,0.0,1.0,0.0
67000.0,12.46875,8.977265452914355E-6,67000.0,59.699999999999996,53.983351793279056,50.5521472392638,40.73529411764706,67000.0,2344280.0,64285.13333333333,46671.55371739195,50724.26666666667,32030.440950955446,35.33333333333333,23.512774713177595,18.166666666666664,11.756387356588796,18.166666666666664,11.756387356588796,5.733333333333335,1.1426929274467317,0.0,0.0,0.0,0.0,1.0,0.0
68000.0,12.65625,9.094316790449538E-6,68000.0,57.599999999999994,51.592537030567485,46.261089987325725,37.73861967694565,68000.0,2413112.0,70264.1,46686.73685050473,52938.66666666668,31831.694867865885,37.2,23.944476002503848,19.1,11.972238001251924,19.1,11.972238001251924,5.900000000000001,1.2134305884983485,0.0,0.0,0.0,0.0,1.0,0.0
69000.0,12.890625,9.24632755211658E-6,69000.0,61.3,55.555606597063914,51.44291091593476,42.49628528974739,69000.0,2507064.0,76273.86666666667,46686.09670372846,55918.93333333334,34116.779747511784,39.26666666666667,25.84160416357944,20.133333333333336,12.92080208178972,20.133333333333336,12.92080208178972,6.066666666666666,1.2298957997167563,0.0,0.0,0.0,0.0,1.0,0.0
70000.0,13.046875,9.351949233354795E-6,70000.0,61.3,55.959118226438406,51.80572851805729,44.47632711621233,70000.0,2612976.0,82286.56666666667,46643.60163807319,59283.73333333332,34096.726070900455,42.06666666666666,26.202044317892096,21.53333333333333,13.101022158946048,21.53333333333333,13.101022158946048,6.300000000000001,1.149212624004981,0.0,0.0,0.0,0.0,1.0,0.0
71000.0,13.25,9.494635451119395E-6,71000.0,61.8,56.5271818916366,54.196642685851316,44.47674418604651,71000.0,2715320.0,88270.50000000003,46651.10294793276,62541.600000000006,34801.75394073874,44.33333333333333,26.08386121899812,22.666666666666664,13.04193060949906,22.666666666666664,13.04193060949906,6.433333333333334,1.135123670410602,0.0,0.0,0.0,0.0,1.0,0.0
72000.0,13.46875,9.652595714821171E-6,72000.0,60.4,54.07002233867095,51.52998776009792,39.908952959028824,72000.0,2791272.0,94281.16666666666,46632.05663865336,64979.19999999999,35229.25834802266,46.0,26.80066906009933,23.5,13.400334530049665,23.5,13.400334530049665,6.533333333333334,1.1665845619713493,0.0,0.0,0.0,0.0,1.0,0.0
73000.0,13.671875,9.803496747432899E-6,73000.0,58.5,52.79080296587514,49.01719901719901,39.76777939042089,73000.0,2871648.0,100264.56666666665,46632.86729830066,67312.53333333333,35362.11221235999,47.599999999999994,27.453534412241677,24.299999999999997,13.726767206120838,24.299999999999997,13.726767206120838,6.700000000000001,1.149212624004981,0.0,0.0,0.0,0.0,1.0,0.0
74000.0,13.9375,1.0007338326734803E-5,74000.0,56.89999999999999,50.28697449525708,46.45962732919254,35.95839524517086,74000.0,2966376.0,106263.26666666668,46638.09426367169,70369.06666666667,36872.97332916527,50.000000000000014,28.32203966938968,25.500000000000007,14.16101983469484,25.500000000000007,14.16101983469484,6.8999999999999995,1.1846722229638327,0.0,0.0,0.0,0.0,1.0,0.0
75000.0,14.171875,1.0195127397309991E-5,75000.0,57.3,51.62728311860151,46.6916354556804,38.73744619799138,75000.0,3097144.0,112221.33333333333,46643.87256748687,73819.73333333335,37524.276249707575,52.86666666666667,28.94433817940355,26.933333333333334,14.472169089701776,26.933333333333334,14.472169089701776,7.1,1.268993627874548,0.0,0.0,0.0,0.0,1.0,0.0
76000.0,14.375,1.0363839036371148E-5,76000.0,61.199999999999996,56.093398846206945,52.45098039215685,43.93063583815029,76000.0,3210584.0,118224.93333333332,46644.753352394815,77543.46666666666,37368.06764746804,55.46666666666667,29.199354425236436,28.233333333333334,14.599677212618218,28.233333333333334,14.599677212618218,7.2333333333333325,1.2228664272317622,0.0,0.0,0.0,0.0,1.0,0.0
77000.0,14.609375,1.0566056815959103E-5,77000.0,59.5,54.433609769434064,49.75186104218361,42.71570014144271,77000.0,3335112.0,124241.26666666663,46632.47982338234,81522.39999999997,38497.348624870625,57.99999999999999,29.463010123156824,29.499999999999996,14.731505061578412,29.499999999999996,14.731505061578412,7.333333333333333,1.0613372610104648,0.0,0.0,0.0,0.0,1.0,0.0
78000.0,14.796875,1.07333471856287E-5,78000.0,61.4,55.76478785434009,51.01522842639594,43.067846607669615,78000.0,3448832.0,130229.86666666668,46610.84706946799,85242.4,38659.13004854538,61.33333333333333,29.473931595193758,31.166666666666664,14.736965797596879,31.166666666666664,14.736965797596879,7.433333333333334,1.1043279539543756,0.0,0.0,0.0,0.0,1.0,0.0
79000.0,14.96875,1.0892312695634451E-5,79000.0,58.699999999999996,53.57698857409415,49.634146341463406,41.41843971631205,79000.0,3575136.0,136237.8,46614.701709609406,89333.33333333334,38033.2704491406,64.6,28.34954235475659,32.8,14.174771177378295,32.8,14.174771177378295,7.566666666666668,1.1043279539543753,0.0,0.0,0.0,0.0,1.0,0.0
80000.0,15.203125,1.1116019773503976E-5,80000.0,61.6,55.981374619135714,53.51089588377723,43.36283185840708,80000.0,3689528.0,142245.79999999996,46619.88324176566,93022.66666666667,37166.254717782984,66.73333333333333,27.78108179583953,33.86666666666667,13.890540897919765,33.86666666666667,13.890540897919765,7.666666666666668,1.0933445471810679,0.0,0.0,0.0,0.0,1.0,0.0
81000.0,15.453125,1.1361230281181638E-5,81000.0,62.0,56.99377428295607,52.97029702970296,45.945945945945944,81000.0,3791416.0,148227.99999999997,46630.42586493102,95786.40000000001,37188.64444553675,69.0,27.96549598196394,34.99999999999999,13.982747990981972,34.99999999999999,13.982747990981972,7.733333333333335,1.1121068335350708,0.0,0.0,0.0,0.0,1.0,0.0
82000.0,15.65625,1.1565078004625527E-5,82000.0,58.699999999999996,53.50685520593761,49.38725490196077,41.0,82000.0,3879224.0,154218.23333333334,46640.29525967,98486.13333333335,37437.18932469869,70.8,28.465829485118856,35.89999999999999,14.232914742559428,35.89999999999999,14.232914742559428,7.866666666666667,1.0742546199601597,0.0,0.0,0.0,0.0,1.0,0.0
83000.0,15.96875,1.1884143944674487E-5,83000.0,61.6,56.20922411640136,51.515151515151516,42.77198211624441,83000.0,3946688.0,160235.76666666666,46656.26232401312,100652.53333333331,37609.16194661132,72.26666666666667,28.456783123661857,36.63333333333333,14.228391561830929,36.63333333333333,14.228391561830929,7.933333333333334,1.112106833535071,0.0,0.0,0.0,0.0,1.0,0.0
84000.0,16.1875,1.2112717732735397E-5,84000.0,63.4,57.59226000811077,55.03685503685504,44.37689969604863,84000.0,4039064.0,166233.36666666667,46675.43125448284,103448.26666666668,37685.001058166665,74.8,28.711886280652195,37.9,14.355943140326097,37.9,14.355943140326097,8.0,1.1141720290623112,0.0,0.0,0.0,0.0,1.0,0.0
85000.0,16.453125,1.239640505648115E-5,85000.0,64.7,59.26515728495927,56.41975308641975,46.837349397590366,85000.0,4128320.0,172223.16666666666,46682.07979889687,106419.19999999998,37720.92335725808,76.93333333333335,28.213390478615835,38.966666666666676,14.106695239307918,38.966666666666676,14.106695239307918,8.133333333333333,1.0080138659874618,0.0,0.0,0.0,0.0,1.0,0.0
86000.0,16.671875,1.2637435154627185E-5,86000.0,62.5,57.41365761034973,54.32399512789282,45.730824891461644,86000.0,4259176.0,178220.5333333333,46663.12058289001,110656.0,37401.143349663376,80.46666666666667,28.102930677131845,40.733333333333334,14.051465338565922,40.733333333333334,14.051465338565922,8.266666666666666,0.9071871393197364,0.0,0.0,0.0,0.0,1.0,0.0
87000.0,16.9375,1.2938033000359109E-5,87000.0,61.7,56.44886551000311,52.422360248447205,44.33139534883721,87000.0,4374408.0,184221.33333333337,46672.43228800231,114200.0,37652.79427832039,83.19999999999999,28.89386046228148,42.099999999999994,14.44693023114074,42.099999999999994,14.44693023114074,8.43333333333333,1.0063019815944518,0.0,0.0,0.0,0.0,1.0,0.0
88000.0,17.171875,1.3210409928837588E-5,88000.0,61.8,56.175019990844945,53.471376370280154,43.657817109144545,88000.0,4492224.0,190242.83333333337,46684.60451767011,117930.4,37676.625906476176,85.53333333333333,28.671424357932477,43.266666666666666,14.335712178966238,43.266666666666666,14.335712178966238,8.5,0.9737945687202025,0.0,0.0,0.0,0.0,1.0,0.0
89000.0,17.515625,1.362035406701681E-5,89000.0,59.5,54.53810716883536,50.42839657282742,42.79661016949153,89000.0,4609824.0,196226.23333333334,46677.724483351565,121731.99999999999,37300.75389457227,88.19999999999997,28.00788066438346,44.59999999999999,14.00394033219173,44.59999999999999,14.00394033219173,8.533333333333331,0.937102406111643,0.0,0.0,0.0,0.0,1.0,0.0
90000.0,17.84375,1.3753576462881436E-5,90000.0,50.9,42.40205710290559,37.37244897959184,23.639191290824265,90000.0,1569424.0,40187.5,76157.69986192216,26396.26666666667,49053.48364931214,18.0,35.74912586343895,9.5,17.874562931719474,9.5,17.874562931719474,1.6666666666666667,3.397091386032686,0.0,0.0,0.0,0.0,1.0,0.0
91000.0,18.0,1.3799749689901044E-5,91000.0,45.7,32.319581204038386,31.1787072243346,14.622641509433967,91000.0,1142280.0,27048.733333333334,57082.6176676272,13154.133333333333,31203.21836156553,8.399999999999999,22.894962553907522,4.699999999999999,11.447481276953761,4.699999999999999,11.447481276953761,0.8666666666666667,2.648790658776753,0.0,0.0,0.0,0.0,1.0,0.0
92000.0,18.140625,1.3838807321412286E-5,92000.0,46.800000000000004,33.766589477353655,31.88220230473752,16.35220125786164,92000.0,1073608.0,26503.23333333333,48127.64304730189,10914.666666666668,30034.49972756426,6.8,22.149025042760403,3.900000000000001,11.074512521380202,3.900000000000001,11.074512521380202,0.6333333333333333,2.4138013136149366,0.0,0.0,0.0,0.0,1.0,0.0
93000.0,18.296875,1.3893490831833337E-5,93000.0,49.7,35.371549348254845,36.248415716096325,20.66246056782334,93000.0,1352816.0,32465.13333333333,48135.04536608855,20104.533333333333,29358.691237077022,13.600000000000001,21.47107115520146,7.300000000000001,10.73553557760073,7.300000000000001,10.73553557760073,3.0,2.181426297094443,0.0,0.0,0.0,0.0,1.0,0.0
94000.0,18.46875,1.3962048914335259E-5,94000.0,55.50000000000001,43.14029142836699,44.651741293532346,29.69984202211691,94000.0,1541872.0,38474.03333333332,48122.86258754295,26216.53333333334,28613.66995677769,18.066666666666666,20.8093701263991,9.533333333333333,10.40468506319955,9.533333333333333,10.40468506319955,3.999999999999999,1.7811271131234427,0.0,0.0,0.0,0.0,1.0,0.0
95000.0,18.671875,1.4050317080950163E-5,95000.0,55.50000000000001,43.41467632559068,42.580645161290334,29.69984202211691,95000.0,1679744.0,44474.666666666664,48110.965844656945,30490.133333333335,28261.002090407605,20.866666666666664,20.949419106971447,10.933333333333332,10.474709553485724,10.933333333333332,10.474709553485724,4.466666666666668,1.5916448515084427,0.0,0.0,0.0,0.0,1.0,0.0
96000.0,18.84375,1.4130806860824431E-5,96000.0,56.89999999999999,46.725931492761646,45.304568527918775,33.9969372128637,96000.0,1810216.0,50461.8,48135.92336104804,34706.4,28477.898035566774,24.066666666666663,20.79610927360068,12.533333333333331,10.39805463680034,12.533333333333331,10.39805463680034,5.0,1.5085960589122318,0.0,0.0,0.0,0.0,1.0,0.0
97000.0,19.046875,1.4231075442189149E-5,97000.0,60.199999999999996,50.971334244921586,50.803461063040785,38.76923076923077,97000.0,1908112.0,56465.166666666664,48134.12951117794,37863.99999999999,28714.009095645764,26.133333333333336,21.53222658271075,13.566666666666668,10.766113291355374,13.566666666666668,10.766113291355374,5.433333333333334,1.5465943304527228,0.0,0.0,0.0,0.0,1.0,0.0
98000.0,19.203125,1.4311680764270331E-5,98000.0,58.3,47.96982499394852,44.47403462050599,33.386581469648554,98000.0,1994096.0,62462.53333333334,48116.87265021264,40448.26666666668,29719.66190801027,28.133333333333336,22.564441561636436,14.566666666666668,11.282220780818218,14.566666666666668,11.282220780818218,5.699999999999998,1.643167672515499,0.0,0.0,0.0,0.0,1.0,0.0
99000.0,19.421875,1.4431427310531344E-5,99000.0,56.8,46.288965366329144,45.523329129886505,32.182103610675036,99000.0,2116008.0,68435.0,48129.28212350707,44419.733333333344,31373.7943435703,30.933333333333334,23.202160026278964,15.966666666666667,11.601080013139482,15.966666666666667,11.601080013139482,5.866666666666665,1.6344003083137535,0.0,0.0,0.0,0.0,1.0,0.0
100000.0,19.65625,1.456747510625671E-5,100000.0,58.4,48.65300540377746,46.391752577319586,35.40372670807453,100000.0,2243792.0,74432.36666666665,48127.63011172756,48576.26666666668,31725.521003774225,34.4,23.58345416483403,17.7,11.791727082417015,17.7,11.791727082417015,6.0666666666666655,1.6386144974533723,0.0,0.0,0.0,0.0,1.0,0.0
101000.0,19.84375,1.4682215599653627E-5,101000.0,57.8,48.55829125759131,47.31585518102372,35.176651305683556,101000.0,2365472.0,80457.39999999998,48110.183691906284,52571.2,31649.043851548522,36.999999999999986,23.347450573368008,18.999999999999993,11.673725286684002,18.999999999999993,11.673725286684002,6.433333333333334,1.4546793303071945,0.0,0.0,0.0,0.0,1.0,0.0
102000.0,20.09375,1.4843249551227529E-5,102000.0,57.8,47.14084584667337,44.546649145860705,32.90937996820349,102000.0,2489888.0,86467.30000000003,48093.91701240971,56632.53333333334,30854.55574446836,39.933333333333344,22.613595747772578,20.466666666666672,11.306797873886289,20.466666666666672,11.306797873886289,6.7,1.3429252681597992,0.0,0.0,0.0,0.0,1.0,0.0
103000.0,20.328125,1.5002362617653696E-5,103000.0,58.3,49.190025648680084,47.348484848484844,37.293233082706756,103000.0,2624200.0,92446.93333333332,48098.41490465387,60436.266666666656,30764.30424005576,42.733333333333334,22.145184474334346,21.866666666666667,11.072592237167173,21.866666666666667,11.072592237167173,6.8,1.2972118642263706,0.0,0.0,0.0,0.0,1.0,0.0
104000.0,20.5625,1.5166623181559978E-5,104000.0,59.5,49.71392812444127,47.94344473007712,35.91772151898734,104000.0,2709096.0,98446.36666666665,48078.18321950723,63144.8,31006.998122670797,44.86666666666666,22.553741693293734,22.93333333333333,11.276870846646867,22.93333333333333,11.276870846646867,6.866666666666667,1.306042543884686,0.0,0.0,0.0,0.0,1.0,0.0
105000.0,20.78125,1.532542913789965E-5,105000.0,63.1,54.9596834239429,52.63157894736842,42.701863354037265,105000.0,2806216.0,104439.96666666669,48083.11834764187,66303.20000000001,31496.762332133385,47.06666666666666,22.896970637353235,24.03333333333333,11.448485318676617,24.03333333333333,11.448485318676617,6.933333333333332,1.311312407431981,0.0,0.0,0.0,0.0,1.0,0.0
106000.0,20.984375,1.547739081110599E-5,106000.0,60.099999999999994,49.6237563759406,49.42965779467681,34.803921568627445,106000.0,2891832.0,110433.46666666669,48062.34970200854,69158.4,31839.492035455936,49.0,22.9121259869393,25.0,11.45606299346965,25.0,11.45606299346965,6.999999999999999,1.3130643285972259,0.0,0.0,0.0,0.0,1.0,0.0
107000.0,21.1875,1.5635536821921258E-5,107000.0,61.4,52.4174640234116,50.44929396662388,39.968895800933126,107000.0,3009520.0,116445.83333333333,48073.908571241554,73007.20000000001,32150.516450402258,52.46666666666666,23.18104655834654,26.73333333333333,11.59052327917327,26.73333333333333,11.59052327917327,7.366666666666665,1.3256965204630422,0.0,0.0,0.0,0.0,1.0,0.0
108000.0,21.40625,1.5812726180431336E-5,108000.0,59.4,51.27003959609344,48.542458808618505,38.20395738203957,108000.0,3131064.0,122459.33333333331,48096.70836205289,77004.53333333331,32078.044118436646,54.8,23.1060523493827,27.9,11.55302617469135,27.9,11.55302617469135,7.499999999999999,1.1670771035014103,0.0,0.0,0.0,0.0,1.0,0.0
109000.0,21.625,1.5998069138731813E-5,109000.0,59.9,50.5073918012594,49.176172370088715,37.04866562009419,109000.0,3275144.0,128454.83333333334,48076.78584276682,81516.0,32024.037230676026,58.0,23.381395492408355,29.5,11.690697746204178,29.5,11.690697746204178,7.566666666666667,1.19433528860584,0.0,0.0,0.0,0.0,1.0,0.0
110000.0,21.890625,1.6231106807632997E-5,110000.0,62.4,54.103803525218495,52.22363405336722,41.06583072100314,110000.0,3391248.0,134421.16666666666,48067.75483669098,85316.79999999999,31231.244097692543,60.266666666666666,22.311174459161187,30.633333333333333,11.155587229580593,30.633333333333333,11.155587229580593,7.633333333333334,1.159171325093724,0.0,0.0,0.0,0.0,1.0,0.0
111000.0,22.140625,1.6455341343923166E-5,111000.0,60.699999999999996,51.89053075884424,49.35567010309278,38.88024883359253,111000.0,3467088.0,140429.46666666667,48072.55265327918,87818.93333333332,30659.126864024813,62.2,22.125659935608855,31.6,11.062829967804428,31.6,11.062829967804428,7.733333333333333,1.1121068335350714,0.0,0.0,0.0,0.0,1.0,0.0
112000.0,22.375,1.6672778001520787E-5,112000.0,60.4,52.42060187938622,49.034749034749034,38.983050847457626,112000.0,3586112.0,146439.93333333335,48059.775844278534,91708.26666666669,30427.320771072616,64.93333333333334,21.899351798521398,32.96666666666667,10.949675899260699,32.96666666666667,10.949675899260699,7.8,1.0954451150103324,0.0,0.0,0.0,0.0,1.0,0.0
113000.0,22.59375,1.688216706194605E-5,113000.0,62.1,53.41645443908003,51.964512040557665,40.03164556962025,113000.0,3700056.0,152435.9,48044.31504447851,95342.66666666666,30844.90777772065,67.66666666666667,22.556187824971715,34.33333333333334,11.278093912485858,34.33333333333334,11.278093912485858,7.866666666666665,1.1665845619713493,0.0,0.0,0.0,0.0,1.0,0.0
114000.0,22.8125,1.7099356595685502E-5,114000.0,58.3,50.07440948322823,49.02200488997554,37.293233082706756,114000.0,3837896.0,158445.7666666667,48055.05059801894,99810.66666666666,31306.431611250187,70.80000000000001,22.817718463116965,35.900000000000006,11.408859231558482,35.900000000000006,11.408859231558482,8.033333333333333,1.0661996103898195,0.0,0.0,0.0,0.0,1.0,0.0
115000.0,23.03125,1.7324145139557208E-5,115000.0,60.6,52.2551562007707,50.502512562814076,38.72472783825817,115000.0,3972176.0,164475.2333333333,48062.194866926715,104204.53333333334,31878.179963334052,73.93333333333332,23.048574394291624,37.46666666666666,11.524287197145812,37.46666666666666,11.524287197145812,8.133333333333333,1.1058881072455415,0.0,0.0,0.0,0.0,1.0,0.0
116000.0,23.296875,1.7603332299687384E-5,116000.0,58.599999999999994,49.35618747507566,49.57369062119367,35.71428571428571,116000.0,4062832.0,170501.80000000002,48079.689059898796,107151.99999999999,31534.75404736156,76.20000000000003,22.873565528793275,38.600000000000016,11.436782764396638,38.600000000000016,11.436782764396638,8.3,1.1492126240049811,0.0,0.0,0.0,0.0,1.0,0.0
117000.0,23.59375,1.7922349054262872E-5,117000.0,60.4,52.97247227038453,49.554140127388536,40.09077155824507,117000.0,4153768.0,176510.73333333334,48046.21420008989,110110.93333333332,31845.22859397148,78.39999999999999,23.53075756800316,39.699999999999996,11.76537878400158,39.699999999999996,11.76537878400158,8.366666666666667,1.1591713250937243,0.0,0.0,0.0,0.0,1.0,0.0
118000.0,23.890625,1.824889791249815E-5,118000.0,60.699999999999996,51.36192789931795,48.69451697127937,37.51987281399046,118000.0,4251840.0,182514.9333333333,48055.48538062868,113318.66666666669,32170.01992360368,80.93333333333332,23.602941566141975,40.96666666666666,11.801470783070988,40.96666666666666,11.801470783070988,8.433333333333334,1.1351236704106018,0.0,0.0,0.0,0.0,1.0,0.0
119000.0,24.15625,1.854677564956041E-5,119000.0,61.199999999999996,52.08977487133388,51.071878940731395,37.41935483870967,119000.0,4334824.0,188512.69999999998,48083.27115439315,116041.59999999999,32805.85915035763,82.39999999999998,23.983615096633123,41.69999999999999,11.991807548316562,41.69999999999999,11.991807548316562,8.533333333333335,1.1366415543118709,0.0,0.0,0.0,0.0,1.0,0.0
120000.0,24.453125,1.8889375464318116E-5,120000.0,62.3,54.22418492943603,51.29198966408269,40.816326530612244,120000.0,4460832.0,194507.90000000002,48097.9299678952,120065.33333333334,33156.931072717205,85.73333333333335,25.175156518820824,43.366666666666674,12.587578259410412,43.366666666666674,12.587578259410412,8.6,1.1325893433586842,0.0,0.0,0.0,0.0,1.0,0.0
121000.0,24.75,1.9241567513543288E-5,121000.0,63.0,55.304293203836586,51.50720838794234,42.00626959247649,121000.0,4585728.0,200510.53333333335,48140.51288477507,124044.0,34527.56682160922,88.73333333333332,25.264031039559306,44.86666666666666,12.632015519779653,44.86666666666666,12.632015519779653,8.700000000000003,1.0875470659652646,0.0,0.0,0.0,0.0,1.0,0.0
122000.0,25.125,1.933182974527073E-5,122000.0,49.3,40.65622278613767,38.019559902200484,27.982954545454547,122000.0,930416.0,8776.666666666668,35157.675741439874,7026.4,21808.730339176018,3.8666666666666654,15.701379981814762,2.433333333333333,7.850689990907381,2.433333333333333,7.850689990907381,0.23333333333333342,1.2780193008453875,0.0,0.0,0.0,0.0,1.0,0.0
123000.0,25.28125,1.9364872294115943E-5,123000.0,42.0,35.34557234217352,29.354445797807553,20.65663474692202,123000.0,817440.0,8254.033333333335,876.051820358832,3044.7999999999993,14.186929390013981,1.0,0.0,1.0,0.0,1.0,0.0,0.0,0.0,0.0,0.0,0.0,0.0,1.0,0.0
124000.0,25.453125,1.941471415597739E-5,124000.0,43.5,34.1114018761341,27.933673469387756,19.971671388101985,124000.0,1120944.0,14252.8,864.1619979035701,12961.066666666666,3283.2177544275837,8.533333333333333,2.713101461469859,4.766666666666667,1.3565507307349296,4.766666666666667,1.3565507307349296,2.6666666666666665,0.9942362632324557,0.0,0.0,0.0,0.0,1.0,0.0
125000.0,25.625,1.9468869755251545E-5,125000.0,49.2,41.41330033410565,38.942307692307686,30.978260869565215,125000.0,1217960.0,20261.4,869.4186166827132,15831.466666666667,3329.491663937587,10.666666666666666,3.0209993018220302,5.833333333333333,1.5104996509110151,5.833333333333333,1.5104996509110151,3.433333333333333,0.9714309861845772,0.0,0.0,0.0,0.0,1.0,0.0
126000.0,25.796875,1.952622570873549E-5,126000.0,49.3,43.15455234490275,37.17472118959108,31.57894736842105,126000.0,1289936.0,26270.066666666673,861.0471144678047,18113.600000000002,5114.059225851539,12.333333333333336,4.17986415662233,6.666666666666668,2.089932078311165,6.666666666666668,2.089932078311165,3.6999999999999997,0.9153857298880942,0.0,0.0,0.0,0.0,1.0,0.0
127000.0,25.96875,1.9587456093480194E-5,127000.0,52.6,46.11670848116188,41.911764705882355,35.06849315068493,127000.0,1377072.0,32288.833333333332,845.3504510305007,20780.266666666663,6694.755780528483,14.199999999999998,5.371701072639198,7.599999999999999,2.685850536319599,7.599999999999999,2.685850536319599,3.933333333333333,0.9444331755018487,0.0,0.0,0.0,0.0,1.0,0.0
128000.0,26.09375,1.9636104762968093E-5,128000.0,46.400000000000006,39.74427289549004,34.23312883435584,27.762803234501348,128000.0,1504400.0,38285.36666666668,872.3309828718458,24907.199999999997,8817.878165291864,17.4,6.956019472122812,9.2,3.478009736061406,9.2,3.478009736061406,4.400000000000001,1.1325893433586842,0.0,0.0,0.0,0.0,1.0,0.0
129000.0,26.296875,1.9719525848308374E-5,129000.0,53.0,46.199202603500716,41.1764705882353,33.333333333333336,129000.0,1587504.0,44284.566666666666,907.0980893366276,27558.93333333333,9288.70738541989,19.066666666666666,7.133859686241978,10.033333333333333,3.566929843120989,10.033333333333333,3.566929843120989,4.666666666666666,0.9589266029707685,0.0,0.0,0.0,0.0,1.0,0.0
130000.0,26.484375,1.9800801981343995E-5,130000.0,53.5,47.93649371878988,43.361753958587094,36.99186991869919,130000.0,1675576.0,50256.5,893.869108291936,30449.333333333336,10238.95405936979,21.46666666666667,7.767009513423375,11.233333333333334,3.8835047567116874,11.233333333333334,3.8835047567116874,5.199999999999999,1.0305673027596214,0.0,0.0,0.0,0.0,1.0,0.0
131000.0,26.65625,1.9881207812836192E-5,131000.0,54.2,47.82957356941401,44.81927710843374,35.583684950773566,131000.0,1808328.0,56258.43333333334,917.3470250498535,34861.066666666666,11000.920234025984,24.599999999999998,8.556505893380093,12.799999999999999,4.2782529466900465,12.799999999999999,4.2782529466900465,5.433333333333333,0.9352607356658145,0.0,0.0,0.0,0.0,1.0,0.0
132000.0,26.828125,1.9967541965242067E-5,132000.0,55.1,49.939459078573876,45.96871239470518,38.49315068493151,132000.0,1941656.0,62268.79999999999,916.1106468333286,39236.26666666666,10327.717559819417,28.266666666666666,8.295962180829125,14.633333333333335,4.147981090414563,14.633333333333335,4.147981090414563,5.9,1.2134305884983485,0.0,0.0,0.0,0.0,1.0,0.0
133000.0,27.0,2.006075277070826E-5,133000.0,55.900000000000006,49.59976959894674,45.149253731343286,36.45533141210376,133000.0,2096312.0,68278.70000000001,918.6830585511887,44313.06666666667,11434.833795313196,31.666666666666668,9.488044503781964,16.333333333333332,4.744022251890982,16.333333333333332,4.744022251890982,6.000000000000001,1.2317635241028797,0.0,0.0,0.0,0.0,1.0,0.0
134000.0,27.265625,2.021353349037883E-5,134000.0,53.5,47.42709324963877,42.01995012468828,34.229137199434234,134000.0,2223320.0,74284.99999999999,924.905847957623,48398.66666666667,13090.071344958054,34.400000000000006,10.5327076782033,17.700000000000003,5.26635383910165,17.700000000000003,5.26635383910165,6.300000000000001,1.1788363637137231,0.0,0.0,0.0,0.0,1.0,0.0
135000.0,27.4375,2.031701694553098E-5,135000.0,57.9,52.60567471056814,48.088779284833535,40.028490028490026,135000.0,2327344.0,80275.83333333334,935.9038811291704,51781.33333333333,13379.909564493439,36.93333333333333,10.64127725459662,18.966666666666665,5.32063862729831,18.966666666666665,5.32063862729831,6.566666666666666,1.072648457158112,0.0,0.0,0.0,0.0,1.0,0.0
136000.0,27.640625,2.0445183779682144E-5,136000.0,54.0,48.654582634310124,44.106925880923455,36.1997226074896,136000.0,2439016.0,86285.99999999999,933.6749785215627,55375.46666666666,14319.10333287218,39.133333333333326,11.385814929516261,20.066666666666663,5.692907464758131,20.066666666666663,5.692907464758131,6.733333333333334,0.9802650357071221,0.0,0.0,0.0,0.0,1.0,0.0
137000.0,27.859375,2.0591326982765984E-5,137000.0,55.300000000000004,50.08748647504877,45.554202192448244,38.088642659279785,137000.0,2582456.0,92283.83333333336,938.0019514476176,59614.666666666664,14752.837598082695,42.199999999999996,11.454256850621084,21.599999999999998,5.727128425310542,21.599999999999998,5.727128425310542,6.933333333333333,1.048260737942924,0.0,0.0,0.0,0.0,1.0,0.0
138000.0,28.078125,2.0744126619926353E-5,138000.0,57.199999999999996,51.95243740345583,46.89826302729528,38.681948424068764,138000.0,2700080.0,98288.33333333333,952.755073397701,63434.666666666664,14932.203027831083,45.33333333333334,11.39973784735885,23.16666666666667,5.699868923679425,23.16666666666667,5.699868923679425,7.066666666666667,1.1426929274467317,0.0,0.0,0.0,0.0,1.0,0.0
139000.0,28.28125,2.089117731278142E-5,139000.0,56.39999999999999,51.63991703361912,46.699266503667474,39.52843273231622,139000.0,2798376.0,104291.33333333336,951.5111514135656,66602.40000000002,15916.656470936136,47.466666666666654,12.829742742961555,24.233333333333327,6.4148713714807775,24.233333333333327,6.4148713714807775,7.233333333333333,1.1943352886058403,0.0,0.0,0.0,0.0,1.0,0.0
140000.0,28.46875,2.1033375912035512E-5,140000.0,56.3,51.536417554241496,44.962216624685134,39.22114047287899,140000.0,2931544.0,110294.53333333334,938.6243688223353,70954.13333333333,16956.71457225891,50.13333333333333,13.325457444003714,25.566666666666666,6.662728722001857,25.566666666666666,6.662728722001857,7.366666666666667,1.217213701616236,0.0,0.0,0.0,0.0,1.0,0.0
141000.0,28.671875,2.1192141996127455E-5,141000.0,55.60000000000001,51.26598673205513,46.18181818181819,39.591836734693885,141000.0,3021320.0,116275.1,965.804590430461,73837.33333333334,16990.280883662494,52.733333333333334,12.979913748540095,26.866666666666667,6.489956874270048,26.866666666666667,6.489956874270048,7.6000000000000005,1.1325893433586842,0.0,0.0,0.0,0.0,1.0,0.0
142000.0,28.84375,2.133141912054271E-5,142000.0,55.50000000000001,51.090677883204535,44.72049689440995,38.62068965517242,142000.0,3132344.0,122277.93333333333,998.583339064633,77439.19999999998,17090.540473687735,54.66666666666667,13.194391006143045,27.833333333333336,6.597195503071522,27.833333333333336,6.597195503071522,7.733333333333334,1.0482607379429238,0.0,0.0,0.0,0.0,1.0,0.0
143000.0,29.03125,2.148727595340461E-5,143000.0,55.300000000000004,50.05363368195228,46.78571428571429,37.74373259052926,143000.0,3213120.0,128296.10000000002,977.3391163131982,80086.66666666669,17156.3480185421,56.53333333333333,13.325457444003714,28.766666666666666,6.662728722001857,28.766666666666666,6.662728722001857,7.866666666666665,1.0080138659874618,0.0,0.0,0.0,0.0,1.0,0.0
144000.0,29.25,2.1673997010414803E-5,144000.0,56.599999999999994,52.10569412533299,47.710843373493965,39.889196675900266,144000.0,3299496.0,134294.7666666667,993.6792892503394,82912.53333333331,17607.027178106324,58.8,14.223341670502824,29.9,7.111670835251412,29.9,7.111670835251412,7.966666666666667,0.9994251221140301,0.0,0.0,0.0,0.0,1.0,0.0
145000.0,29.453125,2.1851776012529932E-5,145000.0,57.199999999999996,51.92761286902295,46.09571788413098,38.50574712643678,145000.0,3383136.0,140297.83333333334,997.8853186591141,85653.6,18357.74904990561,60.53333333333334,14.665778447503712,30.76666666666667,7.332889223751856,30.76666666666667,7.332889223751856,8.2,1.0954451150103321,0.0,0.0,0.0,0.0,1.0,0.0
146000.0,29.65625,2.2035116756645345E-5,146000.0,61.3,56.63457401032702,52.04460966542751,45.02840909090909,146000.0,3488976.0,146304.86666666667,999.4363146926531,89131.2,19146.648127292276,63.33333333333332,15.104996509110157,32.166666666666664,7.552498254555077,32.166666666666664,7.552498254555077,8.433333333333332,1.19433528860584,0.0,0.0,0.0,0.0,1.0,0.0
147000.0,29.890625,2.22522730473429E-5,147000.0,61.0,56.01609585333285,51.066499372647435,44.44444444444445,147000.0,3581488.0,152331.43333333332,981.5208355275583,92154.66666666666,19523.87958431901,65.33333333333333,15.114125234666922,33.166666666666664,7.557062617333461,33.166666666666664,7.557062617333461,8.466666666666665,1.1957780134587124,0.0,0.0,0.0,0.0,1.0,0.0
148000.0,30.09375,2.2445806955349533E-5,148000.0,58.3,52.886253632390755,49.45454545454545,40.08620689655172,148000.0,3682952.0,158329.69999999998,1019.8878623280758,95466.4,20193.2268221217,68.13333333333334,16.313170759539208,34.56666666666667,8.156585379769604,34.56666666666667,8.156585379769604,8.699999999999998,1.235955584516107,0.0,0.0,0.0,0.0,1.0,0.0
149000.0,30.296875,2.264614527424177E-5,149000.0,57.99999999999999,52.94412899582771,48.59241126070991,41.422594142259406,149000.0,3812440.0,164312.4,1027.4448252658235,99637.33333333333,20648.285675409796,71.26666666666667,16.21181632346441,36.13333333333333,8.105908161732206,36.13333333333333,8.105908161732206,8.833333333333332,1.3412123525798008,0.0,0.0,0.0,0.0,1.0,0.0
150000.0,30.484375,2.2836069498832033E-5,150000.0,60.0,56.087289685563036,51.040391676866584,46.091644204851754,150000.0,3915448.0,170329.99999999997,1029.690244685262,103005.86666666668,21556.237448755437,73.8,17.080741322844595,37.4,8.540370661422298,37.4,8.540370661422298,8.933333333333334,1.436790804568276,0.0,0.0,0.0,0.0,1.0,0.0
151000.0,30.703125,2.306302886507992E-5,151000.0,59.4,55.42576083615124,50.427350427350426,45.13513513513513,151000.0,4010536.0,176324.80000000005,1008.3225537563802,106078.13333333336,21942.64259025512,75.53333333333333,17.39546776751274,38.266666666666666,8.69773388375637,38.266666666666666,8.69773388375637,9.033333333333331,1.3767361035618175,0.0,0.0,0.0,0.0,1.0,0.0
152000.0,30.96875,2.334569147529288E-5,152000.0,59.5,55.18721784544569,50.72992700729927,44.74761255115961,152000.0,4113408.0,182311.03333333335,1015.7628179348009,109392.26666666668,22181.770208475456,78.66666666666667,17.29327821045992,39.833333333333336,8.64663910522996,39.833333333333336,8.64663910522996,9.166666666666666,1.366680683976335,0.0,0.0,0.0,0.0,1.0,0.0
153000.0,31.1875,2.3584903424812695E-5,153000.0,60.8,56.69895834483978,51.485148514851474,45.70637119113573,153000.0,4227048.0,188313.19999999998,1027.154166986934,113114.93333333333,21573.66726763701,81.4,16.777653446546505,41.2,8.388826723273253,41.2,8.388826723273253,9.233333333333336,1.2780193008453868,0.0,0.0,0.0,0.0,1.0,0.0
154000.0,31.40625,2.3829132486652174E-5,154000.0,56.00000000000001,50.81936062933335,45.54455445544555,37.9407616361072,154000.0,4315704.0,194318.0,1027.5027980497227,116013.60000000002,21416.79085010734,83.4,17.247888426483215,42.2,8.623944213241607,42.2,8.623944213241607,9.26666666666667,1.2576204496597125,0.0,0.0,0.0,0.0,1.0,0.0
155000.0,31.671875,2.413214533589781E-5,155000.0,58.599999999999994,53.91192055929109,48.24999999999999,41.690140845070424,155000.0,4409552.0,200330.30000000002,1046.9644182604502,119061.06666666667,21805.72988749601,85.19999999999999,17.287428160770276,43.099999999999994,8.643714080385138,43.099999999999994,8.643714080385138,9.333333333333336,1.2685406585123116,0.0,0.0,0.0,0.0,1.0,0.0
156000.0,31.921875,2.4424333306443367E-5,156000.0,57.9,53.29710253449191,49.09310761789601,41.93103448275861,156000.0,4517776.0,206318.90000000005,1040.1253356173522,122317.59999999999,21729.911972146634,87.66666666666664,17.086662137132162,44.33333333333332,8.543331068566081,44.33333333333332,8.543331068566081,9.366666666666667,1.2452207485597395,0.0,0.0,0.0,0.0,1.0,0.0
157000.0,32.1875,2.4739782901532542E-5,157000.0,58.8,53.39023796998647,50.121065375302656,41.39402560455191,157000.0,4590536.0,212321.30000000002,1069.467645526309,124680.26666666666,22100.012268577237,89.13333333333334,17.323958561191635,45.06666666666667,8.661979280595817,45.06666666666667,8.661979280595817,9.433333333333335,1.1943352886058398,0.0,0.0,0.0,0.0,1.0,0.0
158000.0,32.390625,2.4984824509980784E-5,158000.0,57.199999999999996,51.62617430852554,47.355473554735546,38.23953823953823,158000.0,4663144.0,218313.13333333336,1091.89420143457,127069.06666666667,22457.7208518022,91.13333333333333,18.049230250724772,46.06666666666666,9.024615125362386,46.06666666666666,9.024615125362386,9.466666666666667,1.1957780134587122,0.0,0.0,0.0,0.0,1.0,0.0
159000.0,32.703125,2.537175993590306E-5,159000.0,58.699999999999996,53.90933642836416,49.99999999999999,43.34705075445815,159000.0,4786200.0,224309.56666666665,1116.1430412387772,131077.6,23980.03566417641,93.60000000000001,18.622566955175646,47.300000000000004,9.311283477587823,47.300000000000004,9.311283477587823,9.533333333333333,1.1957780134587124,0.0,0.0,0.0,0.0,1.0,0.0
160000.0,32.921875,2.5647394617812508E-5,160000.0,59.099999999999994,54.42632887922198,48.87499999999999,43.35180055401661,160000.0,4870664.0,230304.56666666665,1114.714952997751,133829.06666666674,24792.86299826171,95.73333333333333,19.549994855512743,48.36666666666667,9.774997427756372,48.36666666666667,9.774997427756372,9.566666666666665,1.1651056880677466,0.0,0.0,0.0,0.0,1.0,0.0
161000.0,33.21875,2.6027667853567344E-5,161000.0,59.4,54.7410429625666,49.9383477188656,44.07713498622589,161000.0,4951360.0,236325.2666666667,1122.8360930937458,136454.13333333336,25921.013405760375,97.73333333333335,20.037780407973358,49.366666666666674,10.018890203986679,49.366666666666674,10.018890203986679,9.599999999999998,1.1325893433586844,0.0,0.0,0.0,0.0,1.0,0.0
162000.0,33.484375,2.6374712599337938E-5,162000.0,60.9,56.24690175471184,51.96560196560196,45.46722454672245,162000.0,5050320.0,242344.79999999996,1139.2515510420553,139670.6666666667,25780.108243711293,100.0,20.10146675039514,50.5,10.05073337519757,50.5,10.05073337519757,9.666666666666664,1.18418699983352,0.0,0.0,0.0,0.0,1.0,0.0
163000.0,33.78125,2.6769946206412803E-5,163000.0,57.3,52.78188770714597,48.367593712212816,41.10344827586206,163000.0,5146152.0,248374.86666666667,1169.3625948186123,142790.93333333332,25209.784787456738,102.00000000000001,19.403163624025066,51.50000000000001,9.701581812012533,51.50000000000001,9.701581812012533,9.666666666666664,1.18418699983352,0.0,0.0,0.0,0.0,1.0,0.0
164000.0,34.0625,2.7151314651645313E-5,164000.0,60.099999999999994,55.70269514128508,51.51883353584448,45.26748971193415,164000.0,5241488.0,254367.36666666667,1168.38956314423,145894.1333333333,25137.85534392213,104.46666666666668,19.791557470963138,52.73333333333334,9.895778735481569,52.73333333333334,9.895778735481569,9.766666666666667,1.250746903290971,0.0,0.0,0.0,0.0,1.0,0.0
164860.0,34.265625,2.7430467436917962E-5,164860.0,62.6,58.02638726156968,53.54037267080746,47.47191011235955,164860.0,5312280.0,259519.40000000002,1158.8381101418959,148209.59999999998,25788.540317291165,105.86666666666666,19.80374979005558,53.43333333333333,9.90187489502779,53.43333333333333,9.90187489502779,9.8,1.214850636483974,0.0,0.0,0.0,0.0,1.0,0.0
