learning evaluation instances,evaluation time (cpu seconds),model cost (RAM-Hours),classified instances,classifications correct (percent),Kappa Statistic (percent),Kappa Temporal Statistic (percent),Kappa M Statistic (percent),model training instances,model serialized size (bytes),[avg] model training instances,[err] model training instances,[avg] model serialized size (bytes),[err] model serialized size (bytes),[avg] tree size (nodes),[err] tree size (nodes),[avg] tree size (leaves),[err] tree size (leaves),[avg] active learning leaves,[err] active learning leaves,[avg] tree depth,[err] tree depth,[avg] active leaf byte size estimate,[err] active leaf byte size estimate,[avg] inactive leaf byte size estimate,[err] inactive leaf byte size estimate,[avg] byte size estimate overhead,[err] byte size estimate overhead
1000.0,0.28125,9.002978913486004E-8,1000.0,49.6,31.355443962752155,34.54545454545455,17.512274959083467,1000.0,1257984.0,5990.479999999999,68.7296507917739,6144.959999999999,4736.627823802974,3.2399999999999998,3.4437758110444263,2.1199999999999997,1.7218879055222132,2.1199999999999997,1.7218879055222132,0.82,1.2069526477362527,0.0,0.0,0.0,0.0,1.0,0.0
2000.0,0.578125,2.1143434827940332E-7,2000.0,51.1,32.19417701895651,34.62566844919786,18.5,2000.0,1580752.0,11987.52,89.48748401826,12208.8,7387.610544081247,7.999999999999999,5.844935012993938,4.499999999999999,2.922467506496969,4.499999999999999,2.922467506496969,2.18,1.6123249786363463,0.0,0.0,0.0,0.0,1.0,0.0
3000.0,0.859375,3.4599532631950246E-7,3000.0,54.50000000000001,37.71994782163541,41.96428571428572,25.531914893617024,3000.0,1849392.0,18004.139999999992,114.64817700162443,17205.760000000013,8543.47610409396,11.320000000000002,6.354943439752157,6.160000000000001,3.1774717198760785,6.160000000000001,3.1774717198760785,3.1400000000000006,1.5909181022803358,0.0,0.0,0.0,0.0,1.0,0.0
4000.0,1.09375,4.715744742295808E-7,4000.0,55.1,37.94416910144816,42.729591836734706,26.272577996715935,4000.0,2071136.0,24005.759999999995,140.10412454416098,21603.68,7202.561759229157,14.399999999999999,5.674864018868916,7.699999999999999,2.837432009434458,7.699999999999999,2.837432009434458,3.94,1.1322724125962491,0.0,0.0,0.0,0.0,1.0,0.0
5000.0,1.3125,5.985954259004858E-7,5000.0,56.699999999999996,41.29124019204408,45.05076142131979,29.248366013071887,5000.0,2244552.0,29990.440000000002,144.5546517651326,25041.760000000002,8496.211425940723,16.840000000000007,6.686446846313176,8.92,3.3432234231565885,8.92,3.3432234231565885,4.279999999999999,1.19591140208322,0.0,0.0,0.0,0.0,1.0,0.0
6000.0,1.59375,7.729163108807471E-7,6000.0,59.3,47.01100400477031,48.675914249684745,35.80441640378548,6000.0,2395848.0,35980.42,154.39772256964736,27741.12,10156.339981609557,18.520000000000003,7.89275048408865,9.760000000000002,3.9463752420443248,9.760000000000002,3.9463752420443248,4.599999999999999,1.3248026422136723,0.0,0.0,0.0,0.0,1.0,0.0
7000.0,1.828125,9.303942270990875E-7,7000.0,57.4,42.82800085892205,44.53124999999999,30.844155844155836,7000.0,2597232.0,41983.92,177.95939000175167,31715.52,11268.746351583506,21.999999999999993,8.864052604279182,11.499999999999996,4.432026302139591,11.499999999999996,4.432026302139591,5.099999999999999,1.0926470386270255,0.0,0.0,0.0,0.0,1.0,0.0
8000.0,2.140625,1.1569423238850302E-6,8000.0,58.099999999999994,45.25494991938497,46.624203821656046,32.200647249190936,8000.0,2802288.0,47970.38,195.2885766328012,35773.759999999995,11506.797768275934,24.6,9.007933011676828,12.8,4.503966505838414,12.8,4.503966505838414,5.479999999999999,1.1647895491794007,0.0,0.0,0.0,0.0,1.0,0.0
9000.0,2.421875,1.3683508020929165E-6,9000.0,60.0,47.4878861117274,48.45360824742268,34.74714518760195,9000.0,2905576.0,53971.75999999999,196.2668487502854,37828.48000000001,12336.538187788967,25.880000000000006,9.528989067737523,13.440000000000003,4.764494533868762,13.440000000000003,4.764494533868762,5.5200000000000005,1.1993195349608776,0.0,0.0,0.0,0.0,1.0,0.0
10000.0,2.6875,1.5806468177793754E-6,10000.0,56.39999999999999,43.309109679969524,45.018915510718784,31.554160125588687,10000.0,3089408.0,59970.31999999999,215.38645287397424,41469.92,13729.31707777342,28.56,10.753566090998342,14.78,5.376783045499171,14.78,5.376783045499171,5.659999999999999,1.22240979801608,0.0,0.0,0.0,0.0,1.0,0.0
11000.0,3.015625,1.8587461414022577E-6,11000.0,59.9,47.54748522238689,50.37128712871286,34.79674796747967,11000.0,3276144.0,65961.69999999998,221.81737754195896,44909.6,14407.433840818116,31.079999999999995,11.175483370817952,16.040000000000003,5.587741685408977,16.040000000000003,5.587741685408977,5.8,1.178030178747903,0.0,0.0,0.0,0.0,1.0,0.0
12000.0,3.296875,2.11047681255473E-6,12000.0,62.9,50.239414139517415,50.46728971962617,38.166666666666664,12000.0,3459760.0,71971.34,222.9349323942578,48546.40000000001,15664.642395782774,33.68,12.23317670292136,17.34,6.11658835146068,17.34,6.11658835146068,5.920000000000001,1.2751950631097941,0.0,0.0,0.0,0.0,1.0,0.0
13000.0,3.625,2.4181701721520058E-6,13000.0,59.9,44.84568482816198,46.74634794156706,31.217838765008576,13000.0,3624776.0,77987.82000000002,227.7265357880822,51804.64,16209.67423631169,35.76000000000001,12.275011949784282,18.380000000000006,6.137505974892141,18.380000000000006,6.137505974892141,6.080000000000002,1.1752550743544647,0.0,0.0,0.0,0.0,1.0,0.0
14000.0,3.921875,2.7086762646730573E-6,14000.0,60.4,46.54961572413122,47.826086956521735,34.109816971713805,14000.0,3782544.0,83991.34000000004,243.65713699410702,54930.560000000005,16154.927022694083,37.959999999999994,12.277339338166467,19.479999999999997,6.138669669083233,19.479999999999997,6.138669669083233,6.220000000000001,1.1480240344493966,0.0,0.0,0.0,0.0,1.0,0.0
15000.0,4.21875,3.0147098328193856E-6,15000.0,60.3,46.09039974579653,49.297573435504475,33.38926174496643,15000.0,3984720.0,89984.91999999997,252.46554341581827,58920.16000000002,15967.18786450539,41.16000000000001,12.234711409154942,21.080000000000005,6.117355704577471,21.080000000000005,6.117355704577471,6.42,1.0707616972253435,0.0,0.0,0.0,0.0,1.0,0.0
16000.0,4.578125,3.4040646278299392E-6,16000.0,61.0,50.15273712598576,49.80694980694981,38.48580441640379,16000.0,4187936.0,95990.76,266.2130158273975,62943.679999999986,16236.264491261652,43.92000000000002,12.402830486692652,22.46000000000001,6.201415243346326,22.46000000000001,6.201415243346326,6.659999999999998,1.0022423838165933,0.0,0.0,0.0,0.0,1.0,0.0
17000.0,4.875,3.73922081457244E-6,17000.0,61.9,51.285001917913306,51.09114249037228,39.04,17000.0,4363912.0,101984.26000000001,279.5839335841164,66421.11999999998,17274.93393311446,46.44,13.492492243420985,23.72,6.7462461217104925,23.72,6.7462461217104925,6.719999999999999,1.0109603435973789,0.0,0.0,0.0,0.0,1.0,0.0
18000.0,5.1875,4.102784571134382E-6,18000.0,62.4,51.56131036961554,52.82308657465495,40.03189792663477,18000.0,4497104.0,107992.06000000003,296.0476664598578,69061.44,18348.850178244782,48.480000000000004,14.471985604848383,24.740000000000002,7.2359928024241915,24.740000000000002,7.2359928024241915,6.779999999999999,1.0159945363825456,0.0,0.0,0.0,0.0,1.0,0.0
19000.0,5.578125,4.571823519654572E-6,19000.0,65.5,54.351795496043835,53.87700534759359,41.919191919191924,19000.0,4641424.0,113988.54,301.9154639082587,71904.79999999999,19444.044007020217,50.720000000000006,15.124031424544588,25.860000000000003,7.562015712272294,25.860000000000003,7.562015712272294,6.940000000000001,1.057721849166444,0.0,0.0,0.0,0.0,1.0,0.0
20000.0,5.84375,4.901610308378521E-6,20000.0,62.3,51.514309709098725,51.60462130937099,38.59934853420196,20000.0,4799176.0,119964.37999999998,303.6287939076201,75032.79999999999,19551.2077230173,52.76,15.234975871195806,26.88,7.617487935597903,26.88,7.617487935597903,7.08,1.0069148678117772,0.0,0.0,0.0,0.0,1.0,0.0
21000.0,6.203125,5.362211797748589E-6,21000.0,61.199999999999996,50.92508739887786,51.256281407035175,39.18495297805642,21000.0,4954272.0,125974.14,322.546184637938,77952.95999999999,19806.69756952462,54.64,15.203060916292145,27.82,7.6015304581460725,27.82,7.6015304581460725,7.120000000000001,1.0427592909082661,0.0,0.0,0.0,0.0,1.0,0.0
22000.0,6.453125,5.68995042057294E-6,22000.0,63.4,52.991826229019715,53.43511450381679,40.29363784665579,22000.0,5067456.0,131973.58,337.9495246697176,80181.76,19920.20562405142,56.599999999999994,15.47611721594382,28.799999999999997,7.73805860797191,28.799999999999997,7.73805860797191,7.179999999999999,1.0437373975775903,0.0,0.0,0.0,0.0,1.0,0.0
23000.0,6.8125,6.174262380227447E-6,23000.0,62.7,52.51444299314324,53.25814536340852,40.5103668261563,23000.0,5209304.0,137970.56,337.33730228097505,82944.00000000003,20526.225319759866,58.0,15.697393518202508,29.5,7.848696759101254,29.5,7.848696759101254,7.22,0.9957050624700928,0.0,0.0,0.0,0.0,1.0,0.0
24000.0,7.15625,6.649806487580969E-6,24000.0,62.9,53.1646080975994,52.55754475703325,41.66666666666667,24000.0,5347496.0,143978.13999999996,342.4179335614452,85691.52,20160.023852269656,60.59999999999999,15.460284866821352,30.799999999999994,7.730142433410676,30.799999999999994,7.730142433410676,7.3999999999999995,0.9689042833036098,0.0,0.0,0.0,0.0,1.0,0.0
25000.0,7.5,7.140475532246961E-6,25000.0,62.3,50.835214505828695,51.97452229299363,37.993421052631575,25000.0,5517576.0,149985.80000000002,357.64028216711233,89039.2,20109.266792669878,62.47999999999999,15.117552981989686,31.739999999999995,7.558776490994843,31.739999999999995,7.558776490994843,7.519999999999999,0.9310954706743042,0.0,0.0,0.0,0.0,1.0,0.0
26000.0,7.734375,7.4829330292737325E-6,26000.0,63.5,52.15825263588367,53.503184713375795,39.569536423841065,26000.0,5648040.0,155971.63999999998,364.7749521476019,91626.88000000002,19405.74529763633,64.28000000000002,14.61204423531129,32.640000000000015,7.306022117655644,32.640000000000015,7.306022117655644,7.5600000000000005,0.9071147352221454,0.0,0.0,0.0,0.0,1.0,0.0
27000.0,8.078125,7.995489835997837E-6,27000.0,63.4,53.0362813973631,53.07692307692308,39.80263157894737,27000.0,5763704.0,161958.12,384.9275913886188,93893.12000000001,19738.14107890133,66.03999999999999,14.957026879070066,33.519999999999996,7.478513439535033,33.519999999999996,7.478513439535033,7.7,0.8864052604279183,0.0,0.0,0.0,0.0,1.0,0.0
28000.0,8.453125,8.51640881996395E-6,28000.0,55.400000000000006,43.76709997100098,43.7578814627995,30.852713178294582,28000.0,5369592.0,148015.13999999998,54609.016353551444,84692.48000000003,35796.4359565791,59.120000000000005,25.889592897690825,30.060000000000002,12.944796448845413,30.060000000000002,12.944796448845413,6.7200000000000015,2.626707413613989,0.0,0.0,0.0,0.0,1.0,0.0
29000.0,8.90625,8.86345211054302E-6,29000.0,51.2,35.783220997834,37.675606641123885,23.987538940809973,29000.0,2960520.0,65747.64,78498.94300231054,37749.44,37146.444818027674,25.88,25.648041656553946,13.439999999999998,12.824020828276973,13.439999999999998,12.824020828276973,4.16,2.902215902178392,0.0,0.0,0.0,0.0,1.0,0.0
30000.0,9.28125,9.133094055060712E-6,30000.0,51.4,37.497910166749406,40.514075887392906,26.363636363636367,30000.0,2779448.0,51609.94,65102.446250603,33484.0,28377.966882921042,23.48,19.46031020999891,12.24,9.730155104999454,12.24,9.730155104999454,4.74,2.2388955002912683,0.0,0.0,0.0,0.0,1.0,0.0
31000.0,9.8125,9.531917619622417E-6,31000.0,55.1,44.557771049525094,44.36183395291203,32.27752639517345,31000.0,2901912.0,44886.74,48265.31813429276,35780.48,22134.43978835899,25.759999999999994,15.406810050051481,13.379999999999997,7.703405025025741,13.379999999999997,7.703405025025741,5.36,1.9352793396429826,0.0,0.0,0.0,0.0,1.0,0.0
32000.0,10.3125,9.939022517452639E-6,32000.0,60.0,53.227369939932245,50.06242197253433,43.01994301994302,32000.0,3147304.0,45436.84000000001,32123.76567206077,40952.32,17052.74556078335,30.999999999999996,13.018040857022307,15.999999999999998,6.509020428511153,15.999999999999998,6.509020428511153,6.12,1.75708478417392,0.0,0.0,0.0,0.0,1.0,0.0
33000.0,10.78125,1.0363986948505046E-5,33000.0,58.599999999999994,52.1882535546994,49.99999999999999,41.359773371104815,33000.0,3504400.0,49790.76000000001,13374.848443253479,48471.84000000001,18413.702191086963,36.59999999999999,14.780019607288644,18.799999999999994,7.390009803644322,18.799999999999994,7.390009803644322,6.5200000000000005,1.9191834998567614,0.0,0.0,0.0,0.0,1.0,0.0
34000.0,11.265625,1.0874562560477192E-5,34000.0,61.4,54.616426502125734,51.26262626262626,42.38805970149254,34000.0,4074560.0,61774.560000000005,13377.766149450654,59493.76,19157.232847940333,45.559999999999995,15.711895922179083,23.279999999999998,7.855947961089542,23.279999999999998,7.855947961089542,7.319999999999999,1.4205489022464064,0.0,0.0,0.0,0.0,1.0,0.0
35000.0,11.796875,1.1500803262202278E-5,35000.0,63.4,56.129310654823975,54.59057071960297,43.69230769230769,35000.0,4556640.0,73765.40000000001,13390.383384491777,68995.20000000001,21491.981213694467,52.559999999999995,18.130096749969795,26.779999999999998,9.065048374984897,26.779999999999998,9.065048374984897,7.76,1.3180071536766624,0.0,0.0,0.0,0.0,1.0,0.0
36000.0,12.28125,1.2138915513383433E-5,36000.0,61.6,54.27929161477446,52.825552825552826,42.34234234234234,36000.0,5092344.0,85786.63999999996,13386.699894740175,79544.79999999999,23582.31740183344,60.79999999999999,20.187892916502285,30.899999999999995,10.093946458251143,30.899999999999995,10.093946458251143,8.080000000000002,1.242775038338945,0.0,0.0,0.0,0.0,1.0,0.0
37000.0,12.859375,1.2971539108548315E-5,37000.0,61.199999999999996,54.56839388734133,53.36538461538461,43.357664233576635,37000.0,5567104.0,97825.87999999998,13392.438613864259,88917.28000000001,25786.72380377633,68.44,21.979730922569807,34.72,10.989865461284904,34.72,10.989865461284904,8.360000000000001,1.289834667462367,0.0,0.0,0.0,0.0,1.0,0.0
38000.0,13.40625,1.3826365498567209E-5,38000.0,60.3,52.14192030243413,51.526251526251535,39.296636085626915,38000.0,6042160.0,109781.59999999998,13376.108980917723,98325.12000000001,27863.410835234463,75.63999999999997,23.79998285027679,38.31999999999999,11.899991425138396,38.31999999999999,11.899991425138396,8.580000000000005,1.3414886644078268,0.0,0.0,0.0,0.0,1.0,0.0
39000.0,14.03125,1.487911572136606E-5,39000.0,62.9,55.24944514136833,53.97022332506203,43.78787878787879,39000.0,6511000.0,121769.08000000002,13365.558647234055,107521.27999999998,27570.512463714498,82.52000000000001,23.40263372584638,41.760000000000005,11.70131686292319,41.760000000000005,11.70131686292319,8.820000000000002,1.4383947969304998,0.0,0.0,0.0,0.0,1.0,0.0
40000.0,14.546875,1.580429020881032E-5,40000.0,61.199999999999996,52.180943366461584,51.68119551681196,38.3147853736089,40000.0,6935728.0,133765.59999999998,13366.346902209445,115854.4,27116.636863289485,88.88000000000004,22.715309949953333,44.94000000000002,11.357654974976667,44.94000000000002,11.357654974976667,9.06,1.2521002763520244,0.0,0.0,0.0,0.0,1.0,0.0
41000.0,15.140625,1.6942696497102995E-5,41000.0,59.5,50.92199991032661,49.75186104218361,39.09774436090225,41000.0,7411328.0,145726.31999999998,13362.823055700444,125202.56,27765.413455107446,96.2,23.61597522259637,48.6,11.807987611298184,48.6,11.807987611298184,9.26,1.1919800025716085,0.0,0.0,0.0,0.0,1.0,0.0
42000.0,15.71875,1.811862441374817E-5,42000.0,62.1,54.56583398667424,52.267002518891694,42.401215805471125,42000.0,7862512.0,157753.8,13368.731675527222,134105.28000000003,28694.012566828394,102.56,24.515850765892463,51.78,12.257925382946231,51.78,12.257925382946231,9.439999999999998,1.1979574453278066,0.0,0.0,0.0,0.0,1.0,0.0
43000.0,16.296875,1.9362669748564563E-5,43000.0,61.8,54.812044128049884,53.414634146341456,44.07027818448023,43000.0,8317960.0,169736.40000000002,13400.74910942958,143120.96,28437.097363974462,109.83999999999999,24.254063408772037,55.419999999999995,12.127031704386019,55.419999999999995,12.127031704386019,9.580000000000002,1.213697336443397,0.0,0.0,0.0,0.0,1.0,0.0
44000.0,16.875,2.067360250900189E-5,44000.0,64.1,57.07415529350995,55.842558425584265,45.688350983358546,44000.0,8765184.0,181724.79999999996,13416.828335021226,151965.92000000004,29805.293284055617,116.4,25.62285331973974,58.7,12.81142665986987,58.7,12.81142665986987,9.86,1.245563555756418,0.0,0.0,0.0,0.0,1.0,0.0
45000.0,17.484375,2.213119762018323E-5,45000.0,62.7,54.97969258251209,53.54919053549191,42.349304482225655,45000.0,9246016.0,193673.23999999996,13426.04121840714,161496.48000000004,30459.856492781055,123.92,26.267726764753647,62.46,13.133863382376823,62.46,13.133863382376823,9.979999999999999,1.2370141800451007,0.0,0.0,0.0,0.0,1.0,0.0
46000.0,18.125,2.3738951066560632E-5,46000.0,62.6,56.761806107915135,53.88409371146733,46.799431009957324,46000.0,9701032.0,205685.28,13417.127360723585,170515.83999999997,30399.92001020626,130.48,26.306854852773604,65.74,13.153427426386802,65.74,13.153427426386802,10.199999999999996,1.1780301787479028,0.0,0.0,0.0,0.0,1.0,0.0
47000.0,18.75,2.5381346187916485E-5,47000.0,64.0,56.58005191096016,54.71698113207547,45.121951219512205,47000.0,1.0157808E7,217700.56,13452.883021804933,179569.6,31934.00750399652,137.12,27.217671330462142,69.06,13.608835665231071,69.06,13.608835665231071,10.36,1.1563489339913176,0.0,0.0,0.0,0.0,1.0,0.0
48000.0,19.375,2.7082395228919473E-5,48000.0,64.5,57.09886837691121,55.68039950062422,44.53125000000001,48000.0,1.0520568E7,229703.96000000002,13452.080053042706,186756.31999999998,33460.71313233,142.68,29.03442010821653,71.84,14.517210054108265,71.84,14.517210054108265,10.459999999999999,1.1286618408630673,0.0,0.0,0.0,0.0,1.0,0.0
49000.0,20.03125,2.8928560819218147E-5,49000.0,65.5,57.491689317230275,56.49432534678437,45.497630331753555,49000.0,1.087436E7,241663.39999999997,13440.609388517096,193732.31999999998,35147.33563881842,147.67999999999998,30.454006807187874,74.33999999999999,15.227003403593937,74.33999999999999,15.227003403593937,10.6,1.142857142857143,0.0,0.0,0.0,0.0,1.0,0.0
50000.0,20.671875,3.0797689267072004E-5,50000.0,60.3,53.12741668309765,50.744416873449126,42.21251819505094,50000.0,1.1278144E7,253691.8,13443.447990658906,201677.91999999998,35716.9344776853,153.76000000000002,30.54041150171159,77.38000000000001,15.270205750855794,77.38000000000001,15.270205750855794,10.68,1.1506874608915583,0.0,0.0,0.0,0.0,1.0,0.0
51000.0,21.328125,3.2788346062362616E-5,51000.0,62.4,54.409155999500435,53.29192546583851,42.242703533026116,51000.0,1.1725448E7,265675.96,13529.584419700252,210452.48000000004,37194.06555815712,160.92000000000002,32.573834497607905,80.96000000000001,16.286917248803952,80.96000000000001,16.286917248803952,10.839999999999998,1.0946996606096009,0.0,0.0,0.0,0.0,1.0,0.0
52000.0,22.046875,3.504110477580172E-5,52000.0,62.7,55.2865020378806,52.963430012610345,43.484848484848484,52000.0,1.211544E7,277682.4,13530.182370522278,218124.79999999993,38096.86339009112,166.48000000000002,33.41467354566351,83.74000000000001,16.707336772831756,83.74000000000001,16.707336772831756,11.020000000000001,1.1337134216586569,0.0,0.0,0.0,0.0,1.0,0.0
53000.0,22.78125,3.7418176297150144E-5,53000.0,64.9,58.7212283433453,57.45454545454546,48.6090775988287,53000.0,1.2512E7,289686.39999999997,13541.778985112434,225944.8,40241.61045992274,172.72,35.12545445998398,86.86,17.56272722999199,86.86,17.56272722999199,11.080000000000002,1.08496214548843,0.0,0.0,0.0,0.0,1.0,0.0
54000.0,23.46875,3.970731208230266E-5,54000.0,64.1,56.92411805431401,55.459057071960295,45.60606060606061,54000.0,1.2870672E7,301659.72,13541.619131237965,233026.24,40883.15601188643,178.31999999999996,36.04670439803317,89.65999999999998,18.023352199016585,89.65999999999998,18.023352199016585,11.14,1.0692358514950986,0.0,0.0,0.0,0.0,1.0,0.0
55000.0,24.140625,4.20070133663507E-5,55000.0,65.0,58.588017028607396,55.863808322824724,48.07121661721069,55000.0,1.3230776E7,313678.8799999999,13550.63312571612,240155.99999999997,41925.58112870461,184.2,36.993104707747456,92.6,18.496552353873728,92.6,18.496552353873728,11.280000000000003,1.0505586463342995,0.0,0.0,0.0,0.0,1.0,0.0
56000.0,24.8125,4.4378861590909465E-5,56000.0,63.9,57.71704857971449,55.48705302096179,46.98972099853157,56000.0,1.3645856E7,325636.6399999999,13525.814935288498,248387.68000000002,42931.615848995425,189.51999999999995,37.50768084604778,95.25999999999998,18.75384042302389,95.25999999999998,18.75384042302389,11.34,1.0806271799472824,0.0,0.0,0.0,0.0,1.0,0.0
57000.0,25.5625,4.7093002552477026E-5,57000.0,64.8,58.240650117151596,55.88972431077694,47.540983606557376,57000.0,1.3988576E7,337643.0800000001,13512.58635621936,255178.88,43644.949045324596,195.04,38.69607373428188,98.02,19.34803686714094,98.02,19.34803686714094,11.36,1.0834562986204879,0.0,0.0,0.0,0.0,1.0,0.0
58000.0,26.25,4.948735554029958E-5,58000.0,61.0,52.8538529886426,51.79233621755254,39.1575663026521,58000.0,1.3462256E7,328880.34,84729.71467726186,244217.76,74592.38034363148,186.11999999999998,59.65500817198837,93.55999999999999,29.827504085994185,93.55999999999999,29.827504085994185,10.759999999999998,2.714736804621646,0.0,0.0,0.0,0.0,1.0,0.0
59000.0,27.109375,5.104370696547752E-5,59000.0,51.300000000000004,38.55013652721207,39.427860696517406,26.212121212121215,59000.0,7000472.0,170118.11999999994,176550.3887509392,117453.60000000003,123076.04207918594,86.32000000000002,92.06263174201194,43.66000000000001,46.03131587100597,43.66000000000001,46.03131587100597,6.16,5.27357679804684,0.0,0.0,0.0,0.0,1.0,0.0
60000.0,27.78125,5.2212502697430965E-5,60000.0,53.0,42.814314428800174,40.58154235145386,30.473372781065095,60000.0,6724384.0,160813.18,174537.20002497683,110795.84000000001,115944.41378652277,81.24,86.25130818292153,41.12,43.12565409146077,41.12,43.12565409146077,6.98,4.002499219237901,0.0,0.0,0.0,0.0,1.0,0.0
61000.0,28.4375,5.328469654260617E-5,61000.0,55.2,45.902213420598216,43.85964912280702,33.62962962962963,61000.0,6315480.0,149808.53999999998,168765.92903627784,103139.36000000002,107625.80723322101,75.19999999999997,79.4863612996158,38.09999999999999,39.7431806498079,38.09999999999999,39.7431806498079,7.240000000000001,3.508357368993562,0.0,0.0,0.0,0.0,1.0,0.0
62000.0,28.875,5.4010185833451234E-5,62000.0,54.1,43.85437856338156,41.67725540025414,31.492537313432845,62000.0,6409960.0,154142.64000000004,166466.1841888567,104940.96,103886.38170321519,76.24000000000002,76.35137890846825,38.62000000000001,38.175689454234124,38.62000000000001,38.175689454234124,7.4799999999999995,3.1767008942342323,0.0,0.0,0.0,0.0,1.0,0.0
63000.0,29.5625,5.514257125064937E-5,63000.0,53.900000000000006,44.96849715053803,40.897435897435905,33.66906474820144,63000.0,6366840.0,150728.15999999997,161423.59051157098,104659.04,99029.85532284532,76.60000000000002,72.38897198680282,38.80000000000001,36.19448599340141,38.80000000000001,36.19448599340141,7.64,2.7609522166921217,0.0,0.0,0.0,0.0,1.0,0.0
64000.0,30.265625,5.634809265352992E-5,64000.0,54.2,45.882266753160515,43.31683168316832,34.19540229885059,64000.0,6627424.0,154745.96000000002,158206.18408047297,109404.32,97365.45901499994,80.8,71.24576607542002,40.9,35.62288303771001,40.9,35.62288303771001,7.980000000000001,2.486617241579904,0.0,0.0,0.0,0.0,1.0,0.0
65000.0,31.046875,5.772877513663843E-5,65000.0,55.400000000000006,47.06394817489312,46.265060240963855,35.64213564213565,65000.0,6831344.0,158001.03999999998,154303.8161233975,113467.35999999999,94717.20999876098,83.91999999999999,70.02764468699603,42.459999999999994,35.01382234349801,42.459999999999994,35.01382234349801,8.26,2.4479062273623113,0.0,0.0,0.0,0.0,1.0,0.0
66000.0,31.6875,5.8938288323891655E-5,66000.0,56.8,48.474818856785035,45.38558786346397,36.74963396778915,66000.0,7298088.0,169892.67999999996,154081.11333286605,122639.51999999997,94987.77803104515,90.15999999999998,69.70502280382406,45.57999999999999,34.85251140191203,45.57999999999999,34.85251140191203,8.599999999999996,2.231499907401901,0.0,0.0,0.0,0.0,1.0,0.0
67000.0,32.375,6.030523263487137E-5,67000.0,58.3,50.513555369635256,48.83435582822086,38.67647058823529,67000.0,7685648.0,181815.11999999994,153860.46105808247,130173.75999999997,94912.46918072485,96.16000000000001,69.20314962750862,48.580000000000005,34.60157481375431,48.580000000000005,34.60157481375431,8.959999999999997,2.040008003185582,0.0,0.0,0.0,0.0,1.0,0.0
68000.0,33.0,6.160982800388915E-5,68000.0,56.2,47.81303244408966,44.48669201520914,35.68281938325992,68000.0,8068600.0,193702.5,153642.54478526392,137730.56000000003,93111.3687905368,101.56000000000002,67.4370938924051,51.28000000000001,33.71854694620255,51.28000000000001,33.71854694620255,9.239999999999998,1.8578020808010125,0.0,0.0,0.0,0.0,1.0,0.0
69000.0,33.65625,6.305671348753902E-5,69000.0,58.4,50.12391090883585,47.80426599749059,38.18722139673105,69000.0,8522504.0,205588.76000000007,153461.8266159652,146590.24000000002,91117.81028764186,108.16000000000001,65.94752397450073,54.580000000000005,32.97376198725036,54.580000000000005,32.97376198725036,9.419999999999998,1.8745339556861618,0.0,0.0,0.0,0.0,1.0,0.0
70000.0,34.328125,6.460956427165203E-5,70000.0,59.3,52.022142900927484,49.31506849315068,41.60688665710186,70000.0,8933952.0,217472.30000000005,153250.77201340316,154679.68000000005,90943.66969105162,114.39999999999998,65.54418979838358,57.69999999999999,32.77209489919179,57.69999999999999,32.77209489919179,9.580000000000002,1.819284452296382,0.0,0.0,0.0,0.0,1.0,0.0
71000.0,35.109375,6.650447586758268E-5,71000.0,59.199999999999996,52.32308123773019,51.07913669064747,40.69767441860465,71000.0,9375648.0,229354.88000000003,153054.96997426133,163394.4,90218.6773657908,121.11999999999999,65.28231938656742,61.059999999999995,32.64115969328371,61.059999999999995,32.64115969328371,9.759999999999998,1.8133293317282775,0.0,0.0,0.0,0.0,1.0,0.0
72000.0,35.8125,6.82768118309064E-5,72000.0,57.4,48.3592547246433,47.858017135862916,35.3566009104704,72000.0,9743520.0,241258.38,152885.33987017855,170659.84000000003,89007.62978700426,126.52,64.67950500233393,63.76,32.33975250116696,63.76,32.33975250116696,9.939999999999996,1.730990043475769,0.0,0.0,0.0,0.0,1.0,0.0
73000.0,36.5625,7.023965797594023E-5,73000.0,56.8,48.91068594499857,46.92874692874692,37.30043541364295,73000.0,1.0116432E7,253116.46,152668.73171557175,178011.52,87842.16725566977,131.51999999999995,64.11063142119636,66.25999999999998,32.05531571059818,66.25999999999998,32.05531571059818,10.019999999999998,1.6841397004441898,0.0,0.0,0.0,0.0,1.0,0.0
74000.0,37.359375,7.239403022039266E-5,74000.0,54.2,44.85316251459947,43.10559006211181,31.94650817236256,74000.0,1.04504E7,264997.38,152513.4892883035,184603.2,87449.67189632852,136.11999999999998,63.71385009460307,68.55999999999999,31.856925047301534,68.55999999999999,31.856925047301534,10.120000000000001,1.6859563990779345,0.0,0.0,0.0,0.0,1.0,0.0
75000.0,38.125,7.452131097023891E-5,75000.0,56.99999999999999,49.30100230739391,46.317103620474406,38.30703012912481,75000.0,1.0740168E7,276856.77999999997,152325.324811705,190321.59999999995,87290.03714149322,140.99999999999997,63.97320867809766,70.99999999999999,31.98660433904883,70.99999999999999,31.98660433904883,10.139999999999999,1.678313050023014,0.0,0.0,0.0,0.0,1.0,0.0
76000.0,38.9375,7.684871544673417E-5,76000.0,58.8,51.70684649224086,49.50980392156862,40.46242774566473,76000.0,1.1072632E7,288740.37999999995,152153.95440184246,196901.28,87739.13630084331,145.76000000000002,64.5270264529301,73.38000000000001,32.26351322646505,73.38000000000001,32.26351322646505,10.219999999999999,1.6572660052764308,0.0,0.0,0.0,0.0,1.0,0.0
77000.0,39.71875,7.916941931600579E-5,77000.0,55.800000000000004,48.40944690725139,45.16129032258065,37.48231966053749,77000.0,1.1482384E7,300601.3199999999,151977.74612663608,204872.47999999995,87160.95458970944,151.52000000000004,63.85034799259523,76.26000000000002,31.925173996297616,76.26000000000002,31.925173996297616,10.360000000000001,1.5748015748023623,0.0,0.0,0.0,0.0,1.0,0.0
78000.0,40.453125,8.14143080303135E-5,78000.0,58.599999999999994,50.91646313992364,47.46192893401015,38.93805309734513,78000.0,1.181624E7,312494.38,151834.73793097198,211353.76,86619.82908454104,156.07999999999996,63.75874169756758,78.53999999999998,31.87937084878379,78.53999999999998,31.87937084878379,10.419999999999996,1.6173800936536031,0.0,0.0,0.0,0.0,1.0,0.0
79000.0,41.109375,8.347518402539815E-5,79000.0,56.39999999999999,49.39705899420851,46.82926829268292,38.15602836879432,79000.0,1.2139056E7,324367.68,151654.1239552364,217648.47999999998,87484.54853992381,160.92,64.86653173074316,80.96,32.43326586537158,80.96,32.43326586537158,10.419999999999996,1.6173800936536031,0.0,0.0,0.0,0.0,1.0,0.0
80000.0,41.78125,8.564212854253128E-5,80000.0,59.0,51.32387196041325,50.36319612590798,39.528023598820056,80000.0,1.2466992E7,336295.7,151528.66718744027,223848.80000000005,87220.71918988055,165.32000000000005,63.97622007194452,83.16000000000003,31.98811003597226,83.16000000000003,31.98811003597226,10.499999999999998,1.5551100755055174,0.0,0.0,0.0,0.0,1.0,0.0
81000.0,42.53125,8.813435240881518E-5,81000.0,57.599999999999994,50.35506665183562,47.52475247524752,39.68705547652915,81000.0,1.2844824E7,348164.33999999997,151441.89422681057,231190.7199999999,86739.42033259322,170.92000000000002,63.7801837308007,85.96000000000001,31.89009186540035,85.96000000000001,31.89009186540035,10.620000000000001,1.4831020992280655,0.0,0.0,0.0,0.0,1.0,0.0
82000.0,43.40625,9.111807555503523E-5,82000.0,56.39999999999999,49.16536762416882,46.56862745098038,37.71428571428571,82000.0,1.3181136E7,360061.86,151336.0141374842,237809.92,85279.93119513248,175.59999999999997,62.5319510167337,88.29999999999998,31.26597550836685,88.29999999999998,31.26597550836685,10.699999999999998,1.417816660091372,0.0,0.0,0.0,0.0,1.0,0.0
83000.0,44.3125,9.427275266110276E-5,83000.0,58.8,51.289123878142405,47.97979797979798,38.59910581222056,83000.0,1.3455792E7,371953.32000000007,151215.6405230407,243227.19999999998,84456.9277399155,179.96,62.010190077675034,90.48,31.005095038837517,90.48,31.005095038837517,10.739999999999998,1.4258545593747616,0.0,0.0,0.0,0.0,1.0,0.0
84000.0,45.21875,9.750049674443694E-5,84000.0,63.0,55.69865024563302,54.54545454545454,43.76899696048632,84000.0,1.3767448E7,383827.04,151108.87327542945,249366.08,82896.71925854607,185.08,60.9247913749537,93.04,30.46239568747685,93.04,30.46239568747685,10.84,1.4618970063389753,0.0,0.0,0.0,0.0,1.0,0.0
85000.0,46.0,1.0035242636351743E-4,85000.0,62.2,54.57025625740637,53.333333333333336,43.07228915662651,85000.0,1.4110784E7,395707.89999999997,150986.36682208316,255967.04000000007,82258.35936801035,189.76,60.24289610080383,95.38,30.121448050401916,95.38,30.121448050401916,10.960000000000003,1.4136362144974837,0.0,0.0,0.0,0.0,1.0,0.0
86000.0,46.796875,1.033316710123068E-4,86000.0,58.4,51.16998362551133,49.33008526187576,39.797395079594786,86000.0,1.445168E7,407606.4199999999,150857.19299405147,262603.19999999995,81904.89463732325,195.2,59.99625838673744,98.1,29.99812919336872,98.1,29.99812919336872,11.060000000000004,1.3910794516548388,0.0,0.0,0.0,0.0,1.0,0.0
87000.0,47.640625,1.0655335153892844E-4,87000.0,58.3,50.64259319317566,48.19875776397515,39.38953488372093,87000.0,1.475948E7,419502.25999999983,150781.87403688108,268675.36,81496.26507674808,199.40000000000003,60.14133014688596,100.20000000000002,30.07066507344298,100.20000000000002,30.07066507344298,11.16,1.360672102833218,0.0,0.0,0.0,0.0,1.0,0.0
88000.0,48.53125,1.1002543259463792E-4,88000.0,58.699999999999996,50.61149663907049,49.69549330085262,39.08554572271386,88000.0,1.5069448E7,431386.4199999999,150664.50316475087,274804.8,80568.23554362007,203.71999999999997,59.61065512206381,102.35999999999999,29.805327561031906,102.35999999999999,29.805327561031906,11.16,1.360672102833218,0.0,0.0,0.0,0.0,1.0,0.0
89000.0,49.4375,1.1363822953879007E-4,89000.0,55.300000000000004,48.239925891616494,45.28763769889842,36.86440677966103,89000.0,1.5409832E7,443277.54,150597.59724174938,281539.68000000005,79769.60949559165,208.23999999999998,59.14615587763959,104.61999999999999,29.573077938819797,104.61999999999999,29.573077938819797,11.22,1.344527836097422,0.0,0.0,0.0,0.0,1.0,0.0
90000.0,50.34375,1.1682158051472573E-4,90000.0,49.7,39.68586286987375,35.84183673469388,21.77293934681182,90000.0,1.3578096E7,395113.43999999994,226431.98931869777,244427.19999999998,132294.852700091,178.6,97.41558354989897,89.8,48.707791774949484,89.8,48.707791774949484,9.559999999999999,4.413152882843165,0.0,0.0,0.0,0.0,1.0,0.0
91000.0,51.109375,1.1877533174507942E-4,91000.0,48.0,34.61652592454747,34.09378960709759,18.238993710691823,91000.0,9864056.0,300686.34,281658.30244896567,171633.91999999995,161080.35480516157,123.03999999999999,116.99746377854629,62.019999999999996,58.498731889273145,62.019999999999996,58.498731889273145,6.66,5.850553785056311,0.0,0.0,0.0,0.0,1.0,0.0
92000.0,51.890625,1.2023571345101423E-4,92000.0,52.2,37.0690778776744,38.79641485275289,24.84276729559749,92000.0,7225680.0,199082.33999999997,242878.32773269207,119315.68000000002,141333.10427489073,86.16,103.64861360404593,43.58,51.82430680202297,43.58,51.82430680202297,5.9799999999999995,4.696894327801149,0.0,0.0,0.0,0.0,1.0,0.0
93000.0,52.46875,1.2130175684837418E-4,93000.0,54.1,38.740782756664785,41.825095057034225,27.602523659306,93000.0,7127800.0,194168.98000000004,235455.78453908913,118507.20000000001,137056.62440355797,85.71999999999998,100.14011408511371,43.35999999999999,50.07005704255686,43.35999999999999,50.07005704255686,6.66,4.073858923749354,0.0,0.0,0.0,0.0,1.0,0.0
94000.0,53.0625,1.2241125986393956E-4,94000.0,54.6,39.29929458827808,43.53233830845771,28.27804107424961,94000.0,7223160.0,197706.66,234360.19792580148,120374.72000000003,132028.66955309673,87.16000000000001,95.63181094858615,44.080000000000005,47.815905474293075,44.080000000000005,47.815905474293075,7.600000000000001,3.0505937862946606,0.0,0.0,0.0,0.0,1.0,0.0
95000.0,53.703125,1.2369618424498994E-4,95000.0,53.1,37.22359643205157,39.48387096774194,25.90837282780411,95000.0,7753112.0,209064.22000000003,233610.93250122835,130404.95999999999,128948.36458260714,94.84,93.39391231307775,47.92,46.696956156538874,47.92,46.696956156538874,8.219999999999997,2.6595227437436577,0.0,0.0,0.0,0.0,1.0,0.0
96000.0,54.34375,1.2505433350775598E-4,96000.0,55.00000000000001,41.765589675168464,42.893401015228434,31.08728943338439,96000.0,8194944.0,220216.47999999998,232703.32621858563,138048.48,128423.78197620183,100.11999999999999,92.96491328474855,50.559999999999995,46.482456642374274,50.559999999999995,46.482456642374274,8.54,2.392249389770461,0.0,0.0,0.0,0.0,1.0,0.0
97000.0,54.984375,1.264743677327513E-4,97000.0,57.49999999999999,45.78874191614475,47.466007416563656,34.615384615384606,97000.0,8568352.0,231428.35999999996,231793.73386987223,144986.87999999995,127378.85274021697,105.04,91.44061527816278,53.02,45.72030763908139,53.02,45.72030763908139,8.82,2.246902629971185,0.0,0.0,0.0,0.0,1.0,0.0
98000.0,55.578125,1.2784892166059259E-4,98000.0,57.4,44.30710058320662,43.27563249001331,31.948881789137374,98000.0,8948712.0,242603.54000000007,230880.81813096753,152044.32,125725.45280490164,110.76000000000002,90.40104749257667,55.88000000000001,45.20052374628833,55.88000000000001,45.20052374628833,9.06,2.0742345526945205,0.0,0.0,0.0,0.0,1.0,0.0
99000.0,56.25,1.2947968863752775E-4,99000.0,55.1,42.10172044286382,43.379571248423716,29.513343799058095,99000.0,9382224.0,253748.92,230009.63497563777,159937.75999999998,123662.29189480485,116.28,88.77741944932637,58.64,44.38870972466319,58.64,44.38870972466319,9.319999999999999,1.8564833993992238,0.0,0.0,0.0,0.0,1.0,0.0
100000.0,57.0,1.3138040004479181E-4,100000.0,57.3,45.636536321668736,44.97422680412371,33.69565217391304,100000.0,9796192.0,264923.38000000006,229111.30069972988,167220.16000000003,121805.03757944077,121.39999999999999,87.31271501952985,61.199999999999996,43.65635750976492,61.199999999999996,43.65635750976492,9.500000000000002,1.8210783977117087,0.0,0.0,0.0,0.0,1.0,0.0
101000.0,57.71875,1.3328236220533856E-4,101000.0,55.900000000000006,44.573619053603984,44.94382022471911,32.25806451612904,101000.0,1.022884E7,276084.28,228231.57528023943,175055.84,120128.36025181647,127.12,85.41510644003942,64.06,42.70755322001971,64.06,42.70755322001971,9.639999999999997,1.675270310202177,0.0,0.0,0.0,0.0,1.0,0.0
102000.0,58.421875,1.3521001075989463E-4,102000.0,57.99999999999999,45.93307286805739,44.809461235216816,33.22734499205087,102000.0,1.059736E7,287240.0,227393.79808156416,181841.75999999998,118943.5981313455,131.95999999999995,84.49247279600515,66.47999999999998,42.24623639800259,66.47999999999998,42.24623639800259,9.76,1.6358234523771016,0.0,0.0,0.0,0.0,1.0,0.0
103000.0,59.15625,1.3729485447078736E-4,103000.0,55.2,43.73767691863313,43.43434343434344,32.631578947368425,103000.0,1.0973824E7,298378.76,226580.37027676858,188704.8,117579.08330158393,136.99999999999994,83.60451115648176,68.99999999999997,41.80225557824088,68.99999999999997,41.80225557824088,9.799999999999999,1.616244071283537,0.0,0.0,0.0,0.0,1.0,0.0
104000.0,59.84375,1.3931394253935043E-4,104000.0,58.4,46.448064921422834,46.52956298200514,34.17721518987341,104000.0,1.1352328E7,309580.22,225759.62201812558,195812.64,116335.3174440442,142.47999999999993,82.92097048961003,71.73999999999997,41.460485244805014,71.73999999999997,41.460485244805014,9.88,1.5989792662437972,0.0,0.0,0.0,0.0,1.0,0.0
105000.0,60.53125,1.4138755010208114E-4,105000.0,59.699999999999996,49.68261340764825,48.26700898587933,37.4223602484472,105000.0,1.1658864E7,320718.84,224992.00299669246,201579.2,115481.0149492733,147.15999999999997,82.47086312938724,74.07999999999998,41.23543156469362,74.07999999999998,41.23543156469362,10.040000000000001,1.5643998653718654,0.0,0.0,0.0,0.0,1.0,0.0
106000.0,61.25,1.4361086763933092E-4,106000.0,58.3,45.33928964671092,47.14828897338403,31.86274509803921,106000.0,1.1957104E7,331885.5400000001,224225.64760865064,207181.60000000003,114895.47830750435,151.36,81.71097895407111,76.18,40.855489477035555,76.18,40.855489477035555,10.159999999999998,1.4895554740270944,0.0,0.0,0.0,0.0,1.0,0.0
107000.0,61.984375,1.4594020470718128E-4,107000.0,58.3,46.65745644331874,46.46983311938382,35.14774494556765,107000.0,1.2260744E7,343048.48000000004,223461.4056937395,212851.19999999998,114332.62874791327,155.36000000000007,81.40369544838282,78.18000000000004,40.70184772419141,78.18000000000004,40.70184772419141,10.18,1.5076674780898462,0.0,0.0,0.0,0.0,1.0,0.0
108000.0,62.765625,1.484816352603957E-4,108000.0,55.7,44.46039449418214,43.85297845373891,32.57229832572299,108000.0,1.2574496E7,354199.86,222736.4467026326,218540.00000000003,113897.53734342969,158.75999999999996,81.32739579085543,79.87999999999998,40.66369789542772,79.87999999999998,40.66369789542772,10.219999999999995,1.4885961061842592,0.0,0.0,0.0,0.0,1.0,0.0
109000.0,63.5625,1.5114364311254272E-4,109000.0,56.89999999999999,45.11798360161004,45.373891001267424,32.33908948194662,109000.0,1.2912832E7,365346.6,222014.26112412193,224850.55999999997,113048.34598581695,163.72000000000006,80.6724392155065,82.36000000000003,40.33621960775325,82.36000000000003,40.33621960775325,10.239999999999998,1.4785541751926412,0.0,0.0,0.0,0.0,1.0,0.0
110000.0,64.40625,1.5403762964221338E-4,110000.0,60.0,49.15172362944828,49.17407878017789,37.30407523510972,110000.0,1.3258216E7,376497.05999999994,221282.07236174966,231380.16,112807.9095474412,168.79999999999998,80.42565333452825,84.89999999999999,40.212826667264125,84.89999999999999,40.212826667264125,10.38,1.3981036719610676,0.0,0.0,0.0,0.0,1.0,0.0
111000.0,65.234375,1.5695756728140015E-4,111000.0,58.9,47.99634076441583,47.0360824742268,36.08087091757387,111000.0,1.3629504E7,387691.73999999993,220590.19757152698,238120.80000000002,112219.81882948506,173.36,79.74929082916726,87.18,39.87464541458363,87.18,39.87464541458363,10.48,1.3738074605910067,0.0,0.0,0.0,0.0,1.0,0.0
112000.0,66.046875,1.5989749149108925E-4,112000.0,57.3,46.78106452827084,45.04504504504504,34.20647149460708,112000.0,1.3986696E7,398882.06,219903.76360566253,244776.15999999995,110652.84840461862,178.55999999999997,78.44435438381706,89.77999999999999,39.22217719190853,89.77999999999999,39.22217719190853,10.559999999999999,1.43085531720559,0.0,0.0,0.0,0.0,1.0,0.0
113000.0,66.828125,1.6279383840608512E-4,113000.0,59.199999999999996,48.18830503373475,48.28897338403041,35.44303797468354,113000.0,1.4330552E7,410037.8399999998,219234.63834983297,251266.87999999995,109507.88250085946,183.51999999999998,77.99509142064188,92.25999999999999,38.99754571032094,92.25999999999999,38.99754571032094,10.680000000000003,1.420548902246406,0.0,0.0,0.0,0.0,1.0,0.0
114000.0,67.703125,1.661231691509278E-4,114000.0,56.89999999999999,46.72487787512607,47.310513447432754,35.187969924812016,114000.0,1.470792E7,421163.26,218558.60484302836,258497.27999999997,108683.57949365053,188.67999999999998,76.94085722296107,94.83999999999999,38.470428611480536,94.83999999999999,38.470428611480536,10.859999999999998,1.3998542198152968,0.0,0.0,0.0,0.0,1.0,0.0
115000.0,68.5,1.6921639778754775E-4,115000.0,60.0,49.474471345077994,49.74874371859296,37.791601866251945,115000.0,1.5004592E7,432327.34,217956.25451083586,263967.2,108016.6636063763,192.23999999999995,76.91170660078282,96.61999999999998,38.45585330039141,96.61999999999998,38.45585330039141,10.9,1.4178166600913722,0.0,0.0,0.0,0.0,1.0,0.0
116000.0,69.5,1.7317692154190603E-4,116000.0,57.699999999999996,46.95472466617843,48.47746650426309,34.3167701863354,116000.0,1.5309288E7,443499.93999999994,217359.36547733712,269647.36,107326.71678300224,196.68,76.1591888140645,98.84,38.07959440703225,98.84,38.07959440703225,10.999999999999996,1.4568627181693667,0.0,0.0,0.0,0.0,1.0,0.0
117000.0,70.390625,1.7677589326113872E-4,117000.0,58.5,48.95687532440058,47.13375796178344,37.21633888048411,117000.0,1.5620176E7,454673.12,216758.98312102028,275607.36000000004,106935.58724149826,201.64000000000004,75.82734416059274,101.32000000000002,37.91367208029637,101.32000000000002,37.91367208029637,11.059999999999999,1.4201178450669336,0.0,0.0,0.0,0.0,1.0,0.0
118000.0,71.390625,1.809025070138482E-4,118000.0,57.9,45.8436618431936,45.039164490861616,33.06836248012718,118000.0,1.5951304E7,465825.45999999985,216188.02872860373,281914.7200000001,106512.45294082294,206.32,75.319845881902,103.66,37.659922940951,103.66,37.659922940951,11.2,1.385051387833237,0.0,0.0,0.0,0.0,1.0,0.0
119000.0,72.203125,1.843224763999589E-4,119000.0,60.5,49.52244398269195,50.1891551071879,36.29032258064516,119000.0,1.6270512E7,476937.26,215638.23681510417,287927.5199999999,105611.67281694515,210.24000000000004,74.77737298276853,105.62000000000002,37.38868649138426,105.62000000000002,37.38868649138426,11.239999999999998,1.3932783245984695,0.0,0.0,0.0,0.0,1.0,0.0
120000.0,73.0625,1.8800196955756588E-4,120000.0,59.8,49.29511378958482,48.06201550387597,36.891679748822604,120000.0,1.6550368E7,488076.57999999996,215138.1230083471,293169.60000000003,105183.82845208066,214.51999999999995,74.65573778132173,107.75999999999998,37.327868890660866,107.75999999999998,37.327868890660866,11.300000000000002,1.403348764599179,0.0,0.0,0.0,0.0,1.0,0.0
121000.0,73.953125,1.918863987278503E-4,121000.0,60.099999999999994,49.640287769784166,47.70642201834862,37.46081504702194,121000.0,1.6859112E7,499212.6399999999,214640.7937739436,299150.72000000003,104307.65976041985,219.12,74.26308446520193,110.06,37.131542232600964,110.06,37.131542232600964,11.44,1.3726185313673498,0.0,0.0,0.0,0.0,1.0,0.0
122000.0,75.03125,1.950944925192743E-4,122000.0,45.4,33.16768057578614,33.251833740831295,22.443181818181824,122000.0,1.1502184E7,330450.14,352699.33288359223,191363.84000000005,193558.82426853798,138.19999999999993,140.448261953341,69.59999999999997,70.2241309766705,69.59999999999997,70.2241309766705,6.359999999999999,6.019559954084379,0.0,0.0,0.0,0.0,1.0,0.0
123000.0,75.734375,1.9535030936822288E-4,123000.0,44.4,35.13690080378912,32.27771010962242,23.939808481532147,123000.0,1406368.0,12692.12,2417.3413008712605,7402.880000000001,5521.10341175252,5.04,4.720601829497279,3.02,2.3603009147486396,3.02,2.3603009147486396,1.3600000000000003,1.495025765937272,0.0,0.0,0.0,0.0,1.0,0.0
124000.0,76.265625,1.9564279581471856E-4,124000.0,48.1,40.287860832748486,33.80102040816327,26.487252124645895,124000.0,2128184.0,24716.12,2410.9204495124995,21466.4,6956.54340626617,15.440000000000001,5.380084211464444,8.220000000000004,2.690042105732222,8.220000000000004,2.690042105732222,4.319999999999999,1.2847615517666924,0.0,0.0,0.0,0.0,1.0,0.0
125000.0,76.78125,1.9598916932914607E-4,125000.0,54.6,48.8118485913111,45.432692307692314,38.31521739130435,125000.0,2596648.0,36675.27999999999,2402.594074609138,30449.120000000003,9583.768865053848,21.999999999999996,7.827215732458699,11.499999999999998,3.9136078662293494,11.499999999999998,3.9136078662293494,5.3599999999999985,1.39620476832807,0.0,0.0,0.0,0.0,1.0,0.0
126000.0,77.34375,1.964242576246356E-4,126000.0,53.2,48.3071131842266,42.00743494423793,36.8421052631579,126000.0,2989904.0,48673.31999999999,2475.1593099830793,38169.44,12106.995832499626,27.96,9.866372490558474,14.479999999999997,4.933186245279236,14.479999999999997,4.933186245279236,6.000000000000001,1.160576914947994,0.0,0.0,0.0,0.0,1.0,0.0
127000.0,77.84375,1.9686974129096287E-4,127000.0,54.300000000000004,48.705918798214476,43.995098039215684,37.397260273972606,127000.0,3444008.0,60653.600000000006,2471.225235235612,47103.51999999999,13053.21392942546,34.8,10.366744318015277,17.9,5.1833721590076385,17.9,5.1833721590076385,6.659999999999999,0.9606545387688243,0.0,0.0,0.0,0.0,1.0,0.0
128000.0,78.375,1.9740518819566603E-4,128000.0,50.0,44.46523912712684,38.650306748466264,32.61455525606468,128000.0,3896008.0,72638.80000000005,2472.2814465631614,55848.80000000001,13817.444425398628,41.68000000000001,12.45144037238017,21.340000000000003,6.225720186190085,21.340000000000003,6.225720186190085,7.200000000000001,1.1952286093343938,0.0,0.0,0.0,0.0,1.0,0.0
129000.0,78.984375,1.980960889745296E-4,129000.0,54.50000000000001,48.754047585527246,43.053817271589494,35.460992907801426,129000.0,4382616.0,84656.67999999996,2462.170963741925,65450.72,15584.161387925178,48.84,13.26551459804784,24.92,6.63275729902392,24.92,6.63275729902392,7.739999999999998,1.2422822972748377,0.0,0.0,0.0,0.0,1.0,0.0
130000.0,79.609375,1.9888332559882347E-4,130000.0,56.10000000000001,51.53765822016254,46.52862362971986,40.51490514905149,130000.0,4868864.0,96664.0,2453.669081026142,75093.28000000003,14783.781039989988,56.959999999999994,12.703783784722551,28.979999999999997,6.351891892361276,28.979999999999997,6.351891892361276,8.200000000000001,1.2616801237611215,0.0,0.0,0.0,0.0,1.0,0.0
131000.0,80.171875,1.9966434667973462E-4,131000.0,57.699999999999996,52.32411486845175,49.03614457831325,40.506329113924046,131000.0,5367136.0,108649.64000000003,2444.9546363639465,84979.67999999998,15811.520983570097,64.08,13.031891807471112,32.54,6.515945903735556,32.54,6.515945903735556,8.44,1.2315578321287035,0.0,0.0,0.0,0.0,1.0,0.0
132000.0,80.78125,2.0058689338232693E-4,132000.0,58.699999999999996,54.023346788647665,50.30084235860408,43.42465753424657,132000.0,5852024.0,120654.47999999997,2465.747651156475,94579.35999999999,15758.0507312087,71.47999999999999,13.158748157071193,36.239999999999995,6.579374078535596,36.239999999999995,6.579374078535596,8.700000000000001,1.1111677990074322,0.0,0.0,0.0,0.0,1.0,0.0
133000.0,81.390625,2.015710341705319E-4,133000.0,56.39999999999999,50.087461420813064,45.771144278606954,37.175792507204605,133000.0,6242736.0,132665.24000000002,2449.2324875273152,102204.31999999999,15558.060565140222,76.76000000000002,13.78931855177945,38.88000000000001,6.894659275889725,38.88000000000001,6.894659275889725,8.839999999999998,1.2182288917330195,0.0,0.0,0.0,0.0,1.0,0.0
134000.0,82.015625,2.0264498491693903E-4,134000.0,54.900000000000006,48.83244953018886,43.765586034912715,36.209335219236216,134000.0,6642120.0,144681.36,2439.979899214631,110016.32000000002,17714.04113821944,83.12,15.255163060419902,42.06,7.627581530209951,42.06,7.627581530209951,9.040000000000001,1.159873321724825,0.0,0.0,0.0,0.0,1.0,0.0
135000.0,82.6875,2.0387251744978123E-4,135000.0,59.0,53.39044708792608,49.44512946979038,41.5954415954416,135000.0,7062312.0,156654.80000000008,2449.021937218942,118325.12,19276.72051098878,88.67999999999998,16.310056995108063,44.83999999999999,8.155028497554031,44.83999999999999,8.155028497554031,9.18,1.155112857813346,0.0,0.0,0.0,0.0,1.0,0.0
136000.0,83.296875,2.0505569797630105E-4,136000.0,56.599999999999994,51.16588633353699,47.26609963547995,39.805825242718434,136000.0,7505312.0,168666.52000000008,2464.769345834072,127081.76,20144.684191262822,95.39999999999999,17.270950011094182,48.199999999999996,8.635475005547091,48.199999999999996,8.635475005547091,9.32,1.1146519544646378,0.0,0.0,0.0,0.0,1.0,0.0
137000.0,83.875,2.0624154839121419E-4,137000.0,56.8,51.328111620864014,47.38124238733252,40.16620498614957,137000.0,7928856.0,180681.55999999997,2483.7639488223103,135448.31999999992,21849.347178815387,102.35999999999999,18.44324996815244,51.67999999999999,9.22162498407622,51.67999999999999,9.22162498407622,9.54,1.1286618408630675,0.0,0.0,0.0,0.0,1.0,0.0
138000.0,84.203125,2.0694911198612916E-4,138000.0,60.099999999999994,54.76323827188767,50.496277915632746,42.836676217765046,138000.0,8335440.0,192664.24000000002,2480.3541021065344,143478.40000000002,23024.886256006583,107.67999999999999,19.19442946401324,54.339999999999996,9.59721473200662,54.339999999999996,9.59721473200662,9.640000000000004,1.1385633625812162,0.0,0.0,0.0,0.0,1.0,0.0
139000.0,84.5625,2.077557358037059E-4,139000.0,59.3,54.33626015092594,50.24449877750611,43.550624133148396,139000.0,8676120.0,204658.47999999998,2480.6139730448417,150234.08000000002,25201.291359721057,112.2,20.768893537584283,56.6,10.384446768792142,56.6,10.384446768792142,9.860000000000001,1.1607527466155356,0.0,0.0,0.0,0.0,1.0,0.0
140000.0,85.09375,2.0899770069970848E-4,140000.0,58.5,53.82280419088651,47.732997481108306,42.280945757997216,140000.0,9036760.0,216629.75999999995,2515.5597710316156,157375.19999999998,25974.988346327256,117.52000000000001,21.353430159855737,59.260000000000005,10.676715079927869,59.260000000000005,10.676715079927869,9.98,1.0971205354872158,0.0,0.0,0.0,0.0,1.0,0.0
141000.0,85.65625,2.103708974189228E-4,141000.0,55.2,50.62735222645295,45.69696969696971,39.04761904761905,141000.0,9436536.0,228617.03999999998,2542.588476657723,165297.12,26397.720866864584,122.99999999999999,21.104211785850726,61.999999999999986,10.552105892925361,61.999999999999986,10.552105892925361,10.120000000000005,1.1717769516805643,0.0,0.0,0.0,0.0,1.0,0.0
142000.0,86.078125,2.1143780193395078E-4,142000.0,57.099999999999994,52.34508821157448,46.70807453416149,40.82758620689654,142000.0,9775616.0,240615.99999999994,2535.1833568917987,172021.75999999998,27977.431839777353,127.96,23.233473388933596,64.48,11.616736694466796,64.48,11.616736694466796,10.239999999999998,1.204752493846172,0.0,0.0,0.0,0.0,1.0,0.0
143000.0,86.84375,2.134477204203398E-4,143000.0,56.39999999999999,50.95116490983338,48.09523809523809,39.275766016713085,143000.0,1.0147632E7,252636.11999999997,2537.12812608335,179354.87999999998,29432.725887504534,133.44,24.375598370468108,67.22,12.187799185234054,67.22,12.187799185234054,10.340000000000002,1.271508825717522,0.0,0.0,0.0,0.0,1.0,0.0
144000.0,87.59375,2.1548641192364602E-4,144000.0,57.199999999999996,52.08594080598612,48.43373493975903,40.72022160664819,144000.0,1.0507336E7,264620.48,2529.011464858881,186410.24,30111.068932665858,138.64000000000001,25.005109681904653,69.82000000000001,12.502554840952326,69.82000000000001,12.502554840952326,10.480000000000002,1.297407147399169,0.0,0.0,0.0,0.0,1.0,0.0
145000.0,88.40625,2.177675820550777E-4,145000.0,59.099999999999994,53.38659494204665,48.48866498740554,41.235632183908045,145000.0,1.0852672E7,276653.64,2543.1378316993237,193200.48000000004,30641.25930848464,144.64000000000001,24.995313846513596,72.82000000000001,12.497656923256798,72.82000000000001,12.497656923256798,10.680000000000001,1.2361890087305105,0.0,0.0,0.0,0.0,1.0,0.0
146000.0,88.90625,2.192149452942733E-4,146000.0,62.0,56.92078866699316,52.91201982651798,46.02272727272727,146000.0,1.118948E7,288607.99999999994,2557.5366735854814,199863.52,29950.263660207034,149.39999999999998,24.51155495945968,75.19999999999999,12.25577747972984,75.19999999999999,12.25577747972984,10.740000000000002,1.2257442553778652,0.0,0.0,0.0,0.0,1.0,0.0
147000.0,89.4375,2.208025992796238E-4,147000.0,61.199999999999996,55.94773675820757,51.31744040150564,44.72934472934473,147000.0,1.1552056E7,300602.3600000001,2570.636796831594,207087.36000000004,30028.85490539025,154.96000000000004,24.958708757809227,77.98000000000002,12.479354378904613,77.98000000000002,12.479354378904613,10.84,1.2674898864467903,0.0,0.0,0.0,0.0,1.0,0.0
148000.0,89.703125,2.216232656307207E-4,148000.0,60.0,54.4176166795057,51.515151515151516,42.52873563218391,148000.0,1.1942632E7,312653.96,2615.3282305419107,214783.36000000004,30160.99108813859,161.07999999999998,25.356108630820287,81.03999999999999,12.678054315410144,81.03999999999999,12.678054315410144,11.02,1.3169228201704586,0.0,0.0,0.0,0.0,1.0,0.0
149000.0,90.4375,2.2396603832021346E-4,149000.0,58.3,52.675534613250164,48.959608323133416,41.84100418410041,149000.0,1.2331464E7,324632.04000000004,2625.431672650263,222439.52000000008,31751.011586160377,167.16000000000005,27.059541302657088,84.08000000000003,13.529770651328544,84.08000000000003,13.529770651328544,11.040000000000001,1.29299525702683,0.0,0.0,0.0,0.0,1.0,0.0
150000.0,91.21875,2.2652919973350225E-4,150000.0,59.5,55.096393076196435,50.42839657282742,45.41778975741239,150000.0,1.2682016E7,336656.03999999986,2649.918250260026,229361.28000000003,33143.17573679385,172.24,28.11605685478005,86.62,14.058028427390026,86.62,14.058028427390026,11.1,1.2975644374703537,0.0,0.0,0.0,0.0,1.0,0.0
151000.0,91.96875,2.2906485117144047E-4,151000.0,59.199999999999996,54.820277722410474,50.18315018315018,44.86486486486486,151000.0,1.3068648E7,348641.2,2662.8428647685914,237005.59999999992,34822.825345758836,177.15999999999997,29.924640041822595,89.07999999999998,14.962320020911298,89.07999999999998,14.962320020911298,11.180000000000001,1.2566557497856714,0.0,0.0,0.0,0.0,1.0,0.0
152000.0,92.828125,2.3203927218370753E-4,152000.0,60.0,55.400696864111495,51.33819951338199,45.42974079126875,152000.0,1.3378952E7,360628.36000000004,2672.0542564453626,243156.0,36295.93993148826,181.72000000000003,30.241909020835482,91.36000000000001,15.120954510417741,91.36000000000001,15.120954510417741,11.22,1.2823766201543008,0.0,0.0,0.0,0.0,1.0,0.0
153000.0,93.40625,2.3409597048561806E-4,153000.0,61.199999999999996,56.57857040538605,51.98019801980197,46.260387811634345,153000.0,1.3751536E7,372602.27999999997,2707.6379874385652,250545.91999999998,37052.03420885118,186.95999999999998,30.723227934152323,93.97999999999999,15.361613967076162,93.97999999999999,15.361613967076162,11.340000000000003,1.2553558727894405,0.0,0.0,0.0,0.0,1.0,0.0
154000.0,93.828125,2.3563415973007465E-4,154000.0,58.099999999999994,52.747043306940085,48.14356435643564,40.90267983074752,154000.0,1.4093808E7,384586.4800000001,2725.0847523985644,257330.56,36806.139343787276,191.96000000000004,30.538674042022482,96.48000000000002,15.269337021011241,96.48000000000002,15.269337021011241,11.420000000000002,1.2136973364433967,0.0,0.0,0.0,0.0,1.0,0.0
155000.0,94.703125,2.3890323985445617E-4,155000.0,59.699999999999996,54.6778528773378,49.62499999999999,43.23943661971831,155000.0,1.4441752E7,396561.56000000006,2703.9240129402965,264220.16000000003,37169.3864725985,197.84,30.91552677730669,99.42,15.457763388653346,99.42,15.457763388653346,11.54,1.2157134463653307,0.0,0.0,0.0,0.0,1.0,0.0
156000.0,95.46875,2.4182700959499918E-4,156000.0,58.5,53.61869200240959,49.8186215235792,42.75862068965516,156000.0,1.4761464E7,408572.28,2697.6174600592317,270548.64,37218.857703117355,202.4,31.275601757698002,101.7,15.637800878849001,101.7,15.637800878849001,11.54,1.2157134463653307,0.0,0.0,0.0,0.0,1.0,0.0
157000.0,96.328125,2.451724202061692E-4,157000.0,59.9,53.9406581087414,51.45278450363195,42.95874822190611,157000.0,1.5047664E7,420567.4399999999,2734.0700553853667,276222.56000000006,38034.58978896308,206.44000000000003,31.658999429829745,103.72000000000001,15.829499714914872,103.72000000000001,15.829499714914872,11.6,1.2453996981544782,0.0,0.0,0.0,0.0,1.0,0.0
158000.0,97.046875,2.4802737384258455E-4,158000.0,57.699999999999996,51.61046769684129,47.97047970479705,38.96103896103895,158000.0,1.5354072E7,432550.16,2740.5937414199484,282290.39999999997,39181.949271758975,211.0,33.00711116949046,106.0,16.50355558474523,106.0,16.50355558474523,11.64,1.2249114920129152,0.0,0.0,0.0,0.0,1.0,0.0
159000.0,97.546875,2.500604023872357E-4,159000.0,58.3,53.2323511005538,49.51573849878934,42.798353909465014,159000.0,1.5717224E7,444547.32,2756.84372500176,289485.44000000006,39833.07211102916,216.8,33.98499068466453,108.9,16.992495342332266,108.9,16.992495342332266,11.680000000000001,1.2195683411664595,0.0,0.0,0.0,0.0,1.0,0.0
160000.0,97.921875,2.5162335569297684E-4,160000.0,58.9,53.84122955284393,48.62499999999999,43.074792243767305,160000.0,1.61108E7,456538.7600000001,2736.7723620412303,297285.2800000001,41496.39474039417,222.71999999999997,35.82499412535378,111.85999999999999,17.91249706267689,111.85999999999999,17.91249706267689,11.759999999999998,1.2707060547392621,0.0,0.0,0.0,0.0,1.0,0.0
161000.0,98.125,2.5248768361052493E-4,161000.0,59.599999999999994,54.568354384828524,50.18495684340321,44.3526170798898,161000.0,1.6448168E7,468509.5599999998,2723.3587018193953,303972.16,42239.30167140743,227.16,35.940631318771196,114.08,17.970315659385598,114.08,17.970315659385598,11.759999999999998,1.2707060547392621,0.0,0.0,0.0,0.0,1.0,0.0
162000.0,98.828125,2.555366358137689E-4,162000.0,58.5,53.13138796594741,49.01719901719901,42.119944211994415,162000.0,1.6761792E7,480516.88000000006,2707.394723601976,310188.48000000004,42367.88017616696,231.48000000000008,36.02620361540718,116.24000000000004,18.01310180770359,116.24000000000004,18.01310180770359,11.819999999999999,1.2887266298678757,0.0,0.0,0.0,0.0,1.0,0.0
163000.0,99.625,2.5904834338386226E-4,163000.0,59.0,54.46968847272456,50.42321644498187,43.44827586206896,163000.0,1.7034544E7,492465.9600000001,2709.739176845381,315597.76,42123.14941544516,236.12,35.541662818702896,118.56,17.77083140935145,118.56,17.77083140935145,11.899999999999999,1.2817398889233114,0.0,0.0,0.0,0.0,1.0,0.0
164000.0,100.21875,2.6172458294442745E-4,164000.0,58.3,53.24006014875716,49.33171324422843,42.798353909465014,164000.0,1.7423032E7,504449.08000000013,2700.8574892324336,323279.9999999999,42566.1677593166,241.99999999999997,36.5228471966102,121.5,18.261423598305107,121.5,18.261423598305107,11.979999999999999,1.2855555457561878,0.0,0.0,0.0,0.0,1.0,0.0
164860.0,100.78125,2.6430545009336324E-4,164860.0,62.0,56.94050991501416,52.79503105590062,46.62921348314607,164860.0,1.7735584E7,514773.0,2676.277859952784,329445.6,42969.35241945053,246.52,36.61952194875163,123.76,18.309760974375816,123.76,18.309760974375816,12.059999999999999,1.331103577748132,0.0,0.0,0.0,0.0,1.0,0.0
