learning evaluation instances,evaluation time (cpu seconds),model cost (RAM-Hours),classified instances,classifications correct (percent),Kappa Statistic (percent),Kappa Temporal Statistic (percent),Kappa M Statistic (percent),model training instances,model serialized size (bytes),[avg] model training instances,[err] model training instances,[avg] model serialized size (bytes),[err] model serialized size (bytes),[avg] tree size (nodes),[err] tree size (nodes),[avg] tree size (leaves),[err] tree size (leaves),[avg] active learning leaves,[err] active learning leaves,[avg] tree depth,[err] tree depth,[avg] active leaf byte size estimate,[err] active leaf byte size estimate,[avg] inactive leaf byte size estimate,[err] inactive leaf byte size estimate,[avg] byte size estimate overhead,[err] byte size estimate overhead
1000.0,0.3125,1.0853077078031169E-7,1000.0,43.3,25.172518914724385,26.36363636363636,7.201309328968901,1000.0,1362624.0,5992.814285714285,85.69144053735162,3427.1999999999994,1678.49727132786,1.314285714285714,1.2103761200415653,1.1571428571428575,0.6051880600207826,1.1571428571428575,0.6051880600207826,0.12857142857142856,0.4791728553025507,0.0,0.0,0.0,0.0,1.0,0.0
2000.0,0.640625,2.822513407510188E-7,2000.0,49.2,32.1311098701139,32.0855614973262,15.333333333333329,2000.0,2046512.0,11998.085714285715,126.2419741007118,12749.485714285716,2435.7989180878985,8.085714285714285,2.090300977862717,4.542857142857144,1.0451504889313583,4.542857142857144,1.0451504889313583,2.471428571428571,0.6750507994073767,0.0,0.0,0.0,0.0,1.0,0.0
3000.0,1.015625,5.209167203348544E-7,3000.0,55.7,41.97446614544107,43.49489795918368,27.495908346972183,3000.0,2460144.0,17999.228571428575,133.46737878908104,18375.428571428565,5358.882742554384,12.542857142857146,4.467874747786106,6.771428571428573,2.233937373893053,6.771428571428573,2.233937373893053,3.6142857142857143,0.8894365117806964,0.0,0.0,0.0,0.0,1.0,0.0
4000.0,1.421875,8.20414214912388E-7,4000.0,56.599999999999994,43.42092226504038,44.64285714285714,28.735632183908034,4000.0,2849720.0,23991.699999999997,145.67089669843998,23654.171428571426,6945.206356365891,16.342857142857138,5.581765640051137,8.67142857142857,2.790882820025568,8.67142857142857,2.790882820025568,4.228571428571427,0.9505365162565086,0.0,0.0,0.0,0.0,1.0,0.0
5000.0,1.828125,1.1559179984033106E-6,5000.0,61.4,49.859645977925254,51.01522842639594,36.928104575163395,5000.0,3192320.0,29988.85714285714,153.87669500961104,28483.999999999993,8745.752347050655,20.2,6.745046491605009,10.6,3.3725232458025043,10.6,3.3725232458025043,4.671428571428571,0.9738825416696533,0.0,0.0,0.0,0.0,1.0,0.0
6000.0,2.171875,1.4708517766040232E-6,6000.0,60.099999999999994,49.895269812088415,49.68474148802018,37.06624605678233,6000.0,3541432.0,35981.0,171.2432797792809,33300.57142857142,9558.786468019927,23.657142857142855,7.535203783989695,12.328571428571427,3.7676018919948473,12.328571428571427,3.7676018919948473,4.971428571428572,0.9626567791971139,0.0,0.0,0.0,0.0,1.0,0.0
7000.0,2.5625,1.853336741785622E-6,7000.0,60.8,49.47411837492266,48.95833333333333,36.36363636363636,7000.0,3784920.0,41979.642857142855,188.31711119420294,36501.14285714286,10428.02031636046,26.028571428571425,7.799984073880859,13.514285714285712,3.8999920369404295,13.514285714285712,3.8999920369404295,5.214285714285713,0.9764303093761086,0.0,0.0,0.0,0.0,1.0,0.0
8000.0,3.03125,2.353354130819854E-6,8000.0,60.199999999999996,49.63147450694528,49.29936305732484,35.59870550161811,8000.0,4123312.0,47972.87142857143,201.27318816298447,41228.22857142858,11256.199433473465,29.37142857142857,8.636242185639938,15.185714285714285,4.318121092819969,15.185714285714285,4.318121092819969,5.5857142857142845,0.9704751136272236,0.0,0.0,0.0,0.0,1.0,0.0
9000.0,3.46875,2.867900152018087E-6,9000.0,62.6,52.500457214850336,51.80412371134021,38.988580750407834,9000.0,4546200.0,53993.185714285726,225.8496545483905,47131.542857142864,11399.139973516327,34.22857142857143,8.815617611468616,17.614285714285714,4.407808805734308,17.614285714285714,4.407808805734308,5.971428571428571,0.9775958171864988,0.0,0.0,0.0,0.0,1.0,0.0
10000.0,3.921875,3.4396839004734325E-6,10000.0,62.4,52.88238264768428,52.58511979823456,40.97331240188383,10000.0,4877712.0,59993.799999999996,243.51309222905593,51799.54285714287,12107.916443368194,37.142857142857146,9.21449034391684,19.071428571428573,4.60724517195842,19.071428571428573,4.60724517195842,6.157142857142859,0.9575892781735171,0.0,0.0,0.0,0.0,1.0,0.0
11000.0,4.34375,4.009601802358197E-6,11000.0,63.3,53.7201671622518,54.57920792079207,40.32520325203252,11000.0,5221928.0,65987.94285714287,247.87496180003944,56673.028571428564,12284.112603804151,41.257142857142874,9.850602445029475,21.128571428571437,4.9253012225147375,21.128571428571437,4.9253012225147375,6.414285714285716,0.9704751136272233,0.0,0.0,0.0,0.0,1.0,0.0
12000.0,4.78125,4.636636715278857E-6,12000.0,64.60000000000001,54.735509609114274,52.7369826435247,41.0,12000.0,5540080.0,71993.38571428573,261.99907582850227,61063.77142857143,13021.470820295588,44.17142857142857,10.126692277359439,22.585714285714285,5.063346138679719,22.585714285714285,5.063346138679719,6.585714285714288,0.9245893274479442,0.0,0.0,0.0,0.0,1.0,0.0
13000.0,5.234375,5.318506704902069E-6,13000.0,65.9,55.78204828963407,54.714475431606914,41.50943396226416,13000.0,5816824.0,77994.04285714285,262.59129182523145,64922.742857142875,13812.918457361964,46.54285714285716,10.960648603316459,23.77142857142858,5.4803243016582295,23.77142857142858,5.4803243016582295,6.742857142857144,0.9118497569753836,0.0,0.0,0.0,0.0,1.0,0.0
14000.0,5.734375,6.1029286654148655E-6,14000.0,64.4,53.94381922172816,53.0961791831357,40.765391014975044,14000.0,6064320.0,83984.92857142857,275.16331495400766,68331.65714285718,14238.025310776438,49.000000000000014,11.075498483890764,25.000000000000007,5.537749241945382,25.000000000000007,5.537749241945382,6.900000000000001,0.8871056993048407,0.0,0.0,0.0,0.0,1.0,0.0
15000.0,6.1875,6.843523070630099E-6,15000.0,66.9,57.44948894393745,57.72669220945084,44.463087248322154,15000.0,6317784.0,89981.58571428574,290.93664297874784,71853.71428571428,15050.822387028555,51.51428571428571,11.625487812290118,26.257142857142856,5.812743906145059,26.257142857142856,5.812743906145059,7.042857142857141,0.8753585482484986,0.0,0.0,0.0,0.0,1.0,0.0
16000.0,6.609375,7.560273580667044E-6,16000.0,66.60000000000001,58.93324808498605,57.01415701415702,47.31861198738171,16000.0,6567296.0,95981.7428571429,302.92265649470073,75333.4857142857,14884.3317081535,54.25714285714285,11.647834549367579,27.628571428571426,5.823917274683789,27.628571428571426,5.823917274683789,7.242857142857143,0.8917612321905989,0.0,0.0,0.0,0.0,1.0,0.0
17000.0,7.125,8.481850737654086E-6,17000.0,66.5,58.844956050098595,56.99614890885751,46.400000000000006,17000.0,6908760.0,101979.14285714286,312.57176732847944,80092.11428571431,15215.56687189558,58.02857142857144,11.960043900568245,29.51428571428572,5.980021950284122,29.51428571428572,5.980021950284122,7.442857142857142,0.8950056964552631,0.0,0.0,0.0,0.0,1.0,0.0
18000.0,7.59375,9.354897742418365E-6,18000.0,66.5,58.31995839460923,57.967377666248446,46.57097288676237,18000.0,7199440.0,107991.52857142859,304.4047515973261,84123.65714285713,15837.41069076608,61.3142857142857,12.49062588462436,31.15714285714285,6.24531294231218,31.15714285714285,6.24531294231218,7.62857142857143,0.9195371956828642,0.0,0.0,0.0,0.0,1.0,0.0
19000.0,8.046875,1.0237962156275494E-5,19000.0,68.60000000000001,59.65524507511321,58.02139037433156,47.13804713804714,19000.0,7533152.0,113971.01428571428,316.4012996206813,88779.54285714288,16537.48878881451,64.74285714285712,13.270524944331955,32.87142857142857,6.6352624721659765,32.87142857142857,6.6352624721659765,7.742857142857143,0.8794878991795808,0.0,0.0,0.0,0.0,1.0,0.0
20000.0,8.609375,1.1374198980370742E-5,20000.0,65.7,57.172538482284665,55.96919127086009,44.13680781758958,20000.0,7808160.0,119967.35714285717,336.8369938939099,92618.85714285712,17532.861510942952,67.54285714285714,13.700402738485003,34.27142857142857,6.850201369242502,34.27142857142857,6.850201369242502,7.899999999999999,0.903295095185127,0.0,0.0,0.0,0.0,1.0,0.0
21000.0,9.0625,1.2321611737004585E-5,21000.0,64.5,56.77079020560056,55.40201005025126,44.35736677115988,21000.0,8082088.0,125971.17142857148,356.20975629001316,96456.2285714286,17583.557271604896,70.68571428571428,14.025383672597377,35.84285714285714,7.012691836298688,35.84285714285714,7.012691836298688,8.000000000000002,0.9168313422570846,0.0,0.0,0.0,0.0,1.0,0.0
22000.0,9.640625,1.3569709586186542E-5,22000.0,68.30000000000001,60.3740588838985,59.66921119592876,48.28711256117456,22000.0,8345056.0,131972.1428571428,387.77814835230987,100130.85714285717,17541.051850110973,73.08571428571429,13.99973380403538,37.042857142857144,6.99986690201769,37.042857142857144,6.99986690201769,8.15714285714286,0.9423331249757174,0.0,0.0,0.0,0.0,1.0,0.0
23000.0,10.109375,1.461528021738761E-5,23000.0,65.7,57.6658191602281,57.01754385964912,45.29505582137162,23000.0,8622128.0,137963.18571428573,415.30754425449743,103677.71428571432,18524.37015545507,75.4857142857143,14.765552210841873,38.24285714285715,7.382776105420937,38.24285714285715,7.382776105420937,8.300000000000002,0.953255292234936,0.0,0.0,0.0,0.0,1.0,0.0
24000.0,10.78125,1.616064863305332E-5,24000.0,66.2,58.44265701421557,56.777493606138115,46.85534591194969,24000.0,8890904.0,143962.29999999996,427.97640968443,107404.45714285718,18725.846213874363,78.34285714285716,14.825443967041116,39.67142857142858,7.412721983520558,39.67142857142858,7.412721983520558,8.414285714285718,0.9087793556107361,0.0,0.0,0.0,0.0,1.0,0.0
25000.0,11.375,1.75765710688817E-5,25000.0,66.2,57.37909154416309,56.94267515923568,44.40789473684211,25000.0,9218032.0,149948.74285714288,443.2188155149802,111971.7714285714,19509.10723499203,81.51428571428572,15.55424622311728,41.25714285714286,7.77712311155864,41.25714285714286,7.77712311155864,8.457142857142859,0.879487899179581,0.0,0.0,0.0,0.0,1.0,0.0
26000.0,11.984375,1.906809154509877E-5,26000.0,68.60000000000001,60.42224673073894,60.00000000000001,48.01324503311259,26000.0,9461216.0,155959.6714285714,436.7774852663646,115365.48571428574,20062.67829790679,83.91428571428568,15.911660893223955,42.45714285714284,7.955830446611977,42.45714285714284,7.955830446611977,8.542857142857141,0.8794878991795808,0.0,0.0,0.0,0.0,1.0,0.0
27000.0,12.515625,2.0406670874864275E-5,27000.0,69.69999999999999,62.17082059355605,61.153846153846146,50.16447368421052,27000.0,9739744.0,161962.09999999998,451.9957723926946,119243.88571428569,20332.961003630422,87.2,16.461285279208255,44.1,8.230642639604127,44.1,8.230642639604127,8.628571428571428,0.8874557114310285,0.0,0.0,0.0,0.0,1.0,0.0
28000.0,13.265625,2.1035892584930275E-5,28000.0,58.099999999999994,48.8050437417526,47.16267339218159,35.03875968992248,28000.0,3242984.0,37145.94285714285,68785.19386053564,27643.2,48200.17153424285,19.285714285714295,35.866557374359175,10.142857142857148,17.933278687179588,10.142857142857148,17.933278687179588,1.8285714285714285,3.550755904708744,0.0,0.0,0.0,0.0,1.0,0.0
29000.0,13.71875,2.132296888804477E-5,29000.0,49.7,35.473442767637685,35.759897828863345,21.65109034267913,29000.0,2448960.0,11618.071428571431,28032.731925335473,16998.97142857143,20830.911653550174,11.542857142857143,16.244228151567118,6.271428571428571,8.122114075783559,6.271428571428571,8.122114075783559,3.028571428571428,1.5601136020642075,0.0,0.0,0.0,0.0,1.0,0.0
30000.0,14.125,2.162148351393019E-5,30000.0,55.50000000000001,45.48986846521519,45.53243574051409,32.575757575757585,30000.0,2840368.0,17616.742857142857,28044.842101242855,22072.114285714288,22098.557691503775,14.885714285714286,17.004298567487478,7.942857142857144,8.502149283743739,7.942857142857144,8.502149283743739,3.9142857142857146,1.2937178997527965,0.0,0.0,0.0,0.0,1.0,0.0
31000.0,14.453125,2.1884397040897358E-5,31000.0,57.9,50.015850080793854,47.83147459727385,36.500754147812955,31000.0,3097248.0,23610.514285714282,28040.263231280536,25386.171428571437,22447.774929256,17.228571428571428,17.2098484010632,9.114285714285714,8.6049242005316,9.114285714285714,8.6049242005316,4.371428571428572,1.3096235610417255,0.0,0.0,0.0,0.0,1.0,0.0
32000.0,14.84375,2.2207315357971107E-5,32000.0,61.9,56.331727578749025,52.434456928838955,45.72649572649573,32000.0,3195472.0,29595.07142857142,28056.880022875186,26725.828571428574,23469.351556081394,18.17142857142857,17.961288024382437,9.585714285714285,8.980644012191219,9.585714285714285,8.980644012191219,4.557142857142857,1.3474152850218672,0.0,0.0,0.0,0.0,1.0,0.0
33000.0,15.265625,2.257146190256915E-5,33000.0,59.8,54.46539313242981,51.449275362318836,43.05949008498583,33000.0,3336528.0,35597.32857142858,28057.935907906973,28377.25714285715,24098.196086607215,19.257142857142863,18.481236637748445,10.128571428571432,9.240618318874223,10.128571428571432,9.240618318874223,4.742857142857141,1.369287493613241,0.0,0.0,0.0,0.0,1.0,0.0
34000.0,15.6875,2.2955821930534308E-5,34000.0,60.8,54.65440176200039,50.505050505050505,41.492537313432834,34000.0,3521736.0,41599.07142857143,28059.032175878732,30780.457142857143,24977.651493021363,21.14285714285714,19.337794873227043,11.07142857142857,9.668897436613522,11.07142857142857,9.668897436613522,5.000000000000003,1.4842164770425632,0.0,0.0,0.0,0.0,1.0,0.0
35000.0,16.125,2.338247477180428E-5,35000.0,63.4,57.23049956178791,54.59057071960297,43.69230769230769,35000.0,3769632.0,47584.88571428571,28052.618245389007,34230.4,25954.491761933805,23.942857142857143,20.229756898741883,12.471428571428572,10.114878449370941,12.471428571428572,10.114878449370941,5.328571428571429,1.5201204049510861,0.0,0.0,0.0,0.0,1.0,0.0
36000.0,16.578125,2.3842698073066355E-5,36000.0,62.8,56.760677323067476,54.2997542997543,44.14414414414415,36000.0,3926024.0,53593.94285714284,28047.75486268495,36407.428571428565,26489.452013180497,25.428571428571427,20.576877010246818,13.214285714285714,10.288438505123409,13.214285714285714,10.288438505123409,5.499999999999999,1.481773320691476,0.0,0.0,0.0,0.0,1.0,0.0
37000.0,17.015625,2.4307682340602494E-5,37000.0,61.4,55.631214934579035,53.605769230769226,43.64963503649634,37000.0,4108304.0,59590.585714285706,28029.740706992674,38962.85714285716,27734.78194775364,27.257142857142856,21.080718378902564,14.128571428571428,10.540359189451282,14.128571428571428,10.540359189451282,5.628571428571428,1.4563347736989893,0.0,0.0,0.0,0.0,1.0,0.0
38000.0,17.46875,2.481762258361818E-5,38000.0,60.3,53.589940824252004,51.526251526251535,39.296636085626915,38000.0,4350144.0,65593.75714285714,28028.615402904474,42301.82857142857,28350.525427726338,30.17142857142857,22.225440070680353,15.585714285714285,11.112720035340176,15.585714285714285,11.112720035340176,5.9,1.4561215110946142,0.0,0.0,0.0,0.0,1.0,0.0
39000.0,18.0,2.5454364400098306E-5,39000.0,62.1,55.441121143717076,52.977667493796524,42.57575757575758,39000.0,4633048.0,71587.67142857144,28024.549370885536,46102.62857142856,29778.527814309047,32.60000000000001,22.8024916004459,16.8,11.401245800222949,16.8,11.401245800222949,6.099999999999996,1.5146626352263144,0.0,0.0,0.0,0.0,1.0,0.0
40000.0,18.4375,2.600992651423439E-5,40000.0,61.7,54.32210666921095,52.3038605230386,39.109697933227345,40000.0,4908592.0,77575.04285714283,28033.599519890682,49932.57142857143,30581.60643194847,35.314285714285724,23.474033052359605,18.157142857142862,11.737016526179803,18.157142857142862,11.737016526179803,6.27142857142857,1.4736470441615406,0.0,0.0,0.0,0.0,1.0,0.0
41000.0,18.9375,2.6673504196676526E-5,41000.0,58.9,51.864348815991804,49.00744416873448,38.1954887218045,41000.0,5130080.0,83573.12857142859,28038.122425158166,53020.45714285715,31542.900343925765,37.65714285714285,24.280298994342274,19.328571428571426,12.140149497171137,19.328571428571426,12.140149497171137,6.428571428571429,1.4603099588729227,0.0,0.0,0.0,0.0,1.0,0.0
42000.0,19.421875,2.7353118510088984E-5,42000.0,62.5,55.95748429150272,52.77078085642317,43.00911854103344,42000.0,5423544.0,89572.30000000002,28025.450497277692,57177.028571428564,31646.93504814014,41.085714285714296,24.76190555820989,21.042857142857148,12.380952779104945,21.042857142857148,12.380952779104945,6.671428571428572,1.35904301977775,0.0,0.0,0.0,0.0,1.0,0.0
43000.0,19.953125,2.8146747046978105E-5,43000.0,64.9,59.83977098371967,57.195121951219505,48.6090775988287,43000.0,5774584.0,95556.30000000002,28019.926410826207,62091.65714285715,31663.791423344035,44.8,24.30757024086309,22.9,12.153785120431545,22.9,12.153785120431545,6.885714285714284,1.3026489972121762,0.0,0.0,0.0,0.0,1.0,0.0
44000.0,20.421875,2.889865032759391E-5,44000.0,63.6,57.56022600345582,55.22755227552276,44.93192133131618,44000.0,6200448.0,101568.72857142854,28027.540912322744,68120.79999999999,31254.599128049496,49.628571428571405,24.1289839714569,25.314285714285703,12.06449198572845,25.314285714285703,12.06449198572845,7.02857142857143,1.1914116407533406,0.0,0.0,0.0,0.0,1.0,0.0
45000.0,20.9375,2.976557922213234E-5,45000.0,63.3,56.7101609627094,54.29638854296389,43.276661514683155,45000.0,6499080.0,107562.62857142856,28028.920096448324,72312.9142857143,31088.26985025705,52.17142857142856,24.001190446666243,26.58571428571428,12.000595223333121,26.58571428571428,12.000595223333121,7.214285714285715,1.1279435840406502,0.0,0.0,0.0,0.0,1.0,0.0
46000.0,21.421875,3.061547328899096E-5,46000.0,62.0,57.036708740542416,53.1442663378545,45.945945945945944,46000.0,6782432.0,113565.49999999997,28019.19290479709,76232.11428571428,31567.870703301684,55.22857142857143,24.42745629651218,28.114285714285714,12.21372814825609,28.114285714285714,12.21372814825609,7.314285714285711,1.0431676556354568,0.0,0.0,0.0,0.0,1.0,0.0
47000.0,21.96875,3.161586814611735E-5,47000.0,63.800000000000004,57.47285370074282,54.465408805031444,44.81707317073172,47000.0,7071080.0,119554.91428571426,28021.726271055075,80258.97142857143,32059.82634097797,58.28571428571428,24.831106518471483,29.64285714285714,12.415553259235741,29.64285714285714,12.415553259235741,7.4857142857142875,1.0867163295692122,0.0,0.0,0.0,0.0,1.0,0.0
48000.0,22.515625,3.265863478494186E-5,48000.0,65.10000000000001,58.78484983041561,56.42946317103621,45.46875,48000.0,7370576.0,125562.61428571431,28022.562115993616,84452.57142857143,32001.36358171362,61.45714285714286,24.996629172336338,31.228571428571428,12.49831458616817,31.228571428571428,12.49831458616817,7.614285714285713,1.0672035398391135,0.0,0.0,0.0,0.0,1.0,0.0
49000.0,23.046875,3.371273406729515E-5,49000.0,66.9,60.5980056162722,58.25977301387139,47.70932069510269,49000.0,7669816.0,131573.4142857143,28022.958113047058,88659.77142857143,32665.48629078809,64.77142857142856,25.28342037295772,32.885714285714286,12.641710186478862,32.885714285714286,12.641710186478862,7.728571428571427,1.020392487309344,0.0,0.0,0.0,0.0,1.0,0.0
50000.0,23.640625,3.4936482487763785E-5,50000.0,61.6,55.68117684941642,52.357320099255574,44.10480349344978,50000.0,7966928.0,137590.90000000008,28014.523240297323,92794.5142857143,32873.06039232982,67.74285714285713,25.126166114281823,34.37142857142857,12.563083057140911,34.37142857142857,12.563083057140911,7.885714285714286,1.070593187096167,0.0,0.0,0.0,0.0,1.0,0.0
51000.0,24.140625,3.6003317671000115E-5,51000.0,63.0,56.414593807573965,54.037267080745345,43.164362519201234,51000.0,8247640.0,143593.80000000002,28023.26979318169,96648.1142857143,33386.91398230917,70.08571428571423,25.18266188526005,35.542857142857116,12.591330942630025,35.542857142857116,12.591330942630025,7.985714285714286,1.0833771292309922,0.0,0.0,0.0,0.0,1.0,0.0
52000.0,24.640625,3.7101678123387185E-5,52000.0,64.1,58.07348235349076,54.728877679697355,45.60606060606061,52000.0,8491360.0,149584.02857142861,28042.500478748698,100022.9714285714,33335.123242510665,72.79999999999998,24.910622843172394,36.89999999999999,12.455311421586197,36.89999999999999,12.455311421586197,8.142857142857139,1.0939320685492377,0.0,0.0,0.0,0.0,1.0,0.0
53000.0,25.234375,3.844517341349273E-5,53000.0,65.2,60.002344690138855,57.81818181818183,49.04831625183016,53000.0,8746512.0,155574.38571428575,28054.48722758431,103410.62857142858,33119.55630092569,75.31428571428566,24.974504598033263,38.15714285714283,12.487252299016632,38.15714285714283,12.487252299016632,8.2,1.0848094736878446,0.0,0.0,0.0,0.0,1.0,0.0
54000.0,25.828125,3.982731412785748E-5,54000.0,64.3,58.29843601613396,55.707196029776675,45.909090909090914,54000.0,8998104.0,161579.95714285708,28050.879759091447,106938.85714285713,33340.59275021693,78.34285714285714,25.772069880421427,39.67142857142857,12.886034940210713,39.67142857142857,12.886034940210713,8.328571428571431,1.0996893971419088,0.0,0.0,0.0,0.0,1.0,0.0
55000.0,26.421875,4.124720199292318E-5,55000.0,66.8,61.583855962602115,58.133669609079455,50.741839762611285,55000.0,9243848.0,167588.47142857139,28048.879154914517,110396.45714285715,33070.320610711315,80.91428571428573,25.651930377480316,40.95714285714286,12.825965188740158,40.95714285714286,12.825965188740158,8.428571428571423,1.0435645236945676,0.0,0.0,0.0,0.0,1.0,0.0
56000.0,27.0,4.2663923684611086E-5,56000.0,65.3,60.22174941765559,57.21331689272504,49.04552129221732,56000.0,9472512.0,173576.51428571428,28053.564329969468,113612.8,33539.82726252478,83.39999999999999,25.774046040064455,42.199999999999996,12.887023020032228,42.199999999999996,12.887023020032228,8.542857142857143,1.0026878989866823,0.0,0.0,0.0,0.0,1.0,0.0
57000.0,27.546875,4.40459022583026E-5,57000.0,65.9,60.43009355207795,57.268170426065154,49.18032786885246,57000.0,9768224.0,179583.65714285715,28047.79768092872,117621.94285714286,33857.89936552418,86.31428571428576,26.154248612737746,43.65714285714288,13.077124306368873,43.65714285714288,13.077124306368873,8.614285714285714,0.996993409814353,0.0,0.0,0.0,0.0,1.0,0.0
58000.0,28.203125,4.572456502096934E-5,58000.0,63.1,56.39658546269249,54.38813349814586,42.43369734789392,58000.0,9887728.0,180442.44285714295,41886.73461265726,118146.05714285716,39290.88900543315,86.91428571428567,30.13099076623378,43.957142857142834,15.06549538311689,43.957142857142834,15.06549538311689,8.457142857142857,1.774911422862057,0.0,0.0,0.0,0.0,1.0,0.0
59000.0,28.90625,4.631351741004942E-5,59000.0,50.3,39.74581706248128,38.18407960199004,24.6969696969697,59000.0,3237800.0,43893.05714285715,75304.01333587368,26689.485714285714,45526.1299923407,18.62857142857143,33.66035444997159,9.814285714285715,16.830177224985796,9.814285714285715,16.830177224985796,1.9285714285714282,3.4612615132260602,0.0,0.0,0.0,0.0,1.0,0.0
60000.0,29.375,4.6648688763121344E-5,60000.0,51.7,42.72392218991467,38.93805309734514,28.550295857988168,60000.0,2763936.0,25749.399999999998,51751.27236926335,20999.54285714286,27055.828139418147,14.628571428571426,20.136614159626355,7.814285714285713,10.068307079813177,7.814285714285713,10.068307079813177,3.1285714285714286,2.035350118166323,0.0,0.0,0.0,0.0,1.0,0.0
61000.0,29.796875,4.6960938230363854E-5,61000.0,55.1,47.62626851743848,43.734335839599,33.48148148148148,61000.0,2861016.0,26116.728571428568,43014.645499492355,22336.8,22836.21744459471,15.028571428571427,17.10154788194893,8.014285714285712,8.550773940974466,8.014285714285712,8.550773940974466,3.5142857142857133,2.0053757979733646,0.0,0.0,0.0,0.0,1.0,0.0
62000.0,30.25,4.7339685390599895E-5,62000.0,56.599999999999994,48.771943077838316,44.853875476493,35.22388059701492,62000.0,3230976.0,32129.05714285715,43026.77883374819,27061.142857142855,22864.571063576175,18.485714285714273,17.17661272907789,9.742857142857137,8.588306364538944,9.742857142857137,8.588306364538944,4.242857142857142,1.731512820039959,0.0,0.0,0.0,0.0,1.0,0.0
63000.0,30.703125,4.776064248289913E-5,63000.0,57.4,50.51023253220319,45.38461538461538,38.70503597122301,63000.0,3591056.0,38145.214285714275,43034.19261871565,32045.257142857146,23003.896144283404,22.314285714285717,17.391937876659686,11.657142857142858,8.695968938329843,11.657142857142858,8.695968938329843,5.028571428571429,1.5507962290705308,0.0,0.0,0.0,0.0,1.0,0.0
64000.0,31.125,4.817689827177673E-5,64000.0,55.300000000000004,48.8282587069233,44.67821782178218,35.77586206896552,64000.0,3813984.0,41115.242857142846,37837.182714252915,35202.857142857145,22645.041238733338,24.400000000000006,16.838017715268926,12.700000000000003,8.419008857634463,12.700000000000003,8.419008857634463,5.228571428571429,1.4956112469724185,0.0,0.0,0.0,0.0,1.0,0.0
65000.0,31.609375,4.868936653818107E-5,65000.0,57.8,51.577850653240034,49.15662650602409,39.1053391053391,65000.0,4089664.0,47108.857142857116,37841.88595481173,38947.65714285715,22305.50027955717,26.942857142857143,16.488806668210252,13.971428571428572,8.244403334105126,13.971428571428572,8.244403334105126,5.428571428571427,1.4403243251055242,0.0,0.0,0.0,0.0,1.0,0.0
66000.0,32.0625,4.919022334636085E-5,66000.0,60.4,54.50189920102577,49.93678887484197,42.02049780380673,66000.0,4272656.0,49976.214285714275,31498.463691955138,41717.14285714285,19665.05665894675,29.085714285714282,14.639377963682785,15.042857142857141,7.319688981841392,15.042857142857141,7.319688981841392,5.585714285714284,1.2451978149449534,0.0,0.0,0.0,0.0,1.0,0.0
67000.0,32.609375,4.982381939448209E-5,67000.0,60.8,54.97720146553803,51.90184049079755,42.35294117647059,67000.0,4478440.0,55978.14285714286,31504.45004834811,44584.45714285715,20521.53984157015,31.228571428571428,15.564891214181895,16.11428571428571,7.782445607090947,16.11428571428571,7.782445607090947,5.828571428571429,1.1791845447071425,0.0,0.0,0.0,0.0,1.0,0.0
68000.0,33.09375,5.040710681997653E-5,68000.0,57.9,51.8963795455636,46.64131812420786,38.179148311306896,68000.0,4654824.0,61973.428571428565,31496.6763052458,46966.05714285714,20950.152280506158,33.2,16.01502917325753,17.1,8.007514586628767,17.1,8.007514586628767,6.057142857142856,1.2497618820818477,0.0,0.0,0.0,0.0,1.0,0.0
69000.0,33.515625,5.094043160271313E-5,69000.0,61.9,56.029396829500236,52.19573400250941,43.387815750371466,69000.0,4886640.0,67979.3285714286,31498.12801648139,50150.28571428571,21418.754816473316,35.54285714285714,16.372197814699284,18.27142857142857,8.186098907349642,18.27142857142857,8.186098907349642,6.328571428571429,1.2125124062885815,0.0,0.0,0.0,0.0,1.0,0.0
70000.0,34.0,5.159521184395998E-5,70000.0,62.6,57.15784698707404,53.42465753424658,46.34146341463414,70000.0,5225360.0,73996.74285714286,31499.261856401277,54773.59999999999,21930.22050313088,39.228571428571435,16.728151598446885,20.114285714285717,8.364075799223443,20.114285714285717,8.364075799223443,6.55714285714286,1.175051208081974,0.0,0.0,0.0,0.0,1.0,0.0
71000.0,34.484375,5.2286072815251015E-5,71000.0,62.2,56.94579384324852,54.67625899280575,45.05813953488372,71000.0,5513296.0,79985.08571428574,31490.596993960356,58830.057142857135,21841.119955813247,42.2,16.744975452312577,21.6,8.372487726156288,21.6,8.372487726156288,6.714285714285714,1.168956640482953,0.0,0.0,0.0,0.0,1.0,0.0
72000.0,35.09375,5.31994962430973E-5,72000.0,60.8,54.29999720204064,52.01958384332925,40.51593323216995,72000.0,5794152.0,85999.94285714284,31480.68887423983,62750.51428571428,22867.46575868062,45.28571428571429,17.677581690093753,23.142857142857146,8.838790845046876,23.142857142857146,8.838790845046876,6.914285714285713,1.1130693578771875,0.0,0.0,0.0,0.0,1.0,0.0
73000.0,35.59375,5.399242324832206E-5,73000.0,59.199999999999996,53.61991978974363,49.87714987714987,40.783744557329456,73000.0,6130072.0,91998.74285714285,31479.952024568764,67445.14285714286,23423.466654089403,48.48571428571427,17.796549785422187,24.742857142857137,8.898274892711093,24.742857142857137,8.898274892711093,7.128571428571428,1.16620813231065,0.0,0.0,0.0,0.0,1.0,0.0
74000.0,35.984375,5.463564053772845E-5,74000.0,57.99999999999999,51.46422046337802,47.826086956521735,37.592867756314995,74000.0,6365024.0,98005.31428571428,31487.377933803407,70705.94285714287,23721.948212808747,50.79999999999999,18.069591720001206,25.899999999999995,9.034795860000603,25.899999999999995,9.034795860000603,7.271428571428571,1.102322036265088,0.0,0.0,0.0,0.0,1.0,0.0
75000.0,36.359375,5.527902533584792E-5,75000.0,58.9,53.13478140397249,48.68913857677902,41.03299856527977,75000.0,6631960.0,104002.0857142857,31495.239043359295,74389.94285714284,23565.398547284098,53.685714285714305,17.91084430408852,27.342857142857152,8.95542215204426,27.342857142857152,8.95542215204426,7.42857142857143,1.0154092281544018,0.0,0.0,0.0,0.0,1.0,0.0
76000.0,36.765625,5.600237549515441E-5,76000.0,61.8,56.508274813053895,53.18627450980392,44.797687861271676,76000.0,6882680.0,110006.11428571428,31494.41183537668,77884.00000000003,24583.754654802757,56.31428571428572,18.468573273476327,28.65714285714286,9.234286636738164,28.65714285714286,9.234286636738164,7.557142857142858,1.030487633067356,0.0,0.0,0.0,0.0,1.0,0.0
77000.0,37.25,5.689940046674261E-5,77000.0,59.5,54.24969499796665,49.75186104218361,42.71570014144271,77000.0,7158552.0,116002.2857142857,31486.831029717738,81756.57142857145,24912.42912223106,58.94285714285715,18.841740368772292,29.971428571428575,9.420870184386146,29.971428571428575,9.420870184386146,7.6428571428571415,1.0077340672571107,0.0,0.0,0.0,0.0,1.0,0.0
78000.0,37.8125,5.7973344616281484E-5,78000.0,62.3,56.675032867216444,52.15736040609137,44.3952802359882,78000.0,7380088.0,121997.97142857141,31502.854010101695,84863.42857142858,25135.5600777536,61.25714285714287,19.149817961283876,31.128571428571433,9.574908980641938,31.128571428571433,9.574908980641938,7.728571428571429,0.9768542912933428,0.0,0.0,0.0,0.0,1.0,0.0
79000.0,38.265625,5.88655196608872E-5,79000.0,59.3,54.22774788148698,50.36585365853657,42.26950354609929,79000.0,7610872.0,128017.55714285714,31511.042867971257,88089.71428571429,26051.652270137125,63.60000000000001,20.13389959852483,32.29999999999999,10.066949799262416,32.29999999999999,10.066949799262416,7.828571428571428,1.0351983436839751,0.0,0.0,0.0,0.0,1.0,0.0
80000.0,38.78125,5.991878621797594E-5,80000.0,60.9,55.208834513254054,52.66343825665859,42.33038348082596,80000.0,7895992.0,134026.57142857142,31496.727872641466,92035.31428571428,26423.554340526356,66.71428571428575,20.09047857052058,33.857142857142875,10.045239285260289,33.857142857142875,10.045239285260289,7.885714285714284,1.0150013513642338,0.0,0.0,0.0,0.0,1.0,0.0
81000.0,38.953125,6.02835575894763E-5,81000.0,62.6,57.51901989336593,53.712871287128706,46.799431009957324,81000.0,8203712.0,140017.57142857142,31502.772046682792,96340.11428571428,27182.22463490969,70.02857142857142,20.55954338054625,35.51428571428571,10.279771690273124,35.51428571428571,10.279771690273124,7.971428571428573,0.9923099762810585,0.0,0.0,0.0,0.0,1.0,0.0
82000.0,39.296875,6.103566110444564E-5,82000.0,60.199999999999996,55.07084244428163,51.225490196078425,43.142857142857146,82000.0,8457408.0,146009.64285714284,31510.353651116435,99893.94285714287,27416.47161935063,72.22857142857143,20.749137526040307,36.614285714285714,10.374568763020154,36.614285714285714,10.374568763020154,7.971428571428573,0.9923099762810585,0.0,0.0,0.0,0.0,1.0,0.0
83000.0,39.765625,6.208431965205817E-5,83000.0,62.4,57.12153194730967,52.52525252525253,43.964232488822645,83000.0,8647592.0,152007.98571428566,31515.335177919416,102577.02857142859,27269.723353863956,74.25714285714287,20.574844436896345,37.62857142857143,10.287422218448173,37.62857142857143,10.287422218448173,8.01428571428571,0.9852956172723741,0.0,0.0,0.0,0.0,1.0,0.0
84000.0,40.375,6.348159949993713E-5,84000.0,65.10000000000001,59.39050854951973,57.125307125307124,46.96048632218846,84000.0,8863416.0,158008.3,31508.097411663854,105634.51428571431,27502.46969608095,76.9142857142857,20.53610666651869,38.95714285714285,10.268053333259346,38.95714285714285,10.268053333259346,8.142857142857148,0.9522774270855349,0.0,0.0,0.0,0.0,1.0,0.0
85000.0,40.90625,6.473557179560884E-5,85000.0,63.800000000000004,58.189151355272095,55.30864197530864,45.48192771084338,85000.0,9124128.0,163994.2285714285,31500.350494103164,109286.74285714286,26708.369199470755,79.74285714285715,19.825825431423205,40.371428571428574,9.912912715711602,40.371428571428574,9.912912715711602,8.27142857142857,0.9915794540351248,0.0,0.0,0.0,0.0,1.0,0.0
86000.0,41.4375,6.602503084448268E-5,86000.0,62.8,57.7934602555084,54.689403166869674,46.164978292329955,86000.0,9382336.0,169984.77142857146,31511.114982260762,112905.14285714284,25933.52441173545,82.91428571428568,19.02990998717763,41.95714285714284,9.514954993588814,41.95714285714284,9.514954993588814,8.342857142857143,0.9910573227504177,0.0,0.0,0.0,0.0,1.0,0.0
87000.0,41.609375,6.64545972055445E-5,87000.0,61.7,56.44886551000311,52.422360248447205,44.33139534883721,87000.0,9660952.0,175984.9285714286,31498.481869247087,116745.37142857141,25451.447537303236,85.34285714285714,18.97663377418624,43.17142857142857,9.48831688709312,43.17142857142857,9.48831688709312,8.41428571428571,0.9704751136272235,0.0,0.0,0.0,0.0,1.0,0.0
88000.0,41.8125,6.697640883632831E-5,88000.0,62.0,56.51820685662108,53.71498172959805,43.95280235988201,88000.0,9930080.0,181979.7857142857,31498.613520852385,120511.65714285716,25762.313639396954,88.08571428571429,19.35386929605495,44.542857142857144,9.676934648027474,44.542857142857144,9.676934648027474,8.47142857142857,0.9886519671832554,0.0,0.0,0.0,0.0,1.0,0.0
89000.0,42.265625,6.817685142676863E-5,89000.0,59.4,54.44983591843604,50.30599755201959,42.65536723163842,89000.0,1.0240608E7,187979.79999999996,31498.837450182877,124837.82857142857,25821.22280637699,90.97142857142863,19.353291618748766,45.985714285714316,9.676645809374383,45.985714285714316,9.676645809374383,8.54285714285714,1.0311905921152893,0.0,0.0,0.0,0.0,1.0,0.0
90000.0,42.890625,6.857466845152278E-5,90000.0,51.2,43.044881333776836,37.75510204081633,24.105754276827376,90000.0,2460400.0,26417.77142857143,62576.9974196824,16754.628571428562,36384.74483888097,11.142857142857144,27.031535911734867,6.071428571428573,13.515767955867437,6.071428571428573,13.515767955867437,1.0571428571428565,2.8072665248627366,0.0,0.0,0.0,0.0,1.0,0.0
91000.0,43.359375,6.88158373426025E-5,91000.0,44.800000000000004,31.35865104827278,30.038022813688215,13.207547169811324,91000.0,1988760.0,18750.885714285716,43206.737085227425,9950.400000000001,28526.11988244854,6.2,21.624998952835696,3.6,10.812499476417848,3.6,10.812499476417848,0.5285714285714284,2.1784280236547424,0.0,0.0,0.0,0.0,1.0,0.0
92000.0,43.640625,6.895600022592892E-5,92000.0,45.300000000000004,31.010127763693923,29.961587708066585,13.993710691823901,92000.0,1926384.0,21945.085714285713,37825.911017216786,9169.257142857143,29160.276991530354,5.714285714285718,22.488736541245093,3.35714285714286,11.244368270622546,3.35714285714286,11.244368270622546,0.4142857142857141,1.9817490236017739,0.0,0.0,0.0,0.0,1.0,0.0
93000.0,44.09375,6.925192082740573E-5,93000.0,49.6,34.6547593116968,36.121673003802286,20.50473186119874,93000.0,2524408.0,27943.128571428573,37836.388356736425,17612.457142857143,29046.422849771046,11.971428571428577,22.239129524052373,6.485714285714288,11.119564762026187,6.485714285714288,11.119564762026187,2.528571428571429,1.8155641800623479,0.0,0.0,0.0,0.0,1.0,0.0
94000.0,44.5,6.95498696101519E-5,94000.0,55.60000000000001,42.82204133039202,44.776119402985074,29.85781990521328,94000.0,2834984.0,33946.31428571428,37845.73009037751,21867.88571428572,29780.486504597564,14.714285714285706,22.46358912638234,7.857142857142856,11.23179456319117,7.857142857142856,11.23179456319117,3.3857142857142843,1.705004204532681,0.0,0.0,0.0,0.0,1.0,0.0
95000.0,44.875,6.985643616644666E-5,95000.0,56.00000000000001,43.84331263193631,43.22580645161291,30.489731437598742,95000.0,3160064.0,39947.17142857144,37838.26032476876,26003.42857142856,30101.358977734177,17.714285714285715,22.60956758949297,9.357142857142858,11.304783794746486,9.357142857142858,11.304783794746486,4.042857142857144,1.6718965563808357,0.0,0.0,0.0,0.0,1.0,0.0
96000.0,45.25,7.018579218614225E-5,96000.0,56.89999999999999,45.692303427559075,45.304568527918775,33.9969372128637,96000.0,3394976.0,45950.45714285714,37842.57037861534,29273.37142857143,30347.79437974222,19.94285714285714,22.731505120685686,10.47142857142857,11.365752560342843,10.47142857142857,11.365752560342843,4.428571428571427,1.6643876758146603,0.0,0.0,0.0,0.0,1.0,0.0
97000.0,45.6875,7.059620664222166E-5,97000.0,60.5,50.882864958965435,51.1742892459827,39.23076923076923,97000.0,3626160.0,51946.37142857144,37833.86262319083,32441.714285714286,31152.644727861756,22.314285714285717,23.10376270073074,11.657142857142858,11.55188135036537,11.657142857142858,11.55188135036537,4.8,1.70761296229137,0.0,0.0,0.0,0.0,1.0,0.0
98000.0,46.15625,7.107495980259652E-5,98000.0,58.599999999999994,47.452926580061295,44.87350199733688,33.86581469648562,98000.0,3947960.0,57949.400000000016,37832.206762668946,36751.20000000001,31722.357019725958,25.742857142857147,23.544398831911334,13.371428571428574,11.772199415955667,13.371428571428574,11.772199415955667,5.242857142857142,1.478696197014174,0.0,0.0,0.0,0.0,1.0,0.0
99000.0,46.46875,7.141438613568123E-5,99000.0,56.2,45.48400988755766,44.76670870113494,31.240188383045535,99000.0,4198536.0,63950.857142857145,37819.08972773365,40256.68571428572,31803.542385662084,28.085714285714293,23.722271598062793,14.542857142857144,11.861135799031397,14.542857142857144,11.861135799031397,5.514285714285713,1.462010300949626,0.0,0.0,0.0,0.0,1.0,0.0
100000.0,46.640625,7.161345976378976E-5,100000.0,58.8,49.267581492025656,46.90721649484536,36.02484472049689,100000.0,4477168.0,69935.17142857143,37821.183791883916,44159.19999999999,31938.067202416718,30.91428571428571,23.48094685962281,15.957142857142859,11.740473429811406,15.957142857142859,11.740473429811406,5.814285714285715,1.3544650491460377,0.0,0.0,0.0,0.0,1.0,0.0
101000.0,46.8125,7.18226107548819E-5,101000.0,58.3,49.22096187918973,47.940074906367045,35.94470046082949,101000.0,4703808.0,75928.90000000001,37809.062523076565,47340.0,31865.26113933888,33.028571428571425,23.36228313525725,17.014285714285712,11.681141567628625,17.014285714285712,11.681141567628625,5.9714285714285715,1.3723082065136083,0.0,0.0,0.0,0.0,1.0,0.0
102000.0,46.90625,7.194348672379016E-5,102000.0,57.4,47.23170854065945,44.02102496714848,32.27344992050874,102000.0,4983920.0,81940.97142857141,37815.649176073486,51254.05714285715,31716.856599864965,35.79999999999999,23.19270250047119,18.399999999999995,11.596351250235594,18.399999999999995,11.596351250235594,6.171428571428569,1.3074084175139515,0.0,0.0,0.0,0.0,1.0,0.0
103000.0,47.03125,7.211391409833192E-5,103000.0,57.4,48.376213795184434,46.21212121212121,35.93984962406014,103000.0,5270256.0,87933.89999999997,37814.040742556324,55040.571428571435,31723.937510135755,38.68571428571429,23.69035935341623,19.842857142857145,11.845179676708115,19.842857142857145,11.845179676708115,6.2571428571428545,1.2818206513372363,0.0,0.0,0.0,0.0,1.0,0.0
104000.0,47.140625,7.227060853943436E-5,104000.0,60.4,50.992039919211116,49.100257069408734,37.34177215189873,104000.0,5537808.0,93931.30000000002,37823.016412006305,58765.028571428586,31556.010450695274,41.485714285714295,23.500689386831073,21.242857142857147,11.750344693415537,21.242857142857147,11.750344693415537,6.485714285714287,1.2481041523668126,0.0,0.0,0.0,0.0,1.0,0.0
105000.0,47.6875,7.30918856505822E-5,105000.0,62.6,54.53224745641965,51.98973042362003,41.92546583850932,105000.0,5805024.0,99924.41428571427,37819.31542099667,62512.57142857142,31588.070404831957,44.68571428571429,23.548003919925712,22.842857142857145,11.774001959962856,22.842857142857145,11.774001959962856,6.72857142857143,1.1023220362650885,0.0,0.0,0.0,0.0,1.0,0.0
106000.0,48.203125,7.390134583046246E-5,106000.0,60.099999999999994,49.73367667289851,49.42965779467681,34.803921568627445,106000.0,6068256.0,105944.77142857143,37808.800915932545,66265.25714285715,31939.40784105534,47.314285714285724,23.665876404733904,24.157142857142862,11.832938202366952,24.157142857142862,11.832938202366952,6.9142857142857155,1.1388127194310262,0.0,0.0,0.0,0.0,1.0,0.0
107000.0,48.75,7.480166781331516E-5,107000.0,61.1,51.97809509818566,50.06418485237484,39.502332814930014,107000.0,6363736.0,111940.4857142857,37812.559836816596,70401.82857142854,32004.473518362676,50.457142857142856,23.963550651653623,25.728571428571428,11.981775325826812,25.728571428571428,11.981775325826812,7.114285714285715,1.0973334893046338,0.0,0.0,0.0,0.0,1.0,0.0
108000.0,49.34375,7.582854194980528E-5,108000.0,58.9,50.66766691672918,47.90874524714829,37.44292237442921,108000.0,6685224.0,117937.28571428571,37811.610412347625,74924.91428571426,32503.138478892368,53.628571428571426,24.382323977982235,27.314285714285713,12.191161988991118,27.314285714285713,12.191161988991118,7.3,1.1338021195856052,0.0,0.0,0.0,0.0,1.0,0.0
109000.0,49.90625,7.684125164006319E-5,109000.0,60.0,50.55942016087964,49.30291508238277,37.20565149136578,109000.0,6959288.0,123923.9428571429,37807.19067595849,78722.97142857143,33396.229954271665,56.22857142857142,25.420048819535683,28.614285714285714,12.710024409767843,28.614285714285714,12.710024409767843,7.371428571428569,1.156850153404801,0.0,0.0,0.0,0.0,1.0,0.0
110000.0,50.546875,7.80371630228021E-5,110000.0,62.4,53.997844260680516,52.22363405336722,41.06583072100314,110000.0,7216016.0,129919.82857142857,37805.324572831574,82168.68571428572,33790.62018875018,58.62857142857142,25.662904728206957,29.814285714285717,12.831452364103479,29.814285714285717,12.831452364103479,7.442857142857143,1.1246347463196216,0.0,0.0,0.0,0.0,1.0,0.0
111000.0,51.0625,7.903188625479944E-5,111000.0,61.4,52.9000052468906,50.25773195876289,39.968895800933126,111000.0,7457112.0,135914.9285714286,37793.10528114786,85568.34285714288,33856.84329339917,61.114285714285714,25.446472866911424,31.05714285714285,12.723236433455712,31.05714285714285,12.723236433455712,7.571428571428572,1.1108350243603933,0.0,0.0,0.0,0.0,1.0,0.0
112000.0,51.609375,8.012352921974121E-5,112000.0,60.0,51.893704329085544,48.51994851994852,38.366718027734976,112000.0,7716048.0,141917.15714285712,37790.90042748223,89157.25714285715,33879.432451094595,63.714285714285715,26.05909830663497,32.35714285714286,13.029549153317484,32.35714285714286,13.029549153317484,7.685714285714284,1.0840457921615236,0.0,0.0,0.0,0.0,1.0,0.0
113000.0,52.171875,8.128933669973371E-5,113000.0,62.2,53.55620620552977,52.09125475285171,40.189873417721515,113000.0,8011368.0,147904.74285714285,37801.366726954104,93161.94285714286,34199.071798526114,66.88571428571427,25.716144400273823,33.942857142857136,12.858072200136911,33.942857142857136,12.858072200136911,7.828571428571428,1.0068091161055763,0.0,0.0,0.0,0.0,1.0,0.0
114000.0,52.703125,8.242874118473588E-5,114000.0,58.5,50.22548455190942,49.26650366748165,37.593984962406005,114000.0,8290512.0,153903.0857142857,37792.840376606735,96991.4285714286,34462.44907418038,69.77142857142856,25.87437399848863,35.38571428571428,12.937186999244314,35.38571428571428,12.937186999244314,7.9,1.0376953282167642,0.0,0.0,0.0,0.0,1.0,0.0
115000.0,53.3125,8.378174149483029E-5,115000.0,61.1,52.745269060420455,51.13065326633166,39.502332814930014,115000.0,8582536.0,159891.42857142864,37796.97055476818,101072.79999999999,34647.732179838225,72.65714285714286,26.041152334465384,36.82857142857143,13.020576167232692,36.82857142857143,13.020576167232692,8.028571428571427,1.0068091161055766,0.0,0.0,0.0,0.0,1.0,0.0
116000.0,53.90625,8.513991268248194E-5,116000.0,58.5,49.27729309413401,49.451887941534714,35.55900621118012,116000.0,8842056.0,165889.69999999998,37800.47980730297,104702.74285714286,34674.547090105356,75.00000000000001,25.940846868055097,38.00000000000001,12.970423434027548,38.00000000000001,12.970423434027548,8.085714285714287,0.9889660409881338,0.0,0.0,0.0,0.0,1.0,0.0
117000.0,54.546875,8.664464694447817E-5,117000.0,61.0,53.63584163430092,50.318471337579616,40.99848714069591,117000.0,9079424.0,171869.92857142858,37799.87531737792,108013.37142857144,34493.42631687136,77.85714285714283,25.443478543903517,39.428571428571416,12.721739271951758,39.428571428571416,12.721739271951758,8.200000000000001,1.0158169411714961,0.0,0.0,0.0,0.0,1.0,0.0
118000.0,55.1875,8.819559605197154E-5,118000.0,61.1,51.62726381918296,49.21671018276763,38.15580286168521,118000.0,9358280.0,177872.2571428572,37794.81805086693,111942.51428571426,34343.93385364103,80.3714285714286,25.329235802435964,40.6857142857143,12.664617901217982,40.6857142857143,12.664617901217982,8.257142857142854,1.002687898986682,0.0,0.0,0.0,0.0,1.0,0.0
119000.0,55.8125,8.975041322022056E-5,119000.0,61.5,52.45246481482396,51.45018915510718,37.903225806451616,119000.0,9616160.0,183861.45714285722,37803.23948762866,115546.62857142855,34342.08559929517,82.91428571428571,25.0875238102862,41.957142857142856,12.5437619051431,41.957142857142856,12.5437619051431,8.342857142857142,0.9461702252967459,0.0,0.0,0.0,0.0,1.0,0.0
120000.0,56.421875,9.130470571108163E-5,120000.0,62.4,54.213346322454946,51.42118863049095,40.97331240188383,120000.0,9859400.0,189870.97142857144,37798.6726356054,118965.82857142862,34120.595075672594,85.28571428571428,25.34237606943595,43.14285714285714,12.671188034717975,43.14285714285714,12.671188034717975,8.4,0.9231326627541017,0.0,0.0,0.0,0.0,1.0,0.0
121000.0,57.0,9.280759149179277E-5,121000.0,62.7,54.82927160081187,51.11402359108781,41.53605015673981,121000.0,1.0048624E7,195877.94285714292,37814.460563478,121552.57142857145,34609.83635191618,87.22857142857143,25.56388498098266,44.114285714285714,12.78194249049133,44.114285714285714,12.78194249049133,8.471428571428568,0.928165224100652,0.0,0.0,0.0,0.0,1.0,0.0
122000.0,57.75,9.315666516259727E-5,122000.0,48.8,40.29147555857208,37.408312958435204,27.272727272727277,122000.0,1799112.0,10735.128571428568,39172.764483784784,7938.857142857143,23305.68611484425,4.685714285714285,17.573483695401617,2.8428571428571425,8.786741847700808,2.8428571428571425,8.786741847700808,0.3571428571428571,1.7028170545672399,0.0,0.0,0.0,0.0,1.0,0.0
123000.0,58.15625,9.331001790188668E-5,123000.0,41.9,35.20043809411216,29.232643118148598,20.519835841313267,123000.0,1459152.0,8378.857142857141,840.5337897787543,3047.0857142857135,15.381847816046884,1.0,0.0,1.0,0.0,1.0,0.0,0.0,0.0,0.0,0.0,0.0,0.0,1.0,0.0
124000.0,58.640625,9.35799747821875E-5,124000.0,42.9,33.917696863926004,27.168367346938776,19.121813031161476,124000.0,2154344.0,14377.557142857138,858.4934839034963,12788.914285714285,3462.946130910798,8.342857142857145,2.739330894107539,4.671428571428573,1.3696654470537695,4.671428571428573,1.3696654470537695,2.671428571428572,1.031692412473045,0.0,0.0,0.0,0.0,1.0,0.0
125000.0,59.0,9.380036635169139E-5,125000.0,50.0,42.79863403138067,39.90384615384615,32.065217391304344,125000.0,2370552.0,20377.64285714286,871.2545017572637,15540.57142857143,3665.2601013797157,10.285714285714281,3.0651990366981994,5.642857142857141,1.5325995183490997,5.642857142857141,1.5325995183490997,3.2857142857142856,0.9948105513746293,0.0,0.0,0.0,0.0,1.0,0.0
126000.0,59.421875,9.407836264775445E-5,126000.0,50.2,44.3916524947267,38.28996282527881,32.79352226720648,126000.0,2547168.0,26369.142857142855,879.8708450299667,17935.2,4336.183353522118,11.914285714285713,3.4504478060263133,6.457142857142856,1.7252239030131566,6.457142857142856,1.7252239030131566,3.6857142857142846,0.8935008031894581,0.0,0.0,0.0,0.0,1.0,0.0
127000.0,59.8125,9.435419096714921E-5,127000.0,53.300000000000004,47.09450258636511,42.76960784313726,36.02739726027397,127000.0,2729488.0,32377.614285714277,869.3737258252523,20317.94285714286,6131.686738374437,13.97142857142857,5.149845723231413,7.485714285714285,2.5749228616157067,7.485714285714285,2.5749228616157067,3.957142857142857,0.9696213856294524,0.0,0.0,0.0,0.0,1.0,0.0
128000.0,60.25,9.46953093322615E-5,128000.0,46.1,39.45004010451889,33.86503067484663,27.358490566037734,128000.0,3013904.0,38390.34285714287,857.0573837300558,23443.771428571436,7914.329543360637,16.142857142857135,6.2375341520617456,8.571428571428566,3.1187670760308728,8.571428571428566,3.1187670760308728,4.257142857142858,1.0170390995535539,0.0,0.0,0.0,0.0,1.0,0.0
129000.0,60.703125,9.507617402252639E-5,129000.0,53.800000000000004,47.23925399502771,42.17772215269087,34.468085106382986,129000.0,3249040.0,44397.00000000001,875.8330527171735,26617.485714285718,9148.523540880999,18.54285714285714,7.1600455716421045,9.77142857142857,3.5800227858210523,9.77142857142857,3.5800227858210523,4.62857142857143,1.0655532491190078,0.0,0.0,0.0,0.0,1.0,0.0
130000.0,61.078125,9.540796157024388E-5,130000.0,53.7,48.42202591152651,43.605359317905,37.26287262872629,130000.0,3420040.0,50382.171428571426,863.6980479382944,29028.800000000007,10143.786437655006,20.057142857142853,7.822090076680392,10.528571428571427,3.911045038340196,10.528571428571427,3.911045038340196,4.871428571428572,1.153713959619592,0.0,0.0,0.0,0.0,1.0,0.0
131000.0,61.578125,9.588805835745816E-5,131000.0,55.00000000000001,48.886114856307515,45.78313253012048,36.708860759493675,131000.0,3711600.0,56383.71428571428,879.1478440382025,33178.51428571429,11523.618557519734,23.514285714285712,9.121948141060589,12.257142857142856,4.560974070530294,12.257142857142856,4.560974070530294,5.199999999999999,1.2580177644422093,0.0,0.0,0.0,0.0,1.0,0.0
132000.0,62.0625,9.640590585250823E-5,132000.0,54.400000000000006,49.41180125050478,45.12635379061372,37.534246575342465,132000.0,4132592.0,62400.957142857136,885.1450947253547,39131.65714285714,12745.487230793125,27.88571428571428,9.989186700211237,14.44285714285714,4.994593350105618,14.44285714285714,4.994593350105618,5.642857142857142,1.1038235823876916,0.0,0.0,0.0,0.0,1.0,0.0
133000.0,62.5625,9.698511191850737E-5,133000.0,56.699999999999996,50.768824955316724,46.144278606965166,37.608069164265125,133000.0,4477808.0,68414.2857142857,881.3883011897346,43971.65714285715,12715.259762870248,31.085714285714282,10.07471056460991,16.04285714285714,5.037355282304955,16.04285714285714,5.037355282304955,5.857142857142857,1.1201153445485725,0.0,0.0,0.0,0.0,1.0,0.0
134000.0,63.046875,9.758323382508633E-5,134000.0,53.1,47.197112391340326,41.5211970074813,33.663366336633665,134000.0,4773208.0,74394.28571428572,889.6104528185216,48049.14285714287,13487.97320029069,34.31428571428573,10.745464641045864,17.657142857142865,5.372732320522932,17.657142857142865,5.372732320522932,6.214285714285715,1.1658530141135282,0.0,0.0,0.0,0.0,1.0,0.0
135000.0,63.546875,9.823634240698693E-5,135000.0,58.4,53.3032348735034,48.705302096177554,40.74074074074074,135000.0,5049144.0,80393.9142857143,902.698285943388,51900.68571428571,13839.476072372247,37.057142857142864,10.863962116918795,19.028571428571432,5.431981058459398,19.028571428571432,5.431981058459398,6.5,1.073393643098131,0.0,0.0,0.0,0.0,1.0,0.0
136000.0,64.0625,9.894457150949169E-5,136000.0,54.0,48.61029961312493,44.106925880923455,36.1997226074896,136000.0,5309360.0,86393.62857142859,917.7839752680338,55287.88571428573,14880.46192163544,39.05714285714286,11.67169959468506,20.02857142857143,5.83584979734253,20.02857142857143,5.83584979734253,6.6000000000000005,1.0686575623216479,0.0,0.0,0.0,0.0,1.0,0.0
137000.0,64.546875,9.963917869350152E-5,137000.0,55.300000000000004,49.98662953518894,45.554202192448244,38.088642659279785,137000.0,5543192.0,92404.74285714288,915.6735334581707,58549.60000000001,15391.229686349658,41.31428571428573,12.032013887045421,21.157142857142865,6.016006943522711,21.157142857142865,6.016006943522711,6.828571428571427,1.0351983436839751,0.0,0.0,0.0,0.0,1.0,0.0
138000.0,65.015625,1.0034481173432953E-4,138000.0,56.8,51.56103533801875,46.40198511166252,38.10888252148997,138000.0,5818888.0,98404.91428571432,933.8457145768459,62387.771428571425,15725.056514422471,44.31428571428574,11.980107736012211,22.65714285714287,5.990053868006106,22.65714285714287,5.990053868006106,7.0142857142857125,0.9704751136272233,0.0,0.0,0.0,0.0,1.0,0.0
139000.0,65.5,1.0110875041896688E-4,139000.0,56.49999999999999,51.72448999975584,46.82151589242053,39.66712898751732,139000.0,6096480.0,104400.62857142856,949.8261041671512,66134.05714285717,15614.455461494845,47.05714285714286,12.023992577988725,24.02857142857143,6.011996288994363,24.02857142857143,6.011996288994363,7.1571428571428575,0.9575892781735172,0.0,0.0,0.0,0.0,1.0,0.0
140000.0,65.984375,1.0191531492940465E-4,140000.0,56.3,51.461271203760475,44.962216624685134,39.22114047287899,140000.0,6436648.0,110409.04285714285,953.9455736869572,70378.05714285713,16048.574479911513,50.085714285714296,12.041886867824083,25.542857142857148,6.020943433912041,25.542857142857148,6.020943433912041,7.371428571428571,0.9505365162565087,0.0,0.0,0.0,0.0,1.0,0.0
141000.0,66.4375,1.0269559567354416E-4,141000.0,54.900000000000006,50.37870619352965,45.33333333333334,38.63945578231293,141000.0,6656336.0,116427.07142857143,949.3723223363002,73345.14285714283,16237.911212037729,51.97142857142858,12.421313413448429,26.48571428571429,6.210656706724214,26.48571428571429,6.210656706724214,7.514285714285713,0.9889660409881339,0.0,0.0,0.0,0.0,1.0,0.0
142000.0,66.84375,1.0341822276435176E-4,142000.0,55.400000000000006,50.84419041153112,44.59627329192548,38.48275862068966,142000.0,6875800.0,122423.71428571429,956.2579262584381,76418.17142857144,16515.219544646312,53.97142857142857,12.365181865516083,27.485714285714284,6.182590932758042,27.485714285714284,6.182590932758042,7.642857142857144,0.9932484296812064,0.0,0.0,0.0,0.0,1.0,0.0
143000.0,67.375,1.0438894312958134E-4,143000.0,56.00000000000001,50.62149580956058,47.61904761904762,38.718662952646255,143000.0,7063136.0,128432.88571428572,976.5495385500109,79047.08571428573,16356.465458111712,55.71428571428572,11.966308811987549,28.35714285714286,5.9831544059937745,28.35714285714286,5.9831544059937745,7.8,0.9417836915869433,0.0,0.0,0.0,0.0,1.0,0.0
144000.0,67.84375,1.0526877908786349E-4,144000.0,56.89999999999999,52.38400367670616,48.072289156626496,40.30470914127423,144000.0,7255424.0,134442.5714285714,967.4983664208013,81742.51428571431,16502.882512153377,57.54285714285714,12.48731032907641,29.27142857142857,6.243655164538205,29.27142857142857,6.243655164538205,7.914285714285714,0.9889660409881337,0.0,0.0,0.0,0.0,1.0,0.0
145000.0,68.390625,1.0632585300805258E-4,145000.0,57.3,51.9482887063849,46.221662468513856,38.64942528735632,145000.0,7471704.0,140438.38571428566,963.0105917345742,84778.1714285714,16969.205536792124,59.742857142857154,12.8409283540478,30.371428571428577,6.4204641770239,30.371428571428577,6.4204641770239,8.01428571428571,0.9998964749725471,0.0,0.0,0.0,0.0,1.0,0.0
146000.0,68.953125,1.0744098955506669E-4,146000.0,61.4,56.6666067932391,52.168525402726154,45.17045454545455,146000.0,7663160.0,146446.32857142857,954.9468719030108,87468.91428571426,17176.011653215282,61.88571428571428,12.775137603436976,31.44285714285714,6.387568801718488,31.44285714285714,6.387568801718488,8.114285714285717,1.0150013513642342,0.0,0.0,0.0,0.0,1.0,0.0
147000.0,69.46875,1.084938890158406E-4,147000.0,59.699999999999996,54.65010814204982,49.43538268506901,42.592592592592595,147000.0,7893240.0,152443.94285714283,955.2062663007058,90702.62857142859,17361.445046191446,64.28571428571428,12.862869670064622,32.642857142857146,6.43143483503231,32.642857142857146,6.43143483503231,8.185714285714287,1.011425413196459,0.0,0.0,0.0,0.0,1.0,0.0
148000.0,70.03125,1.0968219841338904E-4,148000.0,56.89999999999999,51.05904368690051,47.75757575757575,38.07471264367816,148000.0,8166000.0,158456.62857142856,962.9897010816012,94518.17142857144,17791.469503686905,67.22857142857146,13.238253123267192,34.11428571428573,6.619126561633596,34.11428571428573,6.619126561633596,8.342857142857143,1.0616600930660949,0.0,0.0,0.0,0.0,1.0,0.0
149000.0,70.625,1.1097520483114449E-4,149000.0,57.599999999999994,52.416009768185155,48.10281517747858,40.8647140864714,149000.0,8417816.0,164467.20000000004,956.735415395737,98014.05714285711,18262.025523708246,69.97142857142856,13.644525821226928,35.48571428571428,6.822262910613464,35.48571428571428,6.822262910613464,8.457142857142856,1.0170390995535536,0.0,0.0,0.0,0.0,1.0,0.0
150000.0,71.234375,1.1234360776143152E-4,150000.0,60.6,56.669203461184836,51.774785801713584,46.90026954177897,150000.0,8680240.0,170484.31428571432,955.9982951724654,101667.8857142857,18495.446245301475,72.54285714285712,13.894723964054382,36.77142857142856,6.947361982027191,36.77142857142856,6.947361982027191,8.54285714285714,1.0170390995535539,0.0,0.0,0.0,0.0,1.0,0.0
151000.0,71.84375,1.137466788835203E-4,151000.0,58.099999999999994,53.96363236829094,48.84004884004884,43.37837837837837,151000.0,8900152.0,176474.08571428573,960.615499288931,104681.6,18597.254295081897,74.54285714285712,14.362476991856761,37.77142857142856,7.181238495928381,37.77142857142856,7.181238495928381,8.585714285714282,1.042472772978583,0.0,0.0,0.0,0.0,1.0,0.0
152000.0,72.1875,1.1455688392743471E-4,152000.0,59.599999999999994,55.30825138002368,50.85158150851581,44.88403819918144,152000.0,9110760.0,182491.14285714284,976.9310907672433,107609.14285714286,18981.97140865527,76.54285714285716,14.446990273074547,38.77142857142858,7.223495136537274,38.77142857142858,7.223495136537274,8.714285714285712,0.9801339326234539,0.0,0.0,0.0,0.0,1.0,0.0
153000.0,72.421875,1.1512133040620638E-4,153000.0,62.2,58.137216900160595,53.21782178217821,47.64542936288089,153000.0,9309232.0,188498.69999999995,963.9275087002127,110413.37142857148,19285.866049527856,78.68571428571431,15.015492344640812,39.842857142857156,7.507746172320406,39.842857142857156,7.507746172320406,8.799999999999997,0.9868703275903378,0.0,0.0,0.0,0.0,1.0,0.0
154000.0,72.59375,1.1554577129168646E-4,154000.0,55.7,50.42718783395907,45.17326732673268,37.5176304654443,154000.0,9545680.0,194495.18571428568,951.3072514963201,113680.34285714288,19887.795698262235,80.99999999999999,15.311263259727971,40.99999999999999,7.6556316298639855,40.99999999999999,7.6556316298639855,8.85714285714285,0.9673767649592485,0.0,0.0,0.0,0.0,1.0,0.0
155000.0,73.1875,1.1704666966882848E-4,155000.0,58.3,53.43981509912184,47.87499999999999,41.267605633802816,155000.0,9771248.0,200497.64285714284,956.4622318916802,116780.79999999997,20155.616012862793,83.11428571428571,15.181551406413973,42.05714285714286,7.590775703206987,42.05714285714286,7.590775703206987,8.942857142857143,0.991057322750418,0.0,0.0,0.0,0.0,1.0,0.0
156000.0,73.71875,1.1841819155961278E-4,156000.0,59.0,54.50056041992652,50.42321644498187,43.44827586206896,156000.0,9979440.0,206515.04285714283,962.1938765694031,119678.2857142857,19783.574924334313,85.31428571428576,14.67181351439699,43.15714285714288,7.335906757198495,43.15714285714288,7.335906757198495,9.028571428571427,0.9474822253149576,0.0,0.0,0.0,0.0,1.0,0.0
157000.0,74.390625,1.2018534316060447E-4,157000.0,59.3,53.94161335625313,50.72639225181598,42.105263157894726,157000.0,1.016688E7,212534.75714285712,970.8413717756051,122277.25714285711,19692.668428046443,87.42857142857143,14.755565325480896,44.214285714285715,7.377782662740448,44.214285714285715,7.377782662740448,9.100000000000005,1.009376332053682,0.0,0.0,0.0,0.0,1.0,0.0
158000.0,75.046875,1.2195176735986028E-4,158000.0,57.99999999999999,52.55550723246106,48.33948339483395,39.393939393939384,158000.0,1.0404664E7,218549.02857142856,976.8473835589915,125584.22857142854,19751.35634320522,89.62857142857148,14.5484412518023,45.31428571428574,7.27422062590115,45.31428571428574,7.27422062590115,9.157142857142855,1.030487633067356,0.0,0.0,0.0,0.0,1.0,0.0
159000.0,75.671875,1.236715916052668E-4,159000.0,58.599999999999994,53.77761898913662,49.87893462469733,43.209876543209866,159000.0,1.0636688E7,224548.40000000002,978.8536685060859,128832.34285714288,19533.901699120186,91.54285714285716,14.498061553872498,46.27142857142858,7.249030776936249,46.27142857142858,7.249030776936249,9.214285714285712,0.9911617710115234,0.0,0.0,0.0,0.0,1.0,0.0
160000.0,76.375,1.256405457711986E-4,160000.0,59.199999999999996,54.487499121541795,48.99999999999999,43.49030470914127,160000.0,1.082444E7,230552.41428571424,982.7654340399315,131463.65714285712,19522.53413988727,93.45714285714284,14.386674303518793,47.22857142857142,7.193337151759397,47.22857142857142,7.193337151759397,9.28571428571429,0.9948105513746298,0.0,0.0,0.0,0.0,1.0,0.0
161000.0,77.046875,1.2755189669810035E-4,161000.0,59.3,54.556772213308506,49.81504315659679,43.93939393939393,161000.0,1.0996496E7,236558.7428571428,975.9081342741453,133862.28571428568,19560.313794601338,95.22857142857144,14.400253045855793,48.11428571428572,7.200126522927897,48.11428571428572,7.200126522927897,9.314285714285715,1.0006209252383467,0.0,0.0,0.0,0.0,1.0,0.0
162000.0,77.75,1.2959080483091793E-4,162000.0,61.4,56.6138089478961,52.57985257985257,46.16457461645746,162000.0,1.1209016E7,242555.1428571429,976.0152096360936,136831.42857142858,18818.31220740595,97.34285714285717,13.902231824043254,49.171428571428585,6.951115912021627,49.171428571428585,6.951115912021627,9.357142857142858,0.9785483819504305,0.0,0.0,0.0,0.0,1.0,0.0
163000.0,78.390625,1.3147979437942725E-4,163000.0,57.4,52.932181460803875,48.488512696493345,41.241379310344826,163000.0,1.1397984E7,248565.19999999995,981.2713226705738,139347.08571428573,18539.590792306335,99.22857142857141,13.63942647076283,50.11428571428571,6.819713235381415,50.11428571428571,6.819713235381415,9.400000000000002,1.0129595038903276,0.0,0.0,0.0,0.0,1.0,0.0
164000.0,79.0,1.333057760752531E-4,164000.0,60.3,55.907554690736475,51.76184690157959,45.541838134430726,164000.0,1.1582816E7,254574.6,968.4613584952939,141912.34285714288,18256.0310145027,101.25714285714288,13.75951393045861,51.12857142857144,6.879756965229305,51.12857142857144,6.879756965229305,9.457142857142857,1.017039099553554,0.0,0.0,0.0,0.0,1.0,0.0
164860.0,79.671875,1.3534590550180942E-4,164860.0,61.6,56.97691094220565,52.298136645962735,46.06741573033708,164860.0,1.1737392E7,259730.99999999994,969.3388752507927,144070.51428571422,18817.54505599961,102.77142857142853,14.148458643526427,51.885714285714265,7.074229321763213,51.885714285714265,7.074229321763213,9.48571428571429,1.0459425697490523,0.0,0.0,0.0,0.0,1.0,0.0
