learning evaluation instances,evaluation time (cpu seconds),model cost (RAM-Hours),classified instances,classifications correct (percent),Kappa Statistic (percent),Kappa Temporal Statistic (percent),Kappa M Statistic (percent),model training instances,model serialized size (bytes),ensemble size,[avg] model training instances,[err] model training instances,[avg] model serialized size (bytes),[err] model serialized size (bytes),[avg] Change detected,[err] Change detected,[avg] Warning detected,[err] Warning detected,[avg] tree size (nodes),[err] tree size (nodes),[avg] tree size (leaves),[err] tree size (leaves),[avg] active learning leaves,[err] active learning leaves,[avg] tree depth,[err] tree depth,[avg] active leaf byte size estimate,[err] active leaf byte size estimate,[avg] inactive leaf byte size estimate,[err] inactive leaf byte size estimate,[avg] byte size estimate overhead,[err] byte size estimate overhead
1000.0,0.25,6.707281702094608E-8,1000.0,49.1,32.70524899057873,33.896103896103895,16.69394435351882,1000.0,1056792.0,30.0,917.6499999999999,214.57358778813202,172211.3333333333,169323.91652493936,0.43333333333333335,0.9714309861845771,29.2,9.607468359347434,1.0,0.0,1.0,0.0,1.0,0.0,0.0,0.0,0.0,0.0,0.0,0.0,1.0,0.0
2000.0,0.546875,1.4842985870523585E-7,2000.0,45.4,29.93505518576835,27.00534759358289,9.0,2000.0,1059312.0,30.0,1828.9,412.1051248144156,172260.79999999993,169358.5851502513,0.2666666666666667,0.6396838299494919,21.566666666666666,8.439167034126358,1.0,0.0,1.0,0.0,1.0,0.0,0.0,0.0,0.0,0.0,0.0,0.0,1.0,0.0
3000.0,0.828125,2.2586758455468548E-7,3000.0,46.2,31.17317749644352,31.377551020408166,11.947626841243865,3000.0,1064296.0,30.0,2739.300000000001,623.0410466114668,172343.73333333328,169442.40371507138,0.26666666666666666,0.7396799556440671,13.366666666666669,9.935944268450136,1.0,0.0,1.0,0.0,1.0,0.0,0.0,0.0,0.0,0.0,0.0,0.0,1.0,0.0
4000.0,1.203125,3.2888117453290357E-7,4000.0,44.800000000000004,28.33318835518176,29.591836734693878,9.35960591133005,4000.0,1061856.0,30.0,3747.1,629.0420400383374,172305.9999999999,169398.66260132825,0.0,0.0,13.433333333333334,9.933167475279676,1.0,0.0,1.0,0.0,1.0,0.0,0.0,0.0,0.0,0.0,0.0,0.0,1.0,0.0
5000.0,1.546875,4.2269491435339053E-7,5000.0,46.5,32.33723627331204,32.10659898477157,12.581699346405232,5000.0,1054936.0,30.0,4755.433333333333,633.2197617467941,172190.6666666667,169282.09742807923,0.0,0.0,14.6,10.351078571154163,1.0,0.0,1.0,0.0,1.0,0.0,0.0,0.0,0.0,0.0,0.0,0.0,1.0,0.0
6000.0,1.828125,5.004102907453974E-7,6000.0,45.5,32.17985156720542,31.273644388398488,14.03785488958991,6000.0,1068112.0,30.0,5752.733333333334,634.2095271231624,172410.2666666666,169503.88485382232,0.0,0.0,12.733333333333334,6.389287010750662,1.0,0.0,1.0,0.0,1.0,0.0,0.0,0.0,0.0,0.0,0.0,0.0,1.0,0.0
7000.0,2.125,5.812776443134579E-7,7000.0,46.9,32.32841238122425,30.859374999999993,13.798701298701294,7000.0,1052936.0,30.0,6750.266666666666,636.3224815806618,172157.3333333333,169248.65769036012,0.0,0.0,10.466666666666665,7.176269962502292,1.0,0.0,1.0,0.0,1.0,0.0,0.0,0.0,0.0,0.0,0.0,0.0,1.0,0.0
8000.0,2.421875,6.62639601311336E-7,8000.0,46.300000000000004,32.00310987639002,31.592356687898093,13.106796116504857,8000.0,1059376.0,30.0,7744.833333333335,641.4658574917948,172264.66666666672,169356.91396941236,0.0,0.0,12.999999999999998,7.882761637553349,1.0,0.0,1.0,0.0,1.0,0.0,0.0,0.0,0.0,0.0,0.0,0.0,1.0,0.0
9000.0,2.703125,7.403637088524798E-7,9000.0,36.3,23.453692488127505,17.912371134020617,-3.9151712887438865,9000.0,1068232.0,30.0,8741.366666666669,648.196323228023,172412.26666666666,169505.805492486,0.0,0.0,8.1,5.683308895353129,1.0,0.0,1.0,0.0,1.0,0.0,0.0,0.0,0.0,0.0,0.0,0.0,1.0,0.0
10000.0,3.0,8.227935177274048E-7,10000.0,33.4,22.175168971029535,16.015132408575035,-4.552590266875976,10000.0,1073280.0,30.0,9736.900000000001,655.0308234434598,172496.4,169590.41032962184,0.0,0.0,9.933333333333334,6.882929074433222,1.0,0.0,1.0,0.0,1.0,0.0,0.0,0.0,0.0,0.0,0.0,0.0,1.0,0.0
11000.0,3.3125,9.083904701078103E-7,11000.0,45.5,31.119031369277828,32.54950495049505,11.382113821138212,11000.0,1058792.0,30.0,10732.833333333332,662.5613157852948,172254.93333333338,169347.1570767032,0.0,0.0,8.966666666666667,5.48655619223705,1.0,0.0,1.0,0.0,1.0,0.0,0.0,0.0,0.0,0.0,0.0,0.0,1.0,0.0
12000.0,3.609375,9.894949875565038E-7,12000.0,49.8,36.639361849827715,32.97730307076102,16.33333333333333,12000.0,1056024.0,30.0,11735.766666666668,662.9545160834792,172208.8,169300.489412009,0.0,0.0,3.966666666666667,4.8100708528248735,1.0,0.0,1.0,0.0,1.0,0.0,0.0,0.0,0.0,0.0,0.0,0.0,1.0,0.0
13000.0,3.828125,1.050235005095601E-6,13000.0,44.800000000000004,28.35132770700885,26.69322709163347,5.317324185248719,13000.0,1073320.0,30.0,12720.500000000002,663.6786924255299,172497.06666666674,169590.78573285462,0.0,0.0,12.133333333333335,9.023850899558973,1.0,0.0,1.0,0.0,1.0,0.0,0.0,0.0,0.0,0.0,0.0,0.0,1.0,0.0
14000.0,4.09375,1.1244354795457586E-6,14000.0,44.5,28.646088455708508,26.877470355731226,7.653910149750414,14000.0,1079792.0,30.0,13719.500000000002,669.4893449867947,172604.9333333333,169699.87992184027,0.0,0.0,5.600000000000001,7.127411872482185,1.0,0.0,1.0,0.0,1.0,0.0,0.0,0.0,0.0,0.0,0.0,0.0,1.0,0.0
15000.0,4.3125,1.184390017038418E-6,15000.0,48.3,32.6804508977459,33.971902937420175,13.255033557046975,15000.0,1059440.0,30.0,14720.533333333335,668.9920439005682,172265.7333333333,169358.1261265022,0.0,0.0,4.466666666666666,6.425881575549653,1.0,0.0,1.0,0.0,1.0,0.0,0.0,0.0,0.0,0.0,0.0,0.0,1.0,0.0
16000.0,4.609375,1.265959031621201E-6,16000.0,44.800000000000004,30.79307128313658,28.957528957528954,12.933753943217669,16000.0,1062072.0,30.0,15467.533333333333,2072.2865163026363,172310.40000000008,169401.4651259555,0.06666666666666667,0.3651483716701107,9.4,8.181560427845215,1.0,0.0,1.0,0.0,1.0,0.0,0.0,0.0,0.0,0.0,0.0,0.0,1.0,0.0
17000.0,4.765625,1.3093311766472955E-6,17000.0,44.4,29.944371294832138,28.626444159178433,11.040000000000001,17000.0,1072984.0,30.0,16456.66666666667,2073.8361462714265,172492.26666666666,169584.83642776782,0.0,0.0,7.9,8.222550992702093,1.0,0.0,1.0,0.0,1.0,0.0,0.0,0.0,0.0,0.0,0.0,0.0,1.0,0.0
18000.0,5.046875,1.387679852390041E-6,18000.0,44.6,29.760144841174245,30.489335006273528,11.642743221690592,18000.0,1076816.0,30.0,17453.533333333336,2078.722305311335,172556.1333333333,169649.06033932467,0.0,0.0,8.33333333333333,9.911099084232347,1.0,0.0,1.0,0.0,1.0,0.0,0.0,0.0,0.0,0.0,0.0,0.0,1.0,0.0
19000.0,5.25,1.4436230736060275E-6,19000.0,46.7,31.590363610693984,28.743315508021393,10.26936026936027,19000.0,1064600.0,30.0,18452.866666666672,2083.261112601307,172352.53333333333,169444.07663261713,0.0,0.0,5.000000000000001,5.33692407859524,1.0,0.0,1.0,0.0,1.0,0.0,0.0,0.0,0.0,0.0,0.0,0.0,1.0,0.0
20000.0,5.578125,1.5335806852413548E-6,20000.0,45.0,30.9944205852426,29.396662387676507,10.423452768729643,20000.0,1059744.0,30.0,19454.533333333333,2082.2070385560683,172271.59999999998,169362.52585436212,0.0,0.0,6.300000000000001,6.848860967469273,1.0,0.0,1.0,0.0,1.0,0.0,0.0,0.0,0.0,0.0,0.0,0.0,1.0,0.0
21000.0,5.84375,1.6070862895705633E-6,21000.0,45.300000000000004,31.612690284251162,31.281407035175878,14.263322884012544,21000.0,1069680.0,30.0,20466.26666666667,2086.473059013392,172437.2,169529.40143549722,0.0,0.0,5.199999999999999,7.0973525904454995,1.0,0.0,1.0,0.0,1.0,0.0,0.0,0.0,0.0,0.0,0.0,0.0,1.0,0.0
22000.0,6.09375,1.675933793497582E-6,22000.0,46.2,31.76502818180435,31.55216284987278,12.234910277324634,22000.0,1064512.0,30.0,21145.700000000004,3364.9411171718734,172350.66666666672,169443.0783169207,0.0666666666666667,0.3651483716701107,6.800000000000001,10.636307370641308,1.0,0.0,1.0,0.0,1.0,0.0,0.0,0.0,0.0,0.0,0.0,0.0,1.0,0.0
23000.0,6.296875,1.7316899417589107E-6,23000.0,46.6,32.29055719545966,33.08270676691729,14.83253588516747,23000.0,1061040.0,30.0,22150.86666666667,3367.3076730485664,172292.80000000002,169384.69951881122,0.0,0.0,3.033333333333333,4.612451912343169,1.0,0.0,1.0,0.0,1.0,0.0,0.0,0.0,0.0,0.0,0.0,0.0,1.0,0.0
24000.0,6.578125,1.809389602082471E-6,24000.0,45.300000000000004,31.560495767260644,30.051150895140665,13.993710691823901,24000.0,1067896.0,30.0,23148.03333333334,3366.349619629833,172407.06666666665,169499.9031518014,0.0,0.0,3.966666666666667,5.744462601036989,1.0,0.0,1.0,0.0,1.0,0.0,0.0,0.0,0.0,0.0,0.0,0.0,1.0,0.0
25000.0,6.828125,1.878783481919931E-6,25000.0,35.699999999999996,21.74788214233123,18.08917197452229,-5.756578947368427,25000.0,1072960.0,30.0,24145.699999999997,3371.1227184798317,172491.4666666667,169584.89235153064,0.0,0.0,5.700000000000001,7.245212450182248,1.0,0.0,1.0,0.0,1.0,0.0,0.0,0.0,0.0,0.0,0.0,0.0,1.0,0.0
26000.0,7.03125,1.934347512562656E-6,26000.0,48.8,33.72777388744853,34.77707006369427,15.231788079470194,26000.0,1057384.0,30.0,25151.999999999996,3372.123050009709,172231.86666666667,169323.08518687656,0.0,0.0,3.6999999999999997,5.867208700143065,1.0,0.0,1.0,0.0,1.0,0.0,0.0,0.0,0.0,0.0,0.0,0.0,1.0,0.0
27000.0,7.328125,2.0160928640204173E-6,27000.0,45.5,30.523242843575314,30.128205128205128,10.361842105263158,27000.0,1064368.0,30.0,26155.0,3368.656172241337,172348.26666666666,169440.56968561368,0.0,0.0,6.833333333333333,6.209466262438973,1.0,0.0,1.0,0.0,1.0,0.0,0.0,0.0,0.0,0.0,0.0,0.0,1.0,0.0
28000.0,7.59375,2.0905825011949572E-6,28000.0,28.599999999999998,17.859279370484558,9.962168978562419,-10.697674418604652,28000.0,1084000.0,30.0,27030.75,4103.484598691083,172668.53333333333,169776.9727732525,0.0666666666666667,0.3651483716701107,4.5666666666666655,4.515745123785057,1.0,0.0,1.0,0.0,1.0,0.0,0.0,0.0,0.0,0.0,0.0,0.0,1.0,0.0
29000.0,7.828125,2.155863363037093E-6,29000.0,0.0,0.0,-27.713920817369093,-55.7632398753894,29000.0,1076656.0,30.0,25648.449999999997,8698.043326479929,172542.80000000002,169657.55144945282,0.5333333333333334,1.1665845619713495,5.866666666666667,12.634745015598668,1.0,0.0,1.0,0.0,1.0,0.0,0.0,0.0,0.0,0.0,0.0,0.0,1.0,0.0
30000.0,8.109375,2.233891896644814E-6,30000.0,0.0,0.0,-22.39902080783354,-51.51515151515152,30000.0,1072416.0,30.0,24962.533333333333,10850.969691053337,172485.2,169573.0939887235,0.46666666666666684,0.9732042112432568,9.266666666666666,14.383739222573125,1.0,0.0,1.0,0.0,1.0,0.0,0.0,0.0,0.0,0.0,0.0,0.0,1.0,0.0
31000.0,8.421875,2.3196401889435946E-6,31000.0,25.2,15.624569944749881,7.311028500619579,-12.820512820512823,31000.0,1060664.0,30.0,20243.583333333336,14050.76940687382,172284.66666666663,169380.00474498878,0.8333333333333335,1.2058287558794354,16.86666666666667,14.006730730157068,1.0,0.0,1.0,0.0,1.0,0.0,0.0,0.0,0.0,0.0,0.0,0.0,1.0,0.0
32000.0,8.6875,2.3925757139093344E-6,32000.0,46.1,35.19367952012062,32.70911360799001,23.219373219373228,32000.0,1061384.0,30.0,18789.783333333336,15141.274659294446,172308.13333333333,169380.52314737026,1.0666666666666667,1.2298957997167563,22.166666666666668,13.44229899603675,1.0,0.0,1.0,0.0,1.0,0.0,0.0,0.0,0.0,0.0,0.0,0.0,1.0,0.0
33000.0,9.03125,2.4863837623140876E-6,33000.0,46.6,35.481532494834894,35.507246376811594,24.362606232294624,33000.0,1054872.0,30.0,18120.966666666667,15470.133086941545,172198.00000000003,169273.14214826215,0.6666666666666667,1.2129568697262454,19.26666666666667,11.172420888319019,1.0,0.0,1.0,0.0,1.0,0.0,0.0,0.0,0.0,0.0,0.0,0.0,1.0,0.0
34000.0,9.3125,2.564272597535617E-6,34000.0,46.2,34.11787756701485,32.07070707070707,19.701492537313435,34000.0,1070496.0,30.0,18841.01666666666,15756.354342050696,172442.26666666666,169551.58387974757,0.8,1.7888543819998317,16.366666666666667,11.254066953262086,1.0,0.0,1.0,0.0,1.0,0.0,0.0,0.0,0.0,0.0,0.0,0.0,1.0,0.0
35000.0,9.59375,2.6408127612537806E-6,35000.0,48.9,35.836021481748425,36.60049627791563,21.384615384615387,35000.0,1051960.0,30.0,19820.683333333338,15787.392843542206,172148.66666666674,169224.5110958097,0.06666666666666668,0.2537081317024624,10.466666666666667,8.64125363404038,1.0,0.0,1.0,0.0,1.0,0.0,0.0,0.0,0.0,0.0,0.0,0.0,1.0,0.0
36000.0,9.921875,2.7318025887426403E-6,36000.0,47.5,34.85738109300628,35.5036855036855,21.171171171171167,36000.0,1071904.0,30.0,20640.900000000005,15996.505104214251,172475.73333333337,169565.3271015225,0.26666666666666666,0.639683829949492,15.333333333333332,9.685870738040178,1.0,0.0,1.0,0.0,1.0,0.0,0.0,0.0,0.0,0.0,0.0,0.0,1.0,0.0
37000.0,10.15625,2.7964009657605653E-6,37000.0,47.199999999999996,35.947904295493665,36.53846153846153,22.919708029197075,37000.0,1065400.0,30.0,21548.48333333333,16099.745980195967,172369.86666666667,169453.43664248305,0.10000000000000005,0.4025778999364487,12.099999999999998,11.972238001251924,1.0,0.0,1.0,0.0,1.0,0.0,0.0,0.0,0.0,0.0,0.0,0.0,1.0,0.0
38000.0,10.4375,2.8742170414059526E-6,38000.0,46.5,32.68865420085705,34.67643467643468,18.195718654434256,38000.0,1069496.0,30.0,22291.049999999992,16419.293490472457,172438.13333333327,169522.21611475147,0.26666666666666666,0.5832922809856746,12.633333333333335,10.984262514548062,1.0,0.0,1.0,0.0,1.0,0.0,0.0,0.0,0.0,0.0,0.0,0.0,1.0,0.0
39000.0,10.75,2.9614826133992107E-6,39000.0,44.9,31.23674029701734,31.63771712158809,16.515151515151516,39000.0,1079432.0,30.0,23219.116666666665,16493.663613428576,172604.53333333333,169688.0101953279,0.03333333333333334,0.18257418583505536,13.133333333333333,10.071240492485087,1.0,0.0,1.0,0.0,1.0,0.0,0.0,0.0,0.0,0.0,0.0,0.0,1.0,0.0
40000.0,11.03125,3.0395361763011247E-6,40000.0,47.699999999999996,32.36068953297836,34.8692403486924,16.852146263910967,40000.0,1072760.0,30.0,23549.800000000003,17285.066112158638,172488.40000000002,169581.1928134741,0.6666666666666669,1.582955187753836,9.366666666666665,13.327398104276957,1.0,0.0,1.0,0.0,1.0,0.0,0.0,0.0,0.0,0.0,0.0,0.0,1.0,0.0
41000.0,11.40625,3.1429479066799908E-6,41000.0,45.2,30.539183252337963,32.00992555831265,17.59398496240601,41000.0,1065960.0,30.0,23459.116666666672,18409.6327945515,172367.46666666665,169459.1267696764,0.8666666666666667,1.3578211078487255,15.53333333333333,13.935153596108169,1.0,0.0,1.0,0.0,1.0,0.0,0.0,0.0,0.0,0.0,0.0,0.0,1.0,0.0
42000.0,11.734375,3.2338548852648166E-6,42000.0,45.800000000000004,31.975521228155614,31.738035264483628,17.62917933130699,42000.0,1071976.0,30.0,23701.450000000008,19196.058223928183,173030.9333333333,170016.43496367696,0.7000000000000001,1.489040422322492,17.233333333333338,13.62979326210842,1.0666666666666669,0.3651483716701107,1.0333333333333334,0.18257418583505536,1.0333333333333334,0.18257418583505536,0.03333333333333333,0.18257418583505536,0.0,0.0,0.0,0.0,1.0,0.0
43000.0,12.03125,3.315838629431608E-6,43000.0,49.6,38.43237089121586,38.536585365853654,26.207906295754025,43000.0,1067472.0,30.0,24653.199999999997,19249.21854614592,173032.80000000002,169863.45034111908,0.0666666666666667,0.3651483716701107,13.466666666666669,9.522145995930543,1.1333333333333333,0.5074162634049248,1.0666666666666669,0.2537081317024625,1.0666666666666669,0.2537081317024625,0.06666666666666668,0.2537081317024624,0.0,0.0,0.0,0.0,1.0,0.0
44000.0,12.34375,3.4036403586570583E-6,44000.0,50.2,39.44397899265424,38.74538745387454,24.659606656580934,44000.0,1086064.0,30.0,25626.116666666665,19268.264657678996,173473.60000000003,170052.59788378337,0.03333333333333333,0.18257418583505533,11.466666666666667,8.728602737387378,1.2666666666666666,1.0148325268098497,1.1333333333333333,0.5074162634049248,1.1333333333333333,0.5074162634049248,0.13333333333333336,0.5074162634049248,0.0,0.0,0.0,0.0,1.0,0.0
45000.0,12.625,3.483093233727332E-6,45000.0,50.2,39.44478896873746,37.98256537982566,23.029366306027825,45000.0,1091992.0,30.0,26624.28333333334,19267.83009173024,173653.86666666664,170071.21956299056,0.0,0.0,9.899999999999999,7.8404345410891265,1.333333333333333,1.0613372610104648,1.166666666666667,0.5306686305052324,1.166666666666667,0.5306686305052324,0.16666666666666666,0.5306686305052324,0.0,0.0,0.0,0.0,1.0,0.0
46000.0,12.90625,3.5629110708315335E-6,46000.0,51.1,43.55786300142894,39.70406905055487,30.440967283072546,46000.0,1097008.0,30.0,27491.73333333333,19437.466934838445,173737.46666666665,170155.05162649686,0.13333333333333336,0.5074162634049248,6.766666666666666,8.79922932884518,1.333333333333333,1.0613372610104648,1.166666666666667,0.5306686305052324,1.166666666666667,0.5306686305052324,0.16666666666666666,0.5306686305052324,0.0,0.0,0.0,0.0,1.0,0.0
47000.0,13.1875,3.6426381039847096E-6,47000.0,53.5,45.08219954648527,41.50943396226416,29.115853658536594,47000.0,1095760.0,30.0,28492.499999999996,19438.901803830973,173927.8666666667,169925.84675370896,0.0,0.0,6.033333333333334,7.029412754858041,1.5333333333333334,1.1665845619713495,1.2666666666666668,0.5832922809856746,1.2666666666666668,0.5832922809856746,0.26666666666666666,0.5832922809856746,0.0,0.0,0.0,0.0,1.0,0.0
48000.0,13.4375,3.715712777597622E-6,48000.0,55.2,47.72840237929112,44.06991260923846,30.00000000000001,48000.0,1129872.0,30.0,29498.26666666666,19439.376485141525,174936.13333333336,170076.32545094917,0.0,0.0,6.433333333333334,8.002944860286219,1.9999999999999998,1.8003831009940154,1.5000000000000004,0.9001915504970077,1.5000000000000004,0.9001915504970077,0.4666666666666667,0.8193072487266861,0.0,0.0,0.0,0.0,1.0,0.0
49000.0,13.671875,3.7854935766922093E-6,49000.0,56.89999999999999,49.08777338743495,45.64943253467843,31.911532385466028,49000.0,1150872.0,30.0,30502.899999999994,19440.425973309553,175624.66666666666,170100.4125849844,0.0,0.0,6.733333333333333,6.559716842781497,2.3333333333333335,2.0566684364455208,1.6666666666666667,1.0283342182227604,1.6666666666666667,1.0283342182227604,0.6,0.8944271909999159,0.0,0.0,0.0,0.0,1.0,0.0
50000.0,13.953125,3.870500626766846E-6,50000.0,53.300000000000004,46.62137293943641,42.059553349875934,32.02328966521107,50000.0,1168328.0,30.0,31309.733333333334,19723.06856679243,176045.33333333328,170263.2685236648,0.09999999999999999,0.4025778999364487,4.699999999999999,6.4388369050361245,2.4666666666666663,2.096521475885848,1.7333333333333332,1.048260737942924,1.7333333333333332,1.048260737942924,0.6666666666666667,0.9222660747548281,0.0,0.0,0.0,0.0,1.0,0.0
51000.0,14.234375,3.955281831117139E-6,51000.0,52.2,44.58433614817082,40.621118012422365,26.57450076804916,51000.0,1165224.0,30.0,31250.81666666666,21067.81519686389,176007.60000000006,170204.24309985116,0.3666666666666667,0.808716877841527,8.366666666666667,11.669244378614072,2.4666666666666663,2.161310798523917,1.7333333333333332,1.0806553992619585,1.7333333333333332,1.0806553992619585,0.6666666666666667,0.9589266029707683,0.0,0.0,0.0,0.0,1.0,0.0
52000.0,14.515625,4.040890166329012E-6,52000.0,56.00000000000001,49.08585975468642,44.514501891551085,33.33333333333334,52000.0,1176592.0,30.0,31597.749999999993,21852.328069454856,176386.26666666672,170205.66560287445,0.26666666666666666,0.639683829949492,7.866666666666667,9.83566113106066,2.5999999999999996,2.127002099442895,1.7999999999999998,1.0635010497214474,1.7999999999999998,1.0635010497214474,0.7333333333333334,0.9444331755018487,0.0,0.0,0.0,0.0,1.0,0.0
53000.0,14.84375,4.140569621490106E-6,53000.0,53.800000000000004,47.36026543187371,44.00000000000001,32.357247437774525,53000.0,1174272.0,30.0,32265.066666666677,22228.48790260278,176429.73333333337,170086.47880315618,0.2333333333333334,0.8172001541568766,8.966666666666667,9.901178381048052,2.666666666666666,2.106366921786279,1.833333333333333,1.0531834608931394,1.833333333333333,1.0531834608931394,0.7666666666666668,0.9352607356658147,0.0,0.0,0.0,0.0,1.0,0.0
54000.0,15.1875,4.245071840058597E-6,54000.0,54.800000000000004,48.088937890481446,43.92059553349876,31.515151515151523,54000.0,1175128.0,30.0,32980.71666666666,22550.690161253824,176600.6666666667,169952.05288857076,0.2666666666666667,0.980265035707122,12.666666666666666,13.065704867253084,2.8,2.2499042125204447,1.9,1.1249521062602224,1.9,1.1249521062602224,0.7999999999999999,0.9613209303008453,0.0,0.0,0.0,0.0,1.0,0.0
55000.0,15.453125,4.326229261803542E-6,55000.0,57.699999999999996,51.62728998467625,46.65825977301387,37.24035608308605,55000.0,1181032.0,30.0,33963.68333333334,22550.301342262283,176753.46666666667,169997.49123567264,0.0,0.0,6.166666666666667,7.92239659548119,2.8666666666666667,2.3449628088122516,1.9333333333333331,1.1724814044061258,1.9333333333333331,1.1724814044061258,0.7999999999999999,0.9613209303008453,0.0,0.0,0.0,0.0,1.0,0.0
56000.0,15.765625,4.422932235886238E-6,56000.0,54.800000000000004,48.30971628667066,44.26633785450063,33.627019089574155,56000.0,1196168.0,30.0,34803.033333333326,22764.17693864167,177094.13333333336,170167.34845434336,0.13333333333333336,0.5074162634049248,8.166666666666666,9.120206188433475,2.9333333333333327,2.4344274032324718,1.9666666666666661,1.217213701616236,1.9666666666666661,1.217213701616236,0.7999999999999999,0.9613209303008453,0.0,0.0,0.0,0.0,1.0,0.0
57000.0,16.03125,4.505450261705036E-6,57000.0,57.199999999999996,50.65150391847813,46.36591478696741,36.21460506706407,57000.0,1200832.0,30.0,35465.816666666666,23151.69680972022,177306.93333333335,170107.80641657775,0.16666666666666669,0.6477192523656043,7.633333333333334,11.624834691693273,3.0666666666666664,2.377093753440044,2.033333333333333,1.1885468767200222,2.033333333333333,1.1885468767200222,0.8666666666666666,0.9371024061116425,0.0,0.0,0.0,0.0,1.0,0.0
58000.0,16.328125,4.598440621824312E-6,58000.0,57.199999999999996,50.23221092240178,47.09517923362176,33.229329173166924,58000.0,1210784.0,30.0,36446.28333333333,23155.451892418132,177670.9333333334,170082.64026183315,0.0,0.0,6.133333333333332,8.101653017082096,3.266666666666667,2.5042492623171704,2.1333333333333333,1.2521246311585852,2.1333333333333333,1.2521246311585852,0.9333333333333333,0.9802650357071218,0.0,0.0,0.0,0.0,1.0,0.0
59000.0,16.640625,4.696180985774843E-6,59000.0,51.1,42.850063811585194,39.179104477611936,25.90909090909091,59000.0,1209000.0,30.0,37301.74999999999,23331.892243200185,177672.93333333347,170018.18109656777,0.03333333333333335,0.18257418583505536,8.433333333333334,7.946733587622255,3.266666666666667,2.5042492623171704,2.1333333333333333,1.2521246311585852,2.1333333333333333,1.2521246311585852,0.9333333333333333,0.9802650357071218,0.0,0.0,0.0,0.0,1.0,0.0
60000.0,16.875,4.769955800535776E-6,60000.0,50.3,43.20324552882692,37.16814159292036,26.479289940828405,60000.0,1216744.0,30.0,38286.883333333346,23333.888903460556,177802.00000000003,170152.8831745444,0.0,0.0,8.966666666666665,8.218915665259237,3.266666666666667,2.5042492623171704,2.1333333333333333,1.2521246311585852,2.1333333333333333,1.2521246311585852,0.9333333333333333,0.9802650357071218,0.0,0.0,0.0,0.0,1.0,0.0
61000.0,17.203125,4.872996748114623E-6,61000.0,51.300000000000004,44.29479150581359,38.97243107769423,27.85185185185185,61000.0,1213872.0,30.0,38732.26666666666,23861.298786782132,177620.9333333333,170238.33343832963,0.06666666666666667,0.3651483716701107,6.3999999999999995,7.141911267421637,3.133333333333334,2.515240899319426,2.0666666666666664,1.2576204496597132,2.0666666666666664,1.2576204496597132,0.8666666666666666,0.9732042112432565,0.0,0.0,0.0,0.0,1.0,0.0
62000.0,17.484375,4.960417087810732E-6,62000.0,52.0,43.98125239246735,39.008894536213475,28.358208955223883,62000.0,1201496.0,30.0,39282.59999999999,24381.735044975565,177274.26666666672,170174.7477347087,0.1,0.40257789993644877,3.6999999999999997,6.41737942003507,3.0,2.51889411968961,1.9999999999999998,1.259447059844805,1.9999999999999998,1.259447059844805,0.7999999999999999,0.9613209303008454,0.0,0.0,0.0,0.0,1.0,0.0
63000.0,17.796875,5.0580597922412855E-6,63000.0,50.4,42.870569589635615,36.410256410256416,28.633093525179852,63000.0,1207792.0,30.0,40219.283333333326,24460.415690781283,177379.2,170276.75712013413,0.03333333333333334,0.18257418583505536,6.333333333333333,8.474437559745366,3.0,2.51889411968961,1.9999999999999998,1.259447059844805,1.9999999999999998,1.259447059844805,0.7999999999999999,0.9613209303008454,0.0,0.0,0.0,0.0,1.0,0.0
64000.0,18.109375,5.155577673576769E-6,64000.0,51.6,44.96917022832109,40.0990099009901,30.459770114942536,64000.0,1206248.0,30.0,40808.93333333332,25021.72791108754,177360.53333333335,170246.1254528594,0.16666666666666666,0.5306686305052324,6.966666666666668,8.684045352147864,3.0,2.51889411968961,1.9999999999999998,1.259447059844805,1.9999999999999998,1.259447059844805,0.7999999999999999,0.9613209303008454,0.0,0.0,0.0,0.0,1.0,0.0
65000.0,18.421875,5.252908643645542E-6,65000.0,54.2,47.679924512869256,44.81927710843374,33.910533910533914,65000.0,1203936.0,30.0,41717.983333333344,25149.456928794247,177326.40000000002,170202.9304791833,0.13333333333333333,0.7302967433402214,7.2333333333333325,11.518151591811684,3.0,2.51889411968961,1.9999999999999998,1.259447059844805,1.9999999999999998,1.259447059844805,0.7999999999999999,0.9613209303008454,0.0,0.0,0.0,0.0,1.0,0.0
66000.0,18.703125,5.339646789555745E-6,66000.0,53.300000000000004,46.22145245838209,40.96080910240203,31.625183016105417,66000.0,1192120.0,30.0,42205.51666666666,25684.35352537935,176990.66666666666,170144.03554423185,0.06666666666666667,0.3651483716701107,6.466666666666668,9.489498127543083,2.866666666666667,2.515240899319426,1.933333333333333,1.257620449659713,1.933333333333333,1.257620449659713,0.7333333333333334,0.9444331755018487,0.0,0.0,0.0,0.0,1.0,0.0
67000.0,19.03125,5.439817905426022E-6,67000.0,54.800000000000004,47.460799014308805,44.539877300613504,33.52941176470589,67000.0,1180064.0,30.0,43177.1,25710.926202554827,176790.1333333333,169941.71430323078,0.06666666666666667,0.3651483716701107,6.266666666666667,8.819779234602553,2.866666666666667,2.515240899319426,1.933333333333333,1.257620449659713,1.933333333333333,1.257620449659713,0.7333333333333334,0.9444331755018487,0.0,0.0,0.0,0.0,1.0,0.0
68000.0,19.328125,5.5306737906196015E-6,68000.0,52.1,44.8457234709657,39.29024081115337,29.662261380323052,68000.0,1182992.0,30.0,44158.899999999994,25712.286653910833,176838.93333333335,169990.23386482886,0.0,0.0,6.233333333333333,9.604895782282375,2.866666666666667,2.515240899319426,1.933333333333333,1.257620449659713,1.933333333333333,1.257620449659713,0.7333333333333334,0.9444331755018487,0.0,0.0,0.0,0.0,1.0,0.0
69000.0,19.625,5.622360978223794E-6,69000.0,55.00000000000001,47.76655597045677,43.538268506900884,33.135215453194654,69000.0,1193816.0,30.0,45156.83333333334,25713.988892262758,177019.33333333337,170169.69470468882,0.0,0.0,5.666666666666666,6.166278335085688,2.866666666666667,2.515240899319426,1.933333333333333,1.257620449659713,1.933333333333333,1.257620449659713,0.7333333333333334,0.9444331755018487,0.0,0.0,0.0,0.0,1.0,0.0
70000.0,19.921875,5.713149892269734E-6,70000.0,55.7,49.38912791640867,44.83188044831881,36.44189383070302,70000.0,1182120.0,30.0,46155.93333333333,25716.496417581468,176824.39999999994,169975.29199300837,0.0,0.0,4.466666666666667,6.044281043543005,2.866666666666667,2.515240899319426,1.933333333333333,1.257620449659713,1.933333333333333,1.257620449659713,0.7333333333333334,0.9444331755018487,0.0,0.0,0.0,0.0,1.0,0.0
71000.0,20.296875,5.827529498168989E-6,71000.0,55.7,49.103509445147836,46.882494004796165,35.61046511627908,71000.0,1179016.0,30.0,47145.86666666668,25717.86003925813,176772.66666666663,169924.44406261478,0.0,0.0,2.533333333333333,5.144353002671177,2.866666666666667,2.515240899319426,1.933333333333333,1.257620449659713,1.933333333333333,1.257620449659713,0.7333333333333334,0.9444331755018487,0.0,0.0,0.0,0.0,1.0,0.0
72000.0,20.5625,5.908468123784079E-6,72000.0,53.400000000000006,45.412033718026215,42.96205630354958,29.286798179059183,72000.0,1177848.0,30.0,48140.200000000004,25716.850391543223,176763.20000000004,169896.27226333212,0.0,0.0,3.9999999999999996,6.258786926641891,2.866666666666667,2.515240899319426,1.933333333333333,1.257620449659713,1.933333333333333,1.257620449659713,0.7333333333333334,0.9444331755018487,0.0,0.0,0.0,0.0,1.0,0.0
73000.0,20.8125,5.984373500622392E-6,73000.0,52.300000000000004,45.37296408358281,41.400491400491404,30.76923076923077,73000.0,1173640.0,30.0,48389.016666666656,26477.989723792794,176550.6666666667,169966.143852106,0.0666666666666667,0.3651483716701107,5.666666666666666,5.422388666498807,2.733333333333334,2.50424926231717,1.8666666666666665,1.252124631158585,1.8666666666666665,1.252124631158585,0.6666666666666666,0.922266074754828,0.0,0.0,0.0,0.0,1.0,0.0
74000.0,21.078125,6.06638851523813E-6,74000.0,53.2,45.72025052192067,41.86335403726709,30.46062407132244,74000.0,1193512.0,30.0,49383.249999999985,26476.660760717834,176950.66666666663,170235.7431745522,0.0,0.0,9.700000000000001,8.64291617453276,2.799999999999999,2.6444476641211603,1.8999999999999997,1.32222383206058,1.8999999999999997,1.32222383206058,0.7000000000000001,0.9878573120474016,0.0,0.0,0.0,0.0,1.0,0.0
75000.0,21.390625,6.162528815265328E-6,75000.0,50.7,43.674845048698984,38.45193508114857,29.268292682926827,75000.0,1189208.0,30.0,50000.86666666667,27090.00409899592,176875.2,170171.08813737318,0.13333333333333333,0.5074162634049248,5.5,7.233780906752468,2.799999999999999,2.6444476641211603,1.8999999999999997,1.32222383206058,1.8999999999999997,1.32222383206058,0.7000000000000001,0.9878573120474016,0.0,0.0,0.0,0.0,1.0,0.0
76000.0,21.65625,6.244588908480684E-6,76000.0,51.9,44.86916455580135,41.05392156862745,30.49132947976879,76000.0,1194168.0,30.0,50954.78333333334,27173.664024411242,176975.6,170236.86820379802,0.3666666666666667,1.4015590662158888,6.033333333333333,12.64497537755019,2.799999999999999,2.6444476641211603,1.8999999999999997,1.32222383206058,1.8999999999999997,1.32222383206058,0.7000000000000001,0.9878573120474016,0.0,0.0,0.0,0.0,1.0,0.0
77000.0,21.921875,6.327208636018134E-6,77000.0,51.300000000000004,44.65688976266102,39.578163771712155,31.11739745403112,77000.0,1202312.0,30.0,51959.683333333305,27175.517274475395,177156.1333333334,170323.37738085925,0.0,0.0,4.966666666666666,8.648234156345938,2.8666666666666667,2.622624814863962,1.933333333333333,1.3113124074319809,1.933333333333333,1.3113124074319809,0.7333333333333335,0.9802650357071221,0.0,0.0,0.0,0.0,1.0,0.0
78000.0,22.1875,6.409722263924774E-6,78000.0,54.900000000000006,47.914982468945325,42.76649746192894,33.48082595870207,78000.0,1200768.0,30.0,52930.63333333335,27217.949889151496,177273.86666666673,170165.13633242494,0.06666666666666667,0.3651483716701107,3.833333333333333,7.795150275401492,3.0,2.779233335118605,2.0000000000000004,1.3896166675593025,2.0000000000000004,1.3896166675593025,0.7999999999999999,1.0635010497214474,0.0,0.0,0.0,0.0,1.0,0.0
79000.0,22.46875,6.497700233012434E-6,79000.0,52.1,45.992265280580895,41.58536585365854,32.05673758865248,79000.0,1209160.0,30.0,53912.01666666668,27251.15689131329,177496.93333333332,170226.69767763445,0.06666666666666667,0.3651483716701107,3.3,6.84382429891963,3.0666666666666673,2.851899951494325,2.0333333333333328,1.4259499757471623,2.0333333333333328,1.4259499757471623,0.7999999999999999,1.0635010497214474,0.0,0.0,0.0,0.0,1.0,0.0
80000.0,22.796875,6.599998256812489E-6,80000.0,55.400000000000006,48.66494322066478,46.00484261501211,34.218289085545734,80000.0,1205120.0,30.0,54916.35,27250.841327907903,177474.0,170121.87862444928,0.0,0.0,3.2666666666666666,5.105327395583163,3.1333333333333324,3.01414290823517,2.0666666666666673,1.5070714541175847,2.0666666666666673,1.5070714541175847,0.8333333333333335,1.1472105098991157,0.0,0.0,0.0,0.0,1.0,0.0
81000.0,23.046875,6.678029118726647E-6,81000.0,52.300000000000004,45.570810435798656,40.96534653465346,32.147937411095306,81000.0,1206504.0,30.0,55908.75,27252.767492261923,177513.06666666668,170130.64831574136,0.0,0.0,4.199999999999999,8.117244309025926,3.1333333333333324,3.01414290823517,2.0666666666666673,1.5070714541175847,2.0666666666666673,1.5070714541175847,0.8333333333333335,1.1472105098991157,0.0,0.0,0.0,0.0,1.0,0.0
82000.0,23.3125,6.7604811758630765E-6,82000.0,51.2,44.84548258507415,40.19607843137255,30.28571428571429,82000.0,1199872.0,30.0,56289.18333333335,28108.873853975376,177264.7999999999,170158.08125714117,0.16666666666666666,0.9128709291752769,6.9,9.653836114423008,3.0,3.0171921178244636,2.0000000000000004,1.5085960589122318,2.0000000000000004,1.5085960589122318,0.7666666666666666,1.135123670410602,0.0,0.0,0.0,0.0,1.0,0.0
83000.0,23.578125,6.843353233610586E-6,83000.0,54.0,47.23760169665521,41.91919191919193,31.445603576751118,83000.0,1205984.0,30.0,57297.01666666667,28108.029234976504,177492.00000000006,170132.8101024489,0.0,0.0,4.166666666666668,7.06171481242014,3.1333333333333337,3.01414290823517,2.0666666666666673,1.507071454117585,2.0666666666666673,1.507071454117585,0.8333333333333335,1.1472105098991157,0.0,0.0,0.0,0.0,1.0,0.0
84000.0,23.828125,6.921505684860874E-6,84000.0,55.800000000000004,48.43135653533386,45.70024570024571,32.82674772036475,84000.0,1208384.0,30.0,58297.85,28108.570242522357,177655.73333333337,170048.84794010862,0.0,0.0,3.666666666666667,6.634982178253919,3.266666666666667,3.00497671496324,2.133333333333333,1.50248835748162,2.133333333333333,1.50248835748162,0.8999999999999999,1.155198146908438,0.0,0.0,0.0,0.0,1.0,0.0
85000.0,24.109375,7.00904243987881E-6,85000.0,57.49999999999999,50.637760139004065,47.53086419753085,35.99397590361445,85000.0,1203096.0,30.0,59301.450000000004,28105.37388413378,177609.86666666664,169921.94304080206,0.0,0.0,2.5999999999999996,5.660510516759493,3.266666666666667,3.00497671496324,2.133333333333333,1.50248835748162,2.133333333333333,1.50248835748162,0.8999999999999999,1.155198146908438,0.0,0.0,0.0,0.0,1.0,0.0
86000.0,24.375,7.091995309262221E-6,86000.0,53.800000000000004,46.841070910789654,43.727161997563954,33.14037626628076,86000.0,1207160.0,30.0,60303.083333333336,28106.3477909436,177734.40000000002,169933.26391334942,0.0,0.0,2.433333333333334,4.360349031690115,3.333333333333334,3.0209993018220307,2.166666666666666,1.5104996509110153,2.166666666666666,1.5104996509110153,0.9333333333333332,1.1724814044061256,0.0,0.0,0.0,0.0,1.0,0.0
87000.0,24.609375,7.166254702800259E-6,87000.0,51.5,44.24813145026128,39.75155279503106,29.505813953488374,87000.0,1224736.0,30.0,61304.116666666654,28107.368512208206,178059.73333333328,170195.09360868798,0.0,0.0,6.700000000000001,7.813118940999612,3.333333333333334,3.0209993018220307,2.166666666666666,1.5104996509110153,2.166666666666666,1.5104996509110153,0.9333333333333332,1.1724814044061256,0.0,0.0,0.0,0.0,1.0,0.0
88000.0,24.890625,7.255706489862248E-6,88000.0,52.5,45.049860021748685,42.14372716199757,29.941002949852514,88000.0,1229416.0,30.0,62245.21666666665,28244.05996172914,178147.7333333333,170263.9062956278,0.03333333333333335,0.18257418583505536,5.166666666666666,6.7929138196299474,3.333333333333334,3.0209993018220307,2.166666666666666,1.5104996509110153,2.166666666666666,1.5104996509110153,0.9333333333333332,1.1724814044061256,0.0,0.0,0.0,0.0,1.0,0.0
89000.0,25.15625,7.3403311156046834E-6,89000.0,49.2,42.86665437025107,37.821297429620564,28.24858757062147,89000.0,1231488.0,30.0,61855.7,30217.18400956311,178109.8666666666,170379.36620431862,0.16666666666666666,0.6477192523656045,4.1,9.162705518229489,3.2666666666666675,3.0505322693649353,2.133333333333333,1.5252661346824676,2.133333333333333,1.5252661346824676,0.8999999999999999,1.1846722229638325,0.0,0.0,0.0,0.0,1.0,0.0
90000.0,25.40625,7.419970061164344E-6,90000.0,47.099999999999994,39.73529096804033,32.525510204081634,17.729393468118193,90000.0,1231368.0,30.0,62193.48333333332,31410.795849215177,178139.8666666666,170351.33799949798,0.2333333333333334,0.8172001541568766,5.500000000000002,10.030127031890576,3.2666666666666675,3.0505322693649353,2.133333333333333,1.5252661346824676,2.133333333333333,1.5252661346824676,0.8999999999999999,1.1846722229638325,0.0,0.0,0.0,0.0,1.0,0.0
91000.0,25.765625,7.530918163764802E-6,91000.0,46.2,37.562089743470715,31.81242078580481,15.408805031446546,91000.0,1193368.0,30.0,61218.583333333336,33483.45175708755,176919.86666666664,170271.2959668165,0.2333333333333334,0.8172001541568766,6.066666666666666,10.631551394668197,2.7333333333333334,2.6120850877693713,1.8666666666666665,1.3060425438846857,1.8666666666666665,1.3060425438846857,0.7,1.0221680811915899,0.0,0.0,0.0,0.0,1.0,0.0
92000.0,26.046875,7.613782007764605E-6,92000.0,46.800000000000004,33.29412900564367,31.88220230473752,16.35220125786164,92000.0,1138872.0,30.0,58538.38333333335,36856.87892011369,175203.06666666668,170135.5454690856,0.46666666666666684,1.1957780134587124,8.399999999999999,11.333806616216508,1.9999999999999996,2.1495789483460275,1.4999999999999998,1.074789474173014,1.4999999999999998,1.074789474173014,0.43333333333333346,0.8976341829703134,0.0,0.0,0.0,0.0,1.0,0.0
93000.0,26.328125,7.69603932793769E-6,93000.0,50.0,35.32196724704421,36.628643852978456,21.13564668769716,93000.0,1130536.0,30.0,58469.91666666667,37752.298422920925,174909.59999999998,170146.1832121655,0.3,0.7943767889097848,7.966666666666667,11.354729633834143,1.8666666666666667,2.0800088417141875,1.4333333333333331,1.040004420857094,1.4333333333333331,1.040004420857094,0.36666666666666664,0.8502873077655144,0.0,0.0,0.0,0.0,1.0,0.0
94000.0,26.578125,7.769023973701723E-6,94000.0,48.9,33.47644792872216,36.44278606965174,19.27330173775671,94000.0,1128480.0,30.0,59414.2,37859.424541366054,174945.46666666665,170049.67430579616,0.1333333333333334,0.5074162634049248,8.333333333333334,10.39341082156128,1.9333333333333333,2.211776214491083,1.4666666666666666,1.1058881072455418,1.4666666666666666,1.1058881072455418,0.39999999999999997,0.9321831993987981,0.0,0.0,0.0,0.0,1.0,0.0
95000.0,26.84375,7.846917594886483E-6,95000.0,47.599999999999994,29.16554579704307,32.387096774193544,17.219589257503948,95000.0,1133536.0,30.0,60270.21666666665,38089.04222605266,175033.3333333333,170129.90116475022,0.23333333333333334,0.897634182970313,8.966666666666667,12.293770032386137,1.9333333333333333,2.211776214491083,1.4666666666666666,1.1058881072455418,1.4666666666666666,1.1058881072455418,0.39999999999999997,0.9321831993987981,0.0,0.0,0.0,0.0,1.0,0.0
96000.0,27.15625,7.937806917147499E-6,96000.0,49.6,33.76813327323405,36.04060913705584,22.817764165390507,96000.0,1124256.0,30.0,61270.41666666666,38093.62847755722,174880.6666666667,169972.12717171258,0.0,0.0,10.466666666666667,9.576311770532369,1.9333333333333333,2.211776214491083,1.4666666666666666,1.1058881072455418,1.4666666666666666,1.1058881072455418,0.39999999999999997,0.9321831993987981,0.0,0.0,0.0,0.0,1.0,0.0
97000.0,27.421875,8.014848442851664E-6,97000.0,51.9,37.61025215315969,40.543881334981464,26.000000000000007,97000.0,1121136.0,30.0,62273.683333333356,38096.57752210849,174830.66666666663,169918.6777705054,0.0,0.0,5.066666666666667,7.72337845198872,1.9333333333333333,2.211776214491083,1.4666666666666666,1.1058881072455418,1.4666666666666666,1.1058881072455418,0.39999999999999997,0.9321831993987981,0.0,0.0,0.0,0.0,1.0,0.0
98000.0,27.65625,8.082639025006852E-6,98000.0,50.8,34.06513881834543,34.48735019973369,21.405750798722046,98000.0,1118048.0,30.0,63273.183333333334,38097.182538955516,174779.19999999998,169868.109062196,0.0,0.0,5.5,6.821618778458722,1.9333333333333333,2.211776214491083,1.4666666666666666,1.1058881072455418,1.4666666666666666,1.1058881072455418,0.39999999999999997,0.9321831993987981,0.0,0.0,0.0,0.0,1.0,0.0
99000.0,27.953125,8.169825014192606E-6,99000.0,48.0,30.74736906591518,34.42622950819672,18.36734693877551,99000.0,1135208.0,30.0,64261.98333333334,38098.141370427424,175065.2,170153.12463347713,0.0,0.0,5.666666666666666,4.8589294502286045,1.9333333333333333,2.211776214491083,1.4666666666666666,1.1058881072455418,1.4666666666666666,1.1058881072455418,0.39999999999999997,0.9321831993987981,0.0,0.0,0.0,0.0,1.0,0.0
100000.0,28.234375,8.252125408034766E-6,100000.0,48.5,31.667162024456523,33.634020618556704,20.031055900621116,100000.0,1131128.0,30.0,65201.2,38203.41997016692,174999.19999999998,170083.66908809263,0.03333333333333333,0.18257418583505536,3.733333333333333,4.563221286081481,1.9333333333333333,2.211776214491083,1.4666666666666666,1.1058881072455418,1.4666666666666666,1.1058881072455418,0.39999999999999997,0.9321831993987981,0.0,0.0,0.0,0.0,1.0,0.0
101000.0,28.5,8.329907981937539E-6,101000.0,48.3,32.27781030713388,35.45568039950062,20.583717357910906,101000.0,1131920.0,30.0,66105.6166666667,38387.88644832128,175013.6,170094.40946215126,0.06666666666666667,0.36514837167011066,4.9,6.304623371944509,1.9333333333333333,2.211776214491083,1.4666666666666666,1.1058881072455418,1.4666666666666666,1.1058881072455418,0.39999999999999997,0.9321831993987981,0.0,0.0,0.0,0.0,1.0,0.0
102000.0,28.796875,8.416769560426469E-6,102000.0,48.6,30.989852554583802,32.45729303547964,18.282988871224166,102000.0,1130984.0,30.0,67115.1833333333,38389.83412332836,175000.0000000001,170077.2820294012,0.0,0.0,3.0666666666666664,6.068194830898818,1.9333333333333333,2.211776214491083,1.4666666666666666,1.1058881072455418,1.4666666666666666,1.1058881072455418,0.39999999999999997,0.9321831993987981,0.0,0.0,0.0,0.0,1.0,0.0
103000.0,29.015625,8.480708541659013E-6,103000.0,46.7,30.50539398095874,32.7020202020202,19.849624060150376,103000.0,1129848.0,30.0,67497.18333333335,39354.91253874058,174978.53333333333,170063.24699920946,0.1666666666666667,0.461133037377414,5.566666666666667,7.890121861448385,1.9333333333333333,2.211776214491083,1.4666666666666666,1.1058881072455418,1.4666666666666666,1.1058881072455418,0.39999999999999997,0.9321831993987981,0.0,0.0,0.0,0.0,1.0,0.0
104000.0,29.25,8.54937029847254E-6,104000.0,49.0,30.370483638428947,34.447300771208226,19.303797468354432,104000.0,1132416.0,30.0,68153.88333333335,39911.858244281015,175012.13333333336,170112.24015421997,0.20000000000000004,0.5508613944197478,7.500000000000003,9.968052415869273,1.9333333333333333,2.211776214491083,1.4666666666666666,1.1058881072455418,1.4666666666666666,1.1058881072455418,0.39999999999999997,0.9321831993987981,0.0,0.0,0.0,0.0,1.0,0.0
105000.0,29.484375,8.617698816427336E-6,105000.0,49.8,33.16878476354796,35.55840821566111,22.04968944099379,105000.0,1126920.0,30.0,69141.55000000002,39934.5910952724,174929.33333333328,170012.29172339142,0.06666666666666667,0.3651483716701107,6.0666666666666655,11.527877255721823,1.9333333333333333,2.211776214491083,1.4666666666666666,1.1058881072455418,1.4666666666666666,1.1058881072455418,0.39999999999999997,0.9321831993987981,0.0,0.0,0.0,0.0,1.0,0.0
106000.0,29.6875,8.676740722472052E-6,106000.0,52.1,33.42895104039848,39.29024081115337,21.73202614379085,106000.0,1123568.0,30.0,70142.98333333334,39934.123409151536,174876.40000000002,169953.59627923166,0.0,0.0,3.7666666666666666,6.56890970501526,1.9333333333333333,2.211776214491083,1.4666666666666666,1.1058881072455418,1.4666666666666666,1.1058881072455418,0.39999999999999997,0.9321831993987981,0.0,0.0,0.0,0.0,1.0,0.0
107000.0,29.953125,8.754069211944521E-6,107000.0,48.9,31.368216903296343,34.403080872913996,20.52877138413686,107000.0,1125312.0,30.0,71152.95000000001,39936.396793250715,174905.46666666665,169982.61723766042,0.0,0.0,4.7666666666666675,8.063041837802958,1.9333333333333333,2.211776214491083,1.4666666666666666,1.1058881072455418,1.4666666666666666,1.1058881072455418,0.39999999999999997,0.9321831993987981,0.0,0.0,0.0,0.0,1.0,0.0
108000.0,30.1875,8.822503958880486E-6,108000.0,48.5,32.18232026010385,34.72750316856781,21.613394216133937,108000.0,1128672.0,30.0,72160.35000000002,39939.48551259789,174961.4666666667,170038.4776043817,0.0,0.0,5.466666666666669,9.737001355771646,1.9333333333333333,2.211776214491083,1.4666666666666666,1.1058881072455418,1.4666666666666666,1.1058881072455418,0.39999999999999997,0.9321831993987981,0.0,0.0,0.0,0.0,1.0,0.0
109000.0,30.421875,8.890547744360647E-6,109000.0,48.199999999999996,30.148952638832327,34.34727503168568,18.68131868131868,109000.0,1122224.0,30.0,73029.13333333333,40181.80634653022,174854.26666666663,169931.07898441955,0.1,0.5477225575051662,3.2666666666666675,7.43678338574123,1.9333333333333333,2.211776214491083,1.4666666666666666,1.1058881072455418,1.4666666666666666,1.1058881072455418,0.39999999999999997,0.9321831993987981,0.0,0.0,0.0,0.0,1.0,0.0
110000.0,30.65625,8.958177770384482E-6,110000.0,50.8,33.8786108057402,37.484116899618805,22.884012539184955,110000.0,1115400.0,30.0,74023.79999999997,40184.06881508632,174745.46666666667,169812.59014147977,0.0,0.0,3.8333333333333335,6.721470145700287,1.9333333333333333,2.211776214491083,1.4666666666666666,1.1058881072455418,1.4666666666666666,1.1058881072455418,0.39999999999999997,0.9321831993987981,0.0,0.0,0.0,0.0,1.0,0.0
111000.0,30.9375,9.039385606431298E-6,111000.0,49.9,32.9504864100941,35.43814432989691,22.083981337480562,111000.0,1116112.0,30.0,74888.21666666666,40396.91260190337,174757.33333333337,169824.41644126386,0.03333333333333333,0.18257418583505536,5.1000000000000005,9.46263067599834,1.9333333333333333,2.211776214491083,1.4666666666666666,1.1058881072455418,1.4666666666666666,1.1058881072455418,0.39999999999999997,0.9321831993987981,0.0,0.0,0.0,0.0,1.0,0.0
112000.0,31.234375,9.125804806697285E-6,112000.0,47.5,30.218091723998597,32.432432432432435,19.106317411402156,112000.0,1125224.0,30.0,75588.69999999997,40935.88785716315,174958.39999999997,169931.7412828766,0.1,0.4025778999364488,4.500000000000001,7.54183733216433,2.0,2.33415420700282,1.4999999999999998,1.1670771035014103,1.4999999999999998,1.1670771035014103,0.39999999999999997,0.9321831993987981,0.0,0.0,0.0,0.0,1.0,0.0
113000.0,31.484375,9.198798248285633E-6,113000.0,50.0,32.72544041290434,36.628643852978456,20.88607594936709,113000.0,1128616.0,30.0,76589.36666666667,40935.110096456796,175023.7333333333,169980.18597011876,0.0,0.0,2.933333333333334,7.8693352185308,2.0,2.33415420700282,1.4999999999999998,1.1670771035014103,1.4999999999999998,1.1670771035014103,0.39999999999999997,0.9321831993987981,0.0,0.0,0.0,0.0,1.0,0.0
114000.0,31.703125,9.26274990585322E-6,114000.0,46.2,30.12524206148719,34.229828850855746,19.097744360902254,114000.0,1130072.0,30.0,77279.55,41461.39909476962,175048.4,170003.8916622554,0.06666666666666668,0.3651483716701107,4.633333333333335,7.336650242556829,2.0,2.33415420700282,1.4999999999999998,1.1670771035014103,1.4999999999999998,1.1670771035014103,0.39999999999999997,0.9321831993987981,0.0,0.0,0.0,0.0,1.0,0.0
115000.0,31.96875,9.34137632915129E-6,115000.0,49.2,33.138364101092684,36.18090452261307,20.99533437013997,115000.0,1144200.0,30.0,78284.18333333336,41478.81059271297,175485.86666666667,170037.22412395035,0.1,0.5477225575051662,4.7333333333333325,8.638060659316013,2.2,2.325273435904719,1.6,1.1626367179523596,1.6,1.1626367179523596,0.5,0.9377154924749755,0.0,0.0,0.0,0.0,1.0,0.0
116000.0,32.234375,9.42132707374791E-6,116000.0,48.9,32.459581487316676,37.758830694275275,20.652173913043477,116000.0,1163472.0,30.0,78766.01666666666,42362.25426752967,176080.0,170095.31154191867,0.10000000000000002,0.4025778999364488,6.7666666666666675,11.542076946108317,2.4666666666666663,2.5152408993194264,1.7333333333333332,1.2576204496597132,1.7333333333333332,1.2576204496597132,0.5999999999999999,1.0034423509719619,0.0,0.0,0.0,0.0,1.0,0.0
117000.0,32.484375,9.496964436645307E-6,117000.0,49.8,34.73730465068207,36.05095541401274,24.054462934947047,117000.0,1169496.0,30.0,79771.15000000001,42365.179658765664,176365.99999999997,170022.00285207358,0.0,0.0,5.066666666666666,8.427922938510488,2.666666666666667,2.6824247051596015,1.8333333333333333,1.3412123525798008,1.8333333333333333,1.3412123525798008,0.6666666666666666,1.0613372610104645,0.0,0.0,0.0,0.0,1.0,0.0
118000.0,32.71875,9.568103414494542E-6,118000.0,50.3,32.674619279713255,35.11749347258486,20.985691573926868,118000.0,1173272.0,30.0,80778.41666666666,42362.84282897288,176529.73333333334,169994.9273729597,0.0,0.0,4.066666666666666,6.766720457291438,2.7333333333333334,2.815392829004364,1.8666666666666667,1.407696414502182,1.8666666666666667,1.407696414502182,0.7,1.118804780974337,0.0,0.0,0.0,0.0,1.0,0.0
119000.0,32.9375,9.634567250031975E-6,119000.0,51.2,34.20804279712888,38.46153846153847,21.290322580645164,119000.0,1174464.0,30.0,81781.05,42360.63166148695,176626.40000000002,169945.0256224153,0.0,0.0,3.9,7.1262022579133735,2.8000000000000003,2.8935123627009873,1.9,1.4467561813504934,1.9,1.4467561813504934,0.7,1.118804780974337,0.0,0.0,0.0,0.0,1.0,0.0
120000.0,33.171875,9.706327594661462E-6,120000.0,52.800000000000004,38.77421304757841,39.01808785529716,25.90266875981162,120000.0,1183520.0,30.0,82786.08333333334,42360.97458598296,176898.93333333335,169972.10299498518,0.0,0.0,2.3000000000000007,3.8876462163432874,2.9333333333333336,2.851899951494325,1.9666666666666668,1.4259499757471625,1.9666666666666668,1.4259499757471625,0.7666666666666666,1.1043279539543756,0.0,0.0,0.0,0.0,1.0,0.0
121000.0,33.40625,9.779168176464734E-6,121000.0,52.1,37.800124140044524,37.22149410222805,24.92163009404389,121000.0,1201336.0,30.0,83788.84999999998,42357.93218565934,177471.06666666668,169998.62265502525,0.0,0.0,3.500000000000001,5.53203834728774,3.2,2.9407951071213656,2.1000000000000005,1.4703975535606828,2.1000000000000005,1.4703975535606828,0.8666666666666666,1.1366415543118709,0.0,0.0,0.0,0.0,1.0,0.0
122000.0,33.65625,9.859100488635398E-6,122000.0,44.4,31.421269520577944,32.02933985330073,21.022727272727277,122000.0,1235904.0,30.0,84413.64999999998,43065.587560837586,178311.06666666665,170316.9181215893,0.16666666666666669,0.5306686305052324,4.5,5.870733961046039,3.4,2.9431393044701846,2.1999999999999997,1.4715696522350923,2.1999999999999997,1.4715696522350923,0.9666666666666667,1.1591713250937241,0.0,0.0,0.0,0.0,1.0,0.0
123000.0,33.921875,9.94190382900544E-6,123000.0,39.5,27.72460326183047,26.309378806333743,17.236662106703147,123000.0,1204984.0,30.0,76496.83333333333,53598.7971953225,177385.46666666667,170210.3849638477,0.9333333333333335,1.2847469449832047,10.666666666666666,13.049860174527259,2.9999999999999996,2.8284271247461907,1.9999999999999996,1.4142135623730951,1.9999999999999996,1.4142135623730951,0.8333333333333331,1.1472105098991154,0.0,0.0,0.0,0.0,1.0,0.0
124000.0,34.28125,1.0048973199445752E-5,124000.0,42.1,32.566839189963524,26.147959183673468,17.988668555240793,124000.0,1151648.0,30.0,71650.56666666665,57835.797813502075,175765.33333333334,170029.17896690022,0.7333333333333333,1.2298957997167563,16.2,14.138233806682283,2.3333333333333326,2.5370813170246245,1.6666666666666663,1.2685406585123122,1.6666666666666663,1.2685406585123122,0.5333333333333333,1.0080138659874618,0.0,0.0,0.0,0.0,1.0,0.0
125000.0,34.578125,1.0136807395610956E-5,125000.0,42.9,34.012240671572805,31.370192307692314,22.418478260869563,125000.0,1143648.0,30.0,71259.2,58614.80706974756,175418.66666666663,170096.34166540677,0.2666666666666667,0.6396838299494919,12.733333333333334,11.697135910373406,2.1333333333333324,2.38867057721168,1.5666666666666662,1.19433528860584,1.5666666666666662,1.19433528860584,0.43333333333333335,0.8976341829703132,0.0,0.0,0.0,0.0,1.0,0.0
126000.0,34.859375,1.021908625261858E-5,126000.0,44.7,37.38847676240682,31.47459727385378,25.371120107962213,126000.0,1130832.0,30.0,72187.2,58708.663720881304,175201.46666666665,169884.8344504391,0.16666666666666669,0.6477192523656043,10.966666666666667,8.62827482390203,2.1333333333333324,2.38867057721168,1.5666666666666662,1.19433528860584,1.5666666666666662,1.19433528860584,0.43333333333333335,0.8976341829703132,0.0,0.0,0.0,0.0,1.0,0.0
127000.0,35.09375,1.0287335705167302E-5,127000.0,47.199999999999996,39.07722769078462,35.29411764705882,27.671232876712327,127000.0,1125616.0,30.0,73196.56666666665,58706.34371674582,175118.53333333338,169793.76167728982,0.0,0.0,9.56666666666667,9.529204957730565,2.1333333333333324,2.38867057721168,1.5666666666666662,1.19433528860584,1.5666666666666662,1.19433528860584,0.43333333333333335,0.8976341829703132,0.0,0.0,0.0,0.0,1.0,0.0
128000.0,35.390625,1.0375965567719604E-5,128000.0,41.8,33.26751813644385,28.588957055214724,21.563342318059295,128000.0,1154008.0,30.0,73904.16666666664,59055.20466655788,175589.33333333326,170268.34649733888,0.23333333333333336,0.6260623155792925,8.933333333333334,8.362202866566273,2.1333333333333324,2.38867057721168,1.5666666666666662,1.19433528860584,1.5666666666666662,1.19433528860584,0.43333333333333335,0.8976341829703132,0.0,0.0,0.0,0.0,1.0,0.0
129000.0,35.6875,1.0463662749518536E-5,129000.0,44.3,34.81667335663706,30.287859824780977,20.99290780141844,129000.0,1141864.0,30.0,74809.54999999997,59168.29493778669,175389.59999999995,170063.50832429074,0.09999999999999999,0.40257789993644877,7.199999999999999,10.076945349966273,2.1333333333333324,2.38867057721168,1.5666666666666662,1.19433528860584,1.5666666666666662,1.19433528860584,0.43333333333333335,0.8976341829703132,0.0,0.0,0.0,0.0,1.0,0.0
130000.0,35.96875,1.0546484101925871E-5,130000.0,44.9,37.04943504438529,32.886723507917175,25.338753387533874,130000.0,1138288.0,30.0,75787.15000000001,59176.40353281713,175333.3333333334,170000.8449233905,0.06666666666666668,0.3651483716701107,9.366666666666669,11.783926321062513,2.1333333333333324,2.38867057721168,1.5666666666666662,1.19433528860584,1.5666666666666662,1.19433528860584,0.43333333333333335,0.8976341829703132,0.0,0.0,0.0,0.0,1.0,0.0
131000.0,36.265625,1.0633265192154792E-5,131000.0,45.800000000000004,37.434490910686,34.6987951807229,23.76933895921238,131000.0,1129936.0,30.0,76788.51666666663,59175.80344996483,175194.13333333336,169862.4064919491,0.0,0.0,6.066666666666666,6.862860232782877,2.1333333333333324,2.38867057721168,1.5666666666666662,1.19433528860584,1.5666666666666662,1.19433528860584,0.43333333333333335,0.8976341829703132,0.0,0.0,0.0,0.0,1.0,0.0
132000.0,36.546875,1.0715401440393177E-5,132000.0,46.7,39.202584289400264,35.860409145607704,26.986301369863014,132000.0,1128872.0,30.0,77739.16666666666,59242.9432745889,175176.0,169842.75378464794,0.03333333333333333,0.18257418583505536,7.799999999999999,8.482842724562042,2.1333333333333324,2.38867057721168,1.5666666666666662,1.19433528860584,1.5666666666666662,1.19433528860584,0.43333333333333335,0.8976341829703132,0.0,0.0,0.0,0.0,1.0,0.0
133000.0,36.75,1.0774685910695953E-5,133000.0,48.3,40.01986189486189,35.69651741293532,25.504322766570603,133000.0,1128184.0,30.0,78746.56666666668,59237.65077895173,175164.53333333335,169829.73011808595,0.0,0.0,4.200000000000001,5.019960159204453,2.1333333333333324,2.38867057721168,1.5666666666666662,1.19433528860584,1.5666666666666662,1.19433528860584,0.43333333333333335,0.8976341829703132,0.0,0.0,0.0,0.0,1.0,0.0
134000.0,37.015625,1.0853470109092689E-5,134000.0,46.7,38.77588528002279,33.54114713216958,24.611032531824613,134000.0,1146496.0,30.0,79746.40000000001,59236.55621612184,175469.7333333333,170133.0243419081,0.0,0.0,6.866666666666666,6.479321661671251,2.1333333333333324,2.38867057721168,1.5666666666666662,1.19433528860584,1.5666666666666662,1.19433528860584,0.43333333333333335,0.8976341829703132,0.0,0.0,0.0,0.0,1.0,0.0
135000.0,37.265625,1.0926884715445335E-5,135000.0,49.8,42.20544926628551,38.10110974106043,28.49002849002849,135000.0,1135128.0,30.0,80744.83333333334,59238.53272115036,175330.40000000005,169902.00584157277,0.0,0.0,5.833333333333335,6.680302147478749,2.1999999999999993,2.551537737833052,1.5999999999999996,1.275768868916526,1.5999999999999996,1.275768868916526,0.4666666666666667,0.9732042112432565,0.0,0.0,0.0,0.0,1.0,0.0
136000.0,37.53125,1.1006339595446152E-5,136000.0,46.5,38.968882115258694,34.99392466585663,25.79750346740638,136000.0,1156256.0,30.0,81743.00000000003,59238.13255019016,175697.06666666668,170238.5989458511,0.0,0.0,5.633333333333334,5.536607534267327,2.1999999999999993,2.551537737833052,1.5999999999999996,1.275768868916526,1.5999999999999996,1.275768868916526,0.4666666666666667,0.9732042112432565,0.0,0.0,0.0,0.0,1.0,0.0
137000.0,37.78125,1.1080925081235663E-5,137000.0,49.0,41.90146260219931,37.88063337393423,29.36288088642659,137000.0,1153232.0,30.0,82740.26666666666,59236.458769248726,175648.66666666666,170186.828808082,0.0,0.0,2.433333333333333,4.16622986216169,2.1999999999999993,2.551537737833052,1.5999999999999996,1.275768868916526,1.5999999999999996,1.275768868916526,0.4666666666666667,0.9732042112432565,0.0,0.0,0.0,0.0,1.0,0.0
138000.0,38.03125,1.1154419884810013E-5,138000.0,51.5,44.87370964698715,39.826302729528535,30.515759312320924,138000.0,1136368.0,30.0,83743.20000000001,59232.35482168537,175367.60000000003,169907.90156696105,0.0,0.0,5.099999999999999,8.222550992702095,2.1999999999999993,2.551537737833052,1.5999999999999996,1.275768868916526,1.5999999999999996,1.275768868916526,0.4666666666666667,0.9732042112432565,0.0,0.0,0.0,0.0,1.0,0.0
139000.0,38.234375,1.1214268096308738E-5,139000.0,51.4,45.08182920448883,40.58679706601467,32.59361997226075,139000.0,1138912.0,30.0,84746.9,59231.05147960536,175450.79999999996,169915.16716179383,0.0,0.0,5.5,6.616332977485754,2.2666666666666657,2.702914561438593,1.6333333333333329,1.3514572807192966,1.6333333333333329,1.3514572807192966,0.49999999999999994,1.0422125006694767,0.0,0.0,0.0,0.0,1.0,0.0
140000.0,38.484375,1.1287911394093596E-5,140000.0,50.0,43.83625347372772,37.02770780856424,30.45897079276773,140000.0,1138664.0,30.0,85746.99999999999,59230.37715535924,175474.26666666666,169888.00712631663,0.0,0.0,4.533333333333334,5.17775968950847,2.2666666666666657,2.702914561438593,1.6333333333333329,1.3514572807192966,1.6333333333333329,1.3514572807192966,0.49999999999999994,1.0422125006694767,0.0,0.0,0.0,0.0,1.0,0.0
141000.0,38.734375,1.136321451566699E-5,141000.0,49.1,43.53384918323765,38.303030303030305,30.74829931972789,141000.0,1164328.0,30.0,86730.1666666667,59228.521913917,175946.0,170274.5161238767,0.0,0.0,3.3999999999999995,5.210069825463656,2.333333333333333,2.8446360088750384,1.6666666666666665,1.4223180044375192,1.6666666666666665,1.4223180044375192,0.5333333333333335,1.1058881072455415,0.0,0.0,0.0,0.0,1.0,0.0
142000.0,39.0,1.1443306543191684E-5,142000.0,49.1,43.15129462037015,36.77018633540373,29.793103448275858,142000.0,1165528.0,30.0,87723.53333333333,59227.90254786344,175988.0000000001,170275.40404447285,0.0,0.0,2.333333333333334,5.8388315631630014,2.333333333333333,2.8446360088750384,1.6666666666666665,1.4223180044375192,1.6666666666666665,1.4223180044375192,0.5333333333333335,1.1058881072455415,0.0,0.0,0.0,0.0,1.0,0.0
143000.0,39.140625,1.1485561230478597E-5,143000.0,50.4,43.642639796931704,40.95238095238095,30.919220055710312,143000.0,1161488.0,30.0,88724.86666666667,59225.35682944545,175928.53333333333,170202.31455490354,0.0,0.0,2.0666666666666664,3.95608072625467,2.333333333333333,2.8446360088750384,1.6666666666666665,1.4223180044375192,1.6666666666666665,1.4223180044375192,0.5333333333333335,1.1058881072455415,0.0,0.0,0.0,0.0,1.0,0.0
144000.0,39.40625,1.1564497706583801E-5,144000.0,51.2,45.67310796579187,41.204819277108435,32.40997229916898,144000.0,1148712.0,30.0,89724.06666666667,59224.881841570794,175717.59999999998,169989.70113920612,0.0,0.0,3.7666666666666666,6.100781935939446,2.333333333333333,2.8446360088750384,1.6666666666666665,1.4223180044375192,1.6666666666666665,1.4223180044375192,0.5333333333333335,1.1058881072455415,0.0,0.0,0.0,0.0,1.0,0.0
145000.0,39.625,1.1629649088717994E-5,145000.0,50.4,43.06821025277255,37.53148614609572,28.73563218390805,145000.0,1151272.0,30.0,90719.7,59220.4785080468,175766.6666666667,170026.6465555851,0.0,0.0,4.066666666666666,6.302344026620974,2.333333333333333,2.8446360088750384,1.6666666666666665,1.4223180044375192,1.6666666666666665,1.4223180044375192,0.5333333333333335,1.1058881072455415,0.0,0.0,0.0,0.0,1.0,0.0
146000.0,39.875,1.1703458472361991E-5,146000.0,55.2,49.3157627977699,44.48574969021066,36.363636363636374,146000.0,1141232.0,30.0,91724.76666666668,59214.158570100204,175599.3333333333,169860.79743197365,0.0,0.0,1.9000000000000006,3.8087920068867156,2.333333333333333,2.8446360088750384,1.6666666666666665,1.4223180044375192,1.6666666666666665,1.4223180044375192,0.5333333333333335,1.1058881072455415,0.0,0.0,0.0,0.0,1.0,0.0
147000.0,40.140625,1.1782119529218305E-5,147000.0,53.1,46.76733580163398,41.15432873274781,33.1908831908832,147000.0,1144704.0,30.0,92735.09999999996,59206.28875172418,175659.9999999999,169915.8438222596,0.0,0.0,1.4999999999999998,3.0822070014844885,2.333333333333333,2.8446360088750384,1.6666666666666665,1.4223180044375192,1.6666666666666665,1.4223180044375192,0.5333333333333335,1.1058881072455415,0.0,0.0,0.0,0.0,1.0,0.0
148000.0,40.359375,1.1846796454240875E-5,148000.0,54.0,47.95555857262463,44.24242424242425,33.908045977011504,148000.0,1142888.0,30.0,93732.6,59200.495479259545,175629.7333333333,169885.76696299677,0.0,0.0,3.4000000000000004,6.703575988566309,2.333333333333333,2.8446360088750384,1.6666666666666665,1.4223180044375192,1.6666666666666665,1.4223180044375192,0.5333333333333335,1.1058881072455415,0.0,0.0,0.0,0.0,1.0,0.0
149000.0,40.5625,1.1906926746531904E-5,149000.0,51.300000000000004,45.04564483914285,40.39167686658507,32.07810320781032,149000.0,1144280.0,30.0,94725.13333333333,59193.96765316794,175688.93333333335,169879.92279831533,0.0,0.0,0.9333333333333336,2.4059313679168897,2.4,3.024041597962385,1.7,1.5120207989811925,1.7,1.5120207989811925,0.5666666666666669,1.19433528860584,0.0,0.0,0.0,0.0,1.0,0.0
150000.0,40.84375,1.199030689248401E-5,150000.0,53.400000000000006,48.33084227379775,42.96205630354958,37.1967654986523,150000.0,1145968.0,30.0,95730.70000000003,59188.784623125284,175732.66666666666,169895.63603484232,0.0,0.0,3.6000000000000005,7.9420313565841285,2.4,3.024041597962385,1.7,1.5120207989811925,1.7,1.5120207989811925,0.5666666666666669,1.19433528860584,0.0,0.0,0.0,0.0,1.0,0.0
151000.0,41.15625,1.2083816852989706E-5,151000.0,50.9,45.5696342855876,40.04884004884005,33.648648648648646,151000.0,1156672.0,30.0,96723.70000000003,59180.7932672331,175911.0666666666,170072.38611139258,0.0,0.0,7.9333333333333345,8.204007991612196,2.4,3.024041597962385,1.7,1.5120207989811925,1.7,1.5120207989811925,0.5666666666666669,1.19433528860584,0.0,0.0,0.0,0.0,1.0,0.0
152000.0,41.4375,1.2167382099303517E-5,152000.0,51.2,45.62922473736576,40.632603406326034,33.42428376534789,152000.0,1148512.0,30.0,97709.9,59175.772773541044,175785.46666666665,169929.49909604498,0.0,0.0,3.9666666666666655,6.283439280792192,2.4,3.024041597962385,1.7,1.5120207989811925,1.7,1.5120207989811925,0.5666666666666669,1.19433528860584,0.0,0.0,0.0,0.0,1.0,0.0
153000.0,41.703125,1.2246598392569768E-5,153000.0,55.1,49.84730795093302,44.43069306930693,37.81163434903048,153000.0,1152784.0,30.0,98706.06666666668,59171.02833366408,175965.46666666662,169894.97150083652,0.0,0.0,1.6,4.803734179673716,2.533333333333333,3.093188660905446,1.7666666666666666,1.546594330452723,1.7666666666666666,1.546594330452723,0.6333333333333333,1.2452207485597395,0.0,0.0,0.0,0.0,1.0,0.0
154000.0,41.953125,1.232150466724609E-5,154000.0,49.9,43.80346242459457,37.99504950495049,29.33709449929478,154000.0,1158192.0,30.0,99705.03333333335,59165.804332148284,176188.93333333335,169858.9594603259,0.0,0.0,3.5666666666666664,5.237025566255066,2.666666666666666,3.19841914974746,1.833333333333333,1.59920957487373,1.833333333333333,1.59920957487373,0.6666666666666666,1.2685406585123122,0.0,0.0,0.0,0.0,1.0,0.0
155000.0,42.171875,1.2387164460960773E-5,155000.0,50.2,44.09048808554829,37.74999999999999,29.85915492957747,155000.0,1160256.0,30.0,100706.10000000002,59160.925657058484,176237.33333333337,169880.74518426618,0.0,0.0,0.5333333333333333,1.3829836145670416,2.666666666666666,3.19841914974746,1.833333333333333,1.59920957487373,1.833333333333333,1.59920957487373,0.6666666666666666,1.2685406585123122,0.0,0.0,0.0,0.0,1.0,0.0
156000.0,42.390625,1.2453747363502364E-5,156000.0,50.2,44.77356050843811,39.78234582829504,31.310344827586206,156000.0,1176568.0,30.0,101694.43333333332,59158.18576834705,176513.59999999998,170145.7253480385,0.0,0.0,4.866666666666665,6.174102382523719,2.666666666666666,3.19841914974746,1.833333333333333,1.59920957487373,1.833333333333333,1.59920957487373,0.6666666666666666,1.2685406585123122,0.0,0.0,0.0,0.0,1.0,0.0
157000.0,42.546875,1.2501054669782103E-5,157000.0,52.300000000000004,46.00456414250268,42.251815980629544,32.147937411095306,157000.0,1170336.0,30.0,102693.29999999996,59154.3389380408,176409.7333333333,170043.20012676605,0.0,0.0,1.6333333333333329,3.0792221737643906,2.666666666666666,3.19841914974746,1.833333333333333,1.59920957487373,1.833333333333333,1.59920957487373,0.6666666666666666,1.2685406585123122,0.0,0.0,0.0,0.0,1.0,0.0
158000.0,42.8125,1.2581278634671534E-5,158000.0,52.400000000000006,46.00315586597439,41.45141451414515,31.313131313131315,158000.0,1167448.0,30.0,103681.50000000001,59147.98428288841,176367.6,169990.24353849833,0.0,0.0,2.6333333333333333,6.189442252925449,2.666666666666666,3.19841914974746,1.833333333333333,1.59920957487373,1.833333333333333,1.59920957487373,0.6666666666666666,1.2685406585123122,0.0,0.0,0.0,0.0,1.0,0.0
159000.0,43.046875,1.2652142581322952E-5,159000.0,50.9,45.16215138596799,40.55690072639225,32.647462277091904,159000.0,1168736.0,30.0,104675.46666666666,59145.841256288884,176395.06666666668,170006.17743251516,0.0,0.0,2.533333333333333,3.401149231062057,2.666666666666666,3.19841914974746,1.833333333333333,1.59920957487373,1.833333333333333,1.59920957487373,0.6666666666666666,1.2685406585123122,0.0,0.0,0.0,0.0,1.0,0.0
160000.0,43.25,1.2713464255082521E-5,160000.0,51.800000000000004,46.019981566159686,39.75,33.2409972299169,160000.0,1166952.0,30.0,105669.6333333333,59142.49917596087,176426.53333333335,169915.92727406585,0.0,0.0,2.7333333333333334,5.771113161811748,2.733333333333333,3.183289703016886,1.8666666666666671,1.591644851508443,1.8666666666666671,1.591644851508443,0.7,1.2635472781569876,0.0,0.0,0.0,0.0,1.0,0.0
161000.0,43.5,1.2789418785056716E-5,161000.0,51.800000000000004,46.5922060078228,40.567200986436504,33.608815426997246,161000.0,1174400.0,30.0,106671.90000000001,59139.87137909241,176620.26666666666,169972.03925570005,0.0,0.0,2.4666666666666663,4.629242384826188,2.8,3.2098984837315445,1.8999999999999997,1.6049492418657723,1.8999999999999997,1.6049492418657723,0.7333333333333333,1.284746944983205,0.0,0.0,0.0,0.0,1.0,0.0
162000.0,43.765625,1.2870022069869766E-5,162000.0,52.7,46.978681618753185,41.891891891891895,34.030683403068345,162000.0,1172968.0,30.0,107672.33333333339,59137.935377678376,176596.4,169948.61919557143,0.0,0.0,4.333333333333333,5.313180314789935,2.8,3.2098984837315445,1.8999999999999997,1.6049492418657723,1.8999999999999997,1.6049492418657723,0.7333333333333333,1.284746944983205,0.0,0.0,0.0,0.0,1.0,0.0
163000.0,43.984375,1.2937307603553762E-5,163000.0,51.5,46.22231142049606,41.354292623941966,33.10344827586207,163000.0,1188984.0,30.0,108675.96666666669,59135.48841746174,176945.19999999995,170141.36045631417,0.0,0.0,2.4,3.9004862649993113,2.8666666666666667,3.3190498571161884,1.9333333333333331,1.6595249285580942,1.9333333333333331,1.6595249285580942,0.7333333333333333,1.284746944983205,0.0,0.0,0.0,0.0,1.0,0.0
164000.0,44.25,1.3019139005336906E-5,164000.0,51.6,46.16012690191576,41.190765492102074,33.6076817558299,164000.0,1190840.0,30.0,109669.89999999998,59129.859520137434,177050.13333333333,170100.1187384341,0.0,0.0,2.7,5.748463062959255,2.933333333333333,3.3002960508094583,1.966666666666667,1.6501480254047292,1.966666666666667,1.6501480254047292,0.7666666666666666,1.2780193008453875,0.0,0.0,0.0,0.0,1.0,0.0
164860.0,44.546875,1.3110019467098426E-5,164860.0,54.1,48.551829268292686,42.98136645962734,35.53370786516855,164860.0,1183312.0,30.0,109822.26666666669,60190.857089328965,176867.06666666665,170034.2909006803,0.1,0.5477225575051663,2.966666666666667,5.750462250285104,2.8666666666666667,3.3190498571161884,1.9333333333333331,1.6595249285580942,1.9333333333333331,1.6595249285580942,0.7333333333333333,1.284746944983205,0.0,0.0,0.0,0.0,1.0,0.0
