learning evaluation instances,evaluation time (cpu seconds),model cost (RAM-Hours),classified instances,classifications correct (percent),Kappa Statistic (percent),Kappa Temporal Statistic (percent),Kappa M Statistic (percent),model training instances,model serialized size (bytes),[avg] model training instances,[err] model training instances,[avg] model serialized size (bytes),[err] model serialized size (bytes),[avg] tree size (nodes),[err] tree size (nodes),[avg] tree size (leaves),[err] tree size (leaves),[avg] active learning leaves,[err] active learning leaves,[avg] tree depth,[err] tree depth,[avg] active leaf byte size estimate,[err] active leaf byte size estimate,[avg] inactive leaf byte size estimate,[err] inactive leaf byte size estimate,[avg] byte size estimate overhead,[err] byte size estimate overhead
1000.0,0.328125,1.041994740565618E-7,1000.0,43.6,25.676423612758352,26.75324675324675,7.69230769230769,1000.0,1247672.0,5988.783333333333,77.80377134919733,3976.2666666666664,3329.3592291665004,1.7666666666666668,2.580018832322982,1.3833333333333335,1.290009416161491,1.3833333333333335,1.290009416161491,0.28333333333333327,0.9583118396017571,0.0,0.0,0.0,0.0,1.0,0.0
2000.0,0.671875,2.650893940072921E-7,2000.0,49.1,31.53522505945271,31.951871657754012,15.16666666666666,2000.0,1809208.0,11995.483333333334,110.57147265444088,12879.733333333335,3197.0671192472255,8.2,2.529822128134703,4.599999999999999,1.2649110640673518,4.599999999999999,1.2649110640673518,2.4500000000000006,0.7903013799725017,0.0,0.0,0.0,0.0,1.0,0.0
3000.0,1.0,4.5322295692231925E-7,3000.0,55.400000000000006,41.53564621462973,43.11224489795919,27.004909983633397,3000.0,2216304.0,18002.96666666666,112.66524085615364,19329.733333333326,5409.406715382878,13.2,4.398767161645735,7.1,2.1993835808228677,7.1,2.1993835808228677,3.9166666666666674,0.961842628987639,0.0,0.0,0.0,0.0,1.0,0.0
4000.0,1.328125,6.655280271338092E-7,4000.0,56.599999999999994,43.334269057769006,44.64285714285714,28.735632183908034,4000.0,2501056.0,23992.233333333334,121.6208845060031,23853.866666666658,7775.01184579547,16.56666666666667,6.195588005545823,8.783333333333335,3.0977940027729116,8.783333333333335,3.0977940027729116,4.266666666666667,0.9892072954878204,0.0,0.0,0.0,0.0,1.0,0.0
5000.0,1.65625,8.954418848993051E-7,5000.0,60.4,48.96736230853096,49.746192893401016,35.29411764705882,5000.0,2708496.0,29984.083333333336,149.01681075303426,27252.0,8812.770210306237,19.233333333333327,6.958391268069656,10.116666666666664,3.479195634034828,10.116666666666664,3.479195634034828,4.666666666666668,1.0682897256143145,0.0,0.0,0.0,0.0,1.0,0.0
6000.0,2.015625,1.1760389639271631E-6,6000.0,60.199999999999996,50.162410436341865,49.810844892812106,37.223974763406936,6000.0,3018128.0,35980.08333333332,170.59877517261248,32209.6,11325.779328444032,22.73333333333333,9.223894296266655,11.866666666666665,4.611947148133328,11.866666666666665,4.611947148133328,4.916666666666667,1.2526807412697067,0.0,0.0,0.0,0.0,1.0,0.0
7000.0,2.390625,1.4936773934298093E-6,7000.0,60.8,49.56772334293949,48.95833333333333,36.36363636363636,7000.0,3274192.0,41977.833333333336,187.39464083166635,36207.2,12680.356660759498,25.733333333333338,9.914664138121442,13.366666666666669,4.957332069060721,13.366666666666669,4.957332069060721,5.333333333333334,1.1884567213538209,0.0,0.0,0.0,0.0,1.0,0.0
8000.0,2.71875,1.795917665327175E-6,8000.0,59.599999999999994,48.7616554551081,48.53503184713376,34.62783171521035,8000.0,3560536.0,47981.39999999998,208.26443425671854,40892.13333333333,12217.555004460006,29.23333333333333,9.301661354553941,15.116666666666665,4.6508306772769705,15.116666666666665,4.6508306772769705,5.733333333333334,1.071458164778288,0.0,0.0,0.0,0.0,1.0,0.0
9000.0,3.015625,2.0934145625991126E-6,9000.0,62.0,51.993713703141765,51.03092783505154,38.009787928221854,9000.0,3873568.0,53969.85,229.5698132432532,46027.333333333336,12583.04027645426,32.96666666666667,9.724975128139807,16.983333333333338,4.862487564069903,16.983333333333338,4.862487564069903,5.833333333333335,1.0278604842785048,0.0,0.0,0.0,0.0,1.0,0.0
10000.0,3.40625,2.515430613938305E-6,10000.0,61.6,52.059206879503805,51.576292559899116,39.71742543171114,10000.0,4176104.0,59976.25,237.1747281961435,50986.933333333334,12722.994549262565,36.500000000000014,9.809196653296885,18.750000000000007,4.9045983266484425,18.750000000000007,4.9045983266484425,6.1,0.9513594198633404,0.0,0.0,0.0,0.0,1.0,0.0
11000.0,3.734375,2.8973878296609553E-6,11000.0,63.0,53.308826777009266,54.2079207920792,39.83739837398374,11000.0,4499640.0,65989.45,231.84699988555542,56288.93333333332,12496.60044058989,40.83333333333333,9.695651072388802,20.916666666666664,4.847825536194401,20.916666666666664,4.847825536194401,6.349999999999999,0.8601340061144985,0.0,0.0,0.0,0.0,1.0,0.0
12000.0,4.125,3.3823312130860156E-6,12000.0,64.8,54.933039715258744,53.00400534045394,41.333333333333336,12000.0,4798808.0,71990.76666666668,253.9620528618106,61171.46666666667,12746.411242978991,44.16666666666667,10.05942793579636,22.583333333333336,5.02971396789818,22.583333333333336,5.02971396789818,6.633333333333335,0.843050688438623,0.0,0.0,0.0,0.0,1.0,0.0
13000.0,4.515625,3.8937113842823435E-6,13000.0,65.2,54.97564415233241,53.78486055776893,40.30874785591767,13000.0,5060416.0,77988.36666666665,274.4141350479681,65402.13333333333,13187.90586101031,46.933333333333344,10.323359502237118,23.966666666666672,5.161679751118559,23.966666666666672,5.161679751118559,6.8,0.9168849252232775,0.0,0.0,0.0,0.0,1.0,0.0
14000.0,4.875,4.388243412702447E-6,14000.0,64.7,54.44414762161026,53.49143610013175,41.26455906821963,14000.0,5319232.0,83992.28333333333,270.5526103584121,69598.66666666667,13510.694313622755,50.06666666666666,10.534634833417167,25.53333333333333,5.267317416708583,25.53333333333333,5.267317416708583,7.116666666666668,0.8252717408997373,0.0,0.0,0.0,0.0,1.0,0.0
15000.0,5.265625,4.951384746366076E-6,15000.0,67.10000000000001,57.929841297039616,57.98212005108557,44.79865771812081,15000.0,5572624.0,89993.59999999998,285.058495335104,73724.53333333331,14274.145568500222,53.29999999999999,11.252570327842914,27.149999999999995,5.626285163921457,27.149999999999995,5.626285163921457,7.266666666666667,0.8804210600263109,0.0,0.0,0.0,0.0,1.0,0.0
16000.0,5.65625,5.5382028545459925E-6,16000.0,65.9,58.28838019468685,56.113256113256114,46.21451104100947,16000.0,5806920.0,95987.41666666669,294.07754607814684,77556.93333333333,14887.23753940946,56.13333333333334,11.837124402670346,28.56666666666667,5.918562201335173,28.56666666666667,5.918562201335173,7.383333333333331,0.903696114115064,0.0,0.0,0.0,0.0,1.0,0.0
17000.0,6.03125,6.124671425722124E-6,17000.0,65.4,57.58114445091489,55.584082156611046,44.64,17000.0,6045272.0,101967.21666666667,293.38232657749177,81417.73333333334,16197.493145510824,58.53333333333332,12.527213315271982,29.76666666666666,6.263606657635991,29.76666666666666,6.263606657635991,7.466666666666666,0.9291269214473296,0.0,0.0,0.0,0.0,1.0,0.0
18000.0,6.453125,6.81182072083983E-6,18000.0,66.10000000000001,57.890029626041105,57.465495608532,45.93301435406699,18000.0,6296072.0,107977.91666666666,296.07444618476507,85447.4666666667,16055.623710329153,61.900000000000006,12.505863031774,31.450000000000006,6.252931515886999,31.450000000000006,6.252931515886999,7.6499999999999995,0.9356408118576057,0.0,0.0,0.0,0.0,1.0,0.0
19000.0,6.890625,7.550266131551728E-6,19000.0,68.89999999999999,60.2411610092353,58.42245989304812,47.64309764309763,19000.0,6524432.0,113976.01666666666,293.12526920470054,89148.93333333332,16229.280061589738,64.73333333333335,12.560182804816,32.866666666666674,6.280091402408,32.866666666666674,6.280091402408,7.749999999999999,0.9850578577174277,0.0,0.0,0.0,0.0,1.0,0.0
20000.0,7.328125,8.311478240001532E-6,20000.0,66.10000000000001,57.73309760288063,56.4826700898588,44.788273615635184,20000.0,6725584.0,119982.1,306.00208817278065,92408.26666666668,16047.51696497757,67.29999999999998,12.562116846336725,34.14999999999999,6.281058423168362,34.14999999999999,6.281058423168362,7.8,0.9707589203071647,0.0,0.0,0.0,0.0,1.0,0.0
21000.0,7.734375,9.040333809227579E-6,21000.0,64.4,56.7845784068562,55.276381909547744,44.20062695924765,21000.0,6935064.0,125990.11666666662,305.18164036491476,95811.46666666665,16273.512145239052,70.0,12.806248474865697,35.5,6.4031242374328485,35.5,6.4031242374328485,7.950000000000001,0.9641893055563066,0.0,0.0,0.0,0.0,1.0,0.0
22000.0,8.140625,9.795517479586932E-6,22000.0,68.60000000000001,60.77789672095722,60.05089058524173,48.77650897226754,22000.0,7185576.0,131967.6833333333,311.1670482568875,99894.5333333333,16107.815556922023,73.1333333333333,12.491986131681552,37.06666666666665,6.245993065840776,37.06666666666665,6.245993065840776,8.100000000000001,0.9150344996737666,0.0,0.0,0.0,0.0,1.0,0.0
23000.0,8.625,1.0729936410724703E-5,23000.0,65.9,58.001615890907665,57.268170426065154,45.6140350877193,23000.0,7456968.0,137957.53333333327,328.0992236579934,104333.73333333331,16272.630829007801,76.03333333333333,12.37543584805717,38.516666666666666,6.187717924028585,38.516666666666666,6.187717924028585,8.250000000000002,0.932010765923125,0.0,0.0,0.0,0.0,1.0,0.0
24000.0,9.0625,1.1597988292730103E-5,24000.0,66.0,58.15930475531809,56.52173913043479,46.54088050314466,24000.0,7669552.0,143964.4333333333,321.18780432905834,107798.13333333333,16469.733143327776,78.60000000000001,12.892252304835079,39.800000000000004,6.4461261524175395,39.800000000000004,6.4461261524175395,8.350000000000001,0.8986807657027425,0.0,0.0,0.0,0.0,1.0,0.0
25000.0,9.53125,1.2560572261766842E-5,25000.0,65.9,57.020526794739624,56.56050955414014,43.914473684210535,25000.0,7937792.0,149970.61666666667,314.25322250233967,112160.93333333332,16826.107500625298,81.70000000000002,13.14237550438676,41.35000000000001,6.57118775219338,41.35000000000001,6.57118775219338,8.45,0.9283665260982115,0.0,0.0,0.0,0.0,1.0,0.0
26000.0,10.015625,1.3581999163660738E-5,26000.0,68.7,60.53864124329756,60.127388535031855,48.17880794701988,26000.0,8151320.0,155968.9,327.9458254144758,115648.00000000006,17675.650910748493,84.56666666666666,13.34340015451893,42.78333333333333,6.671700077259465,42.78333333333333,6.671700077259465,8.616666666666669,0.9036961141150642,0.0,0.0,0.0,0.0,1.0,0.0
27000.0,10.4375,1.4494906289554719E-5,27000.0,68.60000000000001,60.725060413362485,59.74358974358975,48.35526315789475,27000.0,8364600.0,161954.21666666665,348.64007430648155,119108.26666666669,17755.701019879354,87.36666666666667,13.775397704636479,44.18333333333334,6.887698852318239,44.18333333333334,6.887698852318239,8.700000000000003,0.9260815939451921,0.0,0.0,0.0,0.0,1.0,0.0
28000.0,11.109375,1.5100727840844128E-5,28000.0,58.099999999999994,48.93793338776703,47.16267339218159,35.03875968992248,28000.0,3485448.0,48658.566666666666,75683.6625758412,37452.133333333324,55983.63033367749,26.733333333333334,41.89489134612901,13.866666666666667,20.947445673064504,13.866666666666667,20.947445673064504,2.5166666666666666,4.065112697446143,0.0,0.0,0.0,0.0,1.0,0.0
29000.0,11.484375,1.5309077894522086E-5,29000.0,50.9,37.81582846793906,37.29246487867178,23.520249221183803,29000.0,2147656.0,12269.316666666666,30282.528604142928,17011.066666666666,20054.546476257234,11.433333333333332,14.655786925152814,6.216666666666666,7.327893462576407,6.216666666666666,7.327893462576407,3.083333333333334,1.5436218324388655,0.0,0.0,0.0,0.0,1.0,0.0
30000.0,11.796875,1.549281231645081E-5,30000.0,53.800000000000004,42.66126209760493,43.451652386780914,30.000000000000004,30000.0,2272704.0,15365.800000000001,21685.207311960654,18956.399999999998,14406.650172514785,12.5,10.82135365447661,6.75,5.410676827238305,6.75,5.410676827238305,3.6999999999999997,1.0463819829475698,0.0,0.0,0.0,0.0,1.0,0.0
31000.0,12.09375,1.5669235209417012E-5,31000.0,55.400000000000006,46.75040146137912,44.73358116480794,32.73001508295626,31000.0,2297120.0,18306.183333333338,2809.558385538805,19074.4,5867.525806634804,12.366666666666667,4.517261307198657,6.683333333333334,2.2586306535993286,6.683333333333334,2.2586306535993286,3.8499999999999996,1.1472147553598036,0.0,0.0,0.0,0.0,1.0,0.0
32000.0,12.390625,1.585380462024154E-5,32000.0,59.599999999999994,53.53982809736396,49.56304619225968,42.45014245014245,32000.0,2403192.0,24294.716666666667,2802.6408556608194,20790.799999999992,6784.1074223986225,13.633333333333331,5.418007222206979,7.3166666666666655,2.7090036111034896,7.3166666666666655,2.7090036111034896,4.116666666666666,1.1511477936989034,0.0,0.0,0.0,0.0,1.0,0.0
33000.0,12.6875,1.605196671638017E-5,33000.0,57.4,51.65430787353856,48.55072463768116,39.6600566572238,33000.0,2580176.0,30286.26666666666,2808.36840783475,23558.933333333327,8245.062057647794,15.599999999999998,6.465554100810577,8.3,3.2327770504052884,8.3,3.2327770504052884,4.499999999999998,1.2953633087651182,0.0,0.0,0.0,0.0,1.0,0.0
34000.0,13.078125,1.6329611599859264E-5,34000.0,59.099999999999994,52.68886858147578,48.358585858585855,38.95522388059701,34000.0,2747464.0,36268.033333333326,2788.80875465789,26118.533333333336,9255.900383761933,17.533333333333328,7.317188185215215,9.266666666666664,3.6585940926076073,9.266666666666664,3.6585940926076073,4.700000000000001,1.211526561891852,0.0,0.0,0.0,0.0,1.0,0.0
35000.0,13.4375,1.6603398026846762E-5,35000.0,62.7,56.218344865632574,53.72208436724565,42.61538461538461,35000.0,2944872.0,42279.266666666685,2792.38634271937,29350.933333333327,10361.222148099127,19.8,8.05237095308591,10.4,4.026185476542955,10.4,4.026185476542955,5.033333333333335,1.2482756468006095,0.0,0.0,0.0,0.0,1.0,0.0
36000.0,13.84375,1.6933541014117913E-5,36000.0,61.6,55.377789759667564,52.825552825552826,42.34234234234234,36000.0,3141312.0,48276.566666666666,2800.9364436884175,32550.933333333345,11954.704158652523,22.266666666666662,9.416657917100078,11.633333333333331,4.708328958550039,11.633333333333331,4.708328958550039,5.200000000000001,1.2729253642892218,0.0,0.0,0.0,0.0,1.0,0.0
37000.0,14.15625,1.7197728771457655E-5,37000.0,60.5,54.66237240901197,52.52403846153846,42.335766423357654,37000.0,3267872.0,54267.61666666666,2803.57315648893,34603.6,13113.99518847669,23.666666666666668,10.034967113635771,12.333333333333334,5.0174835568178855,12.333333333333334,5.0174835568178855,5.316666666666667,1.3082744058124636,0.0,0.0,0.0,0.0,1.0,0.0
38000.0,14.46875,1.7474627788437323E-5,38000.0,59.9,53.1264976726897,51.037851037851034,38.68501529051988,38000.0,3425104.0,60248.450000000004,2805.957792457123,37133.600000000006,13226.338001201762,25.599999999999998,10.219953895547604,13.299999999999999,5.109976947773802,13.299999999999999,5.109976947773802,5.583333333333335,1.266138754099553,0.0,0.0,0.0,0.0,1.0,0.0
39000.0,14.84375,1.782226877468121E-5,39000.0,61.1,54.03358266274356,51.73697270471463,41.060606060606055,39000.0,3583456.0,66250.91666666666,2833.594957429228,39578.93333333333,13648.236448895945,27.766666666666666,10.72359455714308,14.383333333333333,5.36179727857154,14.383333333333333,5.36179727857154,5.766666666666666,1.2936175353185404,0.0,0.0,0.0,0.0,1.0,0.0
40000.0,15.21875,1.820027863787901E-5,40000.0,61.4,53.9105027934295,51.93026151930261,38.63275039745628,40000.0,3896496.0,72258.88333333336,2829.583469925718,44670.39999999999,13830.912019636135,31.53333333333331,10.903998126432475,16.266666666666662,5.4519990632162365,16.266666666666662,5.4519990632162365,6.1,1.1745897228177813,0.0,0.0,0.0,0.0,1.0,0.0
41000.0,15.578125,1.8580956675577907E-5,41000.0,57.8,50.469948638979915,47.642679900744405,36.541353383458635,41000.0,4094608.0,78245.1,2849.179184208816,47913.86666666668,14955.031196343785,33.9,11.894593558932703,17.45,5.947296779466352,17.45,5.947296779466352,6.233333333333332,1.2124588641166927,0.0,0.0,0.0,0.0,1.0,0.0
42000.0,15.96875,1.90150103945699E-5,42000.0,62.6,55.9688155611386,52.896725440806044,43.161094224924014,42000.0,4295224.0,84252.6666666667,2860.745965692516,51223.86666666666,15716.000905335211,36.30000000000002,12.10028715165646,18.65000000000001,6.05014357582823,18.65000000000001,6.05014357582823,6.466666666666664,1.1998116613030856,0.0,0.0,0.0,0.0,1.0,0.0
43000.0,16.375,1.9494757935818698E-5,43000.0,63.800000000000004,58.54874816074383,55.85365853658536,46.99853587115666,43000.0,4564800.0,90246.25,2855.9824016988573,55626.79999999999,14535.998904881351,40.03333333333334,11.32862979831827,20.51666666666667,5.664314899159135,20.51666666666667,5.664314899159135,6.7,1.197454928205962,0.0,0.0,0.0,0.0,1.0,0.0
44000.0,16.78125,2.000891933372865E-5,44000.0,62.6,56.34268424788017,53.997539975399754,43.41906202723146,44000.0,4892248.0,96257.40000000001,2857.5728304552326,61107.066666666666,14788.573002595862,44.1,11.606105932450134,22.55,5.803052966225067,22.55,5.803052966225067,6.8833333333333355,1.1363287103004602,0.0,0.0,0.0,0.0,1.0,0.0
45000.0,17.15625,2.0512830815277994E-5,45000.0,62.9,56.2018633687024,53.79825653798257,42.65842349304482,45000.0,5194280.0,102240.4166666667,2855.099275733478,66031.06666666665,15176.63196358771,47.43333333333334,12.241034999259963,24.21666666666667,6.120517499629981,24.21666666666667,6.120517499629981,7.099999999999999,1.1304716279920144,0.0,0.0,0.0,0.0,1.0,0.0
46000.0,17.609375,2.1149666249079422E-5,46000.0,61.5,56.44126245666754,52.527743526510484,45.234708392603125,46000.0,5432648.0,108247.76666666663,2861.647068496176,69901.0666666667,15625.789302224517,50.20000000000001,12.591091820026527,25.600000000000005,6.295545910013264,25.600000000000005,6.295545910013264,7.183333333333334,1.0812996992268251,0.0,0.0,0.0,0.0,1.0,0.0
47000.0,18.0,2.1719626771907012E-5,47000.0,62.9,56.384857198614654,53.333333333333336,43.44512195121952,47000.0,5640104.0,114233.16666666669,2868.52297176579,73264.93333333332,17237.88075167709,52.66666666666667,14.032246961989369,26.833333333333336,7.016123480994684,26.833333333333336,7.016123480994684,7.3166666666666655,1.1122075569413803,0.0,0.0,0.0,0.0,1.0,0.0
48000.0,18.390625,2.231047818592439E-5,48000.0,64.60000000000001,58.19437489961927,55.80524344569289,44.6875,48000.0,5846832.0,120227.05000000003,2858.085310400205,76618.53333333334,17562.93659807558,54.90000000000001,13.755368751564806,27.950000000000006,6.877684375782403,27.950000000000006,6.877684375782403,7.35,1.1172757424851583,0.0,0.0,0.0,0.0,1.0,0.0
49000.0,18.828125,2.2995812469162046E-5,49000.0,65.4,58.89408454987834,56.36822194199244,45.33965244865719,49000.0,6055176.0,126227.4166666667,2876.008240551048,80033.33333333331,17620.88229063928,57.700000000000024,13.933619871083913,29.350000000000012,6.966809935541956,29.350000000000012,6.966809935541956,7.5,1.01680789979462,0.0,0.0,0.0,0.0,1.0,0.0
50000.0,19.234375,2.3657343634921642E-5,50000.0,60.5,54.46213440011067,50.992555831265506,42.50363901018922,50000.0,6294472.0,132212.3333333333,2877.433205672609,83892.13333333333,17609.78221163575,60.69999999999999,14.045084790760821,30.849999999999994,7.022542395380411,30.849999999999994,7.022542395380411,7.6833333333333345,1.0332057511908195,0.0,0.0,0.0,0.0,1.0,0.0
51000.0,19.671875,2.4398136883974075E-5,51000.0,63.2,56.52420467648337,54.28571428571429,43.471582181259606,51000.0,6545176.0,138229.7999999999,2893.3644705294173,87748.5333333333,18378.886183277074,63.533333333333346,14.561926984919415,32.26666666666667,7.280963492459708,32.26666666666667,7.280963492459708,7.800000000000001,1.0544498123569757,0.0,0.0,0.0,0.0,1.0,0.0
52000.0,20.09375,2.5136073527391998E-5,52000.0,63.7,57.57090509558235,54.22446406052964,45.0,52000.0,6761416.0,144219.33333333337,2888.3760944996175,91239.46666666666,18800.089368221295,66.2,15.053351448448565,33.6,7.526675724224282,33.6,7.526675724224282,7.933333333333333,1.006195497172927,0.0,0.0,0.0,0.0,1.0,0.0
53000.0,20.59375,2.6036328215721165E-5,53000.0,63.9,58.504459333795424,56.24242424242425,47.14494875549048,53000.0,6959816.0,150212.88333333327,2898.0826805745737,94455.33333333334,19443.61628032443,68.53333333333332,15.645941333968652,34.76666666666666,7.822970666984326,34.76666666666666,7.822970666984326,8.016666666666666,0.9998587470859541,0.0,0.0,0.0,0.0,1.0,0.0
54000.0,21.09375,2.696962622899769E-5,54000.0,64.1,57.99420577456812,55.459057071960295,45.60606060606061,54000.0,7215272.0,156225.81666666662,2906.623444337967,98653.86666666667,19473.84857410075,72.00000000000001,15.616158515449984,36.50000000000001,7.808079257724992,36.50000000000001,7.808079257724992,8.149999999999997,0.9535837844145133,0.0,0.0,0.0,0.0,1.0,0.0
55000.0,21.5,2.7754933269332267E-5,55000.0,66.0,60.68627881753578,57.12484237074401,49.55489614243324,55000.0,7472200.0,162206.73333333337,2912.9290917880767,102724.53333333334,19814.769762166896,75.26666666666667,16.073840909437948,38.13333333333333,8.036920454718974,38.13333333333333,8.036920454718974,8.250000000000002,0.950022301254742,0.0,0.0,0.0,0.0,1.0,0.0
56000.0,21.9375,2.8633941126625157E-5,56000.0,64.7,59.5146808025039,56.47348951911222,48.16446402349486,56000.0,7766352.0,168216.11666666676,2911.015013682869,107546.00000000001,19986.83182090869,78.93333333333332,16.06329289190338,39.96666666666666,8.03164644595169,39.96666666666666,8.03164644595169,8.366666666666667,0.8823440788299807,0.0,0.0,0.0,0.0,1.0,0.0
57000.0,22.421875,2.9640830277154843E-5,57000.0,65.4,59.78404263356405,56.64160401002506,48.435171385991055,57000.0,8035304.0,174219.03333333324,2912.1866789591745,111942.13333333333,20156.4473257437,82.23333333333339,16.476348396934775,41.616666666666696,8.238174198467387,41.616666666666696,8.238174198467387,8.483333333333334,0.8731720211568128,0.0,0.0,0.0,0.0,1.0,0.0
58000.0,22.859375,3.0578940641134975E-5,58000.0,62.4,55.748046323321724,53.52286773794809,41.34165366614665,58000.0,8288544.0,180247.05000000002,2908.3032762437583,115218.8,20975.64657681031,84.36666666666667,16.844218106395413,42.68333333333334,8.422109053197707,42.68333333333334,8.422109053197707,8.533333333333333,0.9291269214473296,0.0,0.0,0.0,0.0,1.0,0.0
59000.0,23.40625,3.1004056250417806E-5,59000.0,51.1,40.52910850822924,39.179104477611936,25.90909090909091,59000.0,3004840.0,47001.450000000004,77452.38736643417,28849.19999999999,47146.23718500856,20.26666666666667,35.275125276557645,10.633333333333335,17.637562638278823,10.633333333333335,17.637562638278823,2.083333333333334,3.706575314892678,0.0,0.0,0.0,0.0,1.0,0.0
60000.0,23.765625,3.1225152908720896E-5,60000.0,51.4,42.66393278230935,38.55878634639697,28.10650887573965,60000.0,2378136.0,21659.366666666676,45761.00257841737,20177.466666666667,27922.4837899294,14.066666666666666,20.818722560223236,7.533333333333333,10.409361280111618,7.533333333333333,10.409361280111618,2.966666666666667,2.066411502381639,0.0,0.0,0.0,0.0,1.0,0.0
61000.0,24.09375,3.144319085145575E-5,61000.0,55.2,48.01970146136576,43.85964912280702,33.62962962962963,61000.0,2568592.0,24416.61666666666,39982.391733298944,23246.26666666667,25825.86988763607,15.933333333333334,19.241433635817835,8.466666666666667,9.620716817908917,8.466666666666667,9.620716817908917,3.4499999999999997,2.0371548787463363,0.0,0.0,0.0,0.0,1.0,0.0
62000.0,24.4375,3.17009593385996E-5,62000.0,56.10000000000001,48.374684544627094,44.21855146124524,34.477611940298516,62000.0,2898608.0,30409.44999999999,40001.38996077597,28503.999999999996,26971.229447288923,19.400000000000002,19.93140780148639,10.200000000000005,9.965703900743195,10.200000000000005,9.965703900743195,4.116666666666666,1.7953958693512737,0.0,0.0,0.0,0.0,1.0,0.0
63000.0,24.765625,3.1970193150401517E-5,63000.0,56.99999999999999,50.29551052868237,44.87179487179487,38.12949640287769,63000.0,3171704.0,36418.083333333336,39996.52505257267,32931.06666666667,27146.339335488945,22.599999999999994,20.547753392804903,11.799999999999997,10.273876696402452,11.799999999999997,10.273876696402452,4.766666666666667,1.4656133865621097,0.0,0.0,0.0,0.0,1.0,0.0
64000.0,25.140625,3.230057284882705E-5,64000.0,55.50000000000001,49.366166814016815,44.92574257425743,36.06321839080461,64000.0,3405528.0,42425.73333333334,39976.52293910221,36591.46666666667,27950.212621893228,25.133333333333336,21.502437123728257,13.066666666666668,10.751218561864128,13.066666666666668,10.751218561864128,5.033333333333337,1.4725357659224796,0.0,0.0,0.0,0.0,1.0,0.0
65000.0,25.484375,3.262075838089609E-5,65000.0,57.8,51.73557499857036,49.15662650602409,39.1053391053391,65000.0,3600488.0,48411.29999999999,39985.12165212948,39661.33333333335,28668.049503370185,27.33333333333333,21.63853018808267,14.166666666666664,10.819265094041334,14.166666666666664,10.819265094041334,5.233333333333334,1.488562799830611,0.0,0.0,0.0,0.0,1.0,0.0
66000.0,25.84375,3.297862218460067E-5,66000.0,59.9,53.93081580368323,49.304677623261696,41.288433382137626,66000.0,3849216.0,54417.450000000004,39989.87412529302,43564.933333333334,28825.39679052265,30.033333333333328,21.40328397633764,15.516666666666664,10.70164198816882,15.516666666666664,10.70164198816882,5.633333333333334,1.3773798100897725,0.0,0.0,0.0,0.0,1.0,0.0
67000.0,26.1875,3.33376736832886E-5,67000.0,61.7,56.009877677597196,53.00613496932516,43.6764705882353,67000.0,4037536.0,60425.55,39988.84204562568,46591.600000000006,29186.644000992612,32.366666666666674,21.539059251655527,16.68333333333334,10.769529625827763,16.68333333333334,10.769529625827763,5.916666666666666,1.393589033926511,0.0,0.0,0.0,0.0,1.0,0.0
68000.0,26.578125,3.376513295936294E-5,68000.0,57.4,50.94776743254166,46.00760456273764,37.444933920704834,68000.0,4229968.0,66426.05000000002,39985.51913025641,49741.73333333332,29293.76522191772,35.0,21.781659210585904,17.999999999999996,10.890829605292954,17.999999999999996,10.890829605292954,6.199999999999999,1.375327387834916,0.0,0.0,0.0,0.0,1.0,0.0
69000.0,26.890625,3.4124965604860326E-5,69000.0,60.9,54.90279302804101,50.94102885821832,41.901931649331345,69000.0,4450952.0,72427.21666666665,40001.205165781845,53274.13333333334,29549.920030558955,37.83333333333334,22.14678816417181,19.41666666666667,11.073394082085905,19.41666666666667,11.073394082085905,6.466666666666667,1.3957158016122253,0.0,0.0,0.0,0.0,1.0,0.0
70000.0,27.25,3.4561310700761766E-5,70000.0,61.9,56.21691130419594,52.552926525529266,45.33715925394547,70000.0,4693368.0,78430.31666666668,39992.91432770868,57162.399999999994,29657.21416177332,40.89999999999998,22.481404745300814,20.94999999999999,11.240702372650407,20.94999999999999,11.240702372650407,6.633333333333334,1.3773798100897725,0.0,0.0,0.0,0.0,1.0,0.0
71000.0,27.65625,3.50764986877847E-5,71000.0,62.3,56.845139297480074,54.796163069544356,45.20348837209303,71000.0,4902016.0,84422.01666666666,39992.46151061077,60578.13333333332,30018.303365298205,43.29999999999999,22.50672215967668,22.149999999999995,11.25336107983834,22.149999999999995,11.25336107983834,6.7666666666666675,1.3195616460980923,0.0,0.0,0.0,0.0,1.0,0.0
72000.0,28.03125,3.557227972325765E-5,72000.0,60.699999999999996,54.126887596867554,51.897184822521425,40.36418816388467,72000.0,5110472.0,90430.43333333332,39988.01258486105,63946.66666666667,29869.54566430648,45.70000000000002,22.148420764760665,23.35000000000001,11.074210382380333,23.35000000000001,11.074210382380333,6.9,1.3365779730214402,0.0,0.0,0.0,0.0,1.0,0.0
73000.0,28.46875,3.617408872944199E-5,73000.0,59.599999999999994,53.98601812768652,50.36855036855036,41.36429608127721,73000.0,5317200.0,96435.48333333332,40001.68587612179,67305.86666666667,29851.428078984805,48.06666666666666,22.87909760774303,24.53333333333333,11.439548803871515,24.53333333333333,11.439548803871515,7.166666666666668,1.3169902341460844,0.0,0.0,0.0,0.0,1.0,0.0
74000.0,28.828125,3.668595047201961E-5,74000.0,57.4,50.69678406464507,47.08074534161491,36.70133729569093,74000.0,5505632.0,102447.90000000005,40011.373054229785,70305.60000000002,30448.877381660386,50.09999999999999,22.896746863892098,25.549999999999994,11.448373431946049,25.549999999999994,11.448373431946049,7.216666666666666,1.3160246593262614,0.0,0.0,0.0,0.0,1.0,0.0
75000.0,29.265625,3.7342156348232595E-5,75000.0,59.099999999999994,53.40666751727029,48.93882646691635,41.31994261119081,75000.0,5797816.0,108448.05000000002,40010.971247271664,74698.9333333333,30206.32105240399,53.80000000000001,22.531935904249778,27.400000000000006,11.265967952124889,27.400000000000006,11.265967952124889,7.383333333333335,1.2900094161614908,0.0,0.0,0.0,0.0,1.0,0.0
76000.0,29.734375,3.807185049582687E-5,76000.0,62.8,57.61475917891129,54.41176470588235,46.24277456647399,76000.0,6017304.0,114438.5666666667,40015.85281511446,78230.53333333333,29828.2333684083,56.09999999999999,22.196121206421846,28.549999999999994,11.098060603210923,28.549999999999994,11.098060603210923,7.466666666666665,1.2949270860523734,0.0,0.0,0.0,0.0,1.0,0.0
77000.0,30.140625,3.8727434843571656E-5,77000.0,59.199999999999996,53.956522769515146,49.37965260545905,42.291371994342285,77000.0,6237888.0,120442.05,40000.53804698512,81839.33333333331,30127.946867705356,58.90000000000002,22.399833534490412,29.95000000000001,11.199916767245206,29.95000000000001,11.199916767245206,7.583333333333334,1.2926345016292347,0.0,0.0,0.0,0.0,1.0,0.0
78000.0,30.578125,3.946105690879955E-5,78000.0,62.9,57.36122284794851,52.91878172588833,45.280235988200594,78000.0,6481816.0,126442.5,39990.36327370274,85821.06666666665,30010.452270617414,61.86666666666665,22.706279775492458,31.433333333333326,11.353139887746229,31.433333333333326,11.353139887746229,7.666666666666668,1.2711487753365251,0.0,0.0,0.0,0.0,1.0,0.0
79000.0,31.046875,4.0277917028611746E-5,79000.0,59.599999999999994,54.48784746669671,50.73170731707316,42.695035460992905,79000.0,6736104.0,132439.61666666667,40006.93799325722,89948.40000000001,30343.195721890417,64.76666666666665,23.093301300848072,32.88333333333333,11.546650650424036,32.88333333333333,11.546650650424036,7.799999999999999,1.218501441407381,0.0,0.0,0.0,0.0,1.0,0.0
80000.0,31.609375,4.129339856768235E-5,80000.0,61.3,55.66959529891522,53.14769975786925,42.92035398230089,80000.0,6978336.0,138435.33333333334,40013.03613026112,93878.40000000001,30588.124880444942,68.16666666666666,23.295570733922986,34.583333333333336,11.647785366961491,34.583333333333336,11.647785366961491,7.8666666666666645,1.2414680575242796,0.0,0.0,0.0,0.0,1.0,0.0
81000.0,32.171875,4.234668481836303E-5,81000.0,62.0,56.92015377237743,52.97029702970296,45.945945945945944,81000.0,7238128.0,144455.44999999998,39994.95104339496,97992.66666666669,30993.125616501246,70.7666666666667,23.538188708641446,35.88333333333335,11.769094354320723,35.88333333333335,11.769094354320723,8.0,1.275585608286561,0.0,0.0,0.0,0.0,1.0,0.0
82000.0,32.78125,4.3520283005717734E-5,82000.0,60.699999999999996,55.69234932016506,51.83823529411764,43.85714285714286,82000.0,7444528.0,150466.73333333334,39997.64499544843,101193.99999999999,30974.648822785955,72.96666666666667,23.455668005450647,36.983333333333334,11.727834002725324,36.983333333333334,11.727834002725324,8.133333333333336,1.2414680575242796,0.0,0.0,0.0,0.0,1.0,0.0
83000.0,33.28125,4.450449021533132E-5,83000.0,63.2,58.08407787249359,53.535353535353536,45.156482861400896,83000.0,7608848.0,156455.51666666666,39994.716366079,103874.13333333333,31076.809796061192,74.9,23.518978993173913,37.95,11.759489496586957,37.95,11.759489496586957,8.216666666666672,1.2499717510932287,0.0,0.0,0.0,0.0,1.0,0.0
84000.0,33.6875,4.532336024567485E-5,84000.0,65.0,59.30412377127522,57.002457002457,46.80851063829788,84000.0,7791552.0,162469.73333333334,39994.48074119967,106891.46666666667,31439.24892764557,77.30000000000004,24.0474812804211,39.15000000000002,12.02374064021055,39.15000000000002,12.02374064021055,8.35,1.21884913764542,0.0,0.0,0.0,0.0,1.0,0.0
85000.0,34.1875,4.6355058697776666E-5,85000.0,65.7,60.49097166868628,57.654320987654316,48.34337349397591,85000.0,7976000.0,168468.51666666666,39993.58650469088,109848.66666666666,31925.71381821024,79.76666666666668,24.392529188790338,40.38333333333334,12.196264594395169,40.38333333333334,12.196264594395169,8.450000000000001,1.1992229122312243,0.0,0.0,0.0,0.0,1.0,0.0
86000.0,34.65625,4.7348215270580524E-5,86000.0,63.0,58.00150740535584,54.93300852618758,46.454413892908825,86000.0,8189904.0,174460.15,39995.05705977186,113304.13333333335,32654.136004788263,82.76666666666668,25.145250363025003,41.88333333333334,12.572625181512501,41.88333333333334,12.572625181512501,8.533333333333335,1.185600994227874,0.0,0.0,0.0,0.0,1.0,0.0
87000.0,35.171875,4.847204115422857E-5,87000.0,61.9,56.57525815496136,52.670807453416145,44.622093023255815,87000.0,8424952.0,180473.65000000005,39999.887841717755,117126.53333333331,32984.79993411792,85.26666666666665,25.143565181900858,43.133333333333326,12.571782590950429,43.133333333333326,12.571782590950429,8.616666666666665,1.121313797635774,0.0,0.0,0.0,0.0,1.0,0.0
88000.0,35.625,4.948672159419706E-5,88000.0,61.3,55.677769366352436,52.86236297198539,42.92035398230089,88000.0,8655928.0,186472.30000000002,40002.56827191414,120876.93333333333,33284.72522164223,87.86666666666667,25.486099013733998,44.43333333333334,12.743049506866999,44.43333333333334,12.743049506866999,8.66666666666667,1.1299717510593308,0.0,0.0,0.0,0.0,1.0,0.0
89000.0,36.09375,5.05630064678068E-5,89000.0,59.8,54.80393677947695,50.795593635250924,43.22033898305085,89000.0,8875408.0,192473.21666666667,39992.133738427365,124602.53333333328,33082.73942680566,90.33333333333334,25.40163258243665,45.66666666666667,12.700816291218326,45.66666666666667,12.700816291218326,8.699999999999998,1.0938967819184433,0.0,0.0,0.0,0.0,1.0,0.0
90000.0,36.65625,5.094206290474783E-5,90000.0,51.1,42.88057133445704,37.62755102040817,23.950233281493006,90000.0,2604856.0,36596.933333333334,72359.4169132766,23566.26666666667,44688.52445799445,16.033333333333342,32.82927933904282,8.516666666666671,16.41463966952141,8.516666666666671,16.41463966952141,1.5333333333333334,3.2753142774120487,0.0,0.0,0.0,0.0,1.0,0.0
91000.0,37.03125,5.10878684387232E-5,91000.0,45.9,32.91503397648926,31.43219264892269,14.937106918239,91000.0,1502952.0,13910.333333333336,33337.88716103019,6217.199999999999,17290.310911517732,3.3333333333333344,12.756741875449084,2.166666666666668,6.378370937724542,2.166666666666668,6.378370937724542,0.2666666666666668,1.4481626777551402,0.0,0.0,0.0,0.0,1.0,0.0
92000.0,37.390625,5.123000556421984E-5,92000.0,45.1,30.533236493206434,29.705505761843792,13.67924528301887,92000.0,1528840.0,19927.616666666665,33351.47834961447,6508.533333333335,18984.979289585455,3.6000000000000014,14.423615287648992,2.3000000000000007,7.211807643824496,2.3000000000000007,7.211807643824496,0.2666666666666668,1.4481626777551402,0.0,0.0,0.0,0.0,1.0,0.0
93000.0,37.703125,5.139478563149978E-5,93000.0,48.699999999999996,33.753026634382564,34.98098859315589,19.085173501577284,93000.0,2038248.0,25944.13333333333,33346.1573810779,14899.466666666669,19473.786437650204,9.800000000000002,14.674779471677686,5.400000000000001,7.337389735838843,5.400000000000001,7.337389735838843,2.316666666666666,1.5890693008606809,0.0,0.0,0.0,0.0,1.0,0.0
94000.0,38.0625,5.161899196941199E-5,94000.0,54.300000000000004,40.8481622805428,43.159203980099505,27.804107424960513,94000.0,2411584.0,31940.8,33327.62607695639,20933.2,19683.252084889024,14.266666666666671,14.567047403523377,7.633333333333333,7.2835237017616885,7.633333333333333,7.2835237017616885,3.5666666666666664,1.4422988555429714,0.0,0.0,0.0,0.0,1.0,0.0
95000.0,38.390625,5.184925963274308E-5,95000.0,55.300000000000004,42.40306771311832,42.3225806451613,29.38388625592418,95000.0,2712664.0,37923.549999999996,33312.65279008431,25627.46666666667,20587.05954544465,17.433333333333334,15.097835366977664,9.216666666666667,7.548917683488832,9.216666666666667,7.548917683488832,4.216666666666667,1.3789171220122445,0.0,0.0,0.0,0.0,1.0,0.0
96000.0,38.75,5.212347595564401E-5,96000.0,56.8,45.619746074425414,45.17766497461928,33.843797856049,96000.0,2949496.0,43924.28333333333,33320.11271019437,29454.266666666663,21533.32106599151,20.2,15.740264680220275,10.6,7.870132340110137,10.6,7.870132340110137,4.583333333333333,1.3440599596525609,0.0,0.0,0.0,0.0,1.0,0.0
97000.0,39.0625,5.238418095460576E-5,97000.0,59.8,49.87031125299281,50.30902348578492,38.15384615384615,97000.0,3224792.0,49928.75000000001,33326.22685046993,33897.6,22527.050047382778,23.666666666666668,16.670959899022076,12.333333333333334,8.335479949511038,12.333333333333334,8.335479949511038,5.049999999999999,1.3830082662105745,0.0,0.0,0.0,0.0,1.0,0.0
98000.0,39.46875,5.274814505052443E-5,98000.0,57.8,46.36904451750567,43.808255659121166,32.587859424920126,98000.0,3463120.0,55922.38333333333,33312.808677282206,37605.46666666666,23112.531900018625,26.166666666666668,16.863526649946216,13.583333333333334,8.431763324973108,13.583333333333334,8.431763324973108,5.25,1.3607699714699166,0.0,0.0,0.0,0.0,1.0,0.0
99000.0,39.828125,5.309334403136746E-5,99000.0,55.60000000000001,44.30066600847785,44.01008827238336,30.298273155416023,99000.0,3712992.0,61915.05,33317.74839963209,41657.6,23447.605999153206,29.10000000000001,17.304550200080865,15.050000000000002,8.652275100040434,15.050000000000002,8.652275100040434,5.483333333333332,1.3465796805826944,0.0,0.0,0.0,0.0,1.0,0.0
100000.0,40.203125,5.3478293799950445E-5,100000.0,58.599999999999994,48.72226791252564,46.64948453608247,35.71428571428571,100000.0,3968032.0,67895.08333333331,33325.73962625594,45833.73333333333,23245.275102087984,32.23333333333334,17.318909687632235,16.61666666666667,8.659454843816118,16.61666666666667,8.659454843816118,5.85,1.1020012611884873,0.0,0.0,0.0,0.0,1.0,0.0
101000.0,40.546875,5.385264951554646E-5,101000.0,58.4,49.305942294076715,48.064918851435706,36.098310291858674,101000.0,4209632.0,73891.20000000001,33310.266953832615,49806.93333333333,23466.744756932218,34.86666666666667,17.427298541749863,17.933333333333334,8.713649270874932,17.933333333333334,8.713649270874932,6.049999999999999,1.0958318564575127,0.0,0.0,0.0,0.0,1.0,0.0
102000.0,40.953125,5.4322960172107254E-5,102000.0,59.5,49.56658393926073,46.78055190538765,35.6120826709062,102000.0,4475008.0,79890.05000000002,33300.91802695739,54129.33333333333,25408.701060501317,37.86666666666667,19.10316919901846,19.433333333333334,9.55158459950923,19.433333333333334,9.55158459950923,6.283333333333332,1.1511477936989034,0.0,0.0,0.0,0.0,1.0,0.0
103000.0,41.296875,5.474222684925838E-5,103000.0,58.8,50.039531826758434,47.97979797979798,38.04511278195488,103000.0,4714656.0,85890.73333333334,33283.65957198749,57833.866666666654,25612.366604836905,40.93333333333334,18.869639022412652,20.96666666666667,9.434819511206326,20.96666666666667,9.434819511206326,6.566666666666667,1.1254628677422753,0.0,0.0,0.0,0.0,1.0,0.0
104000.0,41.71875,5.5279105209693744E-5,104000.0,60.099999999999994,50.67546184580086,48.714652956298195,36.86708860759494,104000.0,4919200.0,91883.06666666667,33293.22968680766,61127.33333333334,25753.37918039183,43.36666666666666,18.90741641473594,22.18333333333333,9.45370820736797,22.18333333333333,9.45370820736797,6.716666666666668,1.1511477936989036,0.0,0.0,0.0,0.0,1.0,0.0
105000.0,42.140625,5.584171688598065E-5,105000.0,63.3,55.60942096299737,52.88831835686778,43.01242236024845,105000.0,5154984.0,97879.21666666665,33287.028651470006,65021.866666666654,25639.082492023153,46.266666666666666,18.866045786433872,23.633333333333333,9.433022893216936,23.633333333333333,9.433022893216936,6.833333333333332,1.1522515419035937,0.0,0.0,0.0,0.0,1.0,0.0
106000.0,42.5,5.6339109432883576E-5,106000.0,60.8,50.84836721285164,50.31685678073511,35.94771241830065,106000.0,5350000.0,103871.28333333334,33293.09037902848,68243.46666666665,26065.161438124265,48.73333333333334,19.294213294837046,24.86666666666667,9.647106647418523,24.86666666666667,9.647106647418523,7.0166666666666675,1.081299699226825,0.0,0.0,0.0,0.0,1.0,0.0
107000.0,42.921875,5.694807216059418E-5,107000.0,60.9,51.787143320423134,49.80744544287548,39.19129082426128,107000.0,5579680.0,109868.43333333333,33289.907798502056,71994.00000000006,26212.17762796521,51.60000000000001,19.468531758033514,26.300000000000004,9.734265879016757,26.300000000000004,9.734265879016757,7.216666666666667,1.1363287103004605,0.0,0.0,0.0,0.0,1.0,0.0
108000.0,43.296875,5.7514450551631565E-5,108000.0,59.3,51.20939560788658,48.41571609632446,38.0517503805175,108000.0,5838184.0,115870.31666666668,33273.22377818142,76218.00000000001,26370.292093276974,54.40000000000001,19.820550882559637,27.700000000000006,9.910275441279818,27.700000000000006,9.910275441279818,7.433333333333334,1.1254628677422756,0.0,0.0,0.0,0.0,1.0,0.0
109000.0,43.75,5.822374058576923E-5,109000.0,59.699999999999996,50.185721967107746,48.92268694550063,36.73469387755102,109000.0,6050736.0,121867.98333333334,33289.24592243662,79599.60000000002,26471.980860614603,56.76666666666667,19.73413687476831,28.883333333333336,9.867068437384155,28.883333333333336,9.867068437384155,7.533333333333334,1.1118265116871406,0.0,0.0,0.0,0.0,1.0,0.0
110000.0,43.9375,5.85268115780006E-5,110000.0,62.4,54.08671017846349,52.22363405336722,41.06583072100314,110000.0,6248064.0,127872.00000000001,33279.47355200057,82824.26666666668,27105.55223244841,59.20000000000002,19.69840396184594,30.10000000000001,9.84920198092297,30.10000000000001,9.84920198092297,7.666666666666666,1.1299717510593308,0.0,0.0,0.0,0.0,1.0,0.0
111000.0,44.109375,5.881413202991503E-5,111000.0,60.8,52.08439014551921,49.48453608247423,39.0357698289269,111000.0,6461840.0,133874.66666666666,33265.771860581044,86321.6,27000.146452333505,61.56666666666667,19.765032182496977,31.28333333333333,9.882516091248489,31.28333333333333,9.882516091248489,7.766666666666665,1.0949292472562666,0.0,0.0,0.0,0.0,1.0,0.0
112000.0,44.515625,5.951957110988184E-5,112000.0,60.0,51.86174693720365,48.51994851994852,38.366718027734976,112000.0,6712256.0,139879.85000000003,33275.64988010332,90396.53333333334,27399.361768805004,64.56666666666666,20.66714962074663,32.78333333333333,10.333574810373316,32.78333333333333,10.333574810373316,7.833333333333333,1.0761933331866909,0.0,0.0,0.0,0.0,1.0,0.0
113000.0,44.921875,6.0250046016234504E-5,113000.0,62.3,53.65396104965787,52.21799746514576,40.348101265822784,113000.0,6950472.0,145871.55000000002,33278.834553942004,94232.8,27794.889136832575,67.06666666666665,20.904842247157262,34.033333333333324,10.452421123578631,34.033333333333324,10.452421123578631,7.883333333333333,1.0591276657841482,0.0,0.0,0.0,0.0,1.0,0.0
114000.0,45.203125,6.076905287853961E-5,114000.0,59.5,51.31872173781345,50.48899755501222,39.09774436090225,114000.0,7133176.0,151878.61666666664,33289.588559753676,97182.13333333335,28109.448013842924,69.4333333333333,20.93441466853383,35.21666666666665,10.467207334266915,35.21666666666665,10.467207334266915,7.983333333333332,1.0494819814453846,0.0,0.0,0.0,0.0,1.0,0.0
115000.0,45.390625,6.112870443353638E-5,115000.0,60.9,52.4970052459829,50.87939698492462,39.19129082426128,115000.0,7414520.0,157876.03333333333,33280.87643838943,101702.79999999997,28221.459888964044,72.86666666666666,21.194392180173644,36.93333333333333,10.597196090086822,36.93333333333333,10.597196090086822,8.183333333333334,1.0166689821220278,0.0,0.0,0.0,0.0,1.0,0.0
116000.0,45.671875,6.16876143936275E-5,116000.0,58.4,49.066421793694516,49.33008526187576,35.40372670807453,116000.0,7681600.0,163867.4666666666,33279.00594153162,106081.06666666668,29107.543562909366,75.86666666666669,21.900751992867903,38.433333333333344,10.950375996433952,38.433333333333344,10.950375996433952,8.266666666666664,0.9543240871301717,0.0,0.0,0.0,0.0,1.0,0.0
117000.0,46.1875,6.274455084672406E-5,117000.0,61.199999999999996,53.824585789873304,50.57324840764331,41.301059001512854,117000.0,7923504.0,169860.01666666666,33264.40375948882,109994.93333333333,28647.66120300678,78.86666666666665,21.609372312758474,39.93333333333332,10.804686156379237,39.93333333333332,10.804686156379237,8.383333333333333,0.9930549793895582,0.0,0.0,0.0,0.0,1.0,0.0
118000.0,46.625,6.366456845878729E-5,118000.0,61.199999999999996,51.89207955165402,49.347258485639685,38.3147853736089,118000.0,8128688.0,175851.3666666667,33271.54345223235,113386.26666666663,29371.28336610015,80.93333333333335,21.979857240068355,40.966666666666676,10.989928620034178,40.966666666666676,10.989928620034178,8.483333333333333,0.9998587470859542,0.0,0.0,0.0,0.0,1.0,0.0
119000.0,46.859375,6.416957909500021E-5,119000.0,61.9,52.97573498555948,51.9546027742749,38.54838709677419,119000.0,8328976.0,181868.78333333327,33254.790229221835,116643.20000000001,29625.136599441917,82.99999999999999,22.516284126104324,41.99999999999999,11.258142063052162,41.99999999999999,11.258142063052162,8.533333333333333,1.0327955589886446,0.0,0.0,0.0,0.0,1.0,0.0
120000.0,47.1875,6.489225786127565E-5,120000.0,61.8,53.80939483052158,50.64599483204134,40.031397174254316,120000.0,8513504.0,187858.35,33255.248690779525,119637.73333333335,29829.06362381237,85.23333333333335,22.99916480920348,43.116666666666674,11.49958240460174,43.116666666666674,11.49958240460174,8.583333333333336,1.0133292447137263,0.0,0.0,0.0,0.0,1.0,0.0
121000.0,47.484375,6.556279080945792E-5,121000.0,63.0,55.09414451917966,51.50720838794234,42.00626959247649,121000.0,8730696.0,193865.31666666665,33248.48874174414,123169.86666666667,30502.39762038536,88.46666666666665,23.574955590063073,44.73333333333333,11.787477795031537,44.73333333333333,11.787477795031537,8.7,0.979449862881355,0.0,0.0,0.0,0.0,1.0,0.0
122000.0,47.859375,6.571800347753905E-5,122000.0,48.1,39.32648895601813,36.55256723716381,26.278409090909093,122000.0,1599920.0,12131.266666666665,42267.22283277528,8202.533333333333,23181.719811214392,4.733333333333334,16.86824985312183,2.866666666666667,8.434124926560916,2.866666666666667,8.434124926560916,0.4166666666666666,1.83461691070358,0.0,0.0,0.0,0.0,1.0,0.0
123000.0,47.96875,6.57551315574286E-5,123000.0,41.9,35.31687494781374,29.232643118148598,20.519835841313267,123000.0,1312160.0,8364.383333333335,954.7347859913353,3250.533333333333,1053.2666130624716,1.2000000000000002,0.9531393267886843,1.1000000000000005,0.4765696633943423,1.1000000000000005,0.4765696633943423,0.08333333333333334,0.3814187016766491,0.0,0.0,0.0,0.0,1.0,0.0
124000.0,48.015625,6.577883750045052E-5,124000.0,44.1,34.7493159767292,28.698979591836732,20.821529745042497,124000.0,1954872.0,14369.1,962.7837059312855,13798.000000000005,3375.3369499094056,9.266666666666666,2.81561425195626,5.133333333333333,1.40780712597813,5.133333333333333,1.40780712597813,2.9500000000000006,0.9987280045731389,0.0,0.0,0.0,0.0,1.0,0.0
125000.0,48.109375,6.583265184114378E-5,125000.0,49.4,42.065889174106886,39.1826923076923,31.25,125000.0,2218856.0,20372.733333333337,993.9966385829102,17837.2,5048.729341064148,12.100000000000001,4.269322972564596,6.550000000000001,2.134661486282298,6.550000000000001,2.134661486282298,3.583333333333334,0.9440566391128804,0.0,0.0,0.0,0.0,1.0,0.0
126000.0,48.171875,6.58709867598696E-5,126000.0,50.3,44.62852087961549,38.41387856257745,32.928475033738195,126000.0,2370920.0,26364.85,1000.4133353396601,20248.8,6529.50791823069,13.599999999999996,5.039504952819426,7.299999999999998,2.519752476409713,7.299999999999998,2.519752476409713,3.8833333333333333,1.0430019690032386,0.0,0.0,0.0,0.0,1.0,0.0
127000.0,48.328125,6.597501193431933E-5,127000.0,52.2,46.18123188683197,41.42156862745098,34.52054794520548,127000.0,2573480.0,32354.816666666677,1002.509993891886,23383.866666666672,7404.498420776174,16.166666666666664,5.837246467957612,8.583333333333332,2.918623233978806,8.583333333333332,2.918623233978806,4.283333333333333,1.0430019690032386,0.0,0.0,0.0,0.0,1.0,0.0
128000.0,48.390625,6.602026696782562E-5,128000.0,47.0,40.767298184126524,34.96932515337423,28.57142857142857,128000.0,2798912.0,38338.15000000001,1006.1972853862433,26052.53333333334,8979.52465516791,17.933333333333337,6.932768338561314,9.466666666666669,3.466384169280657,9.466666666666669,3.466384169280657,4.483333333333332,1.127343760705784,0.0,0.0,0.0,0.0,1.0,0.0
129000.0,48.5625,6.615374916388346E-5,129000.0,53.900000000000006,47.374369148823234,42.302878598247815,34.60992907801419,129000.0,3002016.0,44337.33333333333,1003.7643498633016,29257.466666666674,9476.746805513969,20.39999999999999,7.302657979073239,10.699999999999996,3.6513289895366197,10.699999999999996,3.6513289895366197,4.899999999999998,1.0845603655125327,0.0,0.0,0.0,0.0,1.0,0.0
130000.0,48.671875,6.624352432683942E-5,130000.0,53.900000000000006,48.577343690741245,43.84896467722291,37.53387533875339,130000.0,3172784.0,50338.149999999994,1003.2260306850436,32062.400000000005,9806.410223135006,22.266666666666662,7.750050118299766,11.633333333333331,3.875025059149883,11.633333333333331,3.875025059149883,5.216666666666668,0.9758380434301842,0.0,0.0,0.0,0.0,1.0,0.0
131000.0,48.796875,6.635334355653163E-5,131000.0,54.6,48.743886523029126,45.30120481927711,36.146272855133624,131000.0,3396024.0,56335.33333333333,1005.1630556091786,35751.33333333334,11171.503631048556,25.133333333333336,8.897660455531042,13.066666666666668,4.448830227765521,13.066666666666668,4.448830227765521,5.500000000000001,1.1571443517761546,0.0,0.0,0.0,0.0,1.0,0.0
132000.0,49.03125,6.65748465043079E-5,132000.0,56.2,51.23830220229203,47.29241877256318,40.00000000000001,132000.0,3653176.0,62325.31666666668,1008.4571786017734,39951.866666666654,11894.306741600236,28.299999999999994,9.437214469807948,14.649999999999997,4.718607234903974,14.649999999999997,4.718607234903974,5.733333333333333,1.2194284110670515,0.0,0.0,0.0,0.0,1.0,0.0
133000.0,49.25,6.679693906335163E-5,133000.0,56.99999999999999,50.757306814043545,46.51741293532337,38.040345821325644,133000.0,3924536.0,68324.94999999998,999.041327337769,44377.59999999999,12444.125735816622,31.500000000000004,9.711953145392798,16.25,4.855976572696399,16.25,4.855976572696399,6.050000000000002,1.1111911458933896,0.0,0.0,0.0,0.0,1.0,0.0
134000.0,49.53125,6.710136571200568E-5,134000.0,53.5,47.616966245048964,42.01995012468828,34.229137199434234,134000.0,4184008.0,74320.6,988.1145408112936,48524.00000000001,13667.126344205448,34.400000000000006,10.527123965407212,17.700000000000003,5.263561982703606,17.700000000000003,5.263561982703606,6.2666666666666675,1.087161857293937,0.0,0.0,0.0,0.0,1.0,0.0
135000.0,49.65625,6.724347467146196E-5,135000.0,59.099999999999994,53.773610495763904,49.56843403205918,41.73789173789174,135000.0,4394544.0,80315.49999999999,1003.031937575574,51944.13333333334,13920.02871547139,36.93333333333332,10.665748548057726,18.96666666666666,5.332874274028863,18.96666666666666,5.332874274028863,6.550000000000001,1.1111911458933896,0.0,0.0,0.0,0.0,1.0,0.0
136000.0,49.78125,6.739145329144476E-5,136000.0,54.300000000000004,48.78582050830914,44.47144592952613,36.615811373092924,136000.0,4576056.0,86298.03333333333,1003.5969879011654,54860.133333333324,14085.247134125068,38.56666666666666,10.717270501655245,19.78333333333333,5.358635250827622,19.78333333333333,5.358635250827622,6.749999999999998,1.187862344361729,0.0,0.0,0.0,0.0,1.0,0.0
137000.0,50.078125,6.775468083408975E-5,137000.0,55.1,49.66102474009281,45.31059683313034,37.81163434903048,137000.0,4729416.0,92294.43333333335,1011.4034278097503,57356.666666666664,14337.342952508778,40.36666666666668,11.06830360230367,20.68333333333334,5.534151801151835,20.68333333333334,5.534151801151835,6.866666666666666,1.1118265116871409,0.0,0.0,0.0,0.0,1.0,0.0
138000.0,50.28125,6.801359694994369E-5,138000.0,57.3,51.950343436889526,47.02233250620346,38.82521489971346,138000.0,4927176.0,98284.03333333331,1028.552380226721,60562.80000000001,14644.43217710508,42.8,11.008163380734736,21.9,5.504081690367368,21.9,5.504081690367368,7.0166666666666675,1.0166689821220276,0.0,0.0,0.0,0.0,1.0,0.0
139000.0,50.5,6.83073370601051E-5,139000.0,56.49999999999999,51.608166316613854,46.82151589242053,39.66712898751732,139000.0,5190600.0,104281.38333333336,1040.0622062828033,64614.13333333333,13663.151989457103,45.73333333333332,10.257476259248156,23.36666666666666,5.128738129624078,23.36666666666666,5.128738129624078,7.233333333333332,0.9806028354558001,0.0,0.0,0.0,0.0,1.0,0.0
140000.0,50.578125,6.841708825150923E-5,140000.0,57.8,53.14198533632839,46.851385390428206,41.30737134909596,140000.0,5430272.0,110287.48333333332,1049.9775541049887,68083.06666666665,13876.025384455608,48.2,10.357671356642062,24.6,5.178835678321031,24.6,5.178835678321031,7.383333333333332,0.993054979389558,0.0,0.0,0.0,0.0,1.0,0.0
141000.0,50.734375,6.864420710674801E-5,141000.0,55.60000000000001,51.18078722080139,46.18181818181819,39.591836734693885,141000.0,5618696.0,116295.16666666666,1052.927753033104,71083.73333333334,14595.896853041706,50.23333333333334,10.899178427545822,25.61666666666667,5.449589213772911,25.61666666666667,5.449589213772911,7.483333333333332,0.9827610131865978,0.0,0.0,0.0,0.0,1.0,0.0
142000.0,50.859375,6.883231848607671E-5,142000.0,55.900000000000006,51.36294054588206,45.217391304347835,39.17241379310346,142000.0,5817112.0,122284.78333333334,1055.5513474839324,74315.86666666664,14762.45377548889,52.33333333333332,10.802803569988274,26.66666666666666,5.401401784994137,26.66666666666666,5.401401784994137,7.533333333333332,0.9823297569616984,0.0,0.0,0.0,0.0,1.0,0.0
143000.0,51.0,6.904965890700828E-5,143000.0,55.400000000000006,50.08528030584517,46.90476190476191,37.88300835654597,143000.0,5974208.0,128289.46666666667,1075.8225779416612,76885.86666666667,15320.157993019311,54.13333333333335,11.387573760823335,27.566666666666674,5.693786880411667,27.566666666666674,5.693786880411667,7.633333333333334,0.9382035966145966,0.0,0.0,0.0,0.0,1.0,0.0
144000.0,51.203125,6.937382270633763E-5,144000.0,56.99999999999999,52.47137782159744,48.192771084337345,40.44321329639888,144000.0,6168840.0,134271.96666666667,1067.5723921258816,80053.60000000002,15150.546369518011,56.66666666666668,11.344627141151507,28.83333333333334,5.672313570575754,28.83333333333334,5.672313570575754,7.866666666666667,1.0327955589886444,0.0,0.0,0.0,0.0,1.0,0.0
145000.0,51.578125,6.999286816507167E-5,145000.0,56.99999999999999,51.650027154694044,45.843828715365234,38.218390804597696,145000.0,6381072.0,140274.75000000006,1078.0664050645616,83520.26666666666,15376.825669054624,58.999999999999986,11.67933130196318,29.99999999999999,5.839665650981587,29.99999999999999,5.839665650981587,7.966666666666666,1.007878568598196,0.0,0.0,0.0,0.0,1.0,0.0
146000.0,52.03125,7.076315394240537E-5,146000.0,61.199999999999996,56.44208143983619,51.92069392812887,44.88636363636364,146000.0,6571072.0,146277.54999999993,1081.8993252609018,86638.0,15656.427221940903,61.66666666666667,11.998116613030856,31.333333333333346,5.99905830651543,31.333333333333346,5.99905830651543,8.100000000000001,1.0201362487931183,0.0,0.0,0.0,0.0,1.0,0.0
147000.0,52.53125,7.164071333439402E-5,147000.0,60.8,55.877420269823084,50.81555834378921,44.15954415954416,147000.0,6784360.0,152262.34999999995,1087.9368723118027,90143.6,16256.041133339126,64.36666666666665,12.479089855266652,32.68333333333332,6.239544927633326,32.68333333333332,6.239544927633326,8.216666666666665,1.0430019690032384,0.0,0.0,0.0,0.0,1.0,0.0
148000.0,53.0625,7.260351965669545E-5,148000.0,58.4,52.75363405190967,49.57575757575757,40.229885057471265,148000.0,7005552.0,158270.31666666665,1086.769828774465,93770.13333333336,16399.06999374925,67.06666666666668,12.840437537646146,34.03333333333334,6.420218768823073,34.03333333333334,6.420218768823073,8.316666666666668,0.999858747085954,0.0,0.0,0.0,0.0,1.0,0.0
149000.0,53.5,7.342214469746171E-5,149000.0,57.4,52.141391854150335,47.858017135862916,40.5857740585774,149000.0,7232848.0,164282.5166666667,1084.1223661571873,97429.19999999998,16868.027681315536,69.76666666666665,12.814672028929943,35.383333333333326,6.407336014464971,35.383333333333326,6.407336014464971,8.41666666666667,1.013329244713726,0.0,0.0,0.0,0.0,1.0,0.0
150000.0,54.0,7.438473177090704E-5,150000.0,59.8,55.764384827844225,50.795593635250924,45.822102425876004,150000.0,7441704.0,170287.83333333334,1067.316279060722,100746.66666666669,17103.46977451312,71.9,12.984606270503544,36.45,6.492303135251772,36.45,6.492303135251772,8.483333333333336,1.0494819814453848,0.0,0.0,0.0,0.0,1.0,0.0
151000.0,54.5,7.537834844293283E-5,151000.0,60.099999999999994,56.21351125938282,51.28205128205129,46.081081081081074,151000.0,7681592.0,176292.68333333335,1073.775573743584,104590.40000000002,17346.849274997796,74.96666666666668,13.140655849621522,37.98333333333334,6.570327924810761,37.98333333333334,6.570327924810761,8.58333333333333,1.0299196392325158,0.0,0.0,0.0,0.0,1.0,0.0
152000.0,54.96875,7.633435785666939E-5,152000.0,59.9,55.594436569808636,51.21654501216545,45.29331514324693,152000.0,7883576.0,182279.35000000003,1063.7706013858826,107866.66666666669,17647.288869097676,77.13333333333331,13.25559257307182,39.066666666666656,6.62779628653591,39.066666666666656,6.62779628653591,8.666666666666664,1.05230443920396,0.0,0.0,0.0,0.0,1.0,0.0
153000.0,55.4375,7.731729801485526E-5,153000.0,62.6,58.52168628199044,53.712871287128706,48.199445983379505,153000.0,8105656.0,188285.36666666673,1066.20534109455,111522.80000000002,17974.70637632933,79.83333333333331,13.63590309100738,40.41666666666666,6.81795154550369,40.41666666666666,6.81795154550369,8.749999999999998,1.1142375975207504,0.0,0.0,0.0,0.0,1.0,0.0
154000.0,55.90625,7.832291199722228E-5,154000.0,56.3,50.98490065749773,45.91584158415841,38.36389280677009,154000.0,8292632.0,194299.46666666665,1081.207493008562,114573.33333333334,18298.21531601955,81.59999999999997,13.789212192194153,41.29999999999998,6.8946060960970765,41.29999999999998,6.8946060960970765,8.8,1.0704030604704038,0.0,0.0,0.0,0.0,1.0,0.0
155000.0,56.40625,7.942258251003097E-5,155000.0,58.5,53.65588095703397,48.12499999999999,41.54929577464789,155000.0,8501488.0,200312.7166666667,1093.62645206975,117982.13333333332,18759.664099723726,84.36666666666667,14.24003269214809,42.68333333333334,7.120016346074045,42.68333333333334,7.120016346074045,8.883333333333335,1.026623008830353,0.0,0.0,0.0,0.0,1.0,0.0
156000.0,56.9375,8.062073760407257E-5,156000.0,58.4,53.8888032925168,49.697702539298675,42.620689655172406,156000.0,8717992.0,206307.7666666667,1089.0255847746562,121515.73333333335,19086.585394705322,87.03333333333333,14.699206327780646,44.016666666666666,7.349603163890323,44.016666666666666,7.349603163890323,8.916666666666664,0.9964626702026245,0.0,0.0,0.0,0.0,1.0,0.0
157000.0,57.484375,8.18798213731498E-5,157000.0,58.8,53.22874888038479,50.121065375302656,41.39402560455191,157000.0,8899568.0,212293.91666666663,1095.0387546994746,124464.79999999999,19382.3779171193,89.16666666666666,15.161466172411396,45.08333333333333,7.580733086205698,45.08333333333333,7.580733086205698,9.033333333333331,1.040968692713205,0.0,0.0,0.0,0.0,1.0,0.0
158000.0,58.015625,8.31306128788533E-5,158000.0,57.8,52.29066966037061,48.09348093480935,39.1053391053391,158000.0,9100984.0,218290.71666666667,1108.619558343274,127768.79999999997,20251.396413706498,91.26666666666665,15.95955339703365,46.133333333333326,7.979776698516825,46.133333333333326,7.979776698516825,9.083333333333334,1.0299196392325158,0.0,0.0,0.0,0.0,1.0,0.0
159000.0,58.5625,8.444445954713355E-5,159000.0,58.599999999999994,53.67547093807171,49.87893462469733,43.209876543209866,159000.0,9286648.0,224289.20000000007,1123.6185159971008,130787.33333333333,21298.505642388856,93.73333333333329,16.874277553064406,47.366666666666646,8.437138776532203,47.366666666666646,8.437138776532203,9.150000000000002,1.0707988464186562,0.0,0.0,0.0,0.0,1.0,0.0
160000.0,59.125,8.582881816740464E-5,160000.0,59.3,54.42329227323628,49.12499999999999,43.62880886426592,160000.0,9513240.0,230310.10000000003,1124.1100087911311,134488.66666666672,21656.99750592754,96.63333333333334,16.787774674776685,48.81666666666667,8.393887337388342,48.81666666666667,8.393887337388342,9.266666666666667,1.0714581647782884,0.0,0.0,0.0,0.0,1.0,0.0
161000.0,59.6875,8.72416717659993E-5,161000.0,60.099999999999994,55.54550346667082,50.801479654747226,45.04132231404958,161000.0,9709056.0,236304.08333333337,1116.8990105275918,137680.40000000005,21412.760506652437,98.93333333333334,16.76140306681877,49.96666666666667,8.380701533409384,49.96666666666667,8.380701533409384,9.333333333333334,1.05230443920396,0.0,0.0,0.0,0.0,1.0,0.0
162000.0,60.21875,8.860130500074275E-5,162000.0,61.0,56.23052819651819,52.08845208845209,45.60669456066945,162000.0,9892936.0,242302.3166666667,1123.5879196915746,140585.73333333334,21786.471988148867,101.23333333333336,16.656414926150536,51.11666666666668,8.328207463075268,51.11666666666668,8.328207463075268,9.4,0.9949022607646323,0.0,0.0,0.0,0.0,1.0,0.0
163000.0,60.734375,8.994905643501428E-5,163000.0,57.9,53.42482423679217,49.09310761789601,41.93103448275861,163000.0,1.0103648E7,248311.11666666658,1121.7607843674236,143964.79999999996,22495.073501185296,103.06666666666665,17.318420355673876,52.033333333333324,8.659210177836938,52.033333333333324,8.659210177836938,9.450000000000001,0.94644741632296,0.0,0.0,0.0,0.0,1.0,0.0
164000.0,61.265625,9.13586180670084E-5,164000.0,59.8,55.40987970650383,51.1543134872418,44.855967078189295,164000.0,1.0256224E7,254318.28333333338,1116.8472437263858,146438.93333333332,23110.155500336157,104.9,17.64211063894029,52.95,8.821055319470146,52.95,8.821055319470146,9.48333333333333,0.9476405430700273,0.0,0.0,0.0,0.0,1.0,0.0
164860.0,61.75,9.266313113686117E-5,164860.0,62.0,57.348992987276525,52.79503105590062,46.62921348314607,164860.0,1.041044E7,259486.9666666666,1129.192661447399,148939.59999999995,23770.913452069162,106.83333333333336,18.216370609758975,53.91666666666668,9.108185304879488,53.91666666666668,9.108185304879488,9.583333333333332,0.9440566391128806,0.0,0.0,0.0,0.0,1.0,0.0
