learning evaluation instances,evaluation time (cpu seconds),model cost (RAM-Hours),classified instances,classifications correct (percent),Kappa Statistic (percent),Kappa Temporal Statistic (percent),Kappa M Statistic (percent),model training instances,model serialized size (bytes),ensemble size,[avg] model training instances,[err] model training instances,[avg] model serialized size (bytes),[err] model serialized size (bytes),[avg] Change detected,[err] Change detected,[avg] Warning detected,[err] Warning detected,[avg] tree size (nodes),[err] tree size (nodes),[avg] tree size (leaves),[err] tree size (leaves),[avg] active learning leaves,[err] active learning leaves,[avg] tree depth,[err] tree depth,[avg] active leaf byte size estimate,[err] active leaf byte size estimate,[avg] inactive leaf byte size estimate,[err] inactive leaf byte size estimate,[avg] byte size estimate overhead,[err] byte size estimate overhead
1000.0,0.0625,8.959452518158489E-9,1000.0,48.6,33.32555032364348,33.246753246753244,15.875613747954171,1000.0,573840.0,10.0,1009.4500000000002,63.74081977244378,172224.0,172276.52685267673,0.10000000000000002,0.31622776601683794,33.2,10.840254199561517,1.0,0.0,1.0,0.0,1.0,0.0,0.0,0.0,0.0,0.0,0.0,0.0,1.0,0.0
2000.0,0.265625,3.928671099452509E-8,2000.0,43.9,29.862462915246095,25.0,6.499999999999997,2000.0,577128.0,10.0,1654.8000000000002,693.0495235589324,172382.00000000003,172451.54914016314,1.3,1.8287822299126937,20.2,10.228500487472356,1.0,0.0,1.0,0.0,1.0,0.0,0.0,0.0,0.0,0.0,0.0,0.0,1.0,0.0
3000.0,0.34375,5.093551913483275E-8,3000.0,45.800000000000004,31.47246950714545,30.867346938775515,11.292962356792145,3000.0,576360.0,10.0,2474.55,902.2363720514883,172357.2,172397.9635444505,0.7,1.1595018087284057,23.0,13.341664064126334,1.0,0.0,1.0,0.0,1.0,0.0,0.0,0.0,0.0,0.0,0.0,0.0,1.0,0.0
4000.0,0.46875,6.961086506230964E-8,4000.0,44.4,27.336313938489404,29.081632653061224,8.70279146141215,4000.0,577512.0,10.0,2892.4500000000003,1592.112515033506,172371.2,172501.9936841616,1.4000000000000001,1.6465452046971292,20.799999999999997,14.132704388521447,1.0,0.0,1.0,0.0,1.0,0.0,0.0,0.0,0.0,0.0,0.0,0.0,1.0,0.0
5000.0,0.640625,9.528092858898971E-8,5000.0,46.300000000000004,32.110994099851204,31.85279187817259,12.254901960784316,5000.0,577320.0,10.0,3811.5500000000006,1732.339442700778,172396.80000000002,172456.03394476487,0.5,1.0801234497346435,18.099999999999998,10.608696642116053,1.0,0.0,1.0,0.0,1.0,0.0,0.0,0.0,0.0,0.0,0.0,0.0,1.0,0.0
6000.0,0.75,1.116698452581962E-7,6000.0,46.0,32.82412360361256,31.904161412358135,14.82649842271294,6000.0,579208.0,10.0,4797.85,1743.0898239076857,172497.19999999998,172547.09708049352,0.0,0.0,8.0,6.091888960832355,1.0,0.0,1.0,0.0,1.0,0.0,0.0,0.0,0.0,0.0,0.0,0.0,1.0,0.0
7000.0,0.84375,1.25602042923371E-7,7000.0,47.099999999999994,33.05017819536692,31.119791666666664,14.123376623376618,7000.0,574448.0,10.0,5467.95,2257.00860420905,172253.20000000004,172308.93259235224,0.3,0.6749485577105528,12.9,10.836666154003884,1.0,0.0,1.0,0.0,1.0,0.0,0.0,0.0,0.0,0.0,0.0,0.0,1.0,0.0
8000.0,0.953125,1.4191082704605327E-7,8000.0,46.5,32.4549531351002,31.84713375796178,13.430420711974115,8000.0,576376.0,10.0,6458.350000000001,2263.50132305543,172355.59999999995,172401.64908186745,0.0,0.0,16.1,10.26807349668541,1.0,0.0,1.0,0.0,1.0,0.0,0.0,0.0,0.0,0.0,0.0,0.0,1.0,0.0
9000.0,1.0625,1.5818656215237248E-7,9000.0,45.0,30.989052354214376,29.12371134020619,10.277324632952691,9000.0,575208.0,10.0,7207.35,2835.9945489332217,172280.8,172358.74065619495,0.3,0.6749485577105528,10.4,8.566082989195108,1.0,0.0,1.0,0.0,1.0,0.0,0.0,0.0,0.0,0.0,0.0,0.0,1.0,0.0
10000.0,1.15625,1.7219190744476188E-7,10000.0,44.9,32.2359075899473,30.51702395964691,13.50078492935636,10000.0,577464.0,10.0,7767.750000000001,3479.047765590918,172386.40000000002,172481.535060057,0.5,1.0801234497346435,12.5,15.643600040343086,1.0,0.0,1.0,0.0,1.0,0.0,0.0,0.0,0.0,0.0,0.0,0.0,1.0,0.0
11000.0,1.203125,1.7917488649901419E-7,11000.0,48.9,35.11218227508625,36.75742574257425,16.910569105691053,11000.0,575840.0,10.0,8721.2,3560.3384907085806,172328.8,172374.21200509937,0.2,0.6324555320336759,10.8,13.447841627727643,1.0,0.0,1.0,0.0,1.0,0.0,0.0,0.0,0.0,0.0,0.0,0.0,1.0,0.0
12000.0,1.28125,1.9069450596968335E-7,12000.0,49.6,36.170212765957444,32.71028037383177,15.999999999999998,12000.0,569968.0,10.0,9671.1,3753.89214016599,172011.6,172099.10581204444,0.3,0.9486832980505139,7.9,10.429125882194857,1.0,0.0,1.0,0.0,1.0,0.0,0.0,0.0,0.0,0.0,0.0,0.0,1.0,0.0
13000.0,1.390625,2.0709926805769405E-7,13000.0,46.300000000000004,29.55575524232427,28.68525896414343,7.890222984562614,13000.0,579768.0,10.0,10683.2,3758.826224963544,172525.2,172575.31683772773,0.0,0.0,6.1000000000000005,9.182713227702488,1.0,0.0,1.0,0.0,1.0,0.0,0.0,0.0,0.0,0.0,0.0,0.0,1.0,0.0
14000.0,1.515625,2.258390304632485E-7,14000.0,45.1,28.85015895315126,27.66798418972332,8.6522462562396,14000.0,579504.0,10.0,11010.95,4855.920255078765,172503.59999999995,172570.66558503843,0.39999999999999997,0.9660917830792959,6.9,14.7305427221433,1.0,0.0,1.0,0.0,1.0,0.0,0.0,0.0,0.0,0.0,0.0,0.0,1.0,0.0
15000.0,1.609375,2.3978092940524224E-7,15000.0,48.9,33.30374856426855,34.73818646232439,14.261744966442947,15000.0,574848.0,10.0,11903.099999999999,5130.457329568809,172273.2,172329.40302302936,0.5,1.0801234497346435,11.4,14.299961149908379,1.0,0.0,1.0,0.0,1.0,0.0,0.0,0.0,0.0,0.0,0.0,0.0,1.0,0.0
16000.0,1.71875,2.5612706344367733E-7,16000.0,45.5,31.085411097651345,29.858429858429858,14.03785488958991,16000.0,577696.0,10.0,12859.249999999998,5222.3413671707785,172422.80000000002,172468.35395258976,0.20000000000000004,0.6324555320336759,8.1,12.269655432995844,1.0,0.0,1.0,0.0,1.0,0.0,0.0,0.0,0.0,0.0,0.0,0.0,1.0,0.0
17000.0,1.828125,2.724442230020133E-7,17000.0,46.300000000000004,32.621911053394314,31.065468549422338,14.080000000000004,17000.0,576672.0,10.0,13789.25,5408.920097248715,172365.60000000003,172422.1038090443,0.10000000000000002,0.31622776601683794,8.8,8.243515970479802,1.0,0.0,1.0,0.0,1.0,0.0,0.0,0.0,0.0,0.0,0.0,0.0,1.0,0.0
18000.0,1.921875,2.864786721248594E-7,18000.0,47.5,32.807740548288834,34.127979924717685,16.267942583732054,18000.0,578664.0,10.0,14273.15,6340.2069721737,172453.99999999997,172535.5127905404,0.3,0.6749485577105528,6.3,8.844960900610772,1.0,0.0,1.0,0.0,1.0,0.0,0.0,0.0,0.0,0.0,0.0,0.0,1.0,0.0
19000.0,2.03125,3.0279107805755406E-7,19000.0,47.9,32.62727754716737,30.3475935828877,12.289562289562282,19000.0,576504.0,10.0,14449.6,7167.7626722929235,172360.80000000002,172409.5091166744,0.5000000000000001,1.2692955176439848,15.1,17.07792597347686,1.0,0.0,1.0,0.0,1.0,0.0,0.0,0.0,0.0,0.0,0.0,0.0,1.0,0.0
20000.0,2.140625,3.191179712302983E-7,20000.0,46.400000000000006,32.08802709383636,31.193838254172018,12.703583061889253,20000.0,577016.0,10.0,15459.1,7170.278383350038,172386.40000000005,172435.62850994876,0.0,0.0,9.399999999999999,10.741404832598842,1.0,0.0,1.0,0.0,1.0,0.0,0.0,0.0,0.0,0.0,0.0,0.0,1.0,0.0
21000.0,2.28125,3.401315188966692E-7,21000.0,45.7,32.033755316512426,31.783919597989946,14.890282131661447,21000.0,577616.0,10.0,16439.100000000002,7164.437157163664,172416.39999999997,172466.6481010169,0.0,0.0,15.5,13.656500283747665,1.0,0.0,1.0,0.0,1.0,0.0,0.0,0.0,0.0,0.0,0.0,0.0,1.0,0.0
22000.0,2.359375,3.517392582984435E-7,22000.0,46.800000000000004,32.66615449067389,32.31552162849873,13.213703099510607,22000.0,574328.0,10.0,17418.599999999995,7163.991826084848,172251.99999999997,172297.94931974518,0.0,0.0,3.2,5.028805910838963,1.0,0.0,1.0,0.0,1.0,0.0,0.0,0.0,0.0,0.0,0.0,0.0,1.0,0.0
23000.0,2.453125,3.6567417232112757E-7,23000.0,47.4,33.32386853393637,34.08521303258144,16.10845295055821,23000.0,574560.0,10.0,18412.199999999997,7170.84169323753,172263.6,172309.88797921763,0.0,0.0,4.5,6.7371276438025784,1.0,0.0,1.0,0.0,1.0,0.0,0.0,0.0,0.0,0.0,0.0,0.0,1.0,0.0
24000.0,2.515625,3.749591996893287E-7,24000.0,46.300000000000004,32.777359114113246,31.32992327365729,15.566037735849061,24000.0,574256.0,10.0,19407.7,7165.380587093385,172248.40000000005,172294.09812612485,0.0,0.0,6.4,7.244921593011817,1.0,0.0,1.0,0.0,1.0,0.0,0.0,0.0,0.0,0.0,0.0,0.0,1.0,0.0
25000.0,2.609375,3.8895794811348127E-7,25000.0,46.400000000000006,31.369862662900548,31.71974522292994,11.842105263157897,25000.0,577192.0,10.0,20407.5,7155.376017189343,172395.2,172444.86450841706,0.0,0.0,3.8,5.2451035367389185,1.0,0.0,1.0,0.0,1.0,0.0,0.0,0.0,0.0,0.0,0.0,0.0,1.0,0.0
26000.0,2.703125,4.028682208930453E-7,26000.0,50.0,35.58020972506922,36.30573248407644,17.218543046357613,26000.0,573544.0,10.0,21411.4,7162.681726545546,172212.8,172257.38150545477,0.0,0.0,2.6,3.8643671323171835,1.0,0.0,1.0,0.0,1.0,0.0,0.0,0.0,0.0,0.0,0.0,0.0,1.0,0.0
27000.0,2.796875,4.1682098526507623E-7,27000.0,45.800000000000004,30.76667603402908,30.512820512820515,10.855263157894738,27000.0,575296.0,10.0,22393.499999999996,7162.801484423756,172300.4,172347.39203633548,0.0,0.0,3.5,2.6352313834736494,1.0,0.0,1.0,0.0,1.0,0.0,0.0,0.0,0.0,0.0,0.0,0.0,1.0,0.0
28000.0,2.875,4.2857699251423284E-7,28000.0,42.6,28.943687253190724,27.61664564943253,11.007751937984498,28000.0,581664.0,10.0,23387.5,7170.013862571933,172618.8,172673.83962335953,0.0,0.0,5.4,5.966573556070519,1.0,0.0,1.0,0.0,1.0,0.0,0.0,0.0,0.0,0.0,0.0,0.0,1.0,0.0
29000.0,3.015625,4.493419934685032E-7,29000.0,39.300000000000004,24.23429203374133,22.477650063856963,5.451713395638634,29000.0,570784.0,10.0,18461.5,13614.936869018838,171997.2,172198.41786717408,1.7000000000000002,1.766981104093143,13.400000000000002,13.817862835233722,1.0,0.0,1.0,0.0,1.0,0.0,0.0,0.0,0.0,0.0,0.0,0.0,1.0,0.0
30000.0,3.109375,4.631853274380168E-7,30000.0,45.0,30.260925576995746,32.680538555691555,16.666666666666664,30000.0,570784.0,10.0,16738.65,14466.626731077145,172081.59999999998,172108.8760445122,0.6000000000000001,0.9660917830792959,22.7,12.693392857003294,1.0,0.0,1.0,0.0,1.0,0.0,0.0,0.0,0.0,0.0,0.0,0.0,1.0,0.0
31000.0,3.234375,4.816803589670195E-7,31000.0,45.6,31.287537656071397,32.58983890954151,17.948717948717945,31000.0,571936.0,10.0,17587.699999999997,14632.319609973705,172149.19999999998,172157.66798019467,0.3,0.9486832980505138,14.3,9.238205693988657,1.0,0.0,1.0,0.0,1.0,0.0,0.0,0.0,0.0,0.0,0.0,0.0,1.0,0.0
32000.0,3.34375,4.978755088005629E-7,32000.0,44.3,33.05956256767654,30.46192259675406,20.65527065527066,32000.0,572360.0,10.0,18593.700000000004,14630.000698276775,172170.40000000002,172179.31838589552,0.0,0.0,11.6,8.783823515733655,1.0,0.0,1.0,0.0,1.0,0.0,0.0,0.0,0.0,0.0,0.0,0.0,1.0,0.0
33000.0,3.46875,5.164706575063368E-7,33000.0,45.800000000000004,34.02987399949366,34.54106280193237,23.229461756373944,33000.0,575032.0,10.0,19577.899999999998,14626.98271184565,172304.0,172316.50925458132,0.0,0.0,8.9,7.400450436741448,1.0,0.0,1.0,0.0,1.0,0.0,0.0,0.0,0.0,0.0,0.0,0.0,1.0,0.0
34000.0,3.53125,5.258164795426031E-7,34000.0,45.6,33.05702950412979,31.313131313131315,18.805970149253735,34000.0,578016.0,10.0,20590.3,14631.75261330105,172453.2,172469.79585624475,0.0,0.0,7.8,7.284687135812126,1.0,0.0,1.0,0.0,1.0,0.0,0.0,0.0,0.0,0.0,0.0,0.0,1.0,0.0
35000.0,3.671875,5.466769410607715E-7,35000.0,49.6,36.830152071381924,37.468982630272954,22.461538461538463,35000.0,573408.0,10.0,21604.8,14636.661485174103,172222.80000000002,172233.11686004617,0.0,0.0,7.6000000000000005,6.899275324264136,1.0,0.0,1.0,0.0,1.0,0.0,0.0,0.0,0.0,0.0,0.0,0.0,1.0,0.0
36000.0,3.78125,5.628963117487729E-7,36000.0,46.9,34.23806563313509,34.766584766584764,20.270270270270267,36000.0,573216.0,10.0,22586.800000000003,14641.373488921907,172213.19999999998,172223.52954765686,0.0,0.0,11.700000000000001,7.165503781622367,1.0,0.0,1.0,0.0,1.0,0.0,0.0,0.0,0.0,0.0,0.0,0.0,1.0,0.0
37000.0,3.890625,5.791485050900115E-7,37000.0,46.7,35.34582101103125,35.93750000000001,22.18978102189781,37000.0,574376.0,10.0,23583.4,14642.971187569821,172271.2,172282.9398040817,0.0,0.0,11.4,10.668749796589207,1.0,0.0,1.0,0.0,1.0,0.0,0.0,0.0,0.0,0.0,0.0,0.0,1.0,0.0
38000.0,3.96875,5.90726978973382E-7,38000.0,46.6,32.8607602575934,34.7985347985348,18.348623853211016,38000.0,572880.0,10.0,24276.65,15034.928506209868,172196.4,172205.9837918715,0.09999999999999999,0.31622776601683794,13.100000000000001,9.596874491208062,1.0,0.0,1.0,0.0,1.0,0.0,0.0,0.0,0.0,0.0,0.0,0.0,1.0,0.0
39000.0,4.0625,6.047711293730471E-7,39000.0,45.0,31.72112424272519,31.76178660049628,16.666666666666664,39000.0,579064.0,10.0,25106.149999999994,15279.322829700619,172506.8,172522.17885355768,0.19999999999999998,0.6324555320336759,7.8,6.876691711054734,1.0,0.0,1.0,0.0,1.0,0.0,0.0,0.0,0.0,0.0,0.0,0.0,1.0,0.0
40000.0,4.15625,6.188174140536123E-7,40000.0,46.9,31.304998046526304,33.87297633872976,15.580286168521459,40000.0,579152.0,10.0,25627.949999999993,15950.377594854017,172508.8,172529.52395935633,0.4000000000000001,1.2649110640673518,8.999999999999998,13.888444437333106,1.0,0.0,1.0,0.0,1.0,0.0,0.0,0.0,0.0,0.0,0.0,0.0,1.0,0.0
41000.0,4.265625,6.352375688341757E-7,41000.0,43.9,29.14430059993685,30.3970223325062,15.6390977443609,41000.0,580312.0,10.0,26620.649999999998,15951.061565976697,172566.80000000005,172588.70105164687,0.0,0.0,9.5,7.749551958375114,1.0,0.0,1.0,0.0,1.0,0.0,0.0,0.0,0.0,0.0,0.0,0.0,1.0,0.0
42000.0,4.359375,6.494058955771228E-7,42000.0,45.4,31.584005693814614,31.234256926952142,17.02127659574468,42000.0,585232.0,10.0,27617.75,15947.634079188178,173350.4,173242.95218668465,0.0,0.0,4.1,8.143845665422585,1.2,0.6324555320336759,1.1,0.31622776601683794,1.1,0.31622776601683794,0.1,0.31622776601683794,0.0,0.0,0.0,0.0,1.0,0.0
43000.0,4.5,6.706924371731779E-7,43000.0,50.3,39.391648242296824,39.39024390243902,27.23279648609077,43000.0,585120.0,10.0,28616.450000000004,15950.326462506224,173652.0,172930.85740169164,0.0,0.0,5.2,6.2325311426774626,1.4000000000000001,0.8432740427115678,1.2,0.4216370213557839,1.2,0.4216370213557839,0.2,0.4216370213557839,0.0,0.0,0.0,0.0,1.0,0.0
44000.0,4.640625,6.927743864556154E-7,44000.0,52.0,42.81902220527971,40.959409594095945,27.382753403933428,44000.0,606984.0,10.0,29618.85,15951.738559842905,175876.4,172925.99047246831,0.0,0.0,7.6,7.229568912920511,2.6,2.065591117977289,1.8,1.0327955589886444,1.8,1.0327955589886444,0.7,0.8232726023485646,0.0,0.0,0.0,0.0,1.0,0.0
45000.0,4.71875,7.052937225024734E-7,45000.0,52.7,44.08686041219687,41.09589041095891,26.893353941267396,45000.0,619432.0,10.0,30609.75,15954.546475848194,176987.6,173078.3245191549,0.0,0.0,6.800000000000001,9.223159256278006,3.0,2.309401076758503,2.0,1.1547005383792515,2.0,1.1547005383792515,0.9,0.9944289260117533,0.0,0.0,0.0,0.0,1.0,0.0
46000.0,4.859375,7.278940110053454E-7,46000.0,53.5,47.38420281409651,42.66337854500617,33.85490753911807,46000.0,621232.0,10.0,30853.199999999993,17095.134511254797,177285.19999999998,172955.74268629655,0.3,0.9486832980505138,5.300000000000001,8.393780766469634,3.2,2.2010098692292237,2.1000000000000005,1.1005049346146119,2.1000000000000005,1.1005049346146119,1.0000000000000002,0.9428090415820634,0.0,0.0,0.0,0.0,1.0,0.0
47000.0,4.96875,7.455127585368853E-7,47000.0,55.800000000000004,48.300707414754655,44.40251572327045,32.621951219512205,47000.0,622672.0,10.0,31863.800000000003,17094.634743407838,177446.4,172937.23210776428,0.0,0.0,5.0,11.115554667022044,3.2,2.2010098692292237,2.1000000000000005,1.1005049346146119,2.1000000000000005,1.1005049346146119,1.0000000000000002,0.9428090415820634,0.0,0.0,0.0,0.0,1.0,0.0
48000.0,5.0625,7.607100026992461E-7,48000.0,56.599999999999994,49.39566295179528,45.817727840199744,32.18749999999999,48000.0,626608.0,10.0,32856.200000000004,17095.581339232536,177848.80000000005,172933.17700186363,0.0,0.0,2.4,7.244921593011817,3.4,2.2705848487901865,2.2,1.1352924243950933,2.2,1.1352924243950933,1.1,0.9944289260117533,0.0,0.0,0.0,0.0,1.0,0.0
49000.0,5.140625,7.733615994867352E-7,49000.0,59.0,51.881322911532045,48.29760403530895,35.22906793048973,49000.0,625976.0,10.0,33692.4,17370.537110745583,177814.80000000002,172902.5895521887,0.09999999999999999,0.31622776601683794,3.3,5.417051268397268,3.4,2.2705848487901865,2.2,1.1352924243950933,2.2,1.1352924243950933,1.1,0.9944289260117533,0.0,0.0,0.0,0.0,1.0,0.0
50000.0,5.21875,7.860539416368637E-7,50000.0,53.0,46.44631413908463,41.687344913151364,31.58660844250364,50000.0,627992.0,10.0,34682.4,17370.397124206218,177915.6,173004.84734261667,0.0,0.0,5.2,11.222992272810117,3.4,2.2705848487901865,2.2,1.1352924243950933,2.2,1.1352924243950933,1.1,0.9944289260117533,0.0,0.0,0.0,0.0,1.0,0.0
51000.0,5.296875,7.987163715168006E-7,51000.0,52.400000000000006,44.7406700542029,40.869565217391305,26.88172043010753,51000.0,626512.0,10.0,35077.25000000001,18349.576122667764,177855.60000000003,172916.6179680709,0.09999999999999999,0.31622776601683794,4.6,4.971027168615266,3.4,2.2705848487901865,2.2,1.1352924243950933,2.2,1.1352924243950933,1.1,0.9944289260117533,0.0,0.0,0.0,0.0,1.0,0.0
52000.0,5.40625,8.1686978875142E-7,52000.0,55.50000000000001,48.62677641680425,43.88398486759144,32.575757575757585,52000.0,641568.0,10.0,36073.25,18343.81982511592,179367.20000000004,172900.99824058122,0.0,0.0,8.0,16.845705024657704,4.199999999999999,2.1499353995462798,2.5999999999999996,1.0749676997731399,2.5999999999999996,1.0749676997731399,1.4,0.8432740427115678,0.0,0.0,0.0,0.0,1.0,0.0
53000.0,5.5,8.325744096914099E-7,53000.0,53.5,47.056754021124924,43.63636363636365,31.91800878477306,53000.0,647528.0,10.0,37050.35,18348.56072449625,179922.4,172941.0573998217,0.0,0.0,1.9000000000000001,6.008327554319921,4.4,2.118699810942761,2.7,1.0593499054713804,2.7,1.0593499054713804,1.5,0.8498365855987975,0.0,0.0,0.0,0.0,1.0,0.0
54000.0,5.59375,8.481096463381416E-7,54000.0,53.7,47.03201988758891,42.55583126550869,29.84848484848485,54000.0,640544.0,10.0,37346.9,19503.17064344586,179431.6,172744.70190196863,0.20000000000000004,0.6324555320336759,11.5,16.45363857091258,4.199999999999999,2.3475755815545343,2.5999999999999996,1.1737877907772671,2.5999999999999996,1.1737877907772671,1.4,0.9660917830792959,0.0,0.0,0.0,0.0,1.0,0.0
55000.0,5.671875,8.610526048060921E-7,55000.0,57.3,51.098172423034015,46.15384615384615,36.64688427299703,55000.0,640392.0,10.0,38328.99999999999,19507.700838386874,179424.0,172737.31106540145,0.0,0.0,3.2999999999999994,6.667499947923176,4.199999999999999,2.3475755815545343,2.5999999999999996,1.1737877907772671,2.5999999999999996,1.1737877907772671,1.4,0.9660917830792959,0.0,0.0,0.0,0.0,1.0,0.0
56000.0,5.796875,8.818505901015468E-7,56000.0,54.7,48.11210534273501,44.14303329223182,33.48017621145375,56000.0,643152.0,10.0,39215.700000000004,19701.177250691337,179569.19999999998,172866.3680789297,0.10000000000000002,0.31622776601683794,3.8,6.285786435372356,4.199999999999999,2.3475755815545343,2.5999999999999996,1.1737877907772671,2.5999999999999996,1.1737877907772671,1.4,0.9660917830792959,0.0,0.0,0.0,0.0,1.0,0.0
57000.0,5.890625,8.972903661843804E-7,57000.0,55.800000000000004,49.17998105172144,44.61152882205514,34.12816691505217,57000.0,636608.0,10.0,39865.0,20350.533211687598,179216.0,172571.62034904448,0.39999999999999997,1.2649110640673518,6.6000000000000005,13.442883288607065,4.199999999999999,2.3475755815545343,2.5999999999999996,1.1737877907772671,2.5999999999999996,1.1737877907772671,1.4,0.9660917830792959,0.0,0.0,0.0,0.0,1.0,0.0
58000.0,5.984375,9.128242446523575E-7,58000.0,56.10000000000001,48.97508496403849,45.73547589616812,31.513260530421228,58000.0,640488.0,10.0,40855.0,20350.981272087156,179433.6,172736.70276567712,0.0,0.0,6.1,12.91381688993098,4.199999999999999,2.3475755815545343,2.5999999999999996,1.1737877907772671,2.5999999999999996,1.1737877907772671,1.4,0.9660917830792959,0.0,0.0,0.0,0.0,1.0,0.0
59000.0,6.09375,9.310783934779466E-7,59000.0,50.5,42.53213846620019,38.43283582089552,25.0,59000.0,645128.0,10.0,41726.69999999999,20606.93940884963,179683.6,172959.01976400742,0.10000000000000002,0.31622776601683794,7.4,8.694826047713661,4.199999999999999,2.3475755815545343,2.5999999999999996,1.1737877907772671,2.5999999999999996,1.1737877907772671,1.4,0.9660917830792959,0.0,0.0,0.0,0.0,1.0,0.0
60000.0,6.171875,9.441531276226873E-7,60000.0,49.6,42.61759408323636,36.283185840707965,25.443786982248522,60000.0,646912.0,10.0,42696.5,20612.327145871255,179772.8,173047.95563676316,0.0,0.0,4.1,7.27934673503666,4.199999999999999,2.3475755815545343,2.5999999999999996,1.1737877907772671,2.5999999999999996,1.1737877907772671,1.4,0.9660917830792959,0.0,0.0,0.0,0.0,1.0,0.0
61000.0,6.25,9.570453160752853E-7,61000.0,51.4,44.77868866429193,39.097744360902254,27.999999999999996,61000.0,637880.0,10.0,42253.35,22424.76095342871,178895.2,173034.71443177003,0.09999999999999999,0.31622776601683794,3.8000000000000003,7.612854625930772,3.7999999999999994,2.5298221281347035,2.4,1.2649110640673515,2.4,1.2649110640673515,1.2,1.0327955589886444,0.0,0.0,0.0,0.0,1.0,0.0
62000.0,6.375,9.773595310333703E-7,62000.0,51.0,43.37741036008501,37.73824650571792,26.865671641791046,62000.0,628192.0,10.0,41406.799999999996,24627.856447954473,177968.8,172997.82315685516,0.39999999999999997,0.8432740427115678,7.9,12.031902038608306,3.3999999999999995,2.6331223544175333,2.1999999999999997,1.3165611772087664,2.1999999999999997,1.3165611772087664,1.0,1.0540925533894598,0.0,0.0,0.0,0.0,1.0,0.0
63000.0,6.484375,9.948345379800434E-7,63000.0,46.6,37.28117413400453,31.538461538461544,23.165467625899282,63000.0,617592.0,10.0,40731.1,26318.049039634978,176814.0,173072.8510729696,0.3,0.9486832980505138,8.9,12.679379585242595,2.8,2.394437999475729,1.9,1.1972189997378646,1.9,1.1972189997378646,0.7999999999999999,1.0327955589886444,0.0,0.0,0.0,0.0,1.0,0.0
64000.0,6.609375,1.0147656171789602E-6,64000.0,45.7,35.977248931775094,32.7970297029703,21.982758620689662,64000.0,616344.0,10.0,41343.79999999999,26762.529839900762,176758.80000000002,173003.27060419222,0.09999999999999999,0.31622776601683794,7.500000000000001,8.996913050843853,2.8,2.394437999475729,1.9,1.1972189997378646,1.9,1.1972189997378646,0.7999999999999999,1.0327955589886444,0.0,0.0,0.0,0.0,1.0,0.0
65000.0,6.71875,1.0322822749407757E-6,65000.0,47.0,36.19347102702026,36.14457831325301,23.520923520923514,65000.0,619064.0,10.0,42345.6,26760.461825139282,176894.8,173142.52913578696,0.0,0.0,7.0,10.498677165349081,2.8,2.394437999475729,1.9,1.1972189997378646,1.9,1.1972189997378646,0.7999999999999999,1.0327955589886444,0.0,0.0,0.0,0.0,1.0,0.0
66000.0,6.828125,1.0497393992005126E-6,66000.0,50.6,40.87047282076572,37.547408343868526,27.672035139092237,66000.0,616960.0,10.0,43341.299999999996,26757.328163170157,176789.6,173034.69929054237,0.0,0.0,5.6,7.026932316294057,2.8,2.394437999475729,1.9,1.1972189997378646,1.9,1.1972189997378646,0.7999999999999999,1.0327955589886444,0.0,0.0,0.0,0.0,1.0,0.0
67000.0,6.9375,1.067149666293214E-6,67000.0,49.7,39.20678756821107,38.282208588957054,26.029411764705884,67000.0,615304.0,10.0,44335.09999999999,26751.59970799582,176706.80000000002,172951.528246196,0.0,0.0,7.3,7.071853442423076,2.8,2.394437999475729,1.9,1.1972189997378646,1.9,1.1972189997378646,0.7999999999999999,1.0327955589886444,0.0,0.0,0.0,0.0,1.0,0.0
68000.0,7.046875,1.0845280161851812E-6,68000.0,48.1,38.04020820400172,34.22053231939163,23.788546255506603,68000.0,614176.0,10.0,45341.799999999996,26753.735405890915,176650.40000000002,172890.01778325648,0.0,0.0,3.6,8.030497424748289,2.8,2.394437999475729,1.9,1.1972189997378646,1.9,1.1972189997378646,0.7999999999999999,1.0327955589886444,0.0,0.0,0.0,0.0,1.0,0.0
69000.0,7.125,1.09695890892504E-6,69000.0,51.4,41.26121596534654,39.02132998745295,27.78603268945022,69000.0,615056.0,10.0,46343.1,26749.2730484597,176694.4,172934.55012332814,0.0,0.0,3.0,3.711842908553348,2.8,2.394437999475729,1.9,1.1972189997378646,1.9,1.1972189997378646,0.7999999999999999,1.0327955589886444,0.0,0.0,0.0,0.0,1.0,0.0
70000.0,7.21875,1.1119004274304544E-6,70000.0,51.800000000000004,43.48328242529416,39.97509339975094,30.84648493543759,70000.0,616064.0,10.0,47328.200000000004,26753.664214556913,176905.59999999998,172835.13936282875,0.0,0.0,2.0999999999999996,3.7844711945293255,3.0,2.6666666666666665,2.0,1.3333333333333333,2.0,1.3333333333333333,0.9,1.1972189997378646,0.0,0.0,0.0,0.0,1.0,0.0
71000.0,7.3125,1.1268347669910227E-6,71000.0,52.5,44.00480026217542,43.04556354916067,30.9593023255814,71000.0,615768.0,10.0,48321.1,26755.47260478243,176925.59999999998,172788.8314343932,0.0,0.0,1.5,4.089281382128432,3.0,2.6666666666666665,2.0,1.3333333333333333,2.0,1.3333333333333333,0.9,1.1972189997378646,0.0,0.0,0.0,0.0,1.0,0.0
72000.0,7.40625,1.1417623156578179E-6,72000.0,49.9,39.92092586530055,38.6780905752754,23.97572078907435,72000.0,615488.0,10.0,49319.2,26754.22533594116,176923.6,172763.93343836188,0.0,0.0,4.800000000000001,8.403702887550358,3.0,2.6666666666666665,2.0,1.3333333333333333,2.0,1.3333333333333333,0.9,1.1972189997378646,0.0,0.0,0.0,0.0,1.0,0.0
73000.0,7.5,1.1567575792368089E-6,73000.0,49.0,40.73550721690456,37.34643734643734,25.979680696661827,73000.0,618280.0,10.0,50322.7,26755.585233151243,177063.20000000004,172910.35966942678,0.0,0.0,5.300000000000001,7.196449741983119,3.0,2.6666666666666665,2.0,1.3333333333333333,2.0,1.3333333333333333,0.9,1.1972189997378646,0.0,0.0,0.0,0.0,1.0,0.0
74000.0,7.578125,1.1692909821350542E-6,74000.0,47.5,37.85783529840667,34.78260869565217,21.991084695393752,74000.0,620128.0,10.0,51301.1,26750.565841334625,177161.60000000003,172997.20658480984,0.0,0.0,1.3000000000000003,2.406010991015812,3.0,2.6666666666666665,2.0,1.3333333333333333,2.0,1.3333333333333333,0.9,1.1972189997378646,0.0,0.0,0.0,0.0,1.0,0.0
75000.0,7.6875,1.1868379725557236E-6,75000.0,48.6,40.7360262698517,35.830212234706615,26.255380200860827,75000.0,620136.0,10.0,52290.9,26749.405917456224,177161.99999999997,173002.14437368902,0.0,0.0,5.6,7.574812062208394,3.0,2.6666666666666665,2.0,1.3333333333333333,2.0,1.3333333333333333,0.9,1.1972189997378646,0.0,0.0,0.0,0.0,1.0,0.0
76000.0,7.765625,1.1994130909442903E-6,76000.0,48.699999999999996,41.01705906227472,37.132352941176464,25.86705202312139,76000.0,622192.0,10.0,53277.700000000004,26745.89221209591,177282.8,173085.72335592008,0.0,0.0,4.1,6.707375708046246,3.0,2.6666666666666665,2.0,1.3333333333333333,2.0,1.3333333333333333,0.9,1.1972189997378646,0.0,0.0,0.0,0.0,1.0,0.0
77000.0,7.859375,1.2145294264579814E-6,77000.0,48.0,40.3405635981065,35.48387096774193,26.449787835926447,77000.0,623272.0,10.0,54285.00000000001,26744.305355483968,177336.80000000002,173141.45320718182,0.0,0.0,2.7,5.012207320355197,3.0,2.6666666666666665,2.0,1.3333333333333333,2.0,1.3333333333333333,0.9,1.1972189997378646,0.0,0.0,0.0,0.0,1.0,0.0
78000.0,7.90625,1.2220729452868305E-6,78000.0,51.7,43.6411328715718,38.70558375634518,28.76106194690266,78000.0,622064.0,10.0,55287.3,26745.56547423969,177276.4,173081.34230270248,0.0,0.0,0.7,1.888562063228706,3.0,2.6666666666666665,2.0,1.3333333333333333,2.0,1.3333333333333333,0.9,1.1972189997378646,0.0,0.0,0.0,0.0,1.0,0.0
79000.0,8.015625,1.2396806010252073E-6,79000.0,49.5,42.641663732494344,38.414634146341456,28.36879432624113,79000.0,622280.0,10.0,56274.200000000004,26745.234992424354,177287.2,173092.06203015964,0.0,0.0,1.3000000000000003,4.110960958218893,3.0,2.6666666666666665,2.0,1.3333333333333333,2.0,1.3333333333333333,0.9,1.1972189997378646,0.0,0.0,0.0,0.0,1.0,0.0
80000.0,8.140625,1.2596983449637063E-6,80000.0,53.1,45.43973941368078,43.22033898305085,30.825958702064902,80000.0,619024.0,10.0,56172.5,28660.378877835035,177110.8,172940.01197665103,0.3,0.9486832980505138,6.7,13.047349667014114,3.0,2.6666666666666665,2.0,1.3333333333333333,2.0,1.3333333333333333,0.9,1.1972189997378646,0.0,0.0,0.0,0.0,1.0,0.0
81000.0,8.21875,1.2722671575223407E-6,81000.0,50.9,43.561726344489564,39.23267326732673,30.156472261735416,81000.0,621880.0,10.0,57129.09999999999,28757.037853275793,177267.19999999998,173068.2138402446,0.19999999999999998,0.6324555320336759,4.1,9.338688939626971,3.0,2.6666666666666665,2.0,1.3333333333333333,2.0,1.3333333333333333,0.9,1.1972189997378646,0.0,0.0,0.0,0.0,1.0,0.0
82000.0,8.328125,1.289880472338862E-6,82000.0,48.5,41.34102392375017,36.88725490196078,26.42857142857143,82000.0,622480.0,10.0,58118.6,28750.30883934805,177297.2,173098.25849031223,0.0,0.0,0.6,1.8973665961010275,3.0,2.6666666666666665,2.0,1.3333333333333333,2.0,1.3333333333333333,0.9,1.1972189997378646,0.0,0.0,0.0,0.0,1.0,0.0
83000.0,8.4375,1.3074754517421954E-6,83000.0,51.7,44.758711082340405,39.01515151515152,28.017883755588674,83000.0,621832.0,10.0,59117.1,28742.80270167418,177270.79999999996,173060.1230876593,0.0,0.0,1.1,3.4785054261852175,3.0,2.6666666666666665,2.0,1.3333333333333333,2.0,1.3333333333333333,0.9,1.1972189997378646,0.0,0.0,0.0,0.0,1.0,0.0
84000.0,8.53125,1.3224732376531594E-6,84000.0,52.7,44.50688560440567,41.891891891891895,28.11550151975684,84000.0,618384.0,10.0,60108.4,28744.560143296312,177098.4,172887.7845072681,0.0,0.0,0.7,1.1595018087284057,3.0,2.6666666666666665,2.0,1.3333333333333333,2.0,1.3333333333333333,0.9,1.1972189997378646,0.0,0.0,0.0,0.0,1.0,0.0
85000.0,8.609375,1.3349565172878405E-6,85000.0,56.00000000000001,48.787306701180924,45.67901234567901,33.73493975903615,85000.0,617648.0,10.0,61099.899999999994,28742.474039028213,177061.6,172851.10248461642,0.0,0.0,1.3,2.8303906287138374,3.0,2.6666666666666665,2.0,1.3333333333333333,2.0,1.3333333333333333,0.9,1.1972189997378646,0.0,0.0,0.0,0.0,1.0,0.0
86000.0,8.71875,1.3524281287876269E-6,86000.0,49.5,41.903806508614345,38.489646772228994,26.91751085383502,86000.0,617472.0,10.0,62085.400000000016,28753.860810607493,177052.80000000002,172841.48781488533,0.0,0.0,1.4,2.5473297566057065,3.0,2.6666666666666665,2.0,1.3333333333333333,2.0,1.3333333333333333,0.9,1.1972189997378646,0.0,0.0,0.0,0.0,1.0,0.0
87000.0,8.828125,1.3699896064483458E-6,87000.0,49.9,42.44766298454243,37.7639751552795,27.18023255813954,87000.0,620648.0,10.0,63085.0,28751.548514819162,177223.59999999998,172989.40538730292,0.0,0.0,4.0,7.4981479194679945,3.0,2.6666666666666665,2.0,1.3333333333333333,2.0,1.3333333333333333,0.9,1.1972189997378646,0.0,0.0,0.0,0.0,1.0,0.0
88000.0,8.9375,1.3876495520687766E-6,88000.0,48.4,40.3771491957848,37.14981729598051,23.89380530973451,88000.0,624128.0,10.0,64077.700000000004,28748.773698514884,177397.6,173167.52639003107,0.0,0.0,2.3999999999999995,3.169297153067923,3.0,2.6666666666666665,2.0,1.3333333333333333,2.0,1.3333333333333333,0.9,1.1972189997378646,0.0,0.0,0.0,0.0,1.0,0.0
89000.0,9.03125,1.4027765589869685E-6,89000.0,47.5,40.958629430492564,35.74051407588739,25.847457627118647,89000.0,623712.0,10.0,64708.250000000015,29598.71672338267,177376.8,173152.33504621845,0.19999999999999998,0.6324555320336759,4.3,9.499122766515512,3.0,2.6666666666666665,2.0,1.3333333333333333,2.0,1.3333333333333333,0.9,1.1972189997378646,0.0,0.0,0.0,0.0,1.0,0.0
90000.0,9.140625,1.4204220173673498E-6,90000.0,47.4,39.70247873251401,32.90816326530612,18.195956454121305,90000.0,623616.0,10.0,65720.35,29595.06557959496,177390.0,173130.84544051465,0.0,0.0,3.6,10.373041983911952,3.0,2.6666666666666665,2.0,1.3333333333333333,2.0,1.3333333333333333,0.9,1.1972189997378646,0.0,0.0,0.0,0.0,1.0,0.0
91000.0,9.25,1.437784295477387E-6,91000.0,47.5,38.66507156909935,33.460076045627375,17.452830188679243,91000.0,613608.0,10.0,63645.25,33077.69260054752,176438.00000000003,173085.59278424556,0.19999999999999998,0.6324555320336759,4.8,9.016035098028894,2.6000000000000005,2.6331223544175333,1.8,1.3165611772087666,1.8,1.3165611772087666,0.7,1.1595018087284057,0.0,0.0,0.0,0.0,1.0,0.0
92000.0,9.34375,1.45268409849248E-6,92000.0,47.699999999999996,38.11705460844542,33.03457106274008,17.767295597484274,92000.0,614344.0,10.0,64645.84999999999,33079.917695873875,176495.6,173102.75362047096,0.0,0.0,2.8999999999999995,7.0624201077093804,2.6000000000000005,2.6331223544175333,1.8,1.3165611772087666,1.8,1.3165611772087666,0.7,1.1595018087284057,0.0,0.0,0.0,0.0,1.0,0.0
93000.0,9.4375,1.4675439322470791E-6,93000.0,50.7,40.852397337518056,37.515842839036765,22.239747634069403,93000.0,612696.0,10.0,65659.35,33073.73987618226,176413.19999999998,173020.1111041263,0.0,0.0,4.5,7.961713941664124,2.6000000000000005,2.6331223544175333,1.8,1.3165611772087666,1.8,1.3165611772087666,0.7,1.1595018087284057,0.0,0.0,0.0,0.0,1.0,0.0
94000.0,9.546875,1.4849274884909392E-6,94000.0,51.2,40.738365957591505,39.30348258706468,22.906793048973146,94000.0,614360.0,10.0,66644.15,33072.24166367509,176496.40000000002,173103.38257584683,0.0,0.0,3.3000000000000003,6.9610024820822725,2.6000000000000005,2.6331223544175333,1.8,1.3165611772087666,1.8,1.3165611772087666,0.7,1.1595018087284057,0.0,0.0,0.0,0.0,1.0,0.0
95000.0,9.640625,1.499646653731664E-6,95000.0,46.300000000000004,29.0158584124139,30.70967741935484,15.165876777251189,95000.0,606896.0,10.0,64370.950000000004,36311.08904638101,175676.79999999996,173168.10708964433,0.3,0.9486832980505138,5.5,10.384282995630143,2.2,2.5298221281347035,1.6,1.2649110640673518,1.6,1.2649110640673518,0.5,1.0801234497346435,0.0,0.0,0.0,0.0,1.0,0.0
96000.0,9.703125,1.5092502710305982E-6,96000.0,48.9,33.44378278968235,35.152284263959395,21.745788667687595,96000.0,593960.0,10.0,61095.65000000001,38163.08667489126,174359.2,173151.51467021438,0.10000000000000002,0.31622776601683794,3.0,5.374838498865699,1.6,1.8973665961010275,1.2999999999999998,0.9486832980505138,1.2999999999999998,0.9486832980505138,0.3,0.9486832980505138,0.0,0.0,0.0,0.0,1.0,0.0
97000.0,9.75,1.5164028284036452E-6,97000.0,51.0,36.72602368254543,39.43139678615575,24.61538461538462,97000.0,589824.0,10.0,62081.350000000006,38163.04839042605,174158.4,172936.45009546442,0.0,0.0,3.9,6.384877968032488,1.6,1.8973665961010275,1.2999999999999998,0.9486832980505138,1.2999999999999998,0.9486832980505138,0.3,0.9486832980505138,0.0,0.0,0.0,0.0,1.0,0.0
98000.0,9.875,1.5355179655469127E-6,98000.0,50.2,33.40928418991993,33.68841544607191,20.447284345047922,98000.0,591112.0,10.0,63083.84999999999,38162.919017335196,174222.8,173001.71472761402,0.0,0.0,3.3999999999999995,7.229568912920511,1.6,1.8973665961010275,1.2999999999999998,0.9486832980505138,1.2999999999999998,0.9486832980505138,0.3,0.9486832980505138,0.0,0.0,0.0,0.0,1.0,0.0
99000.0,9.953125,1.5475766526328194E-6,99000.0,47.5,30.194431776026505,33.79571248423707,17.58241758241758,99000.0,596640.0,10.0,64081.25,38161.03022563174,174499.19999999998,173282.49061533203,0.0,0.0,1.8,2.898275349237888,1.6,1.8973665961010275,1.2999999999999998,0.9486832980505138,1.2999999999999998,0.9486832980505138,0.3,0.9486832980505138,0.0,0.0,0.0,0.0,1.0,0.0
100000.0,10.03125,1.5595671074050997E-6,100000.0,48.3,31.564149674631874,33.376288659793815,19.72049689440994,100000.0,593264.0,10.0,64455.899999999994,38619.640130106694,174330.4,173111.03395597078,0.09999999999999999,0.31622776601683794,5.999999999999999,9.189365834726814,1.6,1.8973665961010275,1.2999999999999998,0.9486832980505138,1.2999999999999998,0.9486832980505138,0.3,0.9486832980505138,0.0,0.0,0.0,0.0,1.0,0.0
101000.0,10.140625,1.576314583265533E-6,101000.0,48.199999999999996,32.097632593136346,35.33083645443196,20.43010752688172,101000.0,591880.0,10.0,63865.04999999999,40655.08800354902,174262.39999999997,173039.48898578947,0.19999999999999998,0.6324555320336759,6.500000000000001,13.810221657244401,1.6,1.8973665961010275,1.2999999999999998,0.9486832980505138,1.2999999999999998,0.9486832980505138,0.3,0.9486832980505138,0.0,0.0,0.0,0.0,1.0,0.0
102000.0,10.203125,1.58586555496893E-6,102000.0,48.6,30.944144023108183,32.45729303547964,18.282988871224166,102000.0,590704.0,10.0,64860.450000000004,40660.00548770901,174203.6,172979.77119530176,0.0,0.0,6.6,12.33963802818651,1.6,1.8973665961010275,1.2999999999999998,0.9486832980505138,1.2999999999999998,0.9486832980505138,0.3,0.9486832980505138,0.0,0.0,0.0,0.0,1.0,0.0
103000.0,10.328125,1.605113146878365E-6,103000.0,46.6,30.399239865855616,32.57575757575758,19.69924812030075,103000.0,595208.0,10.0,65870.95,40656.53253586038,174428.8,173208.54576510697,0.0,0.0,3.1999999999999997,4.391911757866827,1.6,1.8973665961010275,1.2999999999999998,0.9486832980505138,1.2999999999999998,0.9486832980505138,0.3,0.9486832980505138,0.0,0.0,0.0,0.0,1.0,0.0
104000.0,10.40625,1.6171352924882538E-6,104000.0,48.8,30.102007382975472,34.19023136246786,18.987341772151897,104000.0,594832.0,10.0,66879.55000000002,40660.82520517494,174409.99999999997,173189.39764558946,0.0,0.0,2.3,5.4984846397287805,1.6,1.8973665961010275,1.2999999999999998,0.9486832980505138,1.2999999999999998,0.9486832980505138,0.3,0.9486832980505138,0.0,0.0,0.0,0.0,1.0,0.0
105000.0,10.5,1.6314153779401548E-6,105000.0,49.7,33.392833969389834,35.43003851091143,21.894409937888202,105000.0,588792.0,10.0,67036.49999999999,41919.83186047537,174100.4,172882.99873139028,0.5,1.5811388300841898,6.3999999999999995,13.500617269838688,1.6,1.8973665961010275,1.2999999999999998,0.9486832980505138,1.2999999999999998,0.9486832980505138,0.3,0.9486832980505138,0.0,0.0,0.0,0.0,1.0,0.0
106000.0,10.609375,1.6480648385671278E-6,106000.0,51.4,32.87923233729429,38.403041825095066,20.58823529411765,106000.0,588416.0,10.0,68028.59999999999,41916.01768624596,174090.39999999997,172854.56647421693,0.0,0.0,4.7,7.789594198530356,1.6,1.8973665961010275,1.2999999999999998,0.9486832980505138,1.2999999999999998,0.9486832980505138,0.3,0.9486832980505138,0.0,0.0,0.0,0.0,1.0,0.0
107000.0,10.671875,1.6576068850958514E-6,107000.0,48.9,31.170200872562503,34.403080872913996,20.52877138413686,107000.0,590152.0,10.0,69031.0,41918.23303075945,174183.19999999998,172937.6798081655,0.0,0.0,4.3,10.22035007010795,1.6,1.8973665961010275,1.2999999999999998,0.9486832980505138,1.2999999999999998,0.9486832980505138,0.3,0.9486832980505138,0.0,0.0,0.0,0.0,1.0,0.0
108000.0,10.8125,1.6791736965792048E-6,108000.0,48.1,31.68643679613337,34.22053231939163,21.004566210045656,108000.0,592824.0,10.0,70026.90000000002,41923.79609532163,174316.80000000002,173073.57541553184,0.0,0.0,4.3,7.334090869963972,1.6,1.8973665961010275,1.2999999999999998,0.9486832980505138,1.2999999999999998,0.9486832980505138,0.3,0.9486832980505138,0.0,0.0,0.0,0.0,1.0,0.0
109000.0,10.90625,1.6935473023396401E-6,109000.0,48.4,30.346042480814795,34.60076045627377,18.995290423861853,109000.0,592648.0,10.0,71020.0,41921.38206339652,174308.0,173064.59713735734,0.0,0.0,2.9,4.677368680976279,1.6,1.8973665961010275,1.2999999999999998,0.9486832980505138,1.2999999999999998,0.9486832980505138,0.3,0.9486832980505138,0.0,0.0,0.0,0.0,1.0,0.0
110000.0,11.0,1.7078562975964615E-6,110000.0,51.300000000000004,34.60418748052897,38.11944091486659,23.667711598746084,110000.0,589984.0,10.0,72023.0,41924.67631610918,174174.8,172929.06751540463,0.0,0.0,2.0999999999999996,4.724639903973871,1.6,1.8973665961010275,1.2999999999999998,0.9486832980505138,1.2999999999999998,0.9486832980505138,0.3,0.9486832980505138,0.0,0.0,0.0,0.0,1.0,0.0
111000.0,11.078125,1.7197524882956514E-6,111000.0,49.4,32.17903662063956,34.79381443298969,21.30637636080871,111000.0,588600.0,10.0,73010.9,41931.73371200786,174105.60000000003,172858.71594254443,0.0,0.0,2.6,6.552353266829661,1.6,1.8973665961010275,1.2999999999999998,0.9486832980505138,1.2999999999999998,0.9486832980505138,0.3,0.9486832980505138,0.0,0.0,0.0,0.0,1.0,0.0
112000.0,11.21875,1.741261965233005E-6,112000.0,47.099999999999994,29.224141391167063,31.917631917631912,18.489984591679505,112000.0,591248.0,10.0,74015.4,41928.634909933884,174238.0,172993.440243143,0.0,0.0,5.4,8.275801404630785,1.6,1.8973665961010275,1.2999999999999998,0.9486832980505138,1.2999999999999998,0.9486832980505138,0.3,0.9486832980505138,0.0,0.0,0.0,0.0,1.0,0.0
113000.0,11.328125,1.7579071249605882E-6,113000.0,50.1,32.44249488918674,36.7553865652725,21.044303797468356,113000.0,588264.0,10.0,74599.2,42650.189925658444,174070.00000000003,172861.33484324793,0.19999999999999998,0.6324555320336759,3.6999999999999997,6.8158312446506155,1.6,1.8973665961010275,1.2999999999999998,0.9486832980505138,1.2999999999999998,0.9486832980505138,0.3,0.9486832980505138,0.0,0.0,0.0,0.0,1.0,0.0
114000.0,11.421875,1.7723007153512704E-6,114000.0,46.1,29.608918119108502,34.10757946210269,18.94736842105263,114000.0,593472.0,10.0,75590.40000000001,42656.82667448251,174348.00000000003,173110.85329470554,0.0,0.0,3.5,5.70087712549569,1.6,1.8973665961010275,1.2999999999999998,0.9486832980505138,1.2999999999999998,0.9486832980505138,0.3,0.9486832980505138,0.0,0.0,0.0,0.0,1.0,0.0
115000.0,11.53125,1.7890760338761742E-6,115000.0,48.8,31.499701649091165,35.678391959799,20.37325038880249,115000.0,592864.0,10.0,76585.79999999999,42651.604803028036,174317.60000000003,173077.34106383284,0.0,0.0,4.7,7.103207413243369,1.6,1.8973665961010275,1.2999999999999998,0.9486832980505138,1.2999999999999998,0.9486832980505138,0.3,0.9486832980505138,0.0,0.0,0.0,0.0,1.0,0.0
116000.0,11.59375,1.7986399406153297E-6,116000.0,46.800000000000004,28.46443256965978,35.20097442143727,17.391304347826093,116000.0,591504.0,10.0,76355.15000000001,44561.87777305312,174252.0,173005.92481488208,0.19999999999999998,0.6324555320336759,4.3,10.29616973010406,1.6,1.8973665961010275,1.2999999999999998,0.9486832980505138,1.2999999999999998,0.9486832980505138,0.3,0.9486832980505138,0.0,0.0,0.0,0.0,1.0,0.0
117000.0,11.65625,1.8082262249663474E-6,117000.0,47.8,31.29789076627858,33.503184713375795,21.028744326777602,117000.0,592888.0,10.0,77356.45000000001,44561.06962416859,174321.2,173076.11645917373,0.0,0.0,2.5,6.346477588219924,1.6,1.8973665961010275,1.2999999999999998,0.9486832980505138,1.2999999999999998,0.9486832980505138,0.3,0.9486832980505138,0.0,0.0,0.0,0.0,1.0,0.0
118000.0,11.78125,1.8274192310248814E-6,118000.0,49.1,30.05859138827513,33.5509138381201,19.077901430842605,118000.0,593520.0,10.0,78351.45000000003,44561.31803006186,174352.80000000002,173108.30251170567,0.0,0.0,2.5,5.212165257037297,1.6,1.8973665961010275,1.2999999999999998,0.9486832980505138,1.2999999999999998,0.9486832980505138,0.3,0.9486832980505138,0.0,0.0,0.0,0.0,1.0,0.0
119000.0,11.890625,1.8441162279082672E-6,119000.0,50.7,31.654596470992715,37.83102143757881,20.483870967741936,119000.0,590096.0,10.0,79342.15,44560.55792345962,174181.60000000003,172934.0415809328,0.0,0.0,3.9,5.363456596884761,1.6,1.8973665961010275,1.2999999999999998,0.9486832980505138,1.2999999999999998,0.9486832980505138,0.3,0.9486832980505138,0.0,0.0,0.0,0.0,1.0,0.0
120000.0,11.96875,1.8560120952315632E-6,120000.0,50.8,33.72514524565476,36.434108527131784,22.762951334379906,120000.0,588584.0,10.0,80354.15000000001,44564.42097420082,174105.99999999997,172857.29800283848,0.0,0.0,3.1999999999999997,6.390965845976995,1.6,1.8973665961010275,1.2999999999999998,0.9486832980505138,1.2999999999999998,0.9486832980505138,0.3,0.9486832980505138,0.0,0.0,0.0,0.0,1.0,0.0
121000.0,12.0625,1.8702578381635253E-6,121000.0,50.3,33.449384038564546,34.862385321100916,22.100313479623825,121000.0,587376.0,10.0,81342.25000000001,44560.20432117359,174045.59999999998,172795.86925082258,0.0,0.0,5.300000000000001,7.557924465236618,1.6,1.8973665961010275,1.2999999999999998,0.9486832980505138,1.2999999999999998,0.9486832980505138,0.3,0.9486832980505138,0.0,0.0,0.0,0.0,1.0,0.0
122000.0,12.1875,1.889405054195474E-6,122000.0,43.6,28.889516499145163,31.05134474327628,19.886363636363637,122000.0,592104.0,10.0,81893.0,45372.91938335488,174282.00000000003,173036.59422640543,0.19999999999999998,0.6324555320336759,4.7,7.572611467944493,1.6,1.8973665961010275,1.2999999999999998,0.9486832980505138,1.2999999999999998,0.9486832980505138,0.3,0.9486832980505138,0.0,0.0,0.0,0.0,1.0,0.0
123000.0,12.3125,1.9088836658435567E-6,123000.0,41.5,31.065445405600308,28.745432399512787,19.972640218878244,123000.0,602352.0,10.0,80021.9,49764.57538186016,175193.19999999998,173170.51151959418,0.7,1.1595018087284057,10.0,11.604596790352806,2.0,2.160246899469287,1.5,1.0801234497346435,1.5,1.0801234497346435,0.5,1.0801234497346435,0.0,0.0,0.0,0.0,1.0,0.0
124000.0,12.40625,1.9234202530545495E-6,124000.0,41.699999999999996,33.066825255046396,25.637755102040817,17.422096317280452,124000.0,599368.0,10.0,74901.7,55462.455171897476,175069.60000000003,172994.32874379374,0.7,1.3374935098492586,11.7,11.508933728002589,2.0,2.160246899469287,1.5,1.0801234497346435,1.5,1.0801234497346435,0.5,1.0801234497346435,0.0,0.0,0.0,0.0,1.0,0.0
125000.0,12.515625,1.940430989230259E-6,125000.0,44.3,36.29844806093391,33.05288461538462,24.320652173913043,125000.0,601184.0,10.0,74237.34999999999,57264.88321390895,175176.4,173070.6943013081,0.3,0.9486832980505138,12.999999999999998,11.025223605694151,2.0,2.160246899469287,1.5,1.0801234497346435,1.5,1.0801234497346435,0.5,1.0801234497346435,0.0,0.0,0.0,0.0,1.0,0.0
126000.0,12.625,1.9569643255737095E-6,126000.0,44.5,37.361885779680875,31.226765799256505,25.101214574898783,126000.0,584312.0,10.0,70409.79999999999,59375.158727854316,173668.0,172843.96817817783,0.5,1.5811388300841895,12.5,9.732534213770954,1.4,1.2649110640673518,1.2000000000000002,0.6324555320336759,1.2000000000000002,0.6324555320336759,0.20000000000000004,0.6324555320336759,0.0,0.0,0.0,0.0,1.0,0.0
127000.0,12.734375,1.9735135073359644E-6,127000.0,47.4,39.367601781163145,35.5392156862745,27.94520547945205,127000.0,584872.0,10.0,71360.84999999999,59418.5710888395,173871.2,172695.5786425777,0.10000000000000002,0.31622776601683794,9.1,6.297265720577111,1.6,1.349897115421106,1.3,0.6749485577105528,1.3,0.6749485577105528,0.30000000000000004,0.674948557710553,0.0,0.0,0.0,0.0,1.0,0.0
128000.0,12.84375,1.9904140046694216E-6,128000.0,42.199999999999996,34.01457387456604,29.07975460122699,22.102425876010777,128000.0,597288.0,10.0,72182.85,59624.52119306813,174627.99999999997,173194.230286784,0.20000000000000004,0.4216370213557839,7.6000000000000005,6.05896947600094,1.7999999999999998,1.6865480854231356,1.4000000000000001,0.8432740427115678,1.4000000000000001,0.8432740427115678,0.4,0.8432740427115678,0.0,0.0,0.0,0.0,1.0,0.0
129000.0,12.9375,2.0049346817864315E-6,129000.0,43.4,33.89039822274965,29.161451814768462,19.71631205673759,129000.0,598712.0,10.0,73119.4,59698.059972357216,174987.19999999998,172999.12257082024,0.20000000000000004,0.6324555320336759,9.4,15.742370286021805,2.0,2.160246899469287,1.5,1.0801234497346435,1.5,1.0801234497346435,0.4,0.8432740427115678,0.0,0.0,0.0,0.0,1.0,0.0
130000.0,13.046875,2.021789680131608E-6,130000.0,44.5,36.77677759779095,32.399512789281374,24.796747967479675,130000.0,595680.0,10.0,73874.2,59984.660353688494,174855.59999999995,172827.62497459105,0.09999999999999999,0.31622776601683794,9.700000000000001,9.684466370889462,2.0,2.160246899469287,1.5,1.0801234497346435,1.5,1.0801234497346435,0.4,0.8432740427115678,0.0,0.0,0.0,0.0,1.0,0.0
131000.0,13.109375,2.03150324523449E-6,131000.0,45.6,37.241655389776625,34.45783132530121,23.48804500703235,131000.0,600760.0,10.0,74862.40000000001,59988.66979372899,175246.8,172959.44784516763,0.0,0.0,7.199999999999998,8.891943919451284,2.2,2.5298221281347035,1.6,1.2649110640673518,1.6,1.2649110640673518,0.5,1.0801234497346435,0.0,0.0,0.0,0.0,1.0,0.0
132000.0,13.203125,2.0461129800726973E-6,132000.0,46.0,38.033883990250665,35.018050541516246,26.027397260273972,132000.0,602384.0,10.0,75675.85,60215.93784676769,175399.2,172977.98743606533,0.09999999999999999,0.31622776601683794,7.3999999999999995,11.127543404643372,2.2,2.5298221281347035,1.6,1.2649110640673518,1.6,1.2649110640673518,0.5,1.0801234497346435,0.0,0.0,0.0,0.0,1.0,0.0
133000.0,13.296875,2.0607477442050976E-6,133000.0,46.300000000000004,36.897322425305,33.2089552238806,22.622478386167153,133000.0,603416.0,10.0,76671.45,60218.32348386904,175462.8,173019.74176911902,0.0,0.0,11.5,9.276613366717163,2.2,2.5298221281347035,1.6,1.2649110640673518,1.6,1.2649110640673518,0.5,1.0801234497346435,0.0,0.0,0.0,0.0,1.0,0.0
134000.0,13.390625,2.0754709839820866E-6,134000.0,43.7,33.987672227101164,29.800498753117203,20.367751060820368,134000.0,607064.0,10.0,77547.90000000002,60384.91349745181,175652.4,173197.45276794708,0.09999999999999999,0.31622776601683794,7.1000000000000005,6.773313648265359,2.2,2.5298221281347035,1.6,1.2649110640673518,1.6,1.2649110640673518,0.5,1.0801234497346435,0.0,0.0,0.0,0.0,1.0,0.0
135000.0,13.484375,2.0901183597743515E-6,135000.0,47.099999999999994,37.95129000323732,34.77188655980271,24.643874643874643,135000.0,603936.0,10.0,78544.20000000001,60383.72916048094,175502.00000000003,173034.45667204398,0.0,0.0,5.5,11.664285471281795,2.2,2.5298221281347035,1.6,1.2649110640673518,1.6,1.2649110640673518,0.5,1.0801234497346435,0.0,0.0,0.0,0.0,1.0,0.0
136000.0,13.59375,2.1073753790309037E-6,136000.0,42.0,32.32347511954241,29.52612393681653,19.556171983356442,136000.0,609888.0,10.0,79538.59999999999,60383.600984303506,175808.0,173327.07180053368,0.0,0.0,7.1000000000000005,6.349978127696365,2.2,2.5298221281347035,1.6,1.2649110640673518,1.6,1.2649110640673518,0.5,1.0801234497346435,0.0,0.0,0.0,0.0,1.0,0.0
137000.0,13.6875,2.122162841260434E-6,137000.0,43.2,33.7098334692982,30.81607795371498,21.32963988919667,137000.0,609712.0,10.0,80530.09999999999,60381.447769379585,175799.2,173318.183087638,0.0,0.0,0.6,1.8973665961010275,2.2,2.5298221281347035,1.6,1.2649110640673518,1.6,1.2649110640673518,0.5,1.0801234497346435,0.0,0.0,0.0,0.0,1.0,0.0
138000.0,13.796875,2.1392353745694797E-6,138000.0,47.199999999999996,38.17938282417186,34.491315136476416,24.355300859598852,138000.0,603368.0,10.0,81526.5,60380.67567612392,175482.0,172998.44803441386,0.0,0.0,3.4,5.059644256269407,2.2,2.5298221281347035,1.6,1.2649110640673518,1.6,1.2649110640673518,0.5,1.0801234497346435,0.0,0.0,0.0,0.0,1.0,0.0
139000.0,13.90625,2.1563803440787733E-6,139000.0,44.7,35.858029345241555,32.3960880195599,23.300970873786405,139000.0,605928.0,10.0,82530.99999999999,60378.75162758223,175610.0,173127.4283429162,0.0,0.0,8.0,10.011104945120804,2.2,2.5298221281347035,1.6,1.2649110640673518,1.6,1.2649110640673518,0.5,1.0801234497346435,0.0,0.0,0.0,0.0,1.0,0.0
140000.0,13.984375,2.16862545736755E-6,140000.0,44.800000000000004,36.487116204414846,30.478589420654913,23.226703755215574,140000.0,605864.0,10.0,83535.6,60381.31611368745,175618.8,173113.66178250453,0.0,0.0,2.9,4.332051092342595,2.2,2.5298221281347035,1.6,1.2649110640673518,1.6,1.2649110640673518,0.5,1.0801234497346435,0.0,0.0,0.0,0.0,1.0,0.0
141000.0,14.046875,2.17840822491174E-6,141000.0,41.5,33.26252696593194,29.09090909090909,20.40816326530612,141000.0,605040.0,10.0,83566.04999999999,61677.60621376714,175561.2,173093.19703546382,0.4000000000000001,0.8432740427115679,5.0,8.717797887081348,2.2,2.5298221281347035,1.6,1.2649110640673518,1.6,1.2649110640673518,0.5,1.0801234497346435,0.0,0.0,0.0,0.0,1.0,0.0
142000.0,14.1875,2.2006327829634156E-6,142000.0,42.9,34.746511338222206,29.068322981366464,21.241379310344826,142000.0,610904.0,10.0,83686.79999999999,62770.83397448716,176042.8,173219.62603329853,0.09999999999999999,0.31622776601683794,4.6,10.013324456276582,2.4,2.9888682361946524,1.7,1.4944341180973262,1.7,1.4944341180973262,0.6,1.2649110640673518,0.0,0.0,0.0,0.0,1.0,0.0
143000.0,14.28125,2.2154499311000113E-6,143000.0,43.6,34.98169342715644,32.85714285714286,21.44846796657382,143000.0,610936.0,10.0,84604.25,62893.537478968545,176058.8,173208.81222799138,0.09999999999999999,0.31622776601683794,7.9,12.723119813071706,2.4,2.9888682361946524,1.7,1.4944341180973262,1.7,1.4944341180973262,0.6,1.2649110640673518,0.0,0.0,0.0,0.0,1.0,0.0
144000.0,14.390625,2.2326935949321425E-6,144000.0,45.300000000000004,37.60038694604658,34.096385542168676,24.238227146814403,144000.0,609416.0,10.0,85604.54999999997,62891.50994452774,175988.8,173127.20657050196,0.0,0.0,10.200000000000001,11.659998094148882,2.4,2.9888682361946524,1.7,1.4944341180973262,1.7,1.4944341180973262,0.6,1.2649110640673518,0.0,0.0,0.0,0.0,1.0,0.0
145000.0,14.484375,2.2475082207367656E-6,145000.0,45.2,35.58882160454358,30.982367758186403,21.26436781609196,145000.0,610832.0,10.0,86470.55,63082.940661252105,176061.99999999997,173197.80961541907,0.3,0.9486832980505138,5.2,8.9044308571008,2.4,2.9888682361946524,1.7,1.4944341180973262,1.7,1.4944341180973262,0.6,1.2649110640673518,0.0,0.0,0.0,0.0,1.0,0.0
146000.0,14.578125,2.2622423259437915E-6,146000.0,47.8,39.05969814704124,35.31598513011152,25.85227272727273,146000.0,607512.0,10.0,87478.25,63079.53389080787,175902.00000000003,173024.7409652887,0.0,0.0,6.1000000000000005,7.978443178688156,2.4,2.9888682361946524,1.7,1.4944341180973262,1.7,1.4944341180973262,0.6,1.2649110640673518,0.0,0.0,0.0,0.0,1.0,0.0
147000.0,14.6875,2.2795172278872796E-6,147000.0,45.4,36.38439670037749,31.493099121706404,22.222222222222225,147000.0,610520.0,10.0,88483.74999999999,63080.23579360112,176052.40000000002,173175.87333550767,0.0,0.0,8.0,11.2644968324772,2.4,2.9888682361946524,1.7,1.4944341180973262,1.7,1.4944341180973262,0.6,1.2649110640673518,0.0,0.0,0.0,0.0,1.0,0.0
148000.0,14.8125,2.299178482240273E-6,148000.0,44.7,35.36933561313229,32.969696969696976,20.54597701149426,148000.0,608000.0,10.0,89471.45000000001,63074.75361695416,175932.40000000002,173044.04235928523,0.0,0.0,9.0,9.006170724070865,2.4,2.9888682361946524,1.7,1.4944341180973262,1.7,1.4944341180973262,0.6,1.2649110640673518,0.0,0.0,0.0,0.0,1.0,0.0
149000.0,14.921875,2.3163250362914474E-6,149000.0,44.800000000000004,35.81425202673476,32.43574051407589,23.012552301255234,149000.0,605984.0,10.0,90480.35,63074.61609477009,175831.6,172942.4641478078,0.0,0.0,2.8999999999999995,6.640783086353596,2.4,2.9888682361946524,1.7,1.4944341180973262,1.7,1.4944341180973262,0.6,1.2649110640673518,0.0,0.0,0.0,0.0,1.0,0.0
150000.0,15.0,2.3286037806731966E-6,150000.0,45.4,37.64674712444157,33.170134638922896,26.41509433962264,150000.0,607528.0,10.0,91481.65,63075.321570221444,176050.40000000002,172897.79404467772,0.0,0.0,5.6,7.026932316294058,2.5999999999999996,3.3730961708462712,1.7999999999999998,1.6865480854231356,1.7999999999999998,1.6865480854231356,0.6,1.2649110640673518,0.0,0.0,0.0,0.0,1.0,0.0
151000.0,15.078125,2.341021091625509E-6,151000.0,43.3,34.92631868888583,30.76923076923077,23.37837837837838,151000.0,614384.0,10.0,92473.25,63073.32729356823,176428.0,173212.87767368802,0.0,0.0,7.0,7.944250191875324,2.5999999999999996,3.3730961708462712,1.7999999999999998,1.6865480854231356,1.7999999999999998,1.6865480854231356,0.6,1.2649110640673518,0.0,0.0,0.0,0.0,1.0,0.0
152000.0,15.21875,2.3632159637701186E-6,152000.0,45.0,37.00866760733722,33.09002433090024,24.965893587994543,152000.0,610088.0,10.0,93139.05,63585.26809392499,176222.80000000005,172989.39426499075,0.19999999999999998,0.6324555320336759,6.999999999999999,8.793937305515279,2.5999999999999996,3.3730961708462712,1.7999999999999998,1.6865480854231356,1.7999999999999998,1.6865480854231356,0.6,1.2649110640673518,0.0,0.0,0.0,0.0,1.0,0.0
153000.0,15.28125,2.3730799633388725E-6,153000.0,46.5,38.18644815864939,33.78712871287129,25.90027700831025,153000.0,610064.0,10.0,94117.85,63580.89241296434,176221.59999999998,172988.10438396593,0.0,0.0,5.6,11.097547276563212,2.5999999999999996,3.3730961708462712,1.7999999999999998,1.6865480854231356,1.7999999999999998,1.6865480854231356,0.6,1.2649110640673518,0.0,0.0,0.0,0.0,1.0,0.0
154000.0,15.390625,2.390353733466732E-6,154000.0,44.5,35.37418926629328,31.31188118811881,21.720733427362486,154000.0,610480.0,10.0,95106.25,63580.92038031452,176242.4,173009.33180502447,0.0,0.0,3.6,5.3374983736661585,2.5999999999999996,3.3730961708462712,1.7999999999999998,1.6865480854231356,1.7999999999999998,1.6865480854231356,0.6,1.2649110640673518,0.0,0.0,0.0,0.0,1.0,0.0
155000.0,15.4375,2.3978196420810298E-6,155000.0,47.599999999999994,40.25289898863208,34.49999999999999,26.197183098591548,155000.0,615664.0,10.0,96102.25,63581.568197142595,176680.4,173122.04412598035,0.0,0.0,3.9,7.578478299324565,2.8,3.823901439919996,1.9,1.911950719959998,1.9,1.911950719959998,0.6,1.2649110640673518,0.0,0.0,0.0,0.0,1.0,0.0
156000.0,15.578125,2.4203361115521864E-6,156000.0,50.7,45.66990222786462,40.38694074969771,32.0,156000.0,618928.0,10.0,97101.05,63577.92837262994,176861.59999999998,173271.08941661633,0.0,0.0,4.8,5.138093031466052,2.8,3.823901439919996,1.9,1.911950719959998,1.9,1.911950719959998,0.6,1.2649110640673518,0.0,0.0,0.0,0.0,1.0,0.0
157000.0,15.6875,2.437737324119857E-6,157000.0,51.4,45.6411713320933,41.162227602905574,30.867709815078236,157000.0,614984.0,10.0,98103.95000000003,63578.85142128631,176682.40000000002,173059.28926919206,0.0,0.0,5.1000000000000005,5.8774522069043185,2.8,3.823901439919996,1.9,1.911950719959998,1.9,1.911950719959998,0.6,1.2649110640673518,0.0,0.0,0.0,0.0,1.0,0.0
158000.0,15.78125,2.4526897080553085E-6,158000.0,52.1,46.42231963392686,41.082410824108244,30.88023088023088,158000.0,616512.0,10.0,99092.95000000001,63576.32560157411,176776.80000000002,173121.41316477413,0.0,0.0,4.900000000000001,6.624030327359453,2.8,3.823901439919996,1.9,1.911950719959998,1.9,1.911950719959998,0.6,1.2649110640673518,0.0,0.0,0.0,0.0,1.0,0.0
159000.0,15.875,2.4676946729111185E-6,159000.0,50.5,45.31377739282605,40.0726392251816,32.098765432098766,159000.0,618680.0,10.0,100074.05,63574.71661254802,176891.19999999995,173225.12293106972,0.0,0.0,2.5,4.453463071962462,2.8,3.823901439919996,1.9,1.911950719959998,1.9,1.911950719959998,0.6,1.2649110640673518,0.0,0.0,0.0,0.0,1.0,0.0
160000.0,15.9375,2.4776378348987147E-6,160000.0,49.8,44.27435665743826,37.24999999999999,30.47091412742382,160000.0,614960.0,10.0,101058.74999999999,63578.06190476232,176711.2,173034.5821552504,0.0,0.0,4.9,6.454111523328022,2.8,3.823901439919996,1.9,1.911950719959998,1.9,1.911950719959998,0.6,1.2649110640673518,0.0,0.0,0.0,0.0,1.0,0.0
161000.0,16.046875,2.4951112573035073E-6,161000.0,52.2,47.53629105724252,41.060419235511716,34.15977961432507,161000.0,617536.0,10.0,102044.74999999999,63574.98315985869,176846.0,173158.7740968873,0.0,0.0,2.6,3.8643671323171835,2.8,3.823901439919996,1.9,1.911950719959998,1.9,1.911950719959998,0.6,1.2649110640673518,0.0,0.0,0.0,0.0,1.0,0.0
162000.0,16.125,2.507589039547991E-6,162000.0,52.7,47.59020191622631,41.891891891891895,34.030683403068345,162000.0,617376.0,10.0,103032.64999999998,63574.482441567365,176838.00000000003,173150.6789019625,0.0,0.0,1.5,2.173067468400883,2.8,3.823901439919996,1.9,1.911950719959998,1.9,1.911950719959998,0.6,1.2649110640673518,0.0,0.0,0.0,0.0,1.0,0.0
163000.0,16.1875,2.5176125281076477E-6,163000.0,51.9,47.10042121702025,41.837968561064095,33.6551724137931,163000.0,619928.0,10.0,104037.45000000003,63572.93088089334,176974.0,173271.4855443239,0.0,0.0,6.9,10.159286939107051,2.8,3.823901439919996,1.9,1.911950719959998,1.9,1.911950719959998,0.6,1.2649110640673518,0.0,0.0,0.0,0.0,1.0,0.0
164000.0,16.25,2.52776213326595E-6,164000.0,51.2,46.30163515922446,40.704738760631834,33.05898491083676,164000.0,627728.0,10.0,105025.04999999999,63572.237017572545,177758.39999999997,173269.18456989343,0.0,0.0,6.5,9.65228815704684,3.1999999999999997,3.8239014399199966,2.1,1.9119507199599983,2.1,1.9119507199599983,0.8,1.3165611772087666,0.0,0.0,0.0,0.0,1.0,0.0
164860.0,16.328125,2.5404378215575397E-6,164860.0,54.1,49.141725059500864,42.98136645962734,35.53370786516855,164860.0,627168.0,10.0,105887.05,63569.86801231092,177769.19999999998,173206.13079267266,0.0,0.0,1.1,3.4785054261852175,3.1999999999999997,3.8239014399199966,2.1,1.9119507199599983,2.1,1.9119507199599983,0.8,1.3165611772087666,0.0,0.0,0.0,0.0,1.0,0.0
