learning evaluation instances,evaluation time (cpu seconds),model cost (RAM-Hours),classified instances,classifications correct (percent),Kappa Statistic (percent),Kappa Temporal Statistic (percent),Kappa M Statistic (percent),model training instances,model serialized size (bytes),[avg] model training instances,[err] model training instances,[avg] model serialized size (bytes),[err] model serialized size (bytes),[avg] tree size (nodes),[err] tree size (nodes),[avg] tree size (leaves),[err] tree size (leaves),[avg] active learning leaves,[err] active learning leaves,[avg] tree depth,[err] tree depth,[avg] active leaf byte size estimate,[err] active leaf byte size estimate,[avg] inactive leaf byte size estimate,[err] inactive leaf byte size estimate,[avg] byte size estimate overhead,[err] byte size estimate overhead
1000.0,0.1875,2.8669989357391994E-8,1000.0,43.7,25.761243940904365,26.88311688311688,7.85597381342062,1000.0,610160.0,5994.650000000001,70.35419786974153,3000.0,0.0,1.0,0.0,1.0,0.0,1.0,0.0,0.0,0.0,0.0,0.0,0.0,0.0,1.0,0.0
2000.0,0.296875,5.1390282654513915E-8,2000.0,46.7,28.38918663282731,28.743315508021393,11.166666666666668,2000.0,804016.0,11972.800000000003,112.64597546949385,12220.0,1148.3582789539619,7.700000000000001,0.9787209698591857,4.35,0.4893604849295929,4.35,0.4893604849295929,2.3500000000000005,0.48936048492959283,0.0,0.0,0.0,0.0,1.0,0.0
3000.0,0.40625,7.764048253496487E-8,3000.0,54.0,39.495577258228934,41.3265306122449,24.713584288052378,3000.0,927720.0,17966.35,135.50229168774803,18081.199999999997,3911.147275484052,12.1,3.275105462343722,6.55,1.637552731171861,6.55,1.637552731171861,3.6999999999999997,0.8645047258706176,0.0,0.0,0.0,0.0,1.0,0.0
4000.0,0.53125,1.1086024137006864E-7,4000.0,56.49999999999999,43.115021426675256,44.515306122448976,28.57142857142856,4000.0,1027280.0,23963.600000000002,138.00587325411823,22788.4,5929.577160747903,16.100000000000005,5.08765275213588,8.55,2.54382637606794,8.55,2.54382637606794,4.25,1.019545822516343,0.0,0.0,0.0,0.0,1.0,0.0
5000.0,0.53125,1.1086024137006864E-7,5000.0,59.599999999999994,47.63855046917932,48.73096446700507,33.986928104575156,5000.0,1125624.0,29968.700000000004,132.70311145362624,27617.2,7775.224685194838,19.700000000000003,6.6261046745350125,10.350000000000001,3.3130523372675063,10.350000000000001,3.3130523372675063,4.7,0.9787209698591858,0.0,0.0,0.0,0.0,1.0,0.0
6000.0,0.53125,1.1086024137006864E-7,6000.0,60.099999999999994,50.014156391798814,49.68474148802018,37.06624605678233,6000.0,1216248.0,35986.45,161.02581519090373,32046.0,10076.571137779796,22.400000000000002,8.055073589131,11.700000000000001,4.0275367945655,11.700000000000001,4.0275367945655,4.899999999999999,1.0711528467275953,0.0,0.0,0.0,0.0,1.0,0.0
7000.0,0.71875,1.738754670239157E-7,7000.0,60.8,49.542795946947855,48.95833333333333,36.36363636363636,7000.0,1299112.0,41993.299999999996,167.29554686243128,35896.80000000001,11244.328486654482,25.300000000000004,8.832356781504554,13.150000000000002,4.416178390752277,13.150000000000002,4.416178390752277,5.35,1.1367080817685316,0.0,0.0,0.0,0.0,1.0,0.0
8000.0,0.8125,2.07790936757293E-7,8000.0,60.5,49.841397228197515,49.681528662420384,36.084142394822,8000.0,1398392.0,48006.700000000004,176.5371885676466,40743.2,11967.324467284372,29.400000000000006,9.304215230347564,15.200000000000003,4.652107615173782,15.200000000000003,4.652107615173782,5.8,1.1964860832322377,0.0,0.0,0.0,0.0,1.0,0.0
9000.0,0.921875,2.502086701699429E-7,9000.0,61.9,51.589786334343046,50.9020618556701,37.84665579119086,9000.0,1499104.0,54008.9,171.61489936544177,45654.00000000001,12893.389281251642,32.6,9.789360497364902,16.8,4.894680248682452,16.8,4.894680248682452,6.050000000000001,1.190974832912761,0.0,0.0,0.0,0.0,1.0,0.0
10000.0,1.0,2.821910311467945E-7,10000.0,61.6,51.988297147429684,51.576292559899116,39.71742543171114,10000.0,1582424.0,60015.4,184.05359631311086,49757.2,12658.109685099114,35.3,10.01630250089691,18.15,5.008151250448455,18.15,5.008151250448455,6.200000000000001,1.1964860832322377,0.0,0.0,0.0,0.0,1.0,0.0
11000.0,1.125,3.3628017667474014E-7,11000.0,62.6,52.5789326202422,53.712871287128706,39.1869918699187,11000.0,1672640.0,65978.34999999999,211.7186004806243,54191.6,12482.377499583374,39.6,9.80010741079698,20.3,4.90005370539849,20.3,4.90005370539849,6.8,0.8944271909999157,0.0,0.0,0.0,0.0,1.0,0.0
12000.0,1.203125,3.724119354349871E-7,12000.0,64.4,53.98554939444467,52.469959946595466,40.666666666666664,12000.0,1787728.0,71976.7,213.48341486179478,59819.600000000006,12911.366442422985,43.39999999999999,10.965976088745926,22.199999999999996,5.482988044372963,22.199999999999996,5.482988044372963,6.9,0.9119095061289916,0.0,0.0,0.0,0.0,1.0,0.0
13000.0,1.359375,4.4720489919806517E-7,13000.0,64.4,53.53123458111541,52.722443559096945,38.936535162950264,13000.0,1850304.0,77981.04999999997,246.49019944219023,62860.00000000001,14381.507306991596,44.89999999999999,11.451959152086275,22.949999999999996,5.725979576043137,22.949999999999996,5.725979576043137,6.949999999999999,0.9986833437344551,0.0,0.0,0.0,0.0,1.0,0.0
14000.0,1.4375,4.860717712694571E-7,14000.0,63.9,53.18716316802307,52.43741765480896,39.93344425956739,14000.0,1923056.0,83970.95000000001,248.4241862536511,66378.0,14235.633836849069,47.599999999999994,11.37124721206494,24.299999999999997,5.68562360603247,24.299999999999997,5.68562360603247,7.249999999999999,1.0699237552766379,0.0,0.0,0.0,0.0,1.0,0.0
15000.0,1.59375,5.67371381394979E-7,15000.0,66.2,56.249296170260145,56.83269476372925,43.28859060402685,15000.0,2011272.0,89952.25,255.02071639275573,70664.4,15041.88285526712,51.199999999999996,11.998245485771747,26.099999999999998,5.9991227428858735,26.099999999999998,5.9991227428858735,7.499999999999999,1.1470786693528088,0.0,0.0,0.0,0.0,1.0,0.0
16000.0,1.71875,6.348030163078672E-7,16000.0,65.8,57.87378394424558,55.984555984555996,46.05678233438486,16000.0,2085240.0,95954.00000000001,250.79116915536832,74271.2,15535.60038512564,53.199999999999996,12.412218089235171,27.099999999999998,6.206109044617586,27.099999999999998,6.206109044617586,7.6000000000000005,1.142481141154959,0.0,0.0,0.0,0.0,1.0,0.0
17000.0,1.84375,7.045060434999565E-7,17000.0,64.9,56.59593411485384,54.942233632862646,43.84,17000.0,2155480.0,101954.24999999999,279.205616554877,77683.59999999999,16130.130701986198,55.60000000000001,12.946854932051219,28.300000000000004,6.473427466025609,28.300000000000004,6.473427466025609,7.8,1.0052493799000692,0.0,0.0,0.0,0.0,1.0,0.0
18000.0,1.96875,7.76423031412479E-7,18000.0,65.60000000000001,57.13123201599105,56.838143036386455,45.13556618819777,18000.0,2223944.0,107940.25,282.08507022191674,81008.0,17035.77748523136,58.9,13.999624055102712,29.95,6.999812027551356,29.95,6.999812027551356,8.1,1.2096106376585989,0.0,0.0,0.0,0.0,1.0,0.0
19000.0,2.078125,8.426263229921461E-7,19000.0,67.80000000000001,58.65848053225281,56.95187165775402,45.7912457912458,19000.0,2339720.0,113932.65000000001,286.9597945430874,86640.00000000001,18002.380941946187,63.6,14.597764789244456,32.3,7.298882394622228,32.3,7.298882394622228,8.3,1.1285761872936695,0.0,0.0,0.0,0.0,1.0,0.0
20000.0,2.21875,9.307925938628614E-7,20000.0,65.60000000000001,57.18261614215372,55.8408215661104,43.97394136807818,20000.0,2423496.0,119926.04999999997,287.87323142039537,90776.0,18796.798473200302,67.59999999999998,16.06696512789682,34.29999999999999,8.03348256394841,34.29999999999999,8.03348256394841,8.349999999999998,1.1367080817685316,0.0,0.0,0.0,0.0,1.0,0.0
21000.0,2.3125,9.920220084798833E-7,21000.0,63.0,54.83354329632125,53.517587939698494,42.00626959247649,21000.0,2524592.0,125933.5,297.64735404236467,95724.40000000001,20146.839392713428,69.9,16.019396138168847,35.45,8.009698069084424,35.45,8.009698069084424,8.499999999999998,0.9999999999999997,0.0,0.0,0.0,0.0,1.0,0.0
22000.0,2.4375,1.0765273731926249E-6,22000.0,67.4,59.38656268297849,58.52417302798983,46.818923327895604,22000.0,2613224.0,131941.15,307.3375094856474,100048.8,20589.771261222737,73.39999999999999,16.803508405593224,37.199999999999996,8.401754202796612,37.199999999999996,8.401754202796612,8.549999999999999,0.9445132413883324,0.0,0.0,0.0,0.0,1.0,0.0
23000.0,2.625,1.2077844843992756E-6,23000.0,65.2,57.16965248342171,56.390977443609025,44.4976076555024,23000.0,2705976.0,137940.35,337.9271604791176,104611.19999999998,22017.760088762792,76.1,17.22269005212539,38.55,8.611345026062695,38.55,8.611345026062695,8.549999999999999,0.9445132413883324,0.0,0.0,0.0,0.0,1.0,0.0
24000.0,2.78125,1.3189979815959103E-6,24000.0,65.2,57.33307177362007,55.49872122762148,45.28301886792453,24000.0,2751312.0,143944.2,347.54713425133804,106809.6,22384.355228361477,77.2,17.446459450800358,39.1,8.723229725400179,39.1,8.723229725400179,8.65,0.9333020044867296,0.0,0.0,0.0,0.0,1.0,0.0
25000.0,2.9375,1.4325213528031276E-6,25000.0,66.3,57.66921949326162,57.070063694267525,44.57236842105264,25000.0,2808456.0,149926.94999999998,377.10412843697316,109565.59999999999,22872.055021012227,79.39999999999999,17.382386729705807,40.199999999999996,8.691193364852904,40.199999999999996,8.691193364852904,8.750000000000002,0.9665456669582609,0.0,0.0,0.0,0.0,1.0,0.0
26000.0,3.0625,1.5249395962908036E-6,26000.0,67.30000000000001,58.886283483475935,58.343949044586,45.860927152317885,26000.0,2857920.0,155917.19999999998,368.3065942505256,111993.20000000001,22878.343300344564,81.19999999999999,16.706758796178395,41.099999999999994,8.353379398089197,41.099999999999994,8.353379398089197,8.850000000000003,0.9880869341680844,0.0,0.0,0.0,0.0,1.0,0.0
27000.0,3.1875,1.6192352308684754E-6,27000.0,67.9,59.813263125476524,58.84615384615386,47.20394736842106,27000.0,2915976.0,161909.55,351.4315797750086,114774.79999999999,22488.408732640815,83.69999999999999,17.535227701011348,42.349999999999994,8.767613850505674,42.349999999999994,8.767613850505674,9.0,1.1239029738980326,0.0,0.0,0.0,0.0,1.0,0.0
28000.0,3.296875,1.647269398543156E-6,28000.0,57.49999999999999,48.25592013149084,46.406052963430014,34.10852713178294,28000.0,990768.0,26254.100000000002,61016.47356928765,18875.6,39561.50520046369,12.8,29.55743739337289,6.9,14.778718696686445,6.9,14.778718696686445,1.3,3.1970381029288575,0.0,0.0,0.0,0.0,1.0,0.0
29000.0,3.453125,1.6821464588348237E-6,29000.0,48.1,34.2521979274874,33.71647509578544,19.158878504672895,29000.0,862824.0,6912.95,1160.5496644625814,13310.8,3479.4422057504985,8.500000000000002,2.585384019118976,4.750000000000001,1.292692009559488,4.750000000000001,1.292692009559488,2.75,0.9665456669582609,0.0,0.0,0.0,0.0,1.0,0.0
30000.0,3.5625,1.7088095450566875E-6,30000.0,53.800000000000004,42.78595258912141,43.451652386780914,30.000000000000004,30000.0,942312.0,12928.400000000001,1165.804822519845,16975.599999999995,3811.537918644278,10.9,2.552604449123328,5.95,1.276302224561664,5.95,1.276302224561664,3.4499999999999997,0.6863327411532597,0.0,0.0,0.0,0.0,1.0,0.0
31000.0,3.640625,1.7290274910111395E-6,31000.0,56.8,48.61638923085157,46.46840148698884,34.84162895927601,31000.0,1000344.0,18940.899999999994,1172.020293519293,19521.2,4869.894126159213,12.700000000000001,3.853911205379201,6.8500000000000005,1.9269556026896004,6.8500000000000005,1.9269556026896004,3.95,1.0990426455975697,0.0,0.0,0.0,0.0,1.0,0.0
32000.0,3.765625,1.762133162830853E-6,32000.0,60.0,53.95047373450146,50.06242197253433,43.01994301994302,32000.0,1023752.0,24965.95,1172.3366444391036,20649.600000000002,5772.141355820988,13.4,4.523622209550311,7.2,2.2618111047751555,7.2,2.2618111047751555,4.15,1.2680278927697548,0.0,0.0,0.0,0.0,1.0,0.0
33000.0,3.921875,1.8052608356811109E-6,33000.0,57.8,52.09390502786954,49.03381642512076,40.226628895184135,33000.0,1066936.0,30968.0,1169.3784223838072,22639.600000000002,7242.212851710013,15.099999999999998,5.674504383644442,8.049999999999999,2.837252191822221,8.049999999999999,2.837252191822221,4.450000000000001,1.190974832912761,0.0,0.0,0.0,0.0,1.0,0.0
34000.0,4.0625,1.8474721582606438E-6,34000.0,59.9,53.73692577833873,49.368686868686865,40.14925373134328,34000.0,1160296.0,36976.850000000006,1203.7658136907396,27043.2,8940.47624776455,18.599999999999998,7.2140214348973135,9.799999999999999,3.6070107174486568,9.799999999999999,3.6070107174486568,4.949999999999999,0.998683343734455,0.0,0.0,0.0,0.0,1.0,0.0
35000.0,4.15625,1.8772605108097198E-6,35000.0,62.6,56.121826458304,53.59801488833747,42.46153846153846,35000.0,1228224.0,42977.95,1213.061740737917,30413.599999999995,10290.28086364175,20.9,7.772420878708864,10.95,3.886210439354432,10.95,3.886210439354432,5.2,0.8944271909999157,0.0,0.0,0.0,0.0,1.0,0.0
36000.0,4.3125,1.929401963328322E-6,36000.0,61.5,55.214331413947534,52.702702702702695,42.19219219219219,36000.0,1289928.0,48971.95,1233.56251201657,33419.6,11292.219577632806,22.900000000000002,8.765362453850292,11.950000000000001,4.382681226925146,11.950000000000001,4.382681226925146,5.6000000000000005,1.0954451150103324,0.0,0.0,0.0,0.0,1.0,0.0
37000.0,4.421875,1.96742100848092E-6,37000.0,60.0,53.92342072524535,51.92307692307692,41.60583941605839,37000.0,1343648.0,54970.750000000015,1250.203430814784,36047.200000000004,12748.385117958647,25.4,10.085946449861494,13.2,5.042973224930747,13.2,5.042973224930747,5.799999999999999,1.1516578439248717,0.0,0.0,0.0,0.0,1.0,0.0
38000.0,4.546875,2.0135028494728938E-6,38000.0,60.3,53.485320342029354,51.526251526251535,39.296636085626915,38000.0,1425024.0,60946.850000000006,1222.0456652248065,39982.0,13839.851991907093,28.1,10.867140232927209,14.549999999999999,5.433570116463605,14.549999999999999,5.433570116463605,5.95,1.234376040972246,0.0,0.0,0.0,0.0,1.0,0.0
39000.0,4.65625,2.0559058692823683E-6,39000.0,61.8,54.87300649734199,52.605459057071954,42.12121212121212,39000.0,1498584.0,66964.74999999999,1208.8282658491182,43420.40000000001,14236.169437479717,30.900000000000002,10.73067418296971,15.950000000000005,5.365337091484855,15.950000000000005,5.365337091484855,6.35,1.0894228312566052,0.0,0.0,0.0,0.0,1.0,0.0
40000.0,4.78125,2.106587408990082E-6,40000.0,60.8,52.98379020215771,51.18306351183064,37.67885532591414,40000.0,1567264.0,72976.8,1218.0785386483883,46782.0,13513.912768542998,33.300000000000004,10.203714493932306,17.150000000000002,5.101857246966153,17.150000000000002,5.101857246966153,6.65,1.0399898784932577,0.0,0.0,0.0,0.0,1.0,0.0
41000.0,4.890625,2.153649661017375E-6,41000.0,57.9,50.36155885928268,47.766749379652595,36.69172932330826,41000.0,1663248.0,78971.05000000002,1231.1433058233674,51498.399999999994,14182.175226225643,37.10000000000001,10.61230665932619,19.050000000000004,5.306153329663095,19.050000000000004,5.306153329663095,6.749999999999999,1.164157703189193,0.0,0.0,0.0,0.0,1.0,0.0
42000.0,5.015625,2.2110636281366977E-6,42000.0,62.4,55.53174453933371,52.64483627204031,42.85714285714286,42000.0,1775456.0,84976.49999999999,1192.0366693405977,57050.4,13149.900997826242,41.19999999999999,9.881401988744202,21.099999999999994,4.940700994372101,21.099999999999994,4.940700994372101,6.8500000000000005,1.0894228312566057,0.0,0.0,0.0,0.0,1.0,0.0
43000.0,5.125,2.263556784277575E-6,43000.0,62.9,57.561975530074946,54.756097560975604,45.680819912152266,43000.0,1855184.0,90944.74999999999,1173.1172542014976,61014.4,13701.331869182415,44.400000000000006,10.644494499876203,22.700000000000003,5.322247249938101,22.700000000000003,5.322247249938101,7.050000000000001,0.9445132413883326,0.0,0.0,0.0,0.0,1.0,0.0
44000.0,5.234375,2.319027973701143E-6,44000.0,62.9,56.72121815189103,54.36654366543666,43.87291981845688,44000.0,1960432.0,96935.54999999999,1173.4884779556774,66224.0,11726.049956355608,48.00000000000001,9.119095061289917,24.500000000000004,4.559547530644958,24.500000000000004,4.559547530644958,7.150000000000001,0.9333020044867297,0.0,0.0,0.0,0.0,1.0,0.0
45000.0,5.34375,2.3768141788120075E-6,45000.0,62.2,55.38780741695405,52.926525529265255,41.57650695517774,45000.0,2042248.0,102980.45000000001,1178.02982157767,70221.20000000001,12433.008229793193,50.599999999999994,9.724629610048478,25.799999999999997,4.862314805024239,25.799999999999997,4.862314805024239,7.25,0.9104654680003262,0.0,0.0,0.0,0.0,1.0,0.0
46000.0,5.53125,2.4788541486486796E-6,46000.0,62.2,57.36795626719239,53.39087546239211,46.23044096728307,46000.0,2103640.0,108972.85,1183.8750500836359,73196.0,12597.570225204041,52.800000000000004,10.092206477225256,26.900000000000002,5.046103238612628,26.900000000000002,5.046103238612628,7.4,1.046296727561194,0.0,0.0,0.0,0.0,1.0,0.0
47000.0,5.671875,2.5579330394975846E-6,47000.0,63.3,56.885462177272416,53.83647798742138,44.054878048780495,47000.0,2173704.0,114965.15,1208.3070485949363,76626.8,13772.670610573987,55.800000000000004,11.358280077361604,28.400000000000002,5.679140038680802,28.400000000000002,5.679140038680802,7.6,1.142481141154959,0.0,0.0,0.0,0.0,1.0,0.0
48000.0,5.828125,2.6492931970602113E-6,48000.0,64.5,58.133336478247024,55.68039950062422,44.53125000000001,48000.0,2260160.0,120961.90000000001,1235.4065983140517,80847.20000000001,15881.582188182638,58.599999999999994,13.291865339768014,29.8,6.645932669884009,29.8,6.645932669884009,7.649999999999999,1.1821033884786183,0.0,0.0,0.0,0.0,1.0,0.0
49000.0,5.984375,2.7435899311159227E-6,49000.0,66.2,59.817395025916596,57.37704918032788,46.60347551342813,49000.0,2332808.0,126946.9,1257.435648662114,84412.4,18087.23813661241,61.900000000000006,14.55985829890561,31.450000000000006,7.279929149452806,31.450000000000006,7.279929149452806,7.849999999999999,1.2680278927697544,0.0,0.0,0.0,0.0,1.0,0.0
50000.0,6.109375,2.821206613185092E-6,50000.0,60.0,53.99956529589205,50.37220843672456,41.77583697234352,50000.0,2400200.0,132911.69999999995,1244.5806776412212,87705.6,19163.08532020545,63.69999999999999,15.644403741308025,32.35,7.8222018706540135,32.35,7.8222018706540135,7.8999999999999995,1.2523661815266243,0.0,0.0,0.0,0.0,1.0,0.0
51000.0,6.28125,2.9317328395942856E-6,51000.0,62.7,56.02415959575238,53.664596273291934,42.703533026113675,51000.0,2485736.0,138901.30000000002,1254.8447628879735,91808.00000000001,19243.929744207657,66.60000000000001,15.336231610144653,33.800000000000004,7.668115805072326,33.800000000000004,7.668115805072326,7.950000000000001,1.3562719801759993,0.0,0.0,0.0,0.0,1.0,0.0
52000.0,6.421875,3.0248421050297728E-6,52000.0,63.0,56.84401443975949,53.34174022698613,43.93939393939394,52000.0,2559368.0,144937.80000000002,1282.8241295549535,95434.79999999999,20136.266108690557,69.89999999999999,15.927136723545956,35.449999999999996,7.963568361772978,35.449999999999996,7.963568361772978,8.200000000000001,1.281446551034375,0.0,0.0,0.0,0.0,1.0,0.0
53000.0,6.515625,3.0890139169059704E-6,53000.0,64.3,58.93426952462678,56.727272727272734,47.73060029282576,53000.0,2645912.0,150925.95,1281.7524383272687,99663.2,19738.73049189281,72.9,15.279501231870654,36.95,7.639750615935327,36.95,7.639750615935327,8.25,1.2513150976809202,0.0,0.0,0.0,0.0,1.0,0.0
54000.0,6.6875,3.20995258840008E-6,54000.0,63.3,57.14734424460809,54.46650124069479,44.3939393939394,54000.0,2719912.0,156933.40000000002,1276.213082356922,103278.79999999999,19417.824263181225,75.19999999999999,15.188638413041021,38.099999999999994,7.5943192065205105,38.099999999999994,7.5943192065205105,8.35,1.1821033884786185,0.0,0.0,0.0,0.0,1.0,0.0
55000.0,6.859375,3.3332560431315677E-6,55000.0,65.60000000000001,60.22376445068325,56.6204287515763,48.96142433234422,55000.0,2773096.0,162933.7,1295.0438765174206,105894.0,19061.005639787218,77.80000000000003,15.070361292075392,39.40000000000001,7.535180646037696,39.40000000000001,7.535180646037696,8.45,1.145931016569864,0.0,0.0,0.0,0.0,1.0,0.0
56000.0,7.015625,3.448662108793442E-6,56000.0,63.7,58.44233157982106,55.240443896424175,46.69603524229075,56000.0,2855032.0,168935.74999999997,1317.2842827495285,109927.2,19253.470614274636,80.8,15.035396831967452,40.9,7.517698415983726,40.9,7.517698415983726,8.5,1.1002392084403616,0.0,0.0,0.0,0.0,1.0,0.0
57000.0,7.15625,3.555972006223683E-6,57000.0,65.3,59.83233763061726,56.51629072681704,48.28614008941878,57000.0,2949712.0,174927.69999999998,1321.3049809304339,114580.4,20698.874737785296,84.5,16.76933291206867,42.75,8.384666456034335,42.75,8.384666456034335,8.600000000000001,1.1424811411549585,0.0,0.0,0.0,0.0,1.0,0.0
58000.0,7.3125,3.6801085742707893E-6,58000.0,62.9,56.18784667399625,54.14091470951793,42.1216848673947,58000.0,3071016.0,180927.19999999998,1342.2004948669355,118413.2,21869.292447823293,87.60000000000001,17.842586548391523,44.300000000000004,8.921293274195762,44.300000000000004,8.921293274195762,8.7,1.1742858972247994,0.0,0.0,0.0,0.0,1.0,0.0
59000.0,7.484375,3.7252166010956807E-6,59000.0,49.5,38.909541361869636,37.189054726368155,23.484848484848484,59000.0,1014480.0,32189.449999999993,67079.71123378434,19487.2,39791.2150177583,13.400000000000002,29.93747871112307,7.200000000000001,14.968739355561535,7.200000000000001,14.968739355561535,1.4000000000000001,3.1854934344701817,0.0,0.0,0.0,0.0,1.0,0.0
60000.0,7.578125,3.7455966553857765E-6,60000.0,51.0,41.6965124995538,38.05309734513275,27.514792899408285,60000.0,840304.0,9814.4,2500.925921165578,12101.199999999999,5433.526969318896,7.7,4.168806468093842,4.35,2.084403234046921,4.35,2.084403234046921,2.3000000000000003,1.260743306232687,0.0,0.0,0.0,0.0,1.0,0.0
61000.0,7.703125,3.7754755531851625E-6,61000.0,53.900000000000006,46.233423916212786,42.230576441102755,31.703703703703706,61000.0,923968.0,15823.0,2532.863492903676,15966.0,7771.263827311759,10.200000000000001,5.890223836332985,5.6000000000000005,2.9451119181664924,5.6000000000000005,2.9451119181664924,3.0999999999999996,1.5861240410775603,0.0,0.0,0.0,0.0,1.0,0.0
62000.0,7.8125,3.8055057909029234E-6,62000.0,54.6,46.07243398624492,42.31257941550191,32.23880597014926,62000.0,1061312.0,21822.85,2545.0115349754105,22578.0,8264.727689977068,15.399999999999999,6.107803464249217,8.2,3.0539017321246087,8.2,3.0539017321246087,3.9999999999999996,1.1697953037312037,0.0,0.0,0.0,0.0,1.0,0.0
63000.0,7.9375,3.842436352796439E-6,63000.0,56.89999999999999,49.91161899360704,44.74358974358974,37.98561151079136,63000.0,1142032.0,27838.449999999997,2560.900447622199,26488.8,10305.252588135001,18.0,7.986831266792265,9.5,3.9934156333961326,9.5,3.9934156333961326,4.3999999999999995,1.353358395757909,0.0,0.0,0.0,0.0,1.0,0.0
64000.0,8.046875,3.877413530264878E-6,64000.0,54.6,47.88581713661263,43.81188118811881,34.77011494252874,64000.0,1236144.0,33809.15,2555.9216954276776,30901.199999999997,12725.775656641048,21.200000000000003,9.923921126566645,11.100000000000001,4.961960563283323,11.100000000000001,4.961960563283323,4.8999999999999995,1.5183093090324964,0.0,0.0,0.0,0.0,1.0,0.0
65000.0,8.1875,3.925199400530094E-6,65000.0,58.9,52.9183735188189,50.481927710843365,40.69264069264069,65000.0,1313528.0,39797.85,2558.609105600767,34596.00000000001,12923.60542817514,24.0,9.872876187339044,12.5,4.936438093669522,12.5,4.936438093669522,5.300000000000001,1.3416407864998738,0.0,0.0,0.0,0.0,1.0,0.0
66000.0,8.328125,3.976476566296899E-6,66000.0,59.8,53.822879729278014,49.17825537294564,41.1420204978038,66000.0,1409496.0,45771.15,2556.4821486401556,39309.60000000001,13258.82245466054,27.100000000000005,10.083336958097071,14.050000000000002,5.0416684790485355,14.050000000000002,5.0416684790485355,5.749999999999999,1.3717065820970682,0.0,0.0,0.0,0.0,1.0,0.0
67000.0,8.46875,4.029882968299919E-6,67000.0,60.8,55.00149229744932,51.90184049079755,42.35294117647059,67000.0,1468024.0,51777.65,2562.21280341817,42182.4,14611.942420679847,29.499999999999996,11.0667829205477,15.249999999999998,5.53339146027385,15.249999999999998,5.53339146027385,5.9,1.3726654823065192,0.0,0.0,0.0,0.0,1.0,0.0
68000.0,8.5625,4.066724149096344E-6,68000.0,56.89999999999999,50.46301564150394,45.373891001267424,36.71071953010278,68000.0,1519024.0,57756.299999999996,2590.5588118965256,44678.8,14445.538118631723,31.299999999999994,10.667708282475669,16.149999999999995,5.333854141237834,16.149999999999995,5.333854141237834,6.049999999999999,1.050062654772261,0.0,0.0,0.0,0.0,1.0,0.0
69000.0,8.71875,4.130744815079703E-6,69000.0,61.7,55.99147866333596,51.9447929736512,43.09063893016344,69000.0,1583808.0,63740.7,2593.213594628954,47795.2,14426.546618172893,33.699999999999996,10.998085957876585,17.349999999999998,5.499042978938292,17.349999999999998,5.499042978938292,6.3999999999999995,0.8825799501580877,0.0,0.0,0.0,0.0,1.0,0.0
70000.0,8.8125,4.170749000170165E-6,70000.0,61.9,56.52992418408036,52.552926525529266,45.33715925394547,70000.0,1649440.0,69753.85,2581.1368624370884,50938.399999999994,14898.760126442172,36.3,10.921249205586617,18.65,5.460624602793309,18.65,5.460624602793309,6.55,0.8870412083230168,0.0,0.0,0.0,0.0,1.0,0.0
71000.0,8.96875,4.240804507086675E-6,71000.0,61.3,56.00517933857709,53.597122302158276,43.75,71000.0,1733104.0,75747.35,2567.4527469643394,55035.200000000004,14265.412074037862,39.29999999999999,10.428200631990768,20.149999999999995,5.214100315995384,20.149999999999995,5.214100315995384,6.7,0.8013147091860318,0.0,0.0,0.0,0.0,1.0,0.0
72000.0,9.109375,4.307294245033215E-6,72000.0,60.5,54.04930335253956,51.65238678090576,40.0606980273141,72000.0,1827656.0,81761.4,2574.3998053710957,59660.4,13986.191921433008,43.2,10.501127758985048,22.1,5.250563879492524,22.1,5.250563879492524,6.9,0.7880689256524123,0.0,0.0,0.0,0.0,1.0,0.0
73000.0,9.21875,4.361493952779307E-6,73000.0,58.8,53.278976673508495,49.38574938574938,40.20319303338171,73000.0,1915496.0,87766.25,2582.648413731022,63964.799999999996,13051.46706655898,46.4,10.323198198844755,23.7,5.161599099422378,23.7,5.161599099422378,7.1,0.7181848464596079,0.0,0.0,0.0,0.0,1.0,0.0
74000.0,9.359375,4.434129255565092E-6,74000.0,57.4,50.719255930174036,47.08074534161491,36.70133729569093,74000.0,1996584.0,93758.09999999999,2600.463155103843,67916.79999999997,13676.019710273504,48.599999999999994,10.292562465453544,24.799999999999997,5.146281232726772,24.799999999999997,5.146281232726772,7.3500000000000005,0.7451598203705946,0.0,0.0,0.0,0.0,1.0,0.0
75000.0,9.46875,4.493408778216691E-6,75000.0,57.199999999999996,51.559873919858745,46.56679151061173,38.59397417503586,75000.0,2095024.0,99779.94999999998,2588.560410221949,72103.99999999999,12380.283408030602,52.1,9.141576508055465,26.55,4.5707882540277325,26.55,4.5707882540277325,7.499999999999999,0.6882472016116853,0.0,0.0,0.0,0.0,1.0,0.0
76000.0,9.609375,4.573031328618527E-6,76000.0,62.0,56.80699090218829,53.431372549019606,45.086705202312146,76000.0,2188648.0,105800.75,2591.567009704645,76076.0,13426.522440382885,54.7,10.05825139140157,27.85,5.029125695700785,27.85,5.029125695700785,7.55,0.6863327411532597,0.0,0.0,0.0,0.0,1.0,0.0
77000.0,9.75,4.655665252357722E-6,77000.0,59.699999999999996,54.49695423161389,49.99999999999999,42.998585572843,77000.0,2271424.0,111770.6,2594.3245627411593,80111.59999999999,12641.492643380036,57.599999999999994,9.132936346859614,29.299999999999997,4.566468173429807,29.299999999999997,4.566468173429807,7.85,0.6708203932499369,0.0,0.0,0.0,0.0,1.0,0.0
78000.0,9.859375,4.7219199283669405E-6,78000.0,61.3,55.4928903630032,50.888324873096444,42.92035398230089,78000.0,2341536.0,117774.8,2562.711816149365,83515.2,12042.290504280058,60.099999999999994,8.837122656278188,30.549999999999997,4.418561328139094,30.549999999999997,4.418561328139094,7.85,0.6708203932499369,0.0,0.0,0.0,0.0,1.0,0.0
79000.0,10.03125,4.829205604942724E-6,79000.0,58.699999999999996,53.52030251192941,49.634146341463406,41.41843971631205,79000.0,2412856.0,123781.84999999998,2569.732389814776,87005.2,12561.915314909082,62.89999999999999,8.908304818361461,31.95,4.454152409180732,31.95,4.454152409180732,7.9,0.7181848464596078,0.0,0.0,0.0,0.0,1.0,0.0
80000.0,10.203125,4.9399836764981365E-6,80000.0,61.5,55.742344575161,53.38983050847457,43.21533923303835,80000.0,2491400.0,129752.5,2601.9612137567933,90672.39999999998,11973.905797278729,65.4,8.623102384689753,33.2,4.311551192344877,33.2,4.311551192344877,7.95,0.8255779474818965,0.0,0.0,0.0,0.0,1.0,0.0
81000.0,10.328125,5.023360329990587E-6,81000.0,62.6,57.60930056479373,53.712871287128706,46.799431009957324,81000.0,2578320.0,135730.75000000003,2599.02777116043,94598.8,11821.26206460207,68.4,9.201830481514335,34.7,4.600915240757168,34.7,4.600915240757168,8.0,0.7947194142390263,0.0,0.0,0.0,0.0,1.0,0.0
82000.0,10.484375,5.130864382307564E-6,82000.0,59.699999999999996,54.57097186556614,50.61274509803921,42.42857142857142,82000.0,2659544.0,141718.5,2598.3712205918537,98137.2,12390.517331708488,70.99999999999999,9.926042302422132,35.99999999999999,4.963021151211066,35.99999999999999,4.963021151211066,8.149999999999999,0.7451598203705947,0.0,0.0,0.0,0.0,1.0,0.0
83000.0,10.609375,5.219299410883752E-6,83000.0,62.1,56.68823874265614,52.14646464646465,43.517138599105806,83000.0,2734744.0,147725.8,2570.961597698827,101831.2,12707.006909161328,74.2,9.698616287632833,37.6,4.849308143816416,37.6,4.849308143816416,8.2,0.8335087534664907,0.0,0.0,0.0,0.0,1.0,0.0
84000.0,10.765625,5.333217947433393E-6,84000.0,64.60000000000001,58.85782822794623,56.51105651105651,46.20060790273557,84000.0,2818232.0,153736.15,2569.0955458456983,105856.0,12192.843733755857,77.20000000000002,10.071324587529112,39.10000000000001,5.035662293764556,39.10000000000001,5.035662293764556,8.499999999999998,1.0000000000000002,0.0,0.0,0.0,0.0,1.0,0.0
85000.0,10.90625,5.43756391076992E-6,85000.0,65.2,59.87325483250543,57.03703703703703,47.59036144578314,85000.0,2868240.0,159697.65,2555.253870897535,108412.4,13588.553814845323,78.3,10.26542485084865,39.65,5.132712425424325,39.65,5.132712425424325,8.499999999999998,1.0000000000000002,0.0,0.0,0.0,0.0,1.0,0.0
86000.0,11.125,5.602557729515765E-6,86000.0,62.5,57.389123659035725,54.32399512789282,45.730824891461644,86000.0,2915560.0,165686.85,2552.0449236064137,110567.2,13931.091261899352,79.49999999999999,10.318608637337029,40.24999999999999,5.159304318668514,40.24999999999999,5.159304318668514,8.549999999999999,0.9986833437344549,0.0,0.0,0.0,0.0,1.0,0.0
87000.0,11.234375,5.686834758509779E-6,87000.0,63.0,57.9366685386744,54.037267080745345,46.220930232558146,87000.0,2978472.0,171710.59999999998,2535.827746100814,113561.6,15265.21182434444,83.0,12.191455161192549,42.0,6.095727580596274,42.0,6.095727580596274,8.65,0.8750939799154206,0.0,0.0,0.0,0.0,1.0,0.0
88000.0,11.421875,5.835625181336784E-6,88000.0,60.5,54.536612989177414,51.88794153471377,41.740412979351035,88000.0,3067440.0,177691.1,2510.8994593047432,117865.20000000001,17270.37983186363,86.0,13.258562278173699,43.5,6.629281139086849,43.5,6.629281139086849,8.75,0.9665456669582612,0.0,0.0,0.0,0.0,1.0,0.0
89000.0,11.59375,5.975869134999812E-6,89000.0,59.099999999999994,54.01999062412523,49.93880048959608,42.2316384180791,89000.0,3154088.0,183717.09999999998,2505.316597284978,121974.8,16928.34449455456,88.1,12.95295129954641,44.55,6.476475649773205,44.55,6.476475649773205,8.75,0.9665456669582612,0.0,0.0,0.0,0.0,1.0,0.0
90000.0,11.78125,6.027455868509909E-6,90000.0,51.9,44.28472474800711,38.64795918367348,25.19440124416797,90000.0,1063504.0,30252.549999999996,68272.23713038003,22321.2,47133.72726682198,15.4,35.330618896064465,8.200000000000001,17.665309448032232,8.200000000000001,17.665309448032232,1.25,3.0586374675490293,0.0,0.0,0.0,0.0,1.0,0.0
91000.0,11.9375,6.066370923589502E-6,91000.0,45.9,32.78601352728068,31.43219264892269,14.937106918239,91000.0,962720.0,26602.9,56972.86574825267,16744.0,42259.873155960784,11.299999999999999,31.836919977978564,6.1499999999999995,15.918459988989282,6.1499999999999995,15.918459988989282,0.85,2.621269278723372,0.0,0.0,0.0,0.0,1.0,0.0
92000.0,12.046875,6.089976296708402E-6,92000.0,46.6,32.23651233764998,31.626120358514726,16.03773584905661,92000.0,834248.0,22809.3,41181.162456561186,11010.399999999998,35601.40970360879,6.8999999999999995,26.385602134497514,3.95,13.192801067248757,3.95,13.192801067248757,0.39999999999999997,1.7888543819998315,0.0,0.0,0.0,0.0,1.0,0.0
93000.0,12.171875,6.122185311849333E-6,93000.0,49.3,34.83985641634633,35.741444866920155,20.031545741324923,93000.0,996024.0,28813.0,41192.16236258135,18888.0,34512.51377017968,12.799999999999999,25.603453714396878,6.9,12.801726857198439,6.9,12.801726857198439,2.3,1.5593520921743174,0.0,0.0,0.0,0.0,1.0,0.0
94000.0,12.265625,6.148484891228792E-6,94000.0,55.2,42.54141378903466,44.278606965174134,29.225908372827814,94000.0,1084376.0,34809.700000000004,41212.89979082303,23184.000000000004,35344.8682078683,15.600000000000003,26.037220322170782,8.3,13.018610161085391,8.3,13.018610161085391,3.3999999999999995,1.6670175069329811,0.0,0.0,0.0,0.0,1.0,0.0
95000.0,12.421875,6.1968331445112E-6,95000.0,55.2,42.887884327568585,42.19354838709678,29.225908372827814,95000.0,1196088.0,40770.850000000006,41222.5830178135,28494.8,34671.7888197003,19.599999999999994,25.646175461254913,10.299999999999997,12.823087730627456,10.299999999999997,12.823087730627456,4.3500000000000005,1.2680278927697552,0.0,0.0,0.0,0.0,1.0,0.0
96000.0,12.515625,6.22781164970042E-6,96000.0,55.1,43.205319726221816,43.020304568527926,31.240428790199093,96000.0,1277296.0,46778.600000000006,41228.77057717418,32432.399999999994,34031.45081337494,22.099999999999998,25.616400996236763,11.549999999999999,12.808200498118381,11.549999999999999,12.808200498118381,4.600000000000001,1.313893370663573,0.0,0.0,0.0,0.0,1.0,0.0
97000.0,12.671875,6.282116163573745E-6,97000.0,59.4,49.18775499987485,49.81458590852905,37.53846153846154,97000.0,1343440.0,52759.0,41223.080841990246,35605.600000000006,33980.14767540167,24.700000000000003,25.74592456251955,12.850000000000001,12.872962281259776,12.850000000000001,12.872962281259776,5.25,1.3327849749579581,0.0,0.0,0.0,0.0,1.0,0.0
98000.0,12.796875,6.327425524230219E-6,98000.0,58.8,47.55534057205412,45.139813581890806,34.18530351437699,98000.0,1401136.0,58762.600000000006,41238.95241841651,38233.2,35335.17616617663,26.5,26.674450618325274,13.749999999999998,13.337225309162637,13.749999999999998,13.337225309162637,5.550000000000001,1.5035046776746235,0.0,0.0,0.0,0.0,1.0,0.0
99000.0,12.9375,6.3812332680552375E-6,99000.0,56.00000000000001,44.77398754402392,44.514501891551085,30.926216640502364,99000.0,1479056.0,64753.249999999985,41240.50031969085,42059.6,36116.76907855525,29.900000000000006,27.784698553056327,15.450000000000005,13.892349276528163,15.450000000000005,13.892349276528163,5.9,1.7137217117324381,0.0,0.0,0.0,0.0,1.0,0.0
100000.0,13.0625,6.432281645377064E-6,100000.0,58.599999999999994,48.77429508975634,46.64948453608247,35.71428571428571,100000.0,1578608.0,70748.35,41240.506483023644,46923.6,36843.614381242296,33.00000000000001,27.93224885890482,17.000000000000004,13.96612442945241,17.000000000000004,13.96612442945241,5.95,1.700619082322051,0.0,0.0,0.0,0.0,1.0,0.0
101000.0,13.171875,6.479008427251959E-6,101000.0,57.9,48.59101527249814,47.44069912609238,35.33026113671275,101000.0,1651392.0,76726.80000000002,41252.36566690193,50505.200000000004,37452.948572842695,35.9,28.70888364252431,18.45,14.354441821262155,18.45,14.354441821262155,6.249999999999999,1.371706582097068,0.0,0.0,0.0,0.0,1.0,0.0
102000.0,13.3125,6.5418028518454076E-6,102000.0,57.4,46.94682727082523,44.02102496714848,32.27344992050874,102000.0,1726080.0,82698.55,41270.113120724156,54165.2,37588.397965889766,38.3,28.26398117001473,19.65,14.131990585007365,19.65,14.131990585007365,6.6000000000000005,1.3138933706635725,0.0,0.0,0.0,0.0,1.0,0.0
103000.0,13.40625,6.586066091484908E-6,103000.0,56.39999999999999,47.19452760902634,44.94949494949495,34.436090225563895,103000.0,1825048.0,88701.25,41276.7529882136,58801.2,36483.42987338658,41.1,27.34169747935617,21.05,13.670848739678085,21.05,13.670848739678085,6.749999999999999,1.164157703189193,0.0,0.0,0.0,0.0,1.0,0.0
104000.0,13.546875,6.65522465068433E-6,104000.0,59.5,49.86631016042781,47.94344473007712,35.91772151898734,104000.0,1901016.0,94726.9,41278.925891141065,62505.19999999999,35677.0953998279,43.89999999999999,26.560556430442805,22.449999999999996,13.280278215221403,22.449999999999996,13.280278215221403,6.749999999999999,1.164157703189193,0.0,0.0,0.0,0.0,1.0,0.0
105000.0,13.6875,6.725932988855574E-6,105000.0,62.6,54.798873114152194,51.98973042362003,41.92546583850932,105000.0,1943616.0,100732.24999999999,41277.46284899303,64593.99999999999,35470.31165414402,45.59999999999999,26.462286968040896,23.299999999999994,13.231143484020448,23.299999999999994,13.231143484020448,6.849999999999999,1.1821033884786183,0.0,0.0,0.0,0.0,1.0,0.0
106000.0,13.8125,6.790861176947752E-6,106000.0,60.6,50.586689007168694,50.06337135614702,35.62091503267973,106000.0,2007824.0,106717.5,41282.494662100005,67808.40000000001,35478.04572793834,47.800000000000004,26.249010006394325,24.400000000000002,13.124505003197163,24.400000000000002,13.124505003197163,7.05,1.145931016569864,0.0,0.0,0.0,0.0,1.0,0.0
107000.0,13.96875,6.874156986466712E-6,107000.0,60.699999999999996,51.57074675936823,49.55070603337612,38.88024883359253,107000.0,2060656.0,112710.95000000001,41301.00140938983,70394.80000000002,35437.98813583793,49.99999999999999,26.000000000000004,25.499999999999996,13.000000000000002,25.499999999999996,13.000000000000002,7.15,1.0894228312566052,0.0,0.0,0.0,0.0,1.0,0.0
108000.0,14.140625,6.970834931255214E-6,108000.0,59.099999999999994,50.99695438283719,48.162230671736374,37.74733637747335,108000.0,2174288.0,118724.15,41322.538377061064,75983.2,34477.89681215305,53.89999999999999,25.632832564177487,27.449999999999996,12.816416282088744,27.449999999999996,12.816416282088744,7.300000000000001,1.0310954828418375,0.0,0.0,0.0,0.0,1.0,0.0
109000.0,14.265625,7.043072190653119E-6,109000.0,60.0,50.74480019012506,49.30291508238277,37.20565149136578,109000.0,2233848.0,124702.50000000001,41314.72308167864,78589.59999999999,34819.572001360015,55.6,25.777182892913977,28.299999999999997,12.888591446456989,28.299999999999997,12.888591446456989,7.450000000000001,0.9445132413883326,0.0,0.0,0.0,0.0,1.0,0.0
110000.0,14.40625,7.127357756770733E-6,110000.0,61.8,53.314887417995514,51.46124523506989,40.12539184952978,110000.0,2316824.0,130698.0,41293.88766289497,82659.2,33948.34281607712,58.400000000000006,25.190641537138976,29.700000000000003,12.595320768569488,29.700000000000003,12.595320768569488,7.500000000000001,0.9459053029269174,0.0,0.0,0.0,0.0,1.0,0.0
111000.0,14.546875,7.214321748405281E-6,111000.0,60.8,52.08971933375377,49.48453608247423,39.0357698289269,111000.0,2390448.0,136697.3,41287.91383507565,86274.80000000002,33373.379043782785,61.199999999999996,24.74203752831669,31.1,12.371018764158345,31.1,12.371018764158345,7.550000000000001,0.998683343734455,0.0,0.0,0.0,0.0,1.0,0.0
112000.0,14.6875,7.304935651417408E-6,112000.0,59.4,51.25441831873366,47.74774774774775,37.442218798151,112000.0,2490776.0,142656.40000000002,41266.33393406658,91210.39999999998,33895.84155584498,65.0,24.954695792681246,33.0,12.477347896340623,33.0,12.477347896340623,7.6499999999999995,0.9880869341680844,0.0,0.0,0.0,0.0,1.0,0.0
113000.0,14.796875,7.377177405740238E-6,113000.0,62.5,54.04867899142365,52.47148288973384,40.664556962025316,113000.0,2553128.0,148635.34999999998,41265.05152544181,94190.80000000002,34261.39373697457,66.69999999999999,25.24219525026759,33.849999999999994,12.621097625133794,33.849999999999994,12.621097625133794,7.75,0.910465468000326,0.0,0.0,0.0,0.0,1.0,0.0
114000.0,14.96875,7.4941214148162136E-6,114000.0,58.099999999999994,49.861850851570736,48.77750611246943,36.99248120300751,114000.0,2630072.0,154639.8,41267.75676966219,97918.8,35597.67138688177,69.9,27.78469855305633,35.45,13.892349276528165,35.45,13.892349276528165,7.75,0.910465468000326,0.0,0.0,0.0,0.0,1.0,0.0
115000.0,15.125,7.604288144244087E-6,115000.0,60.6,52.33924778268633,50.502512562814076,38.72472783825817,115000.0,2725416.0,160646.95,41275.95670410892,102583.2,36406.02396885785,73.39999999999999,27.84619410827608,37.199999999999996,13.92309705413804,37.199999999999996,13.92309705413804,7.75,0.910465468000326,0.0,0.0,0.0,0.0,1.0,0.0
116000.0,15.28125,7.71821670544644E-6,116000.0,57.9,48.855505261444335,48.721071863581,34.62732919254658,116000.0,2818480.0,166655.5,41260.922781603826,106912.0,36191.7688112119,76.60000000000001,27.14173325730187,38.800000000000004,13.570866628650935,38.800000000000004,13.570866628650935,7.799999999999999,0.951453182187509,0.0,0.0,0.0,0.0,1.0,0.0
117000.0,15.390625,7.799521360235909E-6,117000.0,61.3,54.27229137176036,50.70063694267516,41.452344931921324,117000.0,2873424.0,172647.20000000004,41221.44563414074,109548.79999999999,36011.98971336893,78.6,26.806126558170085,39.8,13.403063279085043,39.8,13.403063279085043,7.95,1.0990426455975697,0.0,0.0,0.0,0.0,1.0,0.0
118000.0,15.578125,7.942489464767277E-6,118000.0,61.7,52.743994600723774,50.0,39.109697933227345,118000.0,2947408.0,178661.34999999998,41187.92351147169,113149.2,36008.51045838441,81.10000000000001,27.830123777548746,41.050000000000004,13.915061888774373,41.050000000000004,13.915061888774373,8.249999999999998,0.966545666958261,0.0,0.0,0.0,0.0,1.0,0.0
119000.0,15.75,8.076193981752213E-6,119000.0,61.9,53.169825142764424,51.9546027742749,38.54838709677419,119000.0,3007016.0,184670.40000000002,41196.10812021728,116073.2,36310.79598425964,83.09999999999998,28.033626424819094,42.04999999999999,14.016813212409547,42.04999999999999,14.016813212409547,8.3,0.9787209698591857,0.0,0.0,0.0,0.0,1.0,0.0
120000.0,15.921875,8.212506945710628E-6,120000.0,62.0,54.41141538158845,50.90439276485789,40.34536891679748,120000.0,3065680.0,190671.1,41199.46610780802,118979.19999999998,36580.37524137771,85.10000000000001,28.175950924969968,43.050000000000004,14.087975462484984,43.050000000000004,14.087975462484984,8.3,0.9787209698591857,0.0,0.0,0.0,0.0,1.0,0.0
121000.0,16.09375,8.351530090698765E-6,121000.0,62.9,55.209789618812366,51.37614678899083,41.84952978056427,121000.0,3126632.0,196647.1,41223.10021015938,121922.0,37005.25184917747,86.69999999999999,28.211792980204127,43.849999999999994,14.105896490102063,43.849999999999994,14.105896490102063,8.449999999999998,0.9445132413883328,0.0,0.0,0.0,0.0,1.0,0.0
122000.0,16.28125,8.382689427687889E-6,122000.0,48.8,40.76028162006746,37.408312958435204,27.272727272727277,122000.0,642376.0,2367.2499999999995,542.4294157331732,3037.6000000000004,10.733126291998985,1.0,0.0,1.0,0.0,1.0,0.0,0.0,0.0,0.0,0.0,0.0,0.0,1.0,0.0
123000.0,16.375,8.398643953518735E-6,123000.0,42.1,35.31087648734707,29.476248477466505,20.793433652530776,123000.0,657832.0,8366.599999999999,563.2284195879846,3037.6000000000004,10.733126291998985,1.0,0.0,1.0,0.0,1.0,0.0,0.0,0.0,0.0,0.0,0.0,0.0,1.0,0.0
124000.0,16.515625,8.430302227174657E-6,124000.0,43.2,34.05118464042802,27.55102040816326,19.54674220963173,124000.0,870216.0,14385.099999999999,540.3729608724939,13470.0,2176.515225381111,9.200000000000001,1.5761378513048248,5.1000000000000005,0.7880689256524124,5.1000000000000005,0.7880689256524124,2.95,0.6048053188292994,0.0,0.0,0.0,0.0,1.0,0.0
125000.0,16.640625,8.460605394146923E-6,125000.0,49.0,41.6389833282029,38.70192307692307,30.706521739130434,125000.0,937088.0,20394.149999999994,517.4778179837894,16452.000000000004,2974.3668410710807,10.900000000000002,2.291862033139728,5.950000000000001,1.145931016569864,5.950000000000001,1.145931016569864,3.5999999999999996,0.6805570473787206,0.0,0.0,0.0,0.0,1.0,0.0
126000.0,16.734375,8.484524086169486E-6,126000.0,50.2,44.30589261549817,38.28996282527881,32.79352226720648,126000.0,986208.0,26389.300000000003,550.6470930211393,18802.399999999998,5407.227039123805,12.500000000000002,4.346807661043362,6.750000000000001,2.173403830521681,6.750000000000001,2.173403830521681,3.8,0.8335087534664907,0.0,0.0,0.0,0.0,1.0,0.0
127000.0,16.875,8.522800570871268E-6,127000.0,52.2,45.911754688308,41.42156862745098,34.52054794520548,127000.0,1052136.0,32362.05,562.2819553999764,21817.6,6633.774938663664,15.100000000000001,5.3301525602734365,8.05,2.6650762801367183,8.05,2.6650762801367183,4.2,0.7677718959499146,0.0,0.0,0.0,0.0,1.0,0.0
128000.0,17.0,8.559597125794325E-6,128000.0,46.0,39.36923797237258,33.742331288343564,27.22371967654987,128000.0,1137888.0,38355.75000000001,562.2299468704009,24809.200000000004,6891.947655359152,17.0,5.109330989268041,8.999999999999998,2.554665494634021,8.999999999999998,2.554665494634021,4.5,0.8885233166386384,0.0,0.0,0.0,0.0,1.0,0.0
129000.0,17.109375,8.594045292637829E-6,129000.0,51.7,44.72596437742897,39.549436795995,31.48936170212766,129000.0,1217448.0,44370.05,553.9167213675038,28617.6,7093.299005325192,19.700000000000003,5.439620729812927,10.350000000000001,2.7198103649064636,10.350000000000001,2.7198103649064636,4.750000000000001,0.966545666958261,0.0,0.0,0.0,0.0,1.0,0.0
130000.0,17.21875,8.629661945936581E-6,130000.0,53.800000000000004,48.612195593996304,43.727161997563954,37.398373983739845,130000.0,1258744.0,50382.700000000004,533.5434772399183,30681.6,7549.732755116848,21.300000000000004,6.027131638638206,11.150000000000002,3.013565819319103,11.150000000000002,3.013565819319103,5.0,0.9733285267845752,0.0,0.0,0.0,0.0,1.0,0.0
131000.0,17.34375,8.673083567474451E-6,131000.0,53.900000000000006,48.17959759940019,44.45783132530121,35.16174402250352,131000.0,1342760.0,56371.000000000015,539.4391824654044,34911.600000000006,8764.2829135916,24.799999999999997,7.702357807157086,12.899999999999999,3.851178903578543,12.899999999999999,3.851178903578543,5.250000000000001,1.332784974957958,0.0,0.0,0.0,0.0,1.0,0.0
132000.0,17.46875,8.719154025634958E-6,132000.0,54.400000000000006,49.62806512119091,45.12635379061372,37.534246575342465,132000.0,1424672.0,62403.5,545.8658501095206,38867.200000000004,10870.123814721173,27.400000000000002,9.028609498349356,14.200000000000001,4.514304749174678,14.200000000000001,4.514304749174678,5.55,1.3168942730211068,0.0,0.0,0.0,0.0,1.0,0.0
133000.0,17.59375,8.766847830783161E-6,133000.0,57.4,51.71272471719072,47.01492537313432,38.61671469740634,133000.0,1474872.0,68388.65000000001,537.7982673045584,41297.6,12053.541075682195,28.8,9.174334910642383,14.9,4.587167455321191,14.9,4.587167455321191,5.85,1.2258187382102497,0.0,0.0,0.0,0.0,1.0,0.0
134000.0,17.734375,8.822771423082385E-6,134000.0,53.6,47.81978934489095,42.14463840399002,34.37057991513438,134000.0,1537216.0,74393.34999999999,523.9885771153492,44235.2,12526.701122423507,31.2,9.666001187014638,16.1,4.833000593507319,16.1,4.833000593507319,5.999999999999999,1.1239029738980326,0.0,0.0,0.0,0.0,1.0,0.0
135000.0,17.859375,8.874238378161357E-6,135000.0,58.5,53.42792887827519,48.82860665844636,40.883190883190885,135000.0,1591552.0,80352.55,541.387056307076,46878.399999999994,12888.80995854033,33.300000000000004,10.1830612706644,17.150000000000002,5.0915306353322,17.150000000000002,5.0915306353322,6.35,1.0399898784932577,0.0,0.0,0.0,0.0,1.0,0.0
136000.0,18.0,8.936012422458992E-6,136000.0,53.300000000000004,47.933216266688966,43.25637910085056,35.22884882108183,136000.0,1698032.0,86358.55,536.6934315544432,52067.2,13568.666170339118,37.0,10.280282609263024,19.0,5.140141304631512,19.0,5.140141304631512,6.549999999999999,1.0990426455975697,0.0,0.0,0.0,0.0,1.0,0.0
137000.0,18.125,8.993007811821169E-6,137000.0,55.1,49.82130124876789,45.31059683313034,37.81163434903048,137000.0,1762512.0,92371.29999999999,555.7087556019211,55235.19999999998,13507.548398853456,39.0,10.031529242711125,20.0,5.0157646213555624,20.0,5.0157646213555624,6.599999999999999,1.0462967275611939,0.0,0.0,0.0,0.0,1.0,0.0
138000.0,18.25,9.052904788404703E-6,138000.0,57.599999999999994,52.373142945721106,47.39454094292803,39.25501432664756,138000.0,1852240.0,98374.59999999999,549.1084065148372,59610.8,14470.161769728256,42.3,11.262887355334215,21.65,5.631443677667107,21.65,5.631443677667107,6.8500000000000005,0.8750939799154206,0.0,0.0,0.0,0.0,1.0,0.0
139000.0,18.40625,9.132066237119337E-6,139000.0,55.900000000000006,50.76817279589893,46.08801955990221,38.834951456310684,139000.0,1958376.0,104328.65,537.3941291082394,64576.00000000001,14151.720445901527,46.300000000000004,11.206670945656006,23.650000000000002,5.603335472828003,23.650000000000002,5.603335472828003,6.949999999999999,0.8870412083230169,0.0,0.0,0.0,0.0,1.0,0.0
140000.0,18.5,9.181986485297481E-6,140000.0,56.39999999999999,51.43127358117493,45.088161209068005,39.36022253129345,140000.0,2058296.0,110323.15,520.5377052928831,68823.20000000001,15866.485863041798,49.400000000000006,13.100421849374888,25.200000000000003,6.550210924687444,25.200000000000003,6.550210924687444,7.299999999999999,1.0310954828418377,0.0,0.0,0.0,0.0,1.0,0.0
141000.0,18.671875,9.276398179483496E-6,141000.0,54.50000000000001,49.945655282878555,44.84848484848486,38.0952380952381,141000.0,2123320.0,116330.79999999999,520.3808928892483,71938.4,16839.31782091199,51.3,13.111264742880254,26.15,6.555632371440127,26.15,6.555632371440127,7.399999999999999,1.046296727561194,0.0,0.0,0.0,0.0,1.0,0.0
142000.0,18.8125,9.355752392568522E-6,142000.0,56.10000000000001,51.604386252118005,45.46583850931678,39.44827586206897,142000.0,2181272.0,122343.00000000001,551.872696991081,74761.59999999999,17033.053113223556,52.89999999999999,13.368856188525394,26.949999999999996,6.684428094262697,26.949999999999996,6.684428094262697,7.449999999999998,1.050062654772261,0.0,0.0,0.0,0.0,1.0,0.0
143000.0,18.90625,9.409911322614385E-6,143000.0,56.49999999999999,51.19740257991846,48.2142857142857,39.4150417827298,143000.0,2233064.0,128327.55,555.8543424315405,77311.6,18221.37728458989,54.3,14.041667317403286,27.65,7.020833658701643,27.65,7.020833658701643,7.449999999999998,1.050062654772261,0.0,0.0,0.0,0.0,1.0,0.0
144000.0,19.0625,9.501882983992497E-6,144000.0,56.8,52.15639542739178,47.951807228915655,40.16620498614957,144000.0,2275288.0,134312.44999999995,571.4574603129942,79397.59999999999,18784.136482961527,55.7,14.528012868067568,28.35,7.264006434033784,28.35,7.264006434033784,7.55,1.050062654772261,0.0,0.0,0.0,0.0,1.0,0.0
145000.0,19.25,9.615398788203796E-6,145000.0,58.199999999999996,52.81187063679138,47.3551637279597,39.94252873563218,145000.0,2340224.0,140331.90000000002,602.9336089836912,82552.79999999999,18622.131014919913,58.20000000000001,14.413444016648228,29.600000000000005,7.206722008324114,29.600000000000005,7.206722008324114,7.75,1.118033988749895,0.0,0.0,0.0,0.0,1.0,0.0
146000.0,19.375,9.693389551507102E-6,146000.0,61.5,56.62538755497872,52.29244114002478,45.31250000000001,146000.0,2411768.0,146311.30000000002,603.7380139379014,86076.40000000002,17399.146640901065,61.300000000000004,13.254989130214526,31.150000000000002,6.627494565107263,31.150000000000002,6.627494565107263,7.8,1.0052493799000692,0.0,0.0,0.0,0.0,1.0,0.0
147000.0,19.515625,9.783454847315119E-6,147000.0,59.199999999999996,53.895283532706095,48.80803011292346,41.88034188034188,147000.0,2475696.0,152313.55,592.987660739644,89229.19999999998,16665.732385883755,63.39999999999999,13.03598259070881,32.2,6.517991295354405,32.2,6.517991295354405,7.9,0.9119095061289914,0.0,0.0,0.0,0.0,1.0,0.0
148000.0,19.6875,9.89559210009045E-6,148000.0,58.8,53.33041837240966,50.06060606060606,40.804597701149426,148000.0,2521968.0,158280.75,596.8029627237003,91491.2,17565.078157945576,65.10000000000001,13.540970967284515,33.050000000000004,6.770485483642258,33.050000000000004,6.770485483642258,7.95,0.9445132413883327,0.0,0.0,0.0,0.0,1.0,0.0
149000.0,19.796875,9.968857015741781E-6,149000.0,56.99999999999999,51.568831952857316,47.368421052631575,40.027894002789395,149000.0,2589288.0,164276.0,592.2982890047048,94773.20000000001,17727.734612302003,67.3,13.677103417563854,34.15,6.838551708781927,34.15,6.838551708781927,8.049999999999999,1.050062654772261,0.0,0.0,0.0,0.0,1.0,0.0
150000.0,19.984375,1.009728989124091E-5,150000.0,59.3,55.22680319374803,50.18359853121175,45.14824797843665,150000.0,2647752.0,170268.3,594.4041775726279,97582.8,18461.46498606162,69.4,14.503720030972817,35.2,7.251860015486408,35.2,7.251860015486408,8.2,0.9514531821875089,0.0,0.0,0.0,0.0,1.0,0.0
151000.0,20.125,1.0196524639872626E-5,151000.0,58.9,54.70026121747181,49.81684981684982,44.45945945945945,151000.0,2727744.0,176280.89999999997,609.7110532219824,101319.99999999999,17592.06979235097,72.0,13.787866519440009,36.5,6.893933259720004,36.5,6.893933259720004,8.299999999999999,0.801314709186032,0.0,0.0,0.0,0.0,1.0,0.0
152000.0,20.296875,1.0322010396824527E-5,152000.0,59.199999999999996,54.844778927563496,50.364963503649626,44.33833560709412,152000.0,2822176.0,182328.7,613.9980370275503,105925.6,18184.967784003995,75.9,14.356000029329383,38.45,7.178000014664692,38.45,7.178000014664692,8.499999999999998,0.8271701918685113,0.0,0.0,0.0,0.0,1.0,0.0
153000.0,20.46875,1.045065737950305E-5,153000.0,61.0,56.79991492906324,51.732673267326724,45.98337950138504,153000.0,2893272.0,188320.69999999998,629.042137321752,109338.00000000001,18511.38167097262,78.00000000000001,14.385665379851316,39.50000000000001,7.192832689925658,39.50000000000001,7.192832689925658,8.650000000000002,1.039989878493258,0.0,0.0,0.0,0.0,1.0,0.0
154000.0,20.640625,1.0581649581177365E-5,154000.0,55.900000000000006,50.54673333699655,45.42079207920792,37.7997179125529,154000.0,2946016.0,194301.05,661.0720539595633,111874.4,18572.802680546793,79.6,13.993983669683498,40.3,6.996991834841749,40.3,6.996991834841749,8.650000000000002,1.039989878493258,0.0,0.0,0.0,0.0,1.0,0.0
155000.0,20.78125,1.0691205421203952E-5,155000.0,58.199999999999996,53.22501230920729,47.74999999999999,41.12676056338028,155000.0,3011448.0,200300.95,657.8850863502718,115023.6,19635.325841050115,81.7,14.829203052015124,41.35,7.414601526007562,41.35,7.414601526007562,8.75,1.1180339887498951,0.0,0.0,0.0,0.0,1.0,0.0
156000.0,20.953125,1.0826906557970988E-5,156000.0,57.9,53.1028429034353,49.09310761789601,41.93103448275861,156000.0,3051920.0,206289.3,661.7693269601255,116993.59999999999,18592.424055314346,83.30000000000001,14.484474446799926,42.150000000000006,7.242237223399963,42.150000000000006,7.242237223399963,8.75,1.1180339887498951,0.0,0.0,0.0,0.0,1.0,0.0
157000.0,21.09375,1.0939988036019104E-5,157000.0,57.8,51.99739739443693,48.91041162227602,39.97155049786628,157000.0,3108360.0,212281.25,685.5944692861731,119736.0,20013.25152571613,85.4,15.92878889901783,43.2,7.964394449508915,43.2,7.964394449508915,8.75,1.1180339887498951,0.0,0.0,0.0,0.0,1.0,0.0
158000.0,21.25,1.1068317495907343E-5,158000.0,58.099999999999994,52.57664982892507,48.46248462484625,39.53823953823953,158000.0,3174744.0,218284.24999999997,666.9185916547382,122987.20000000001,20379.029617928845,87.70000000000002,15.937707686985274,44.35000000000001,7.968853843492637,44.35000000000001,7.968853843492637,8.75,1.1180339887498951,0.0,0.0,0.0,0.0,1.0,0.0
159000.0,21.40625,1.119880710676726E-5,159000.0,58.699999999999996,53.775262714321045,49.99999999999999,43.34705075445815,159000.0,3228184.0,224269.95,673.1800005629202,125582.80000000002,21206.285665985175,89.89999999999998,16.676172727640633,45.44999999999999,8.338086363820317,45.44999999999999,8.338086363820317,8.75,1.1180339887498951,0.0,0.0,0.0,0.0,1.0,0.0
160000.0,21.5625,1.1331575224176046E-5,160000.0,58.4,53.45037877516309,47.99999999999999,42.38227146814404,160000.0,3284552.0,230275.05000000002,664.0624158204224,128345.20000000001,21978.00320799245,91.30000000000001,17.122161693332757,46.150000000000006,8.561080846666378,46.150000000000006,8.561080846666378,8.799999999999999,1.0563093645728083,0.0,0.0,0.0,0.0,1.0,0.0
161000.0,21.75,1.1493255539486803E-5,161000.0,58.699999999999996,54.03526930546513,49.075215782983975,43.1129476584022,161000.0,3333176.0,236289.75000000003,675.7379494417836,130721.99999999999,22392.244352853395,92.80000000000001,17.410220833570268,46.900000000000006,8.705110416785134,46.900000000000006,8.705110416785134,8.85,0.9880869341680844,0.0,0.0,0.0,0.0,1.0,0.0
162000.0,21.984375,1.1699151558180647E-5,162000.0,60.9,56.103864319402206,51.96560196560196,45.46722454672245,162000.0,3395776.0,242308.75000000006,673.8027881868809,133697.19999999998,22513.95738694228,95.3,17.122161693332753,48.15,8.561080846666377,48.15,8.561080846666377,8.9,0.9679060415469871,0.0,0.0,0.0,0.0,1.0,0.0
163000.0,22.140625,1.1839425553464224E-5,163000.0,56.00000000000001,51.40822283305523,46.795646916565914,39.31034482758621,163000.0,3470240.0,248324.54999999996,668.4601688720334,136996.8,22549.82157847491,97.7,16.40635306985168,49.35,8.20317653492584,49.35,8.20317653492584,9.0,0.9733285267845753,0.0,0.0,0.0,0.0,1.0,0.0
164000.0,22.3125,1.1995761985114462E-5,164000.0,60.699999999999996,56.28276706724111,52.24787363304982,46.090534979423865,164000.0,3516008.0,254282.29999999996,692.8678844218172,139222.80000000002,21603.71075727988,99.7,16.173727884572887,50.35,8.086863942286444,50.35,8.086863942286444,9.1,0.9119095061289914,0.0,0.0,0.0,0.0,1.0,0.0
164860.0,22.453125,1.2125869203979768E-5,164860.0,60.0,55.192716127933764,50.31055900621118,43.82022471910113,164860.0,3576360.0,259416.15,706.4119325302004,142152.00000000003,20770.512539605155,102.19999999999999,15.153946854306895,51.599999999999994,7.5769734271534475,51.599999999999994,7.5769734271534475,9.3,0.8645047258706172,0.0,0.0,0.0,0.0,1.0,0.0
