learning evaluation instances,evaluation time (cpu seconds),model cost (RAM-Hours),classified instances,classifications correct (percent),Kappa Statistic (percent),Kappa Temporal Statistic (percent),Kappa M Statistic (percent),model training instances,model serialized size (bytes),[avg] model training instances,[err] model training instances,[avg] model serialized size (bytes),[err] model serialized size (bytes),[avg] tree size (nodes),[err] tree size (nodes),[avg] tree size (leaves),[err] tree size (leaves),[avg] active learning leaves,[err] active learning leaves,[avg] tree depth,[err] tree depth,[avg] active leaf byte size estimate,[err] active leaf byte size estimate,[avg] inactive leaf byte size estimate,[err] inactive leaf byte size estimate,[avg] byte size estimate overhead,[err] byte size estimate overhead
1000.0,0.3125,8.46384662306971E-8,1000.0,49.9,31.402939952242203,34.935064935064936,18.003273322422256,1000.0,1067560.0,5986.525,74.16958651699869,6051.799999999999,4266.674866979299,3.15,3.0174704978057707,2.0749999999999997,1.5087352489028854,2.0749999999999997,1.5087352489028854,0.7999999999999997,1.1140133037920332,0.0,0.0,0.0,0.0,1.0,0.0
2000.0,0.625,1.890830592148834E-7,2000.0,51.5,31.626775236768722,35.160427807486634,19.166666666666664,2000.0,1291928.0,11981.95,103.82701343074814,11277.400000000001,6254.914034540137,7.15,4.736925325404817,4.075000000000001,2.368462662702409,4.075000000000001,2.368462662702409,2.0749999999999997,1.5752492680240344,0.0,0.0,0.0,0.0,1.0,0.0
3000.0,0.828125,2.661949515135752E-7,3000.0,55.300000000000004,38.08975738663985,42.98469387755103,26.841243862520464,3000.0,1467440.0,17992.999999999996,118.09535477957145,15300.199999999999,7708.053461419593,9.95,5.746570883846899,5.475,2.8732854419234495,5.475,2.8732854419234495,2.9249999999999994,1.7155024680683841,0.0,0.0,0.0,0.0,1.0,0.0
4000.0,0.984375,3.3430082516537773E-7,4000.0,55.1,37.84744523930811,42.729591836734706,26.272577996715935,4000.0,1684872.0,24003.024999999998,146.70474228959446,20685.2,7685.922620159334,13.899999999999999,6.323744427927459,7.449999999999999,3.161872213963729,7.449999999999999,3.161872213963729,3.825,1.278771445668228,0.0,0.0,0.0,0.0,1.0,0.0
5000.0,1.265625,4.6758821958469024E-7,5000.0,58.3,43.508871274735185,47.08121827411168,31.86274509803921,5000.0,1831888.0,30007.124999999996,135.22235960987177,24330.00000000001,9774.946395026473,16.450000000000003,7.4968369398409695,8.725000000000001,3.7484184699204848,8.725000000000001,3.7484184699204848,4.05,1.175606771863484,0.0,0.0,0.0,0.0,1.0,0.0
6000.0,1.53125,6.020549335516989E-7,6000.0,59.3,46.900669025477235,48.675914249684745,35.80441640378548,6000.0,1956808.0,35988.32499999999,169.45650489515637,27145.399999999998,10940.114453064638,18.15,8.349881006368463,9.575,4.1749405031842315,9.575,4.1749405031842315,4.424999999999999,1.3375733864362596,0.0,0.0,0.0,0.0,1.0,0.0
7000.0,1.75,7.192666655302876E-7,7000.0,58.5,44.397401817870005,45.963541666666664,32.62987012987013,7000.0,2071216.0,41985.15000000001,168.63441720676832,29943.000000000004,11856.077260207105,20.349999999999998,9.175077726213074,10.674999999999999,4.587538863106537,10.674999999999999,4.587538863106537,4.700000000000001,1.264911064067352,0.0,0.0,0.0,0.0,1.0,0.0
8000.0,1.90625,8.094671971371604E-7,8000.0,58.5,45.708768753368666,47.13375796178344,32.847896440129446,8000.0,2231472.0,47976.65,165.80565546631837,33913.79999999999,11886.9819749083,23.25,9.18401621547751,12.125,4.592008107738755,12.125,4.592008107738755,5.175000000000002,1.106797181058933,0.0,0.0,0.0,0.0,1.0,0.0
9000.0,2.15625,9.616763499151502E-7,9000.0,59.599999999999994,47.058122057237505,47.9381443298969,34.09461663947797,9000.0,2353440.0,53970.04999999998,187.2382206763643,36934.2,11425.153067930469,25.4,8.643361169573577,13.2,4.3216805847867885,13.2,4.3216805847867885,5.574999999999999,1.083382641875874,0.0,0.0,0.0,0.0,1.0,0.0
10000.0,2.453125,1.1526725332563124E-6,10000.0,57.199999999999996,44.77312464112208,46.02774274905423,32.81004709576138,10000.0,2486872.0,59962.975,208.35934042799653,40238.00000000001,11621.95294943902,27.750000000000007,8.860022573334675,14.375000000000004,4.430011286667337,14.375000000000004,4.430011286667337,5.8,0.9922778767136675,0.0,0.0,0.0,0.0,1.0,0.0
11000.0,2.703125,1.3207990236373413E-6,11000.0,59.5,47.102662629925,49.87623762376237,34.14634146341463,11000.0,2599552.0,65970.27500000001,226.46355766153206,42773.4,12143.27343355371,29.45,9.331364261154901,15.225,4.6656821305774505,15.225,4.6656821305774505,6.025000000000001,1.0250078173560557,0.0,0.0,0.0,0.0,1.0,0.0
12000.0,2.90625,1.463590338567479E-6,12000.0,63.3,50.68728753208014,51.00133511348465,38.83333333333333,12000.0,2717320.0,71972.15,246.68172684447973,45672.6,12034.070251176718,31.450000000000003,9.46234101245022,16.224999999999998,4.7311705062251095,16.224999999999998,4.7311705062251095,6.175000000000002,1.0098870208453,0.0,0.0,0.0,0.0,1.0,0.0
13000.0,3.1875,1.670355591664298E-6,13000.0,60.9,46.32379791390392,48.07436918990703,32.933104631217844,13000.0,2841760.0,77958.175,253.30390053380725,48739.59999999999,12531.434961522633,33.3,9.730206733514095,17.15,4.865103366757047,17.15,4.865103366757047,6.275,0.9604352645732546,0.0,0.0,0.0,0.0,1.0,0.0
14000.0,3.4375,1.8620823134875134E-6,14000.0,61.4,48.02900681547066,49.143610013175234,35.77371048252911,14000.0,2964456.0,83952.59999999999,272.25542305822916,51764.0,13139.555157751336,35.550000000000004,9.974197480730737,18.275000000000002,4.987098740365369,18.275000000000002,4.987098740365369,6.424999999999999,1.0098870208452997,0.0,0.0,0.0,0.0,1.0,0.0
15000.0,3.640625,2.025135521156093E-6,15000.0,60.8,47.10558238507945,49.936143039591315,34.22818791946308,15000.0,3102904.0,89964.35,278.14721706135026,55194.4,13918.506162107176,38.349999999999994,11.014093535568708,19.674999999999997,5.507046767784354,19.674999999999997,5.507046767784354,6.674999999999999,1.1183206273877924,0.0,0.0,0.0,0.0,1.0,0.0
16000.0,3.90625,2.24936802017813E-6,16000.0,61.7,51.07032076406952,50.70785070785071,39.58990536277602,16000.0,3263112.0,95983.09999999999,272.85017960928764,59160.80000000001,13903.634328790367,41.2,11.257362263345936,21.1,5.628681131672968,21.1,5.628681131672968,6.775,1.165475582469806,0.0,0.0,0.0,0.0,1.0,0.0
17000.0,4.140625,2.4565994196260976E-6,17000.0,62.2,51.8112223759107,51.47625160462132,39.519999999999996,17000.0,3417800.0,101988.22500000003,287.56684730105377,62982.2,14245.298292635145,43.900000000000006,11.412543706210016,22.450000000000003,5.706271853105008,22.450000000000003,5.706271853105008,6.9,1.2362059408549728,0.0,0.0,0.0,0.0,1.0,0.0
18000.0,4.421875,2.7141357228780794E-6,18000.0,63.0,52.55540438824041,53.575909661229616,40.98883572567783,18000.0,3539552.0,107985.92500000003,305.28510319170346,65994.4,14883.189754612242,46.24999999999999,12.09948081106937,23.624999999999996,6.049740405534685,23.624999999999996,6.049740405534685,7.000000000000001,1.219499687240422,0.0,0.0,0.0,0.0,1.0,0.0
19000.0,4.65625,2.9361533233895904E-6,19000.0,65.7,54.651464109873025,54.14438502673797,42.255892255892256,19000.0,3661664.0,113972.74999999999,307.4130896567481,69019.6,15856.81137927637,48.449999999999996,12.969293122701952,24.724999999999998,6.484646561350976,24.724999999999998,6.484646561350976,7.150000000000001,1.231009591914139,0.0,0.0,0.0,0.0,1.0,0.0
20000.0,4.84375,3.1199032673612245E-6,20000.0,63.1,52.62458514414836,52.63157894736842,39.902280130293164,20000.0,3788160.0,119988.5,319.00317497013333,72152.79999999999,16483.937871572016,50.95,13.65875318107544,25.975,6.82937659053772,25.975,6.82937659053772,7.2749999999999995,1.280775005761986,0.0,0.0,0.0,0.0,1.0,0.0
21000.0,5.140625,3.418912237975747E-6,21000.0,61.1,50.8634889196536,51.13065326633166,39.0282131661442,21000.0,3893256.0,125988.35000000002,344.9421764994901,74613.00000000001,17323.578732541497,52.8,14.13343009158945,26.9,7.066715045794725,26.9,7.066715045794725,7.375,1.2747548783981961,0.0,0.0,0.0,0.0,1.0,0.0
22000.0,5.390625,3.6783212757048515E-6,22000.0,63.6,53.04443621718754,53.689567430025456,40.61990212071778,22000.0,4010952.0,131968.20000000004,353.36109228162246,77517.99999999999,18243.245032979557,54.699999999999996,14.721691653074558,27.849999999999998,7.360845826537279,27.849999999999998,7.360845826537279,7.474999999999999,1.2807750057619858,0.0,0.0,0.0,0.0,1.0,0.0
23000.0,5.625,3.929486847482622E-6,23000.0,61.7,51.177227937333484,52.00501253132832,38.91547049441787,23000.0,4142392.0,137986.74999999997,371.99129780282124,80720.59999999998,19348.69662714341,57.3,15.913548493061679,29.15,7.9567742465308395,29.15,7.9567742465308395,7.675,1.141018438467616,0.0,0.0,0.0,0.0,1.0,0.0
24000.0,5.953125,4.293266877842446E-6,24000.0,61.5,51.32029475877625,50.767263427109974,39.465408805031444,24000.0,4285504.0,143980.5,376.2082756488323,84276.8,20988.569904251242,59.7,16.65671497763451,30.35,8.328357488817256,30.35,8.328357488817256,7.750000000000001,1.0801234497346432,0.0,0.0,0.0,0.0,1.0,0.0
25000.0,6.171875,4.542887909337878E-6,25000.0,62.7,51.39723185735543,52.48407643312102,38.651315789473685,25000.0,4410984.0,149955.42500000005,391.0903815468497,87351.19999999998,21465.10384882928,61.6,17.277226748021924,31.299999999999997,8.63861337401096,31.299999999999997,8.63861337401096,7.799999999999999,1.0907536796837265,0.0,0.0,0.0,0.0,1.0,0.0
26000.0,6.5,4.9262338628371554E-6,26000.0,63.6,52.437450020122625,53.63057324840764,39.735099337748345,26000.0,4516000.0,155969.42499999996,394.3076299683836,89949.40000000001,21830.37799783149,63.84999999999998,17.604705082041022,32.425000000000004,8.802352541020511,32.425000000000004,8.802352541020511,7.8500000000000005,1.144664322085916,0.0,0.0,0.0,0.0,1.0,0.0
27000.0,6.78125,5.263249816683431E-6,27000.0,64.0,53.957953379869906,53.846153846153854,40.78947368421053,27000.0,4631912.0,161966.65000000002,389.62635289697175,92786.19999999998,21989.954554121017,65.44999999999999,17.479585162008206,33.224999999999994,8.739792581004103,33.224999999999994,8.739792581004103,7.925000000000002,1.0714835150747413,0.0,0.0,0.0,0.0,1.0,0.0
28000.0,7.078125,5.59336289168439E-6,28000.0,56.39999999999999,45.16826802153025,45.018915510718784,32.40310077519379,28000.0,4298248.0,151318.5,50668.47109016991,83778.8,33555.654963977955,58.8,24.78957597303909,29.9,12.394787986519544,29.9,12.394787986519544,7.125,2.593754826995817,0.0,0.0,0.0,0.0,1.0,0.0
29000.0,7.53125,5.8444458732588424E-6,29000.0,49.9,34.17249172228938,36.015325670498086,21.962616822429908,29000.0,2141912.0,54282.54999999999,74722.3740172023,31072.600000000002,34199.559697870456,21.1,23.677101347190458,11.05,11.838550673595229,11.05,11.838550673595229,3.6,2.9508799209205896,0.0,0.0,0.0,0.0,1.0,0.0
30000.0,7.859375,6.0544447559449405E-6,30000.0,52.5,39.87539650593778,41.86046511627908,28.030303030303035,30000.0,2473888.0,56024.0,67745.53987665525,38305.6,31062.6524903031,27.450000000000006,21.557258281501955,14.225000000000003,10.778629140750978,14.225000000000003,10.778629140750978,5.074999999999999,2.368462662702409,0.0,0.0,0.0,0.0,1.0,0.0
31000.0,8.1875,6.2735155936227076E-6,31000.0,56.49999999999999,46.34021782170889,46.09665427509294,34.389140271493204,31000.0,2580760.0,53390.12499999999,56851.016854982576,40863.40000000001,27884.099725056985,30.050000000000004,20.396015196538656,15.525000000000002,10.198007598269328,15.525000000000002,10.198007598269328,5.575,2.229033365293069,0.0,0.0,0.0,0.0,1.0,0.0
32000.0,8.5625,6.530167140428805E-6,32000.0,60.099999999999994,53.539606612047564,50.187265917603,43.162393162393165,32000.0,2645544.0,50793.80000000001,42224.25302534927,42126.40000000001,23550.291270233167,31.049999999999997,17.88560515595913,16.025,8.942802577979565,16.025,8.942802577979565,5.999999999999998,1.7831116564834573,0.0,0.0,0.0,0.0,1.0,0.0
33000.0,9.03125,6.892570947659099E-6,33000.0,58.699999999999996,52.411185791109304,50.120772946859894,41.5014164305949,33000.0,2988504.0,53149.5,27346.91058536782,51083.99999999999,23213.596510975178,38.74999999999999,18.713425867336735,19.874999999999996,9.356712933668367,19.874999999999996,9.356712933668367,6.525000000000001,1.9740301091409098,0.0,0.0,0.0,0.0,1.0,0.0
34000.0,9.421875,7.237296926582025E-6,34000.0,61.3,54.45885469315035,51.13636363636363,42.23880597014926,34000.0,3411272.0,60197.349999999984,16130.328209021945,61613.40000000001,25375.77361993633,46.95000000000001,21.226434897587925,23.975000000000005,10.613217448793963,23.975000000000005,10.613217448793963,7.075,1.845125247642333,0.0,0.0,0.0,0.0,1.0,0.0
35000.0,9.859375,7.67032505892631E-6,35000.0,63.3,55.928462407698945,54.46650124069479,43.53846153846154,35000.0,3825960.0,72194.99999999999,16149.651073471274,71803.59999999999,28665.229337371482,54.45,24.012763700016293,27.724999999999994,12.006381850008147,27.724999999999994,12.006381850008147,7.3999999999999995,1.565657066947309,0.0,0.0,0.0,0.0,1.0,0.0
36000.0,10.28125,8.138624608464953E-6,36000.0,62.5,55.55745177094666,53.93120393120393,43.693693693693696,36000.0,4290840.0,84202.24999999999,16133.584019693604,83270.2,31283.73686053145,63.95,26.901482182023795,32.475,13.450741091011897,32.475,13.450741091011897,7.825000000000001,1.4656319193702505,0.0,0.0,0.0,0.0,1.0,0.0
37000.0,10.625,8.559585904650804E-6,37000.0,62.6,56.39338298735641,55.04807692307692,45.4014598540146,37000.0,4733712.0,96200.44999999997,16168.392973043712,94198.00000000001,32293.166456618528,72.30000000000001,26.620023310013103,36.650000000000006,13.310011655006551,36.650000000000006,13.310011655006551,8.224999999999998,1.2707256154432356,0.0,0.0,0.0,0.0,1.0,0.0
38000.0,11.0,9.057371611965614E-6,38000.0,60.699999999999996,52.78360473749847,52.01465201465202,39.908256880733944,38000.0,5131136.0,108240.9,16170.786069091006,104021.79999999999,33183.78216121659,79.15,27.213825671748314,40.075,13.606912835874157,40.075,13.606912835874157,8.575000000000003,1.2787714456682284,0.0,0.0,0.0,0.0,1.0,0.0
39000.0,11.4375,9.679312449103843E-6,39000.0,63.1,55.540561707049655,54.21836228287841,44.09090909090909,39000.0,5495072.0,120214.5,16222.326233011601,112906.79999999999,33863.317640184054,86.15000000000003,27.904185882114355,43.57500000000002,13.952092941057177,43.57500000000002,13.952092941057177,8.874999999999996,1.1807754948468272,0.0,0.0,0.0,0.0,1.0,0.0
40000.0,11.890625,1.0360623515831928E-5,40000.0,61.4,52.65952880287477,51.93026151930261,38.63275039745628,40000.0,5812056.0,132193.44999999998,16252.00474095427,120679.59999999999,34237.415668107446,92.3,28.126272051005607,46.65,14.063136025502804,46.65,14.063136025502804,9.125000000000002,1.180775494846827,0.0,0.0,0.0,0.0,1.0,0.0
41000.0,12.296875,1.1009050326214896E-5,41000.0,60.099999999999994,51.6198850760077,50.496277915632746,39.99999999999999,41000.0,6169784.0,144158.59999999995,16288.283710881075,129500.6,34692.15553155557,98.75000000000003,29.07175031996985,49.875000000000014,14.535875159984926,49.875000000000014,14.535875159984926,9.350000000000001,1.1446643220859158,0.0,0.0,0.0,0.0,1.0,0.0
42000.0,12.75,1.1776193568948656E-5,42000.0,63.6,56.38624057781042,54.156171284634766,44.68085106382979,42000.0,6544264.0,156176.25000000006,16316.271252247652,138732.0,34779.16891414995,105.54999999999998,29.071044718510564,53.27499999999999,14.535522359255282,53.27499999999999,14.535522359255282,9.525,1.0618682133692967,0.0,0.0,0.0,0.0,1.0,0.0
43000.0,13.171875,1.2529905652627348E-5,43000.0,62.8,56.14298800652195,54.634146341463406,45.534407027818446,43000.0,6905960.0,168127.09999999998,16251.708591517076,147666.60000000003,35532.71910817569,113.09999999999997,30.287341859646197,57.04999999999998,15.143670929823102,57.04999999999998,15.143670929823102,9.7,1.0907536796837267,0.0,0.0,0.0,0.0,1.0,0.0
44000.0,13.65625,1.3440829805201954E-5,44000.0,65.4,58.876691879454036,57.44157441574417,47.655068078668684,44000.0,7269472.0,180131.55000000002,16222.461081349453,156659.19999999998,37591.419896103,120.0,32.55921626978395,60.5,16.279608134891976,60.5,16.279608134891976,9.899999999999999,1.1723305738395526,0.0,0.0,0.0,0.0,1.0,0.0
45000.0,14.15625,1.4433542059527502E-5,45000.0,62.7,54.95827300599792,53.54919053549191,42.349304482225655,45000.0,7674600.0,192154.44999999998,16229.069738020671,166702.20000000007,38953.24216597414,127.04999999999998,33.51383181727991,64.02499999999999,16.756915908639954,64.02499999999999,16.756915908639954,10.050000000000002,1.175606771863484,0.0,0.0,0.0,0.0,1.0,0.0
46000.0,14.625,1.540741637452609E-5,46000.0,62.9,57.26042799476527,54.25400739827374,47.226173541963014,46000.0,8030896.0,204187.64999999994,16233.700215750925,175540.59999999998,38979.19690848914,133.5,33.822310949264214,67.25,16.911155474632107,67.25,16.911155474632107,10.1,1.127738831376694,0.0,0.0,0.0,0.0,1.0,0.0
47000.0,15.140625,1.652010451329665E-5,47000.0,64.60000000000001,57.488813793799146,55.47169811320756,46.03658536585367,47000.0,8341456.0,216189.15000000002,16249.897950843271,183239.79999999996,39408.53220072253,139.2,34.36396442906509,70.1,17.181982214532546,70.1,17.181982214532546,10.225000000000001,1.1654755824698058,0.0,0.0,0.0,0.0,1.0,0.0
48000.0,15.625,1.760105279067324E-5,48000.0,64.60000000000001,57.11544425492324,55.80524344569289,44.6875,48000.0,8626320.0,228158.19999999998,16263.449080999273,190310.40000000002,39609.03713302216,145.54999999999998,35.0296211651562,73.27499999999999,17.5148105825781,73.27499999999999,17.5148105825781,10.3,1.181046906296187,0.0,0.0,0.0,0.0,1.0,0.0
49000.0,16.140625,1.8796790067830844E-5,49000.0,65.4,57.536216943294896,56.36822194199244,45.33965244865719,49000.0,8964048.0,240142.44999999998,16294.527051853624,198616.19999999998,40287.43884611539,152.0,36.12797765210183,76.5,18.063988826050917,76.5,18.063988826050917,10.375000000000002,1.14774025472129,0.0,0.0,0.0,0.0,1.0,0.0
50000.0,16.671875,2.007050569065743E-5,50000.0,60.9,54.211649914688465,51.48883374689825,43.08588064046579,50000.0,9267784.0,252128.45,16337.688194352872,206082.6,41776.661511128244,156.85,36.98201225960035,78.925,18.491006129800176,78.925,18.491006129800176,10.45,1.0848608560193684,0.0,0.0,0.0,0.0,1.0,0.0
51000.0,17.21875,2.142468008161005E-5,51000.0,63.5,55.981562907773544,54.6583850931677,43.93241167434716,51000.0,9571696.0,264078.69999999995,16332.997729466848,213552.20000000004,42999.65141373316,162.5,37.72980866024185,81.75,18.864904330120925,81.75,18.864904330120925,10.549999999999999,1.1535897150933825,0.0,0.0,0.0,0.0,1.0,0.0
52000.0,17.796875,2.2900595763025597E-5,52000.0,62.7,55.40757832067092,52.963430012610345,43.484848484848484,52000.0,9868296.0,276105.8500000001,16367.42439921758,220842.00000000003,44372.24541627403,168.49999999999997,37.84922855969594,84.74999999999999,18.92461427984797,84.74999999999999,18.92461427984797,10.625000000000002,1.1477402547212903,0.0,0.0,0.0,0.0,1.0,0.0
53000.0,18.375,2.4423750098018596E-5,53000.0,64.1,58.034617349354214,56.48484848484849,47.43777452415812,53000.0,1.0184144E7,288097.2,16331.001335669567,228629.40000000002,44940.69275697609,174.39999999999998,38.70519742479436,87.69999999999999,19.35259871239718,87.69999999999999,19.35259871239718,10.799999999999999,1.066987131347674,0.0,0.0,0.0,0.0,1.0,0.0
54000.0,18.84375,2.5694337964523583E-5,54000.0,64.60000000000001,57.65423607165287,56.07940446650124,46.36363636363637,54000.0,1.0477696E7,300103.7499999998,16355.091683851215,235870.19999999998,45982.341867844036,180.2,39.24623124156849,90.6,19.623115620784244,90.6,19.623115620784244,10.85,1.0265700920278917,0.0,0.0,0.0,0.0,1.0,0.0
55000.0,19.359375,2.712710527703166E-5,55000.0,66.4,60.28359405104976,57.629255989911734,50.148367952522264,55000.0,1.0740984E7,312076.95000000007,16351.285973029619,242395.8,46210.434944989735,185.00000000000003,39.53317334684626,93.00000000000001,19.76658667342313,93.00000000000001,19.76658667342313,10.950000000000001,0.9857965671450024,0.0,0.0,0.0,0.0,1.0,0.0
56000.0,19.90625,2.8682062628730717E-5,56000.0,64.60000000000001,58.52761311183487,56.35018495684341,48.01762114537445,56000.0,1.0990888E7,324035.5000000002,16364.934570207719,248591.4,46686.12064151237,190.00000000000003,40.651110938236606,95.50000000000001,20.325555469118303,95.50000000000001,20.325555469118303,11.025,0.9195177108206347,0.0,0.0,0.0,0.0,1.0,0.0
57000.0,20.5,3.042346607091733E-5,57000.0,66.10000000000001,59.954828101079215,57.5187969924812,49.478390461997016,57000.0,1.1337E7,336019.45000000007,16399.693075536354,257164.6,47983.11613783995,196.60000000000002,41.9332803391292,98.80000000000001,20.9666401695646,98.80000000000001,20.9666401695646,11.099999999999998,0.9001424388708772,0.0,0.0,0.0,0.0,1.0,0.0
58000.0,21.09375,3.213195657331703E-5,58000.0,62.2,54.50135653362928,53.27564894932016,41.02964118564743,58000.0,1.1122728E7,330201.04999999993,78261.18826509155,250572.99999999994,75545.77512529773,191.0,61.37902422965532,96.0,30.68951211482766,96.0,30.68951211482766,10.549999999999999,2.5007691124624345,0.0,0.0,0.0,0.0,1.0,0.0
59000.0,21.703125,3.2853294332097796E-5,59000.0,51.300000000000004,38.24138866837274,39.427860696517406,26.212121212121215,59000.0,4575688.0,139614.375,170991.55725292064,90468.2,109700.38114680297,65.85,81.62438989444898,33.425,40.81219494722449,33.425,40.81219494722449,5.125,4.857917143628426,0.0,0.0,0.0,0.0,1.0,0.0
60000.0,22.15625,3.340423663353754E-5,60000.0,52.800000000000004,42.53531278077952,40.32869785082175,30.177514792899412,60000.0,4699920.0,143251.45,169467.14379473726,93615.39999999998,100140.96859230555,68.35000000000001,72.88964261127914,34.67500000000001,36.44482130563957,34.67500000000001,36.44482130563957,6.525,3.5517240306284483,0.0,0.0,0.0,0.0,1.0,0.0
61000.0,22.609375,3.40034207329154E-5,61000.0,54.7,45.77934707800952,43.233082706766915,32.88888888888889,61000.0,5111456.0,155209.89999999997,169438.39546403184,103671.60000000002,96544.47749726813,75.9,70.62352335647132,38.45000000000001,35.31176167823566,38.45000000000001,35.31176167823566,7.525000000000001,2.855381783265616,0.0,0.0,0.0,0.0,1.0,0.0
62000.0,23.046875,3.46236285339627E-5,62000.0,54.6,45.66245131762572,42.31257941550191,32.23880597014926,62000.0,5479760.0,167092.17500000005,169310.91455297102,112379.59999999999,95194.33998171239,82.14999999999999,69.18557356663013,41.574999999999996,34.59278678331506,41.574999999999996,34.59278678331506,8.025,2.5868255964920914,0.0,0.0,0.0,0.0,1.0,0.0
63000.0,23.5625,3.539417970589259E-5,63000.0,55.300000000000004,47.353295895677086,42.6923076923077,35.68345323741008,63000.0,5776568.0,178890.05000000002,168946.30725234144,118896.79999999997,93625.48954353546,86.85000000000001,68.03074342738033,43.925000000000004,34.015371713690165,43.925000000000004,34.015371713690165,8.500000000000002,2.1838568563966754,0.0,0.0,0.0,0.0,1.0,0.0
64000.0,24.0625,3.6076792586957E-5,64000.0,55.1,47.62303046846475,44.43069306930693,35.488505747126446,64000.0,5277240.0,160451.95000000007,161393.82517530027,107005.8,86458.06791295434,77.79999999999997,62.95916462482972,39.399999999999984,31.47958231241486,39.399999999999984,31.47958231241486,8.15,2.5575428913364564,0.0,0.0,0.0,0.0,1.0,0.0
65000.0,24.515625,3.6734838019280384E-5,65000.0,56.2,48.617783174083655,47.22891566265061,36.7965367965368,65000.0,5613584.0,172144.09999999998,160909.91265011198,115021.6,85705.34249834706,84.75000000000001,62.57252202700889,42.87500000000001,31.286261013504443,42.87500000000001,31.286261013504443,8.475000000000001,2.3532574259567336,0.0,0.0,0.0,0.0,1.0,0.0
66000.0,25.0,3.748650051420555E-5,66000.0,57.8,50.31365974040652,46.64981036662452,38.213762811127374,66000.0,5998512.0,183825.92500000002,160438.92697292945,124057.79999999999,84448.68546446963,90.95000000000002,61.17731689575887,45.97500000000001,30.588658447879435,45.97500000000001,30.588658447879435,8.725,1.9213710382606133,0.0,0.0,0.0,0.0,1.0,0.0
67000.0,25.484375,3.828049010028028E-5,67000.0,60.099999999999994,53.14371609084717,51.04294478527608,41.3235294117647,67000.0,6336296.0,195496.97499999998,160021.09666516614,131925.00000000003,83887.24622357298,96.60000000000001,60.94671905937648,48.800000000000004,30.47335952968824,48.800000000000004,30.47335952968824,8.874999999999996,1.8001068344363946,0.0,0.0,0.0,0.0,1.0,0.0
68000.0,25.9375,3.906214845806567E-5,68000.0,56.599999999999994,48.618257330185706,44.99366286438529,36.27019089574154,68000.0,6668088.0,207172.825,159570.33913813962,139956.6,83384.48522504744,103.65,60.93861981219614,52.325,30.46930990609807,52.325,30.46930990609807,9.025,1.8043750249793504,0.0,0.0,0.0,0.0,1.0,0.0
69000.0,26.421875,3.9938312127358386E-5,69000.0,59.199999999999996,51.85335097137044,48.80803011292346,39.375928677563145,69000.0,6992072.0,218872.20000000004,159134.20619010183,147729.80000000002,84164.3434091744,110.05000000000003,61.795340459974014,55.52500000000001,30.897670229987007,55.52500000000001,30.897670229987007,9.200000000000001,1.7715703594442804,0.0,0.0,0.0,0.0,1.0,0.0
70000.0,26.875,4.0798734537222325E-5,70000.0,60.4,53.76904837788899,50.68493150684932,43.18507890961262,70000.0,7340000.0,230584.45,158659.895457265,156161.4,83100.18886608795,115.8,60.74207767273028,58.4,30.37103883636514,58.4,30.37103883636514,9.299999999999995,1.66717940830829,0.0,0.0,0.0,0.0,1.0,0.0
71000.0,27.390625,4.1824794348536274E-5,71000.0,60.4,53.977035005346096,52.51798561151079,42.441860465116285,71000.0,7692032.0,242260.39999999997,158235.49198207795,164642.20000000004,82491.40798000163,123.0,60.143418336762075,62.0,30.071709168381037,62.0,30.071709168381037,9.524999999999999,1.6010813653470388,0.0,0.0,0.0,0.0,1.0,0.0
72000.0,27.84375,4.276206678089997E-5,72000.0,57.699999999999996,49.2594032042147,48.225214198286416,35.81183611532624,72000.0,7995584.0,253955.07500000004,157802.51499399537,172105.4,81401.53725531358,128.8,58.970309782952945,64.9,29.485154891476473,64.9,29.485154891476473,9.700000000000003,1.5055453054181618,0.0,0.0,0.0,0.0,1.0,0.0
73000.0,28.3125,4.3762403268677504E-5,73000.0,57.4,50.33268936828077,47.66584766584766,38.17126269956458,73000.0,8249112.0,265623.375,157356.64482212462,178361.19999999998,82166.55873853627,133.1,60.5054776075094,67.04999999999998,30.2527388037547,67.04999999999998,30.2527388037547,9.8,1.4884168150705013,0.0,0.0,0.0,0.0,1.0,0.0
74000.0,28.90625,4.5079620063511875E-5,74000.0,54.400000000000006,45.70898587719278,43.354037267080756,32.24368499257058,74000.0,8575432.0,277334.0,156946.40723883902,186359.80000000005,82658.63778686101,139.75,60.9879138930464,70.375,30.4939569465232,70.375,30.4939569465232,10.0,1.3959648809042253,0.0,0.0,0.0,0.0,1.0,0.0
75000.0,29.46875,4.637246692760124E-5,75000.0,57.599999999999994,50.66480340971368,47.06616729088639,39.16786226685795,75000.0,8884376.0,289071.32499999995,156549.52242847622,193741.00000000003,82989.89581129278,144.85,61.03615994238842,72.925,30.51807997119421,72.925,30.51807997119421,10.125000000000002,1.3994046353122218,0.0,0.0,0.0,0.0,1.0,0.0
76000.0,29.96875,4.7560616189406986E-5,76000.0,58.9,52.13511174879202,49.632352941176464,40.60693641618497,76000.0,9185512.0,300725.6,156181.41372640818,201161.00000000003,83055.37029210679,150.15000000000003,61.415587263937795,75.57500000000002,30.707793631968897,75.57500000000002,30.707793631968897,10.199999999999998,1.4358058578855502,0.0,0.0,0.0,0.0,1.0,0.0
77000.0,30.484375,4.8826067617887434E-5,77000.0,56.49999999999999,49.63604808541726,46.029776674937956,38.472418670438465,77000.0,9486672.0,312450.57499999995,155806.22760041125,208427.00000000003,83672.59885272615,155.34999999999997,61.23831128656936,78.17499999999998,30.61915564328468,78.17499999999998,30.61915564328468,10.300000000000002,1.3996336517011723,0.0,0.0,0.0,0.0,1.0,0.0
78000.0,31.0,5.0126590617259764E-5,78000.0,60.099999999999994,53.198896479243295,49.36548223350254,41.150442477876105,78000.0,9749592.0,324148.42499999993,155427.98562132215,214873.40000000002,83496.68370653858,160.45,60.395257922184406,80.725,30.197628961092203,80.725,30.197628961092203,10.325000000000003,1.4568582283241895,0.0,0.0,0.0,0.0,1.0,0.0
79000.0,31.515625,5.147222164345699E-5,79000.0,56.89999999999999,50.25564673430052,47.439024390243894,38.86524822695034,79000.0,1.0087752E7,335875.05,155058.30682019636,223017.0,81933.20583036542,166.19999999999993,60.085067900564,83.59999999999997,30.042533950282,83.59999999999997,30.042533950282,10.399999999999999,1.4641003188271435,0.0,0.0,0.0,0.0,1.0,0.0
80000.0,32.046875,5.290325828051816E-5,80000.0,59.4,52.09529967575833,50.847457627118644,40.117994100294986,80000.0,1.041248E7,347579.24999999994,154697.68248206086,230692.80000000002,81484.33261745978,172.45,60.11781168714711,86.725,30.058905843573555,86.725,30.058905843573555,10.500000000000002,1.4322297480788657,0.0,0.0,0.0,0.0,1.0,0.0
81000.0,32.625,5.450925883552474E-5,81000.0,60.8,54.445407701979995,51.485148514851474,44.23897581792318,81000.0,1.0738072E7,359281.64999999997,154364.17614957137,238538.00000000003,81224.25525824419,178.44999999999996,59.9948502063473,89.72499999999998,29.99742510317365,89.72499999999998,29.99742510317365,10.575000000000003,1.5002136599968103,0.0,0.0,0.0,0.0,1.0,0.0
82000.0,33.25,5.6295228973289746E-5,82000.0,57.49999999999999,50.88777567847094,47.91666666666666,39.285714285714285,82000.0,1.1045784E7,370999.49999999994,154024.47531263766,245949.6,82398.35705008835,183.64999999999998,60.8796837823251,92.32499999999999,30.43984189116255,92.32499999999999,30.43984189116255,10.625000000000002,1.426624130686289,0.0,0.0,0.0,0.0,1.0,0.0
83000.0,33.84375,5.8030574291478845E-5,83000.0,59.9,53.172531777867306,49.368686868686865,40.23845007451564,83000.0,1.129756E7,382722.0,153733.67052079018,252146.20000000004,82954.50542816086,188.45000000000002,61.69235085362004,94.72500000000001,30.84617542681002,94.72500000000001,30.84617542681002,10.724999999999998,1.4139869074213434,0.0,0.0,0.0,0.0,1.0,0.0
84000.0,34.453125,5.9855351573787636E-5,84000.0,63.9,57.23676027591175,55.651105651105645,45.13677811550153,84000.0,1.1575176E7,394479.775,153441.11058652113,259001.99999999994,83196.69951540392,192.9,61.90803767044412,96.95,30.95401883522206,96.95,30.95401883522206,10.774999999999999,1.404890724831632,0.0,0.0,0.0,0.0,1.0,0.0
85000.0,35.03125,6.162418615228187E-5,85000.0,63.2,56.414836010820494,54.5679012345679,44.578313253012055,85000.0,1.1826816E7,406168.75,153143.52555921234,265109.39999999997,82414.914864004,197.39999999999998,60.28173172269672,99.19999999999999,30.14086586134836,99.19999999999999,30.14086586134836,10.825000000000001,1.375378735718517,0.0,0.0,0.0,0.0,1.0,0.0
86000.0,35.609375,6.342566219650002E-5,86000.0,59.199999999999996,52.58322631630939,50.304506699147375,40.95513748191027,86000.0,1.2045064E7,417866.375,152870.46018412797,270481.6000000001,81835.69588802262,201.2,60.28275256165943,101.1,30.141376280829714,101.1,30.141376280829714,10.874999999999998,1.3809602753342627,0.0,0.0,0.0,0.0,1.0,0.0
87000.0,36.234375,6.541045676890968E-5,87000.0,59.0,52.081307502430995,49.06832298136646,40.406976744186046,87000.0,1.2275464E7,429557.8999999999,152608.81536200613,276172.6000000001,81496.24806616276,205.0,60.276286956238174,103.0,30.138143478119087,103.0,30.138143478119087,10.975000000000003,1.404890724831632,0.0,0.0,0.0,0.0,1.0,0.0
88000.0,36.8125,6.728151114657522E-5,88000.0,59.8,52.377736947412934,51.0353227771011,40.70796460176991,88000.0,1.251028E7,441259.6499999999,152359.7582472367,281882.4000000001,80907.13160186206,210.0,59.88193512108767,105.5,29.940967560543836,105.5,29.940967560543836,11.025,1.3679012559954196,0.0,0.0,0.0,0.0,1.0,0.0
89000.0,37.453125,6.940002634008932E-5,89000.0,56.8,50.3461973462801,47.12362301101591,38.983050847457626,89000.0,1.278292E7,452993.24999999994,152143.5779964995,288444.6,80893.66421667398,214.29999999999995,59.728531171437965,107.64999999999998,29.864265585718982,107.64999999999998,29.864265585718982,11.075,1.384668802388388,0.0,0.0,0.0,0.0,1.0,0.0
90000.0,38.078125,7.082994150955022E-5,90000.0,49.7,39.695480158254405,35.84183673469388,21.77293934681182,90000.0,8843672.0,325780.975,285587.63479090075,190972.8,166649.368391827,137.85000000000002,121.76217887804164,69.42500000000001,60.88108943902082,69.42500000000001,60.88108943902082,7.0,5.647781502274668,0.0,0.0,0.0,0.0,1.0,0.0
91000.0,38.671875,7.200986990937962E-5,91000.0,47.9,32.66228260644788,33.96704689480355,18.081761006289305,91000.0,7681648.0,289416.42499999993,304063.43919150915,161648.60000000003,177488.86520868473,115.60000000000001,128.85627055575705,58.300000000000004,64.42813527787852,58.300000000000004,64.42813527787852,5.625,5.847144821543465,0.0,0.0,0.0,0.0,1.0,0.0
92000.0,39.203125,7.282466559748474E-5,92000.0,51.6,36.421530507156525,38.02816901408451,23.899371069182394,92000.0,5928600.0,211496.77499999997,282518.6734828098,120891.60000000002,159300.66351766785,86.25,114.73196188038919,43.625,57.365980940194596,43.625,57.365980940194596,5.875,4.15832498329155,0.0,0.0,0.0,0.0,1.0,0.0
93000.0,39.703125,7.342804155390087E-5,93000.0,52.6,36.792499376592694,39.923954372623584,25.23659305993691,93000.0,4664664.0,154996.2,226311.62187751374,91518.80000000002,129632.70096526077,65.75,93.94344998386953,33.375,46.971724991934764,33.375,46.971724991934764,5.7749999999999995,3.5117933179064376,0.0,0.0,0.0,0.0,1.0,0.0
94000.0,40.15625,7.40107608726248E-5,94000.0,53.800000000000004,38.72199548771058,42.53731343283582,27.01421800947868,94000.0,4971000.0,166414.12499999997,225703.69348888032,98942.80000000003,129247.8821813697,70.70000000000002,93.28923866814463,35.85000000000001,46.64461933407232,35.85000000000001,46.64461933407232,6.474999999999999,3.0296610625359,0.0,0.0,0.0,0.0,1.0,0.0
95000.0,40.59375,7.457035858856719E-5,95000.0,52.1,36.01953341009209,38.193548387096776,24.328593996840446,95000.0,4944248.0,167885.925,223131.53634484217,98388.79999999999,126770.59392485916,70.55,91.48516763626714,35.775,45.74258381813357,35.775,45.74258381813357,6.75,3.1276271008627745,0.0,0.0,0.0,0.0,1.0,0.0
96000.0,41.046875,7.515257712738172E-5,96000.0,51.9,37.45009662074473,38.95939086294417,26.339969372128643,96000.0,4966728.0,169068.825,219751.20424300444,98572.2,125959.53234704857,70.60000000000001,90.46909091096478,35.800000000000004,45.23454545548239,35.800000000000004,45.23454545548239,6.999999999999999,2.8644594961577314,0.0,0.0,0.0,0.0,1.0,0.0
97000.0,41.453125,7.571077760076148E-5,97000.0,55.60000000000001,43.049908289829794,45.11742892459828,31.692307692307704,97000.0,5311280.0,180635.77500000002,218952.81331379374,106941.59999999999,124231.84435001008,76.75,88.4547544778888,38.875,44.2273772389444,38.875,44.2273772389444,7.725,2.480565485570806,0.0,0.0,0.0,0.0,1.0,0.0
98000.0,41.890625,7.634127134224398E-5,98000.0,57.8,44.62182083977989,43.808255659121166,32.587859424920126,98000.0,5570640.0,192133.72499999995,218207.46895287491,113161.0,123203.37835111585,80.8,87.9099772640404,40.9,43.9549886320202,40.9,43.9549886320202,7.95,2.363721533340907,0.0,0.0,0.0,0.0,1.0,0.0
99000.0,42.328125,7.700216565151801E-5,99000.0,54.400000000000006,40.207229155794266,42.496847414880214,28.414442700156993,99000.0,5839240.0,203710.57499999995,217452.29663300543,119389.20000000001,122012.01953805145,85.45000000000002,87.05022128427375,43.22500000000001,43.52511064213687,43.22500000000001,43.52511064213687,8.275000000000002,2.17193639232545,0.0,0.0,0.0,0.0,1.0,0.0
100000.0,42.578125,7.739732633732879E-5,100000.0,55.50000000000001,42.350194713836736,42.65463917525774,30.900621118012435,100000.0,6109928.0,215327.12500000003,216719.13133234342,125543.59999999998,121239.55677676176,90.14999999999999,86.24340926137857,45.574999999999996,43.12170463068929,45.574999999999996,43.12170463068929,8.550000000000002,2.0624854311839766,0.0,0.0,0.0,0.0,1.0,0.0
101000.0,42.953125,7.802471567022923E-5,101000.0,55.300000000000004,43.64037769772835,44.194756554307126,31.336405529953925,101000.0,6467080.0,226858.87499999997,215956.38306430014,134254.40000000002,119754.34564799513,96.55000000000003,84.6319179651598,48.77500000000001,42.3159589825799,48.77500000000001,42.3159589825799,8.700000000000005,1.963774492249621,0.0,0.0,0.0,0.0,1.0,0.0
102000.0,43.296875,7.86232904000725E-5,102000.0,56.99999999999999,44.459011396235866,43.495400788436264,31.637519872813986,102000.0,6730976.0,238415.875,215229.79961095937,140368.59999999998,118683.93986028174,100.45,84.07321290521212,50.725,42.03660645260606,50.725,42.03660645260606,8.950000000000003,1.8390354216412694,0.0,0.0,0.0,0.0,1.0,0.0
103000.0,43.578125,7.91343827667232E-5,103000.0,54.400000000000006,42.98296616114065,42.42424242424243,31.428571428571427,103000.0,7024400.0,249815.22500000003,214117.6276762782,147146.19999999998,117297.00148903189,106.1,82.56024994992973,53.55,41.28012497496486,53.55,41.28012497496486,9.125000000000002,1.7568547070086533,0.0,0.0,0.0,0.0,1.0,0.0
104000.0,44.0625,8.004099631863127E-5,104000.0,56.8,44.41585177560473,44.47300771208226,31.645569620253156,104000.0,7235072.0,261224.59999999998,212988.07180333495,152117.79999999996,116219.00748888953,109.7,81.85734934033499,55.35000000000001,40.928674670167496,55.35000000000001,40.928674670167496,9.250000000000002,1.6756169931378435,0.0,0.0,0.0,0.0,1.0,0.0
105000.0,44.546875,8.09761640913267E-5,105000.0,60.099999999999994,50.461982364962346,48.78048780487805,38.04347826086956,105000.0,7462944.0,272632.9750000001,211896.5624083754,157733.59999999995,115663.82194494881,113.70000000000002,80.82339087677845,57.35000000000001,40.41169543838922,57.35000000000001,40.41169543838922,9.400000000000002,1.6140409552202215,0.0,0.0,0.0,0.0,1.0,0.0
106000.0,45.046875,8.197206974728032E-5,106000.0,56.10000000000001,42.38119238119239,44.35994930291509,28.267973856209156,106000.0,7699288.0,284021.00000000006,210812.22244136292,163115.60000000003,114041.4501119254,118.3,79.46171469685324,59.65,39.73085734842662,59.65,39.73085734842662,9.650000000000002,1.561557407994192,0.0,0.0,0.0,0.0,1.0,0.0
107000.0,45.546875,8.299792570243072E-5,107000.0,56.2,43.99428179059745,43.774069319640574,31.88180404354589,107000.0,7930832.0,295395.3499999999,209694.54784220346,168646.59999999998,112729.72481043274,122.34999999999998,78.5893416143984,61.67499999999999,39.2946708071992,61.67499999999999,39.2946708071992,9.750000000000002,1.5317159809030676,0.0,0.0,0.0,0.0,1.0,0.0
108000.0,46.0625,8.409855622125582E-5,108000.0,55.1,43.537140363651005,43.09252217997466,31.65905631659057,108000.0,8251064.0,306833.47500000003,208596.3462262041,176057.39999999997,110804.13788274542,127.79999999999998,77.08110946202991,64.4,38.54055473101496,64.4,38.54055473101496,9.825,1.5002136599968101,0.0,0.0,0.0,0.0,1.0,0.0
109000.0,46.546875,8.516956405300231E-5,109000.0,56.3,43.88464635128211,44.61343472750316,31.397174254317108,109000.0,8546992.0,318240.20000000007,207527.8334182967,182866.80000000002,110145.21935810994,132.29999999999993,77.50804755570506,66.64999999999996,38.75402377785253,66.64999999999996,38.75402377785253,9.974999999999998,1.5104337974271684,0.0,0.0,0.0,0.0,1.0,0.0
110000.0,46.734375,8.559594913903208E-5,110000.0,57.9,46.43152523825883,46.50571791613723,34.01253918495297,110000.0,8790288.0,329671.9,206395.15192363286,188668.80000000008,109516.29685335327,136.75,76.00160254720679,68.875,38.00080127360339,68.875,38.00080127360339,10.075,1.45685822832419,0.0,0.0,0.0,0.0,1.0,0.0
111000.0,46.921875,8.603495442205003E-5,111000.0,59.0,48.215977265551,47.16494845360825,36.23639191290824,111000.0,9050464.0,341087.3499999999,205327.69789734427,194895.80000000002,108468.51712143517,141.79999999999998,75.50011037519525,71.39999999999999,37.750055187597624,71.39999999999999,37.750055187597624,10.200000000000001,1.4178351139171335,0.0,0.0,0.0,0.0,1.0,0.0
112000.0,47.078125,8.641269788818638E-5,112000.0,56.39999999999999,45.408149211047586,43.886743886743886,32.81972265023112,112000.0,9345000.0,352478.92500000005,204249.83901840783,201896.99999999997,107253.7896613353,146.94999999999996,74.69114182195013,73.97499999999998,37.34557091097506,73.97499999999998,37.34557091097506,10.325000000000003,1.3846688023883882,0.0,0.0,0.0,0.0,1.0,0.0
113000.0,47.40625,8.723257947066382E-5,113000.0,57.199999999999996,45.14620842390189,45.75411913814955,32.27848101265822,113000.0,9658600.0,363877.57500000007,203232.9843606792,209346.6,106182.38886494626,152.59999999999997,73.80667748263458,76.79999999999998,36.90333874131729,76.79999999999998,36.90333874131729,10.474999999999998,1.3394889955616542,0.0,0.0,0.0,0.0,1.0,0.0
114000.0,47.65625,8.7877468613442E-5,114000.0,55.60000000000001,44.909597145225256,45.721271393643036,33.23308270676692,114000.0,9971200.0,375255.4750000001,202220.96219425078,216459.40000000005,105679.80201285826,157.29999999999995,73.28280310392903,79.14999999999998,36.64140155196451,79.14999999999998,36.64140155196451,10.675,1.268706185298781,0.0,0.0,0.0,0.0,1.0,0.0
115000.0,48.203125,8.932462279012215E-5,115000.0,57.599999999999994,46.21575852905173,46.73366834170854,34.05909797822705,115000.0,1.0228904E7,386663.42500000005,201208.86369422803,222507.40000000002,104841.75958589528,161.8,72.66332619939013,81.4,36.331663099695064,81.4,36.331663099695064,10.725000000000001,1.2605961145833209,0.0,0.0,0.0,0.0,1.0,0.0
116000.0,48.828125,9.102638067108471E-5,116000.0,54.50000000000001,42.395000645682416,44.57978075517662,29.34782608695653,116000.0,1.0524952E7,398070.05000000005,200213.0880735476,229644.79999999996,103245.62107985065,167.15000000000006,71.70936712406079,84.07500000000003,35.854683562030395,84.07500000000003,35.854683562030395,10.874999999999998,1.1588566425355284,0.0,0.0,0.0,0.0,1.0,0.0
117000.0,49.421875,9.267749840445397E-5,117000.0,56.39999999999999,46.15987799531985,44.458598726114644,34.03933434190619,117000.0,1.0749216E7,409468.3750000001,199218.7977846297,235141.0,102516.16895610123,171.34999999999997,70.81776902908204,86.17499999999998,35.40888451454102,86.17499999999998,35.40888451454102,10.95,1.1311441904050867,0.0,0.0,0.0,0.0,1.0,0.0
118000.0,50.046875,9.445532852421613E-5,118000.0,57.199999999999996,44.83754140406501,44.12532637075717,31.955484896661364,118000.0,1.099544E7,420880.32499999995,198217.3193274322,240994.80000000002,101468.60705661755,175.19999999999996,70.13218289004753,88.09999999999998,35.066091445023766,88.09999999999998,35.066091445023766,10.999999999999998,1.0860419786947364,0.0,0.0,0.0,0.0,1.0,0.0
119000.0,50.3125,9.522901197973013E-5,119000.0,58.3,46.42802084296858,47.41488020176545,32.74193548387096,119000.0,1.125892E7,432253.35,197286.80759052027,247301.8,99653.85233852074,179.7,68.85220142468678,90.35,34.42610071234339,90.35,34.42610071234339,11.075,1.0714835150747408,0.0,0.0,0.0,0.0,1.0,0.0
120000.0,50.5625,9.597369699299125E-5,120000.0,58.3,47.36769032512126,46.12403100775194,34.53689167974881,120000.0,1.1514232E7,443638.6500000001,196310.69884379976,253164.79999999993,98586.77867647934,184.35,68.72671633696416,92.675,34.36335816848208,92.675,34.36335816848208,11.150000000000002,1.0989505483379627,0.0,0.0,0.0,0.0,1.0,0.0
121000.0,51.109375,9.763783493932954E-5,121000.0,60.4,49.90309538147022,48.099606815203146,37.93103448275862,121000.0,1.1762608E7,455094.625,195349.64609074377,259138.6,97910.17365456291,188.04999999999998,68.20780841080536,94.52499999999999,34.10390420540268,94.52499999999999,34.10390420540268,11.225000000000003,1.1432634351063986,0.0,0.0,0.0,0.0,1.0,0.0
122000.0,51.765625,9.86903460579924E-5,122000.0,44.1,31.218454617714876,31.662591687041562,20.59659090909091,122000.0,6199544.0,229016.32499999995,312479.5029393118,124754.59999999998,166379.10251803766,88.40000000000002,117.80749181696862,44.70000000000001,58.90374590848431,44.70000000000001,58.90374590848431,4.85,5.713456899600254,0.0,0.0,0.0,0.0,1.0,0.0
123000.0,52.015625,9.876900142343298E-5,123000.0,43.9,33.53332575068243,31.668696711327655,23.25581395348837,123000.0,1216160.0,13293.724999999999,2747.0221358306508,8005.8,7435.927859955443,5.25,6.045765629867078,3.125,3.022882814933539,3.125,3.022882814933539,1.45,1.8803982120544136,0.0,0.0,0.0,0.0,1.0,0.0
124000.0,52.3125,9.89032122177175E-5,124000.0,48.199999999999996,39.56477302955492,33.92857142857143,26.62889518413598,124000.0,1747496.0,25250.375000000004,2735.750697963953,20911.600000000006,8974.108845979481,14.900000000000002,7.496323885403551,7.949999999999999,3.7481619427017754,7.949999999999999,3.7481619427017754,4.175000000000001,1.4302142568555316,0.0,0.0,0.0,0.0,1.0,0.0
125000.0,52.53125,9.902031891720574E-5,125000.0,54.0,47.5880833531777,44.71153846153847,37.50000000000001,125000.0,2069360.0,37285.175,2761.7349701795833,28576.6,12107.570288767103,20.549999999999997,9.948456909078658,10.774999999999999,4.974228454539329,10.774999999999999,4.974228454539329,5.225,1.7019973183865102,0.0,0.0,0.0,0.0,1.0,0.0
126000.0,52.640625,9.908598640726669E-5,126000.0,52.0,46.51190778652902,40.520446096654275,35.22267206477733,126000.0,2320784.0,49301.42500000001,2811.819740068881,34726.399999999994,14016.812551086918,25.149999999999995,11.189624314859383,13.074999999999998,5.594812157429692,13.074999999999998,5.594812157429692,5.999999999999999,1.8536173919925967,0.0,0.0,0.0,0.0,1.0,0.0
127000.0,52.9375,9.929764042479086E-5,127000.0,53.0,46.936964500829255,42.40196078431372,35.61643835616439,127000.0,2755848.0,61299.52500000001,2831.497220937977,45445.59999999999,14262.340090656178,33.49999999999999,10.886359378268777,17.249999999999996,5.443179689134388,17.249999999999996,5.443179689134388,7.0,1.377474463442389,0.0,0.0,0.0,0.0,1.0,0.0
128000.0,53.171875,9.948829379734682E-5,128000.0,49.2,43.07364231197213,37.66871165644172,31.536388140161726,128000.0,3144384.0,73291.025,2810.4194183522277,54882.0,15446.886281541398,40.25000000000001,12.400889132721543,20.625000000000004,6.200444566360772,20.625000000000004,6.200444566360772,7.5,1.2608503439122305,0.0,0.0,0.0,0.0,1.0,0.0
129000.0,53.328125,9.963201174590111E-5,129000.0,54.0,47.3690232377204,42.42803504380476,34.751773049645394,129000.0,3555440.0,85274.67499999999,2821.581329566628,65013.000000000015,17824.016727654074,48.25000000000001,14.147120754451263,24.625000000000004,7.073560377225632,24.625000000000004,7.073560377225632,7.85,1.2919871397311853,0.0,0.0,0.0,0.0,1.0,0.0
130000.0,53.53125,9.984077297202824E-5,130000.0,56.599999999999994,51.6386044282992,47.13763702801461,41.192411924119234,130000.0,3972728.0,97330.97499999999,2789.181531335599,75354.19999999998,18821.68394766104,55.99999999999999,15.069071739059545,28.499999999999996,7.534535869529773,28.499999999999996,7.534535869529773,8.05,1.2393132920684082,0.0,0.0,0.0,0.0,1.0,0.0
131000.0,53.875,1.002298609172511E-4,131000.0,56.8,50.98189393707301,47.951807228915655,39.24050632911392,131000.0,4375296.0,109300.77500000002,2770.021739130653,85321.6,21321.999517532146,64.19999999999999,17.72612153335818,32.599999999999994,8.86306076667909,32.599999999999994,8.86306076667909,8.224999999999998,1.1206110970221697,0.0,0.0,0.0,0.0,1.0,0.0
132000.0,54.0,1.0038392366065328E-4,132000.0,57.8,52.62270382902858,49.217809867629356,42.1917808219178,132000.0,4764200.0,121308.02500000001,2753.70508902237,94953.8,22587.80548607861,70.8,18.672892734574443,35.9,9.336446367287222,35.9,9.336446367287222,8.45,1.0365128915546462,0.0,0.0,0.0,0.0,1.0,0.0
133000.0,54.28125,1.0075520588240271E-4,133000.0,56.89999999999999,50.24864136080931,46.393034825870636,37.89625360230547,133000.0,5102864.0,133324.22500000003,2762.9317343339753,103241.6,24514.91200484163,76.95000000000002,19.84290869910522,38.97500000000001,9.92145434955261,38.97500000000001,9.92145434955261,8.675,1.047279748584337,0.0,0.0,0.0,0.0,1.0,0.0
134000.0,54.40625,1.009309762028149E-4,134000.0,53.7,47.120463695285956,42.269326683291766,34.512022630834515,134000.0,5435480.0,145315.57499999998,2773.630212976007,111392.99999999999,24906.080629189575,82.95,20.24712705166226,41.975,10.12356352583113,41.975,10.12356352583113,8.95,1.0365128915546467,0.0,0.0,0.0,0.0,1.0,0.0
135000.0,54.53125,1.0111774182102328E-4,135000.0,57.99999999999999,51.990233441774436,48.21208384710234,40.17094017094017,135000.0,5775496.0,157311.32500000004,2757.9344871219128,119764.20000000001,25425.412943423158,90.04999999999998,20.789482054696894,45.52499999999999,10.394741027348447,45.52499999999999,10.394741027348447,9.1,1.0813097471264972,0.0,0.0,0.0,0.0,1.0,0.0
136000.0,54.96875,1.0181009788842247E-4,136000.0,54.900000000000006,48.94146948941469,45.20048602673148,37.44798890429959,136000.0,6117216.0,169303.12499999997,2756.3601713547464,128207.39999999998,25567.6760922649,95.85000000000001,21.286266187500527,48.425000000000004,10.643133093750263,48.425000000000004,10.643133093750263,9.350000000000001,1.0512507812735292,0.0,0.0,0.0,0.0,1.0,0.0
137000.0,55.484375,1.026649552901896E-4,137000.0,55.2,49.07464770000421,45.43239951278929,37.95013850415513,137000.0,6408584.0,181277.125,2804.0307543166955,135418.8,25818.10898078304,101.35,21.454244693873875,51.175,10.727122346936937,51.175,10.727122346936937,9.5,1.0377490433255419,0.0,0.0,0.0,0.0,1.0,0.0
138000.0,55.96875,1.0350655295446304E-4,138000.0,59.599999999999994,53.74028145145592,49.8759305210918,42.12034383954155,138000.0,6716224.0,193347.47500000003,2813.0870258034333,143015.19999999998,24808.005774811423,107.29999999999998,20.648710147833224,54.14999999999999,10.324355073916612,54.14999999999999,10.324355073916612,9.725,0.9604352645732545,0.0,0.0,0.0,0.0,1.0,0.0
139000.0,56.484375,1.0444609968948899E-4,139000.0,57.199999999999996,51.63191434780495,47.677261613691925,40.638002773925095,139000.0,7043472.0,205362.82499999995,2804.641874734244,151087.99999999997,24113.789122536382,113.35000000000001,20.11193037949723,57.175000000000004,10.055965189748616,57.175000000000004,10.055965189748616,9.875,0.9657599638069018,0.0,0.0,0.0,0.0,1.0,0.0
140000.0,57.0,1.0542362275171193E-4,140000.0,57.599999999999994,52.399609766612144,46.59949622166247,41.02920723226703,140000.0,7328168.0,217393.075,2801.8208675284613,158143.19999999998,24637.105777407778,118.64999999999996,20.699993806514613,59.82499999999998,10.349996903257306,59.82499999999998,10.349996903257306,9.975,1.025007817356056,0.0,0.0,0.0,0.0,1.0,0.0
141000.0,57.515625,1.0643895993578348E-4,141000.0,55.60000000000001,50.62414857238178,46.18181818181819,39.591836734693885,141000.0,7611648.0,229386.425,2837.149173048221,165169.6,25659.782133095927,123.3,20.944615610627068,62.15,10.472307805313532,62.15,10.472307805313532,10.075,1.0951524890895215,0.0,0.0,0.0,0.0,1.0,0.0
142000.0,58.046875,1.0752531130694677E-4,142000.0,56.2,50.95580199580774,45.59006211180125,39.58620689655173,142000.0,7904488.0,241354.02499999994,2844.8898900552294,172432.39999999997,26407.02321188097,128.25,22.03813710773865,64.625,11.019068553869324,64.625,11.019068553869324,10.200000000000001,1.1810469062961875,0.0,0.0,0.0,0.0,1.0,0.0
143000.0,58.5625,1.0861388634010732E-4,143000.0,55.400000000000006,49.50798588940664,46.90476190476191,37.88300835654597,143000.0,8160688.0,253340.975,2843.7520491962196,178731.4,26356.43161014997,132.70000000000002,22.59362288062264,66.85000000000001,11.29681144031132,66.85000000000001,11.29681144031132,10.25,1.192927878405448,0.0,0.0,0.0,0.0,1.0,0.0
144000.0,59.0625,1.0970319537187199E-4,144000.0,56.49999999999999,51.19554095535569,47.590361445783124,39.750692520775615,144000.0,8421384.0,265337.1249999999,2823.4068090899323,185127.0,28060.57361111165,137.35,23.314516222016426,69.175,11.657258111008213,69.175,11.657258111008213,10.299999999999999,1.2444749691006036,0.0,0.0,0.0,0.0,1.0,0.0
145000.0,59.609375,1.1093071393487558E-4,145000.0,57.4,51.05327380063286,46.34760705289672,38.793103448275865,145000.0,8676456.0,277348.97500000015,2808.7393420655235,191408.19999999998,29213.358404885726,141.65,24.692519369649446,71.325,12.346259684824723,71.325,12.346259684824723,10.349999999999998,1.2310095919141388,0.0,0.0,0.0,0.0,1.0,0.0
146000.0,60.15625,1.1219682288356123E-4,146000.0,60.6,55.05689751147532,51.177199504337054,44.034090909090914,146000.0,8949224.0,289351.475,2861.4405820298243,198137.80000000002,30974.067405674738,147.24999999999997,25.424347305239436,74.12499999999999,12.712173652619718,74.12499999999999,12.712173652619718,10.475,1.1764243957749088,0.0,0.0,0.0,0.0,1.0,0.0
147000.0,60.71875,1.135439926292747E-4,147000.0,60.6,54.96061912001737,50.56461731493099,43.87464387464387,147000.0,9257680.0,301332.32499999995,2901.452301136318,205766.19999999998,31554.734342823325,152.74999999999997,25.573173042999176,76.87499999999999,12.786586521499588,76.87499999999999,12.786586521499588,10.575,1.1067971810589325,0.0,0.0,0.0,0.0,1.0,0.0
148000.0,61.28125,1.1492838500998911E-4,148000.0,58.4,52.23803826927183,49.57575757575757,40.229885057471265,148000.0,9513472.0,313299.925,2910.2915387267644,212081.0,30839.149234997745,157.54999999999993,25.07828767720222,79.27499999999996,12.53914383860111,79.27499999999996,12.53914383860111,10.624999999999998,1.029998755289265,0.0,0.0,0.0,0.0,1.0,0.0
149000.0,61.859375,1.1638968555618902E-4,149000.0,57.49999999999999,51.69005247028653,47.98041615667075,40.725244072524404,149000.0,9770576.0,325278.7750000001,2889.1047543158165,218393.79999999996,30339.5939387664,162.24999999999997,24.568846231115646,81.62499999999999,12.284423115557823,81.62499999999999,12.284423115557823,10.7,1.0907536796837263,0.0,0.0,0.0,0.0,1.0,0.0
150000.0,62.40625,1.1781076383259557E-4,150000.0,58.699999999999996,54.01525847210408,49.44920440636475,44.33962264150943,150000.0,1.0044592E7,337249.87499999994,2911.9207881194234,225165.2,30506.2330370831,166.85000000000005,24.750602168276796,83.92500000000003,12.375301084138398,83.92500000000003,12.375301084138398,10.849999999999998,1.1668498024760772,0.0,0.0,0.0,0.0,1.0,0.0
151000.0,63.03125,1.1948236367768708E-4,151000.0,57.8,53.11632040884346,48.47374847374847,42.97297297297297,151000.0,1.0338432E7,349225.62500000006,2896.8868673864135,232428.39999999997,29982.54572999568,171.8,24.636016994094913,86.4,12.318008497047456,86.4,12.318008497047456,10.899999999999999,1.1502508087703842,0.0,0.0,0.0,0.0,1.0,0.0
152000.0,63.578125,1.2097856508464445E-4,152000.0,59.099999999999994,54.17110202252226,50.24330900243308,44.2019099590723,152000.0,1.0575584E7,361261.67500000005,2877.5900207576665,238300.6,31485.354375385232,176.39999999999998,26.00670524977583,88.69999999999999,13.003352624887915,88.69999999999999,13.003352624887915,10.974999999999998,1.1206110970221694,0.0,0.0,0.0,0.0,1.0,0.0
153000.0,64.15625,1.2259874166274025E-4,153000.0,61.4,56.624729747344674,52.22772277227722,46.53739612188365,153000.0,1.0832856E7,373233.07500000007,2917.3283649775485,244671.80000000002,32165.26429614757,181.1,26.108059468883724,91.05,13.054029734441862,91.05,13.054029734441862,11.0,1.1322770341445958,0.0,0.0,0.0,0.0,1.0,0.0
154000.0,64.78125,1.2439729241628403E-4,154000.0,57.4,51.62422241047642,47.27722772277227,39.915373765867415,154000.0,1.1123592E7,385231.77499999997,2936.105701718971,251879.79999999996,33023.00979868586,186.29999999999998,27.80352311193489,93.64999999999999,13.901761555967445,93.64999999999999,13.901761555967445,11.225000000000001,1.1432634351063984,0.0,0.0,0.0,0.0,1.0,0.0
155000.0,65.359375,1.2609712417340936E-4,155000.0,56.3,50.56700885155961,45.374999999999986,38.45070422535211,155000.0,1.1365448E7,397256.4749999999,2949.220479254887,257873.8,34310.011264711284,191.0,29.19782218784169,96.0,14.598911093920846,96.0,14.598911093920846,11.3,1.2236976331741014,0.0,0.0,0.0,0.0,1.0,0.0
156000.0,65.96875,1.279265349795524E-4,156000.0,57.099999999999994,51.77553704515563,48.12575574365175,40.82758620689654,156000.0,1.1604568E7,409213.92499999993,2936.0478790505035,263792.4,34775.706271874515,196.20000000000002,29.130299671894196,98.60000000000001,14.565149835947098,98.60000000000001,14.565149835947098,11.35,1.1886212655091246,0.0,0.0,0.0,0.0,1.0,0.0
157000.0,66.59375,1.298456441468766E-4,157000.0,58.099999999999994,51.89310395108022,49.27360774818401,40.398293029871965,157000.0,1.1869216E7,421186.275,2949.184146092632,270348.80000000005,35318.827952792744,200.64999999999998,29.809265467171574,100.82499999999999,14.904632733585787,100.82499999999999,14.904632733585787,11.424999999999999,1.1297265382746615,0.0,0.0,0.0,0.0,1.0,0.0
158000.0,67.234375,1.3185617355500448E-4,158000.0,57.99999999999999,51.78432439506546,48.33948339483395,39.393939393939384,158000.0,1.2131344E7,433191.57500000007,2959.5970869879707,276845.3999999999,36889.74703557504,205.59999999999997,30.66845033831749,103.29999999999998,15.334225169158746,103.29999999999998,15.334225169158746,11.475000000000003,1.176424395774909,0.0,0.0,0.0,0.0,1.0,0.0
159000.0,67.8125,1.337168770906929E-4,159000.0,57.49999999999999,52.00603481764551,48.54721549636803,41.70096021947873,159000.0,1.2441072E7,445178.525,2958.40056395257,284521.60000000003,37690.6790985891,210.75,31.968534209237365,105.875,15.984267104618683,105.875,15.984267104618683,11.475000000000003,1.176424395774909,0.0,0.0,0.0,0.0,1.0,0.0
160000.0,68.46875,1.3587005083940713E-4,160000.0,59.199999999999996,54.04313412308556,48.99999999999999,43.49030470914127,160000.0,1.2682712E7,457158.575,2981.727789322051,290509.0,38805.78290238024,215.85,32.775498979166336,108.425,16.387749489583168,108.425,16.387749489583168,11.525,1.1091114484704432,0.0,0.0,0.0,0.0,1.0,0.0
161000.0,68.984375,1.375944708383435E-4,161000.0,57.99999999999999,52.46868591760333,48.21208384710234,42.148760330578504,161000.0,1.2927408E7,469185.9750000001,2954.144073075516,296576.6000000001,39561.73987566453,219.5,33.08652216111492,110.25,16.54326108055746,110.25,16.54326108055746,11.575000000000001,1.1297265382746624,0.0,0.0,0.0,0.0,1.0,0.0
162000.0,69.578125,1.3962110747039937E-4,162000.0,59.5,53.966235085912636,50.24570024570024,43.51464435146443,162000.0,1.3193944E7,481175.02499999997,2959.6318333709255,303180.6,38755.68526750425,224.34999999999997,31.454933166561013,112.67499999999998,15.727466583280506,112.67499999999998,15.727466583280506,11.575000000000001,1.1297265382746624,0.0,0.0,0.0,0.0,1.0,0.0
163000.0,70.171875,1.4168371805377923E-4,163000.0,57.4,52.2753777919184,48.488512696493345,41.241379310344826,163000.0,1.3428144E7,493180.07499999995,2925.4228218393423,308981.20000000007,38902.72336073725,229.30000000000004,31.78953222327059,115.15000000000002,15.894766111635295,115.15000000000002,15.894766111635295,11.625000000000002,1.1477402547212903,0.0,0.0,0.0,0.0,1.0,0.0
164000.0,70.796875,1.438996099750511E-4,164000.0,57.9,52.57727313688384,48.8456865127582,42.249657064471876,164000.0,1.3704744E7,505171.125,2921.0570723407313,315805.6000000001,38693.045129252365,234.09999999999997,32.223418781201936,117.54999999999998,16.111709390600968,117.54999999999998,16.111709390600968,11.675,1.1851106190930787,0.0,0.0,0.0,0.0,1.0,0.0
164860.0,71.34375,1.4586940605012283E-4,164860.0,61.8,56.53202974938781,52.54658385093168,46.348314606741575,164860.0,1.3923088E7,515504.37500000006,2957.81493923193,321170.39999999997,38682.92487337241,238.10000000000005,32.634573455392136,119.55000000000003,16.317286727696068,119.55000000000003,16.317286727696068,11.725000000000001,1.2192368357043932,0.0,0.0,0.0,0.0,1.0,0.0
