learning evaluation instances,evaluation time (cpu seconds),model cost (RAM-Hours),classified instances,classifications correct (percent),Kappa Statistic (percent),Kappa Temporal Statistic (percent),Kappa M Statistic (percent),model training instances,model serialized size (bytes),ensemble size,[avg] model training instances,[err] model training instances,[avg] model serialized size (bytes),[err] model serialized size (bytes),[avg] Change detected,[err] Change detected,[avg] Warning detected,[err] Warning detected,[avg] tree size (nodes),[err] tree size (nodes),[avg] tree size (leaves),[err] tree size (leaves),[avg] active learning leaves,[err] active learning leaves,[avg] tree depth,[err] tree depth,[avg] active leaf byte size estimate,[err] active leaf byte size estimate,[avg] inactive leaf byte size estimate,[err] inactive leaf byte size estimate,[avg] byte size estimate overhead,[err] byte size estimate overhead
1000.0,0.109375,1.234358124848869E-8,1000.0,47.5,33.34780638109058,31.818181818181813,14.075286415711943,1000.0,455960.0,5.0,995.6,51.26662332031111,172524.0,177313.20500302408,0.8,1.7888543819998317,32.0,5.787918451395114,1.0,0.0,1.0,0.0,1.0,0.0,0.0,0.0,0.0,0.0,0.0,0.0,1.0,0.0
2000.0,0.171875,1.9684214041464858E-8,2000.0,47.0,33.231122359637325,29.14438502673796,11.666666666666659,2000.0,454000.0,5.0,1842.3999999999999,487.173982155132,172332.8,177101.84285934965,0.4,0.894427190999916,20.0,14.404860290887934,1.0,0.0,1.0,0.0,1.0,0.0,0.0,0.0,0.0,0.0,0.0,0.0,1.0,0.0
3000.0,0.25,2.882184667719735E-8,3000.0,22.900000000000002,13.06759755371543,1.658163265306124,-26.186579378068743,3000.0,452112.0,5.0,2688.7,647.7249158915123,172146.4,176900.14961566438,0.2,0.4472135954999579,11.8,7.758865896508329,1.0,0.0,1.0,0.0,1.0,0.0,0.0,0.0,0.0,0.0,0.0,0.0,1.0,0.0
4000.0,0.3125,3.6149156383342216E-8,4000.0,43.7,27.993328831317655,28.188775510204078,7.553366174055827,4000.0,453176.0,5.0,3676.1000000000004,639.8601322858683,172252.8,177012.05001844745,0.0,0.0,12.8,10.329569206893384,1.0,0.0,1.0,0.0,1.0,0.0,0.0,0.0,0.0,0.0,0.0,0.0,1.0,0.0
5000.0,0.375,4.34174823264281E-8,5000.0,47.5,33.30123322843628,33.37563451776649,14.215686274509798,5000.0,449528.0,5.0,4660.500000000001,630.7170962924308,171888.0,176627.15061960323,0.0,0.0,11.4,6.06630035524124,1.0,0.0,1.0,0.0,1.0,0.0,0.0,0.0,0.0,0.0,0.0,0.0,1.0,0.0
6000.0,0.4375,5.07551400611798E-8,6000.0,47.099999999999994,34.11367321876502,33.29129886506936,16.561514195583594,6000.0,453816.0,5.0,5651.1,633.8286571832065,172316.80000000002,177079.747918401,0.0,0.0,8.2,4.54972526643093,1.0,0.0,1.0,0.0,1.0,0.0,0.0,0.0,0.0,0.0,0.0,0.0,1.0,0.0
7000.0,0.5,5.806835057834784E-8,7000.0,47.699999999999996,33.110624539576,31.901041666666664,15.097402597402592,7000.0,452304.0,5.0,6627.099999999999,624.8010261052892,172165.6,176920.30670157052,0.0,0.0,13.6,8.677557259966655,1.0,0.0,1.0,0.0,1.0,0.0,0.0,0.0,0.0,0.0,0.0,0.0,1.0,0.0
8000.0,0.5625,6.540704311596024E-8,8000.0,46.800000000000004,32.57099690992652,32.22929936305732,13.915857605177997,8000.0,453880.0,5.0,7626.300000000001,615.384441720061,172323.2,177086.82388076695,0.0,0.0,8.6,6.348228099241551,1.0,0.0,1.0,0.0,1.0,0.0,0.0,0.0,0.0,0.0,0.0,0.0,1.0,0.0
9000.0,0.59375,6.909637401501339E-8,9000.0,45.4,31.188758309965657,29.63917525773196,10.929853181076673,9000.0,456352.0,5.0,8621.1,609.8140791348712,172570.4,177346.88557939525,0.0,0.0,3.6,6.4265076052238514,1.0,0.0,1.0,0.0,1.0,0.0,0.0,0.0,0.0,0.0,0.0,0.0,1.0,0.0
10000.0,0.65625,7.647917502456243E-8,10000.0,45.2,32.331894768687455,30.895334174022697,13.971742543171118,10000.0,456608.0,5.0,9618.099999999999,600.10637020078,172596.00000000003,177373.91003439287,0.0,0.0,0.4,0.8944271909999159,1.0,0.0,1.0,0.0,1.0,0.0,0.0,0.0,0.0,0.0,0.0,0.0,1.0,0.0
11000.0,0.734375,8.566709261180627E-8,11000.0,47.5,33.12331932532256,35.02475247524752,14.634146341463412,11000.0,454600.0,5.0,10614.3,601.248525061716,172395.2,177162.4358759811,0.0,0.0,3.0,2.6457513110645907,1.0,0.0,1.0,0.0,1.0,0.0,0.0,0.0,0.0,0.0,0.0,0.0,1.0,0.0
12000.0,0.8125,9.486422641202808E-8,12000.0,49.5,36.43801132787917,32.576769025367156,15.83333333333333,12000.0,455056.0,5.0,11604.5,607.7322601277639,172440.8,177210.31379866754,0.0,0.0,7.8,8.167006795638168,1.0,0.0,1.0,0.0,1.0,0.0,0.0,0.0,0.0,0.0,0.0,0.0,1.0,0.0
13000.0,0.890625,1.040925659860174E-7,13000.0,45.7,29.817033134632386,27.888446215139446,6.8610634648370565,13000.0,456600.0,5.0,12585.7,616.8248535848729,172595.19999999998,177372.5792040898,0.0,0.0,11.4,9.44986772394196,1.0,0.0,1.0,0.0,1.0,0.0,0.0,0.0,0.0,0.0,0.0,0.0,1.0,0.0
14000.0,0.9375,1.0964751709252597E-7,14000.0,44.5,28.993719462501645,26.877470355731226,7.653910149750414,14000.0,458080.0,5.0,13602.099999999999,605.295969845423,172743.19999999998,177528.58489882067,0.0,0.0,0.0,0.0,1.0,0.0,1.0,0.0,1.0,0.0,0.0,0.0,0.0,0.0,0.0,0.0,1.0,0.0
15000.0,1.0,1.1701596021238302E-7,15000.0,48.699999999999996,33.06577038297339,34.48275862068966,13.92617449664429,15000.0,455720.0,5.0,14595.9,592.4826204670949,172507.19999999998,177280.18328109258,0.0,0.0,0.6,0.5477225575051661,1.0,0.0,1.0,0.0,1.0,0.0,0.0,0.0,0.0,0.0,0.0,0.0,1.0,0.0
16000.0,1.0625,1.2439513941191966E-7,16000.0,45.0,31.22575707937048,29.214929214929214,13.24921135646688,16000.0,456384.0,5.0,15582.9,589.5060927024701,172573.6,177350.59573323495,0.0,0.0,7.8,8.757853618324527,1.0,0.0,1.0,0.0,1.0,0.0,0.0,0.0,0.0,0.0,0.0,0.0,1.0,0.0
17000.0,1.125,1.317487072406544E-7,17000.0,44.9,29.512600741972623,29.268292682926827,11.840000000000002,17000.0,454800.0,5.0,14893.8,5244.593381124349,172376.0,177225.4074386,0.8,1.788854381999832,7.2,10.473776778220929,1.0,0.0,1.0,0.0,1.0,0.0,0.0,0.0,0.0,0.0,0.0,0.0,1.0,0.0
18000.0,1.171875,1.372499132735862E-7,18000.0,44.800000000000004,27.50634976084975,30.740276035131746,11.961722488038278,18000.0,453648.0,5.0,12805.300000000001,7843.359343348287,172284.80000000002,177078.52708069002,0.8,0.8366600265340756,11.4,10.667708282475669,1.0,0.0,1.0,0.0,1.0,0.0,0.0,0.0,0.0,0.0,0.0,0.0,1.0,0.0
19000.0,1.265625,1.483512783630027E-7,19000.0,47.0,31.630899737359446,29.14438502673796,10.774410774410766,19000.0,457728.0,5.0,13802.3,7853.352108777783,172710.4,177488.97866452942,0.0,0.0,18.0,15.47578754054216,1.0,0.0,1.0,0.0,1.0,0.0,0.0,0.0,0.0,0.0,0.0,0.0,1.0,0.0
20000.0,1.3125,1.5386878254099027E-7,20000.0,46.300000000000004,31.52859541815372,31.065468549422338,12.540716612377853,20000.0,454992.0,5.0,14531.900000000001,8370.203083292277,172439.2,177198.88362628024,1.2,2.6832815729997477,12.0,15.149257407543116,1.0,0.0,1.0,0.0,1.0,0.0,0.0,0.0,0.0,0.0,0.0,0.0,1.0,0.0
21000.0,1.375,1.612499019958907E-7,21000.0,45.1,30.816167593738424,31.030150753768847,13.949843260188091,21000.0,456504.0,5.0,15495.5,8371.70622792431,172590.40000000002,177358.18199038165,0.0,0.0,7.2,8.983317872590284,1.0,0.0,1.0,0.0,1.0,0.0,0.0,0.0,0.0,0.0,0.0,0.0,1.0,0.0
22000.0,1.4375,1.6860165891961922E-7,22000.0,46.9,32.17905750602853,32.44274809160305,13.376835236541593,22000.0,454688.0,5.0,16489.1,8376.110386755365,172408.80000000002,177166.8841471227,0.0,0.0,10.8,10.894952959971878,1.0,0.0,1.0,0.0,1.0,0.0,0.0,0.0,0.0,0.0,0.0,0.0,1.0,0.0
23000.0,1.5,1.75965186725888E-7,23000.0,46.400000000000006,32.18348921008948,32.83208020050125,14.51355661881978,23000.0,455416.0,5.0,17509.3,8373.559963095478,172481.6,177243.4759728361,0.0,0.0,8.2,12.735776379946374,1.0,0.0,1.0,0.0,1.0,0.0,0.0,0.0,0.0,0.0,0.0,0.0,1.0,0.0
24000.0,1.5625,1.8333776905718778E-7,24000.0,45.9,31.951568635836498,30.818414322250643,14.937106918239,24000.0,455976.0,5.0,18527.700000000004,8368.672854428261,172537.6,177302.2629342333,0.0,0.0,6.0,8.689073598491383,1.0,0.0,1.0,0.0,1.0,0.0,0.0,0.0,0.0,0.0,0.0,0.0,1.0,0.0
25000.0,1.625,1.9073441055499846E-7,25000.0,45.5,30.100962426381567,30.573248407643312,10.361842105263158,25000.0,457464.0,5.0,19518.9,8372.676572571574,172686.4,177458.70743183547,0.0,0.0,7.6,11.674759098157015,1.0,0.0,1.0,0.0,1.0,0.0,0.0,0.0,0.0,0.0,0.0,0.0,1.0,0.0
26000.0,1.6875,1.9809108279231523E-7,26000.0,49.6,34.88380505968339,35.796178343949045,16.55629139072847,26000.0,454992.0,5.0,20555.1,8380.33334592896,172439.19999999998,177198.92351616838,0.0,0.0,2.2,3.03315017762062,1.0,0.0,1.0,0.0,1.0,0.0,0.0,0.0,0.0,0.0,0.0,0.0,1.0,0.0
27000.0,1.734375,2.0360761684262093E-7,27000.0,46.800000000000004,31.939369748329195,31.7948717948718,12.500000000000004,27000.0,454912.0,5.0,21541.5,8382.527426472016,172431.2,177190.31383408693,0.0,0.0,6.0,6.041522986797286,1.0,0.0,1.0,0.0,1.0,0.0,0.0,0.0,0.0,0.0,0.0,0.0,1.0,0.0
28000.0,1.796875,2.1101654662440223E-7,28000.0,42.8,28.926441351888666,27.86885245901639,11.317829457364342,28000.0,458224.0,5.0,22534.1,8372.804129375587,172762.4,177538.702096316,0.0,0.0,6.6,7.162401831787993,1.0,0.0,1.0,0.0,1.0,0.0,0.0,0.0,0.0,0.0,0.0,0.0,1.0,0.0
29000.0,1.84375,2.165589830838144E-7,29000.0,42.199999999999996,27.86127398487832,26.181353767560662,9.968847352024921,29000.0,457048.0,5.0,22624.3,10396.009363105526,172599.19999999998,177463.1783859526,0.4,0.8944271909999159,1.8,4.024922359499621,1.0,0.0,1.0,0.0,1.0,0.0,0.0,0.0,0.0,0.0,0.0,0.0,1.0,0.0
30000.0,1.90625,2.239109987082581E-7,30000.0,45.300000000000004,31.258781156611846,33.04773561811506,17.12121212121212,30000.0,454704.0,5.0,18072.0,13326.42450171838,172390.40000000002,177189.57075102738,1.2,1.3038404810405297,8.2,8.043631020876083,1.0,0.0,1.0,0.0,1.0,0.0,0.0,0.0,0.0,0.0,0.0,0.0,1.0,0.0
31000.0,1.96875,2.3126857639807796E-7,31000.0,44.2,29.915433802112833,30.8550185873606,15.837104072398187,31000.0,455048.0,5.0,18791.500000000004,13710.294771529247,172447.2,177202.25312638286,0.4,0.894427190999916,21.6,20.75572210259137,1.0,0.0,1.0,0.0,1.0,0.0,0.0,0.0,0.0,0.0,0.0,0.0,1.0,0.0
32000.0,1.984375,2.3311181899367108E-7,32000.0,44.3,32.83095226897526,30.46192259675406,20.65527065527066,32000.0,456000.0,5.0,19673.799999999996,13867.848217289435,172540.0,177304.65838337256,0.4,0.894427190999916,10.8,10.894952959971878,1.0,0.0,1.0,0.0,1.0,0.0,0.0,0.0,0.0,0.0,0.0,0.0,1.0,0.0
33000.0,2.03125,2.386431959975097E-7,33000.0,44.5,32.52369877120184,32.971014492753625,21.388101983002837,33000.0,456136.0,5.0,20688.6,13868.252298765776,172553.6,177318.7927793078,0.0,0.0,6.4,9.09945053286186,1.0,0.0,1.0,0.0,1.0,0.0,0.0,0.0,0.0,0.0,0.0,0.0,1.0,0.0
34000.0,2.109375,2.4785876222368743E-7,34000.0,39.7,27.33171205522308,23.863636363636367,10.000000000000002,34000.0,455968.0,5.0,21679.2,13867.67537036319,172536.80000000002,177301.37117273893,0.0,0.0,4.2,4.604345773288535,1.0,0.0,1.0,0.0,1.0,0.0,0.0,0.0,0.0,0.0,0.0,0.0,1.0,0.0
35000.0,2.171875,2.552538515172071E-7,35000.0,47.4,33.72385021590148,34.739454094292796,19.076923076923077,35000.0,457368.0,5.0,22670.6,13863.770740875498,172676.80000000002,177448.54239331218,0.0,0.0,3.4,3.4351128074635335,1.0,0.0,1.0,0.0,1.0,0.0,0.0,0.0,0.0,0.0,0.0,0.0,1.0,0.0
36000.0,2.25,2.644817060273555E-7,36000.0,46.800000000000004,33.77780212010616,34.643734643734646,20.120120120120124,36000.0,456576.0,5.0,23683.6,13870.217087141948,172597.6,177365.5868432957,0.0,0.0,5.4,6.06630035524124,1.0,0.0,1.0,0.0,1.0,0.0,0.0,0.0,0.0,0.0,0.0,0.0,1.0,0.0
37000.0,2.3125,2.7180461782134244E-7,37000.0,47.3,35.77243699117633,36.65865384615384,23.06569343065693,37000.0,452904.0,5.0,24683.0,13867.438576271634,172230.40000000002,176978.8458439784,0.0,0.0,5.0,3.5355339059327378,1.0,0.0,1.0,0.0,1.0,0.0,0.0,0.0,0.0,0.0,0.0,0.0,1.0,0.0
38000.0,2.359375,2.773463751913773E-7,38000.0,45.2,30.977499672520985,33.08913308913309,16.207951070336396,38000.0,456992.0,5.0,25662.0,13872.516666656655,172639.2,177409.21325743548,0.0,0.0,5.8,4.324349662087931,1.0,0.0,1.0,0.0,1.0,0.0,0.0,0.0,0.0,0.0,0.0,0.0,1.0,0.0
39000.0,2.40625,2.8288764749757124E-7,39000.0,44.6,30.621650052597303,31.265508684863523,16.060606060606062,39000.0,456952.0,5.0,26672.2,13871.532662254738,172635.19999999998,177404.66784589156,0.0,0.0,10.0,8.602325267042627,1.0,0.0,1.0,0.0,1.0,0.0,0.0,0.0,0.0,0.0,0.0,0.0,1.0,0.0
40000.0,2.40625,2.8288764749757124E-7,40000.0,24.099999999999998,13.707638295163079,5.4794520547945185,-20.667726550079493,40000.0,455920.0,5.0,27684.2,13872.452741554636,172532.0,177296.42243429503,0.0,0.0,2.4,2.8809720581775866,1.0,0.0,1.0,0.0,1.0,0.0,0.0,0.0,0.0,0.0,0.0,0.0,1.0,0.0
41000.0,2.484375,2.9213296430599363E-7,41000.0,0.0,0.0,-24.069478908188586,-50.37593984962406,41000.0,457440.0,5.0,27543.1,15673.215450074194,172684.0,177456.15452963146,0.4,0.8944271909999159,8.0,12.727922061357855,1.0,0.0,1.0,0.0,1.0,0.0,0.0,0.0,0.0,0.0,0.0,0.0,1.0,0.0
42000.0,2.53125,2.976710351908373E-7,42000.0,0.0,0.0,-25.944584382871533,-51.975683890577514,42000.0,456688.0,5.0,28537.5,15679.247177576975,172608.80000000002,177377.23973547952,0.0,0.0,8.2,11.166915420114904,1.0,0.0,1.0,0.0,1.0,0.0,0.0,0.0,0.0,0.0,0.0,0.0,1.0,0.0
43000.0,2.59375,3.049926534812484E-7,43000.0,0.0,0.0,-21.95121951219512,-46.412884333821374,43000.0,452824.0,5.0,29519.3,15677.716295217659,172222.4,176970.414312801,0.0,0.0,4.8,6.016643582596529,1.0,0.0,1.0,0.0,1.0,0.0,0.0,0.0,0.0,0.0,0.0,0.0,1.0,0.0
44000.0,2.640625,3.105307243660921E-7,44000.0,0.0,0.0,-23.001230012300127,-51.28593040847201,44000.0,456688.0,5.0,30510.3,15678.490595221354,172608.80000000002,177376.94206456988,0.0,0.0,7.8,8.318653737234168,1.0,0.0,1.0,0.0,1.0,0.0,0.0,0.0,0.0,0.0,0.0,0.0,1.0,0.0
45000.0,2.71875,3.198243858706621E-7,45000.0,0.0,0.0,-24.533001245330016,-54.559505409582684,45000.0,460880.0,5.0,31076.499999999996,16515.701561107104,173810.4,177872.75004289506,0.2,0.4472135954999579,7.6,7.569676347110224,1.4,0.8944271909999159,1.2,0.4472135954999579,1.2,0.4472135954999579,0.2,0.447213595499958,0.0,0.0,0.0,0.0,1.0,0.0
46000.0,2.78125,3.2736370081288954E-7,46000.0,0.0,0.0,-23.304562268803945,-42.247510668563294,46000.0,466288.0,5.0,32074.7,16517.983694883722,174392.0,178410.15983028171,0.0,0.0,6.2,10.825894882179487,1.4,0.8944271909999159,1.2,0.4472135954999579,1.2,0.4472135954999579,0.2,0.447213595499958,0.0,0.0,0.0,0.0,1.0,0.0
47000.0,2.828125,3.3321415281130216E-7,47000.0,0.0,0.0,-25.78616352201258,-52.439024390243894,47000.0,482448.0,5.0,33067.7,16514.187685139103,177220.8,178872.37992913023,0.0,0.0,4.2,7.8230428862431785,2.6,1.6733200530681511,1.8,0.8366600265340756,1.8,0.8366600265340756,0.8,0.8366600265340756,0.0,0.0,0.0,0.0,1.0,0.0
48000.0,2.90625,3.4303071313641144E-7,48000.0,34.300000000000004,27.16218553354531,17.97752808988764,-2.656249999999994,48000.0,485704.0,5.0,32444.600000000002,19041.360958596302,177952.8,178818.29655130682,0.6,1.3416407864998738,9.2,11.945710527214361,3.0,2.0,2.0,1.0,2.0,1.0,1.0,1.0,0.0,0.0,0.0,0.0,1.0,0.0
49000.0,2.953125,3.4891880608888143E-7,49000.0,54.2,45.7568342835757,42.244640605296354,27.646129541864145,49000.0,485552.0,5.0,33315.3,19291.693670535456,177878.40000000002,178914.99593270544,0.4,0.894427190999916,6.2,11.755849607748475,3.0,2.0,2.0,1.0,2.0,1.0,1.0,1.0,0.0,0.0,0.0,0.0,1.0,0.0
50000.0,3.03125,3.588110363731782E-7,50000.0,51.2,43.98820079311789,39.45409429280397,28.966521106259098,50000.0,489448.0,5.0,34273.5,19374.054461515734,178351.19999999998,179216.9928629661,0.6,1.3416407864998738,10.0,15.411035007422441,3.0,2.0,2.0,1.0,2.0,1.0,1.0,1.0,0.0,0.0,0.0,0.0,1.0,0.0
51000.0,3.0625,3.628128777361579E-7,51000.0,50.7,42.51533313122362,38.757763975155285,24.270353302611372,51000.0,495008.0,5.0,35283.1,19380.996817902724,179310.4,179374.8327219971,0.0,0.0,5.800000000000001,11.366617790706258,3.4,2.1908902300206643,2.2,1.0954451150103321,2.2,1.0954451150103321,1.2,1.0954451150103321,0.0,0.0,0.0,0.0,1.0,0.0
52000.0,3.171875,3.7681253161281353E-7,52000.0,54.300000000000004,47.433803400124226,42.37074401008828,30.75757575757576,52000.0,494768.0,5.0,36271.7,19387.44148526165,179314.4,179324.8821225506,0.0,0.0,3.8,8.497058314499201,3.4,2.1908902300206643,2.2,1.0954451150103321,2.2,1.0954451150103321,1.2,1.0954451150103321,0.0,0.0,0.0,0.0,1.0,0.0
53000.0,3.21875,3.827987044739227E-7,53000.0,52.0,45.63826341432477,41.81818181818183,29.721815519765737,53000.0,493640.0,5.0,36723.3,20308.28726872084,179225.59999999998,179190.44160222384,0.2,0.4472135954999579,7.8,10.686440005914037,3.4,2.1908902300206643,2.2,1.0954451150103321,2.2,1.0954451150103321,1.2,1.0954451150103321,0.0,0.0,0.0,0.0,1.0,0.0
54000.0,3.265625,3.887704224325717E-7,54000.0,52.800000000000004,45.858396766186274,41.43920595533499,28.48484848484849,54000.0,492448.0,5.0,37712.700000000004,20307.673941148452,179106.4,179073.38558950878,0.0,0.0,3.2,4.604345773288535,3.4,2.1908902300206643,2.2,1.0954451150103321,2.2,1.0954451150103321,1.2,1.0954451150103321,0.0,0.0,0.0,0.0,1.0,0.0
55000.0,3.328125,3.9677384645781586E-7,55000.0,55.7,49.32973418126917,44.13619167717529,34.27299703264096,55000.0,494992.0,5.0,38716.299999999996,20324.14483673162,179360.80000000002,179330.2682642652,0.0,0.0,4.2,6.016643582596529,3.4,2.1908902300206643,2.2,1.0954451150103321,2.2,1.0954451150103321,1.2,1.0954451150103321,0.0,0.0,0.0,0.0,1.0,0.0
56000.0,3.390625,4.047898174677458E-7,56000.0,53.0,46.00704895207724,42.046855733662156,30.983847283406757,56000.0,495768.0,5.0,39721.9,20318.049219843917,179438.40000000002,179408.32263316115,0.0,0.0,4.0,5.522680508593631,3.4,2.1908902300206643,2.2,1.0954451150103321,2.2,1.0954451150103321,1.2,1.0954451150103321,0.0,0.0,0.0,0.0,1.0,0.0
57000.0,3.453125,4.1283101179740496E-7,57000.0,52.800000000000004,45.62782012484867,40.852130325814535,29.657228017883757,57000.0,497328.0,5.0,40708.7,20319.251413649843,179594.39999999997,179571.24232224812,0.0,0.0,3.4,6.54217089351845,3.4,2.1908902300206643,2.2,1.0954451150103321,2.2,1.0954451150103321,1.2,1.0954451150103321,0.0,0.0,0.0,0.0,1.0,0.0
58000.0,3.5,4.1885890014883545E-7,58000.0,54.50000000000001,47.190843008241714,43.75772558714463,29.017160686427463,58000.0,497080.0,5.0,41680.3,20322.662194648066,179569.6,179546.3139676718,0.0,0.0,1.4,2.1908902300206643,3.4,2.1908902300206643,2.2,1.0954451150103321,2.2,1.0954451150103321,1.2,1.0954451150103321,0.0,0.0,0.0,0.0,1.0,0.0
59000.0,3.5625,4.268944030627608E-7,59000.0,51.1,43.18571300768329,39.179104477611936,25.90909090909091,59000.0,496976.0,5.0,42683.5,20310.053778855436,179559.2,179534.7737414677,0.0,0.0,1.0,2.23606797749979,3.4,2.1908902300206643,2.2,1.0954451150103321,2.2,1.0954451150103321,1.2,1.0954451150103321,0.0,0.0,0.0,0.0,1.0,0.0
60000.0,3.640625,4.369203492792116E-7,60000.0,49.3,42.274191895615346,35.9039190897598,25.0,60000.0,496064.0,5.0,42686.4,22235.330041275403,179472.80000000002,179441.41430858895,0.4,0.894427190999916,4.4,8.763560920082657,3.4,2.1908902300206643,2.2,1.0954451150103321,2.2,1.0954451150103321,1.2,1.0954451150103321,0.0,0.0,0.0,0.0,1.0,0.0
61000.0,3.6875,4.429477525668012E-7,61000.0,48.6,41.33792890933058,35.588972431077686,23.851851851851848,61000.0,497040.0,5.0,43680.8,22231.721934609064,179570.4,179539.0923517463,0.0,0.0,3.6,8.049844718999243,3.4,2.1908902300206643,2.2,1.0954451150103321,2.2,1.0954451150103321,1.2,1.0954451150103321,0.0,0.0,0.0,0.0,1.0,0.0
62000.0,3.75,4.5096023111707636E-7,62000.0,48.5,40.48987807935992,34.561626429479034,23.134328358208954,62000.0,495552.0,5.0,44674.2,22235.059307319152,179433.6,179373.28815084047,0.0,0.0,4.6,7.05691150575094,3.4,2.1908902300206643,2.2,1.0954451150103321,2.2,1.0954451150103321,1.2,1.0954451150103321,0.0,0.0,0.0,0.0,1.0,0.0
63000.0,3.796875,4.5691691209665605E-7,63000.0,49.8,42.77800258752857,35.64102564102564,27.769784172661872,63000.0,491208.0,5.0,44363.600000000006,24606.454474836926,179001.6,178924.66851548944,0.4,0.8944271909999159,13.8,18.281137820168635,3.4,2.1908902300206643,2.2,1.0954451150103321,2.2,1.0954451150103321,1.2,1.0954451150103321,0.0,0.0,0.0,0.0,1.0,0.0
64000.0,3.84375,4.629140474005706E-7,64000.0,49.6,42.98029765642235,37.62376237623762,27.58620689655173,64000.0,494544.0,5.0,45377.600000000006,24604.869830539195,179363.2,179235.01190510247,0.0,0.0,6.6,9.838699100999074,3.4,2.1908902300206643,2.2,1.0954451150103321,2.2,1.0954451150103321,1.2,1.0954451150103321,0.0,0.0,0.0,0.0,1.0,0.0
65000.0,3.921875,4.7288227101994886E-7,65000.0,49.7,42.670157366428874,39.39759036144578,27.417027417027416,65000.0,493208.0,5.0,45827.100000000006,25618.88924407145,179217.6,179115.037787451,0.6,1.3416407864998738,8.2,10.871982339941507,3.4,2.1908902300206643,2.2,1.0954451150103321,2.2,1.0954451150103321,1.2,1.0954451150103321,0.0,0.0,0.0,0.0,1.0,0.0
66000.0,3.984375,4.808701730022828E-7,66000.0,50.9,43.72550884861933,37.926675094816694,28.111273792093705,66000.0,494032.0,5.0,46805.100000000006,25613.28533072892,179312.0,179181.77439063878,0.0,0.0,11.0,8.94427190999916,3.4,2.1908902300206643,2.2,1.0954451150103321,2.2,1.0954451150103321,1.2,1.0954451150103321,0.0,0.0,0.0,0.0,1.0,0.0
67000.0,4.046875,4.888159067680438E-7,67000.0,51.0,43.293928399905106,39.877300613496935,27.941176470588236,67000.0,491424.0,5.0,47636.100000000006,26001.798469635818,179051.2,178919.5193554912,0.2,0.447213595499958,3.8,5.310367218940701,3.4,2.1908902300206643,2.2,1.0954451150103321,2.2,1.0954451150103321,1.2,1.0954451150103321,0.0,0.0,0.0,0.0,1.0,0.0
68000.0,4.09375,4.94796937952439E-7,68000.0,50.7,43.58312391572028,37.515842839036765,27.606461086637296,68000.0,493216.0,5.0,48638.9,26012.335579917122,179230.4,179099.97163794053,0.0,0.0,0.6,0.8944271909999159,3.4,2.1908902300206643,2.2,1.0954451150103321,2.2,1.0954451150103321,1.2,1.0954451150103321,0.0,0.0,0.0,0.0,1.0,0.0
69000.0,4.125,4.987911476443212E-7,69000.0,52.5,45.200738347946476,40.40150564617315,29.420505200594356,69000.0,494064.0,5.0,49663.49999999999,26004.769191865984,179315.19999999998,179184.94258961728,0.0,0.0,4.6,6.387487769068525,3.4,2.1908902300206643,2.2,1.0954451150103321,2.2,1.0954451150103321,1.2,1.0954451150103321,0.0,0.0,0.0,0.0,1.0,0.0
70000.0,4.203125,5.08736896639069E-7,70000.0,52.5,45.72966747710364,40.846824408468244,31.85078909612626,70000.0,492096.0,5.0,50653.1,26005.63683533074,179118.4,178986.97023414858,0.0,0.0,0.6,0.8944271909999159,3.4,2.1908902300206643,2.2,1.0954451150103321,2.2,1.0954451150103321,1.2,1.0954451150103321,0.0,0.0,0.0,0.0,1.0,0.0
71000.0,4.234375,5.127104102737375E-7,71000.0,52.6,45.7561636561719,43.16546762589928,31.104651162790702,71000.0,491504.0,5.0,51637.9,25999.734303984296,179059.2,178927.53259151842,0.0,0.0,1.8,3.492849839314596,3.4,2.1908902300206643,2.2,1.0954451150103321,2.2,1.0954451150103321,1.2,1.0954451150103321,0.0,0.0,0.0,0.0,1.0,0.0
72000.0,4.296875,5.206732182866998E-7,72000.0,50.8,42.76467556761271,39.779681762545906,25.341426403641876,72000.0,492480.0,5.0,52615.299999999996,26006.38589120415,179168.8,179013.73631018747,0.0,0.0,3.8,5.215361924162119,3.4,2.1908902300206643,2.2,1.0954451150103321,2.2,1.0954451150103321,1.2,1.0954451150103321,0.0,0.0,0.0,0.0,1.0,0.0
73000.0,4.34375,5.266313544578023E-7,73000.0,48.199999999999996,40.73606267790622,36.36363636363636,24.818577648766325,73000.0,491328.0,5.0,53611.1,26005.597634398295,179053.6,178898.57164773563,0.0,0.0,6.8,7.155417527999327,3.4,2.1908902300206643,2.2,1.0954451150103321,2.2,1.0954451150103321,1.2,1.0954451150103321,0.0,0.0,0.0,0.0,1.0,0.0
74000.0,4.390625,5.326236391233074E-7,74000.0,50.2,42.499604540452914,38.13664596273292,26.002971768202077,74000.0,494144.0,5.0,54604.5,26004.765867689202,179335.2,179188.77565839762,0.0,0.0,5.6,9.528903399657276,3.4,2.1908902300206643,2.2,1.0954451150103321,2.2,1.0954451150103321,1.2,1.0954451150103321,0.0,0.0,0.0,0.0,1.0,0.0
75000.0,4.421875,5.366247043841416E-7,75000.0,48.1,40.874981915035406,35.20599250936329,25.538020086083215,75000.0,494912.0,5.0,55581.5,26010.224328350403,179412.0,179271.6095512926,0.0,0.0,5.4,4.33589667773576,3.4,2.1908902300206643,2.2,1.0954451150103321,2.2,1.0954451150103321,1.2,1.0954451150103321,0.0,0.0,0.0,0.0,1.0,0.0
76000.0,4.5,5.466967316654822E-7,76000.0,48.199999999999996,40.931368636153195,36.51960784313725,25.14450867052023,76000.0,498344.0,5.0,56575.700000000004,26014.921274145727,179791.19999999998,179587.19140468293,0.0,0.0,2.4,3.5777087639996634,3.4,2.1908902300206643,2.2,1.0954451150103321,2.2,1.0954451150103321,1.2,1.0954451150103321,0.0,0.0,0.0,0.0,1.0,0.0
77000.0,4.5625,5.547595275048581E-7,77000.0,50.7,44.01442678949425,38.83374689826303,30.26874115983027,77000.0,498664.0,5.0,57553.30000000001,26010.439951211047,179823.2,179619.44860596556,0.0,0.0,1.2,1.6431676725154984,3.4,2.1908902300206643,2.2,1.0954451150103321,2.2,1.0954451150103321,1.2,1.0954451150103321,0.0,0.0,0.0,0.0,1.0,0.0
78000.0,4.65625,5.667885286836989E-7,78000.0,51.800000000000004,44.1305814360527,38.83248730964468,28.908554572271388,78000.0,495976.0,5.0,58533.299999999996,26003.085607716293,179554.4,179340.51685439073,0.0,0.0,4.4,6.985699678629192,3.4,2.1908902300206643,2.2,1.0954451150103321,2.2,1.0954451150103321,1.2,1.0954451150103321,0.0,0.0,0.0,0.0,1.0,0.0
79000.0,4.6875,5.708110661038922E-7,79000.0,49.9,43.35622827100822,38.90243902439024,28.936170212765955,79000.0,497568.0,5.0,59540.5,25993.07346732544,179713.6,179503.60039174702,0.0,0.0,3.6,4.979959839195493,3.4,2.1908902300206643,2.2,1.0954451150103321,2.2,1.0954451150103321,1.2,1.0954451150103321,0.0,0.0,0.0,0.0,1.0,0.0
80000.0,4.765625,5.808344253131913E-7,80000.0,53.6,46.31617919289152,43.82566585956417,31.56342182890856,80000.0,495936.0,5.0,60532.100000000006,25990.941039139,179550.40000000002,179331.308035156,0.0,0.0,0.4,0.894427190999916,3.4,2.1908902300206643,2.2,1.0954451150103321,2.2,1.0954451150103321,1.2,1.0954451150103321,0.0,0.0,0.0,0.0,1.0,0.0
81000.0,4.828125,5.888531126806306E-7,81000.0,50.2,42.92544894635565,38.36633663366336,29.160739687055475,81000.0,495936.0,5.0,61540.7,25987.26608274821,179550.40000000002,179331.308035156,0.0,0.0,0.0,0.0,3.4,2.1908902300206643,2.2,1.0954451150103321,2.2,1.0954451150103321,1.2,1.0954451150103321,0.0,0.0,0.0,0.0,1.0,0.0
82000.0,4.84375,5.908577845224905E-7,82000.0,48.8,41.780868647633255,37.25490196078431,26.857142857142858,82000.0,495936.0,5.0,62521.90000000001,25984.062771244993,179550.40000000002,179331.308035156,0.0,0.0,0.0,0.0,3.4,2.1908902300206643,2.2,1.0954451150103321,2.2,1.0954451150103321,1.2,1.0954451150103321,0.0,0.0,0.0,0.0,1.0,0.0
83000.0,4.921875,6.008835690509943E-7,83000.0,51.9,44.85260396602646,39.267676767676775,28.315946348733235,83000.0,496056.0,5.0,63523.30000000001,25982.427750094655,179574.4,179331.55095223297,0.0,0.0,0.0,0.0,3.4,2.1908902300206643,2.2,1.0954451150103321,2.2,1.0954451150103321,1.2,1.0954451150103321,0.0,0.0,0.0,0.0,1.0,0.0
84000.0,4.96875,6.068845848656364E-7,84000.0,52.900000000000006,44.79340896597235,42.13759213759214,28.419452887538,84000.0,494864.0,5.0,64518.69999999998,25991.176430345226,179455.19999999998,179211.7771308571,0.0,0.0,2.2,4.919349550499537,3.4,2.1908902300206643,2.2,1.0954451150103321,2.2,1.0954451150103321,1.2,1.0954451150103321,0.0,0.0,0.0,0.0,1.0,0.0
85000.0,5.015625,6.128798769269553E-7,85000.0,54.400000000000006,46.78517080092986,43.7037037037037,31.325301204819283,85000.0,494392.0,5.0,65510.7,25998.429457052465,179408.0,179164.5469691665,0.0,0.0,1.4,3.1304951684997055,3.4,2.1908902300206643,2.2,1.0954451150103321,2.2,1.0954451150103321,1.2,1.0954451150103321,0.0,0.0,0.0,0.0,1.0,0.0
86000.0,5.046875,6.168767383011679E-7,86000.0,49.3,41.64975813997383,38.24604141291108,26.62807525325615,86000.0,494392.0,5.0,66504.3,25992.598168837732,179408.0,179164.5469691665,0.0,0.0,0.0,0.0,3.4,2.1908902300206643,2.2,1.0954451150103321,2.2,1.0954451150103321,1.2,1.0954451150103321,0.0,0.0,0.0,0.0,1.0,0.0
87000.0,5.140625,6.288349201592307E-7,87000.0,49.6,42.039118994608714,37.391304347826086,26.74418604651163,87000.0,493056.0,5.0,67505.5,25997.20740237732,179286.4,179021.18863742234,0.0,0.0,2.8,6.260990336999411,3.4,2.1908902300206643,2.2,1.0954451150103321,2.2,1.0954451150103321,1.2,1.0954451150103321,0.0,0.0,0.0,0.0,1.0,0.0
88000.0,5.1875,6.348159513436259E-7,88000.0,48.199999999999996,39.94390900226892,36.90621193666261,23.59882005899705,88000.0,493216.0,5.0,68496.5,25990.837869654504,179302.4,179038.36467528404,0.0,0.0,2.0,2.9154759474226504,3.4,2.1908902300206643,2.2,1.0954451150103321,2.2,1.0954451150103321,1.2,1.0954451150103321,0.0,0.0,0.0,0.0,1.0,0.0
89000.0,5.234375,6.40867704836031E-7,89000.0,46.2,39.30580735121744,34.14932680538556,24.011299435028256,89000.0,499048.0,5.0,69468.3,25997.828298404722,179885.6,179637.05025609586,0.0,0.0,1.6,2.073644135332772,3.4,2.1908902300206643,2.2,1.0954451150103321,2.2,1.0954451150103321,1.2,1.0954451150103321,0.0,0.0,0.0,0.0,1.0,0.0
90000.0,5.28125,6.469209135199589E-7,90000.0,46.2,38.12429196593386,31.377551020408166,16.32970451010887,90000.0,499168.0,5.0,70459.3,25993.611899208365,179909.6,179637.3819468295,0.0,0.0,0.0,0.0,3.4,2.1908902300206643,2.2,1.0954451150103321,2.2,1.0954451150103321,1.2,1.0954451150103321,0.0,0.0,0.0,0.0,1.0,0.0
91000.0,5.34375,6.549918584318627E-7,91000.0,46.9,39.13956409715664,32.69961977186312,16.509433962264147,91000.0,499168.0,5.0,71449.7,25993.045578684225,179909.6,179637.3819468295,0.0,0.0,0.0,0.0,3.4,2.1908902300206643,2.2,1.0954451150103321,2.2,1.0954451150103321,1.2,1.0954451150103321,0.0,0.0,0.0,0.0,1.0,0.0
92000.0,5.421875,6.648739023754996E-7,92000.0,46.0,35.02078733146018,30.85787451984635,15.094339622641515,92000.0,488944.0,5.0,66285.3,34610.8800011724,178020.8,179496.42329633696,0.6,1.3416407864998738,4.4,9.838699100999076,2.6,2.1908902300206643,1.8,1.0954451150103321,1.8,1.0954451150103321,0.8,1.0954451150103321,0.0,0.0,0.0,0.0,1.0,0.0
93000.0,5.484375,6.726034916937353E-7,93000.0,51.1,38.10933511200438,38.02281368821293,22.870662460567825,93000.0,478056.0,5.0,59880.899999999994,40314.16422287443,176046.4,179281.66479667314,0.4,0.894427190999916,8.0,11.74734012447073,1.8,1.788854381999832,1.4,0.8944271909999159,1.4,0.8944271909999159,0.4,0.894427190999916,0.0,0.0,0.0,0.0,1.0,0.0
94000.0,5.53125,6.784033030271532E-7,94000.0,51.0,35.932386440154964,39.0547263681592,22.590837282780413,94000.0,478272.0,5.0,60891.30000000001,40306.10598091119,176068.0,179303.70377286317,0.0,0.0,2.6,3.7815340802378077,1.8,1.788854381999832,1.4,0.8944271909999159,1.4,0.8944271909999159,0.4,0.894427190999916,0.0,0.0,0.0,0.0,1.0,0.0
95000.0,5.5625,6.822734010509321E-7,95000.0,47.699999999999996,29.498387090251498,32.516129032258064,17.377567140600313,95000.0,478712.0,5.0,61680.4,40631.810209899995,176107.19999999998,179353.66904080886,0.4,0.894427190999916,13.2,18.619881847100963,1.8,1.788854381999832,1.4,0.8944271909999159,1.4,0.8944271909999159,0.4,0.894427190999916,0.0,0.0,0.0,0.0,1.0,0.0
96000.0,5.671875,6.958898221556513E-7,96000.0,48.699999999999996,33.523217631767864,34.89847715736041,21.439509954058195,96000.0,481224.0,5.0,62584.50000000001,40767.13354938428,176358.40000000002,179610.50690573014,0.4,0.894427190999916,7.0,14.560219778561036,1.8,1.788854381999832,1.4,0.8944271909999159,1.4,0.8944271909999159,0.4,0.894427190999916,0.0,0.0,0.0,0.0,1.0,0.0
97000.0,5.703125,6.997504776033264E-7,97000.0,51.2,37.22988269191192,39.678615574783684,24.923076923076927,97000.0,477544.0,5.0,63554.899999999994,40768.08930864651,175990.4,179234.03933851403,0.0,0.0,9.4,12.720062892926277,1.8,1.788854381999832,1.4,0.8944271909999159,1.4,0.8944271909999159,0.4,0.894427190999916,0.0,0.0,0.0,0.0,1.0,0.0
98000.0,5.828125,7.151698163296616E-7,98000.0,49.6,33.11746908009979,32.88948069241012,19.488817891373802,98000.0,476824.0,5.0,64553.9,40766.510131751806,175918.4,179159.72820499836,0.0,0.0,10.8,12.37739875741264,1.8,1.788854381999832,1.4,0.8944271909999159,1.4,0.8944271909999159,0.4,0.894427190999916,0.0,0.0,0.0,0.0,1.0,0.0
99000.0,5.859375,7.190296956751912E-7,99000.0,47.199999999999996,30.70438727848043,33.417402269861284,17.111459968602823,99000.0,477448.0,5.0,65553.29999999999,40759.172293008,175980.80000000002,179224.044029812,0.0,0.0,9.6,9.528903399657276,1.8,1.788854381999832,1.4,0.8944271909999159,1.4,0.8944271909999159,0.4,0.894427190999916,0.0,0.0,0.0,0.0,1.0,0.0
100000.0,5.9375,7.286790706631212E-7,100000.0,48.1,32.02500013097303,33.118556701030926,19.40993788819876,100000.0,477432.0,5.0,66247.29999999999,41254.42235432329,175981.59999999998,179219.67221584677,0.2,0.447213595499958,5.6,7.436396977031283,1.8,1.788854381999832,1.4,0.8944271909999159,1.4,0.8944271909999159,0.4,0.894427190999916,0.0,0.0,0.0,0.0,1.0,0.0
101000.0,6.015625,7.383100132250954E-7,101000.0,46.1,30.022538195490288,32.70911360799001,17.204301075268823,101000.0,476520.0,5.0,66964.09999999999,41721.137279294984,175872.80000000002,179145.37716912112,0.4,0.894427190999916,9.6,11.781341180018513,1.8,1.788854381999832,1.4,0.8944271909999159,1.4,0.8944271909999159,0.4,0.894427190999916,0.0,0.0,0.0,0.0,1.0,0.0
102000.0,6.078125,7.460116628660927E-7,102000.0,47.4,29.061180011975985,30.88042049934297,16.3751987281399,102000.0,476328.0,5.0,66958.99999999999,43324.32215280465,175868.8,179109.1863620872,0.4,0.8944271909999159,13.8,13.971399357258385,1.8,1.788854381999832,1.4,0.8944271909999159,1.4,0.8944271909999159,0.4,0.894427190999916,0.0,0.0,0.0,0.0,1.0,0.0
103000.0,6.125,7.518239888466069E-7,103000.0,48.0,31.953917098933772,34.34343434343434,21.80451127819548,103000.0,479304.0,5.0,67945.2,43325.40957503396,176166.4,179414.19063608095,0.0,0.0,6.2,8.318653737234168,1.8,1.788854381999832,1.4,0.8944271909999159,1.4,0.8944271909999159,0.4,0.894427190999916,0.0,0.0,0.0,0.0,1.0,0.0
104000.0,6.203125,7.615377156374358E-7,104000.0,48.699999999999996,29.875114824373384,34.06169665809769,18.82911392405063,104000.0,480616.0,5.0,68962.2,43316.46842022096,176297.6,179585.71060403317,0.0,0.0,8.8,9.984988733093292,1.8,1.788854381999832,1.4,0.8944271909999159,1.4,0.8944271909999159,0.4,0.894427190999916,0.0,0.0,0.0,0.0,1.0,0.0
105000.0,6.265625,7.693026176032923E-7,105000.0,50.1,33.4203272144079,35.943517329910144,22.51552795031056,105000.0,480240.0,5.0,69936.40000000001,43307.14872781783,176260.0,179564.07540732887,0.0,0.0,3.6,6.50384501660364,1.8,1.788854381999832,1.4,0.8944271909999159,1.4,0.8944271909999159,0.4,0.894427190999916,0.0,0.0,0.0,0.0,1.0,0.0
106000.0,6.328125,7.770615694526999E-7,106000.0,52.0,33.006554192114876,39.16349809885932,21.568627450980394,106000.0,479872.0,5.0,70937.6,43304.00798540477,176223.2,179533.57272715814,0.0,0.0,3.2,5.630275304103699,1.8,1.788854381999832,1.4,0.8944271909999159,1.4,0.8944271909999159,0.4,0.894427190999916,0.0,0.0,0.0,0.0,1.0,0.0
107000.0,6.375,7.82893783050693E-7,107000.0,49.3,31.151828550399713,34.91655969191271,21.15085536547434,107000.0,480944.0,5.0,71941.40000000001,43294.43525750933,176330.4,179646.77041300305,0.0,0.0,2.4,3.5777087639996634,1.8,1.788854381999832,1.4,0.8944271909999159,1.4,0.8944271909999159,0.4,0.894427190999916,0.0,0.0,0.0,0.0,1.0,0.0
108000.0,6.453125,7.92659249984556E-7,108000.0,48.699999999999996,32.05217015831977,34.98098859315589,21.917808219178074,108000.0,483176.0,5.0,72920.59999999999,43287.02775453891,176553.59999999998,179874.4800398322,0.0,0.0,5.4,8.35463942968217,1.8,1.788854381999832,1.4,0.8944271909999159,1.4,0.8944271909999159,0.4,0.894427190999916,0.0,0.0,0.0,0.0,1.0,0.0
109000.0,6.515625,8.004584297951727E-7,109000.0,48.4,30.213686773059234,34.60076045627377,18.995290423861853,109000.0,482360.0,5.0,73912.4,43287.92053525633,176472.0,179791.13658044685,0.0,0.0,5.4,7.602631123499285,1.8,1.788854381999832,1.4,0.8944271909999159,1.4,0.8944271909999159,0.4,0.894427190999916,0.0,0.0,0.0,0.0,1.0,0.0
110000.0,6.578125,8.082301873299812E-7,110000.0,51.4,34.6163418785021,38.24650571791614,23.82445141065831,110000.0,480664.0,5.0,74907.2,43292.050683699425,176302.4,179618.41876551032,0.0,0.0,0.8,1.3038404810405297,1.8,1.788854381999832,1.4,0.8944271909999159,1.4,0.8944271909999159,0.4,0.894427190999916,0.0,0.0,0.0,0.0,1.0,0.0
111000.0,6.640625,8.159908207340374E-7,111000.0,49.7,32.489292909228304,35.180412371134025,21.77293934681182,111000.0,479976.0,5.0,75890.79999999999,43282.772595007256,176233.6,179548.3065740248,0.0,0.0,4.8,7.8230428862431785,1.8,1.788854381999832,1.4,0.8944271909999159,1.4,0.8944271909999159,0.4,0.894427190999916,0.0,0.0,0.0,0.0,1.0,0.0
112000.0,6.6875,8.218348698897495E-7,112000.0,47.4,29.76374714414855,32.3037323037323,18.952234206471495,112000.0,481920.0,5.0,76890.4,43279.17445351491,176428.0,179748.8403300561,0.0,0.0,1.8,1.7888543819998317,1.8,1.788854381999832,1.4,0.8944271909999159,1.4,0.8944271909999159,0.4,0.894427190999916,0.0,0.0,0.0,0.0,1.0,0.0
113000.0,6.71875,8.257255992955632E-7,113000.0,50.0,32.27208201038134,36.628643852978456,20.88607594936709,113000.0,481264.0,5.0,77895.4,43274.3214651214,176362.39999999997,179681.77096386574,0.0,0.0,3.0,4.242640687119285,1.8,1.788854381999832,1.4,0.8944271909999159,1.4,0.8944271909999159,0.4,0.894427190999916,0.0,0.0,0.0,0.0,1.0,0.0
114000.0,6.78125,8.335269780622589E-7,114000.0,46.400000000000006,30.03131620754069,34.47432762836186,19.398496240601503,114000.0,482496.0,5.0,78880.6,43266.79113798223,176485.6,179807.57446114442,0.0,0.0,3.2,4.604345773288535,1.8,1.788854381999832,1.4,0.8944271909999159,1.4,0.8944271909999159,0.4,0.894427190999916,0.0,0.0,0.0,0.0,1.0,0.0
115000.0,6.84375,8.413283568289546E-7,115000.0,48.8,31.471829835987457,35.678391959799,20.37325038880249,115000.0,482496.0,5.0,79882.79999999999,43247.76550888047,176497.6,179797.44723141464,0.0,0.0,4.4,6.188699378706321,1.8,1.788854381999832,1.4,0.8944271909999159,1.4,0.8944271909999159,0.4,0.894427190999916,0.0,0.0,0.0,0.0,1.0,0.0
116000.0,6.890625,8.471897712701726E-7,116000.0,47.599999999999994,29.580493259079276,36.17539585870889,18.633540372670808,116000.0,483352.0,5.0,80883.59999999998,43235.32297195071,176583.2,179884.37674906626,0.0,0.0,2.4,3.5777087639996634,1.8,1.788854381999832,1.4,0.8944271909999159,1.4,0.8944271909999159,0.4,0.894427190999916,0.0,0.0,0.0,0.0,1.0,0.0
117000.0,6.953125,8.549994284597537E-7,117000.0,48.4,32.05170917604796,34.26751592356688,21.936459909228432,117000.0,483008.0,5.0,81880.6,43228.14015892889,176548.80000000002,179849.45685693168,0.0,0.0,1.4,3.1304951684997055,1.8,1.788854381999832,1.4,0.8944271909999159,1.4,0.8944271909999159,0.4,0.894427190999916,0.0,0.0,0.0,0.0,1.0,0.0
118000.0,7.0,8.608964465868971E-7,118000.0,50.2,31.43602967801093,34.9869451697128,20.82670906200318,118000.0,486288.0,5.0,82913.0,43230.69150242427,177244.0,179883.0026582093,0.0,0.0,1.6,3.0495901363953815,2.2,2.6832815729997477,1.6,1.3416407864998738,1.6,1.3416407864998738,0.6,1.3416407864998738,0.0,0.0,0.0,0.0,1.0,0.0
119000.0,7.078125,8.707345114089549E-7,119000.0,51.1,32.31609077671784,38.33543505674653,21.129032258064516,119000.0,486768.0,5.0,83909.20000000001,43224.70344040675,177340.0,179893.5146653894,0.0,0.0,0.0,0.0,2.2,2.6832815729997477,1.6,1.3416407864998738,1.6,1.3416407864998738,0.6,1.3416407864998738,0.0,0.0,0.0,0.0,1.0,0.0
120000.0,7.140625,8.785613721960949E-7,120000.0,50.8,33.827030313138025,36.434108527131784,22.762951334379906,120000.0,484072.0,5.0,84884.8,43224.85573216719,177082.4,179610.25028111407,0.0,0.0,1.4,1.949358868961793,2.2,2.6832815729997477,1.6,1.3416407864998738,1.6,1.3416407864998738,0.6,1.3416407864998738,0.0,0.0,0.0,0.0,1.0,0.0
121000.0,7.203125,8.863945711507566E-7,121000.0,50.3,33.555616756284145,34.862385321100916,22.100313479623825,121000.0,484464.0,5.0,85890.8,43219.965393579645,177121.6,179649.94381246608,0.0,0.0,5.8,9.549869109050658,2.2,2.6832815729997477,1.6,1.3416407864998738,1.6,1.3416407864998738,0.6,1.3416407864998738,0.0,0.0,0.0,0.0,1.0,0.0
122000.0,7.25,8.923204020700522E-7,122000.0,43.3,28.573678077661953,30.684596577017114,19.460227272727277,122000.0,488664.0,5.0,86881.8,43216.48366280831,177553.6,180068.78609835,0.0,0.0,2.2,2.2803508501982757,2.2,2.6832815729997477,1.6,1.3416407864998738,1.6,1.3416407864998738,0.6,1.3416407864998738,0.0,0.0,0.0,0.0,1.0,0.0
123000.0,7.28125,8.962569861776299E-7,123000.0,41.199999999999996,31.116648332917457,28.380024360535934,19.562243502051977,123000.0,486936.0,5.0,83631.50000000001,50685.99797281297,177351.20000000004,179925.75711158692,1.2,2.16794833886788,10.0,20.199009876724155,2.2,2.6832815729997477,1.6,1.3416407864998738,1.6,1.3416407864998738,0.6,1.3416407864998738,0.0,0.0,0.0,0.0,1.0,0.0
124000.0,7.359375,9.060948893117408E-7,124000.0,42.9,33.47577982463702,27.168367346938776,19.121813031161476,124000.0,486760.0,5.0,78767.9,56759.19709801321,177375.2,179866.611888304,0.2,0.4472135954999579,12.4,17.03819239238717,2.2,2.6832815729997477,1.6,1.3416407864998738,1.6,1.3416407864998738,0.6,1.3416407864998738,0.0,0.0,0.0,0.0,1.0,0.0
125000.0,7.390625,9.100425975500709E-7,125000.0,44.2,35.865238844516874,32.932692307692314,24.184782608695652,125000.0,488312.0,5.0,79791.90000000001,56747.14576953531,177530.4,180025.9444828254,0.0,0.0,5.2,9.093954035511725,2.2,2.6832815729997477,1.6,1.3416407864998738,1.6,1.3416407864998738,0.6,1.3416407864998738,0.0,0.0,0.0,0.0,1.0,0.0
126000.0,7.453125,9.179354270195795E-7,126000.0,45.1,37.837632802707525,31.97026022304833,25.910931174089068,126000.0,488152.0,5.0,80808.70000000001,56731.4667888211,177514.4,180009.67788501445,0.0,0.0,4.6,6.767569726275452,2.2,2.6832815729997477,1.6,1.3416407864998738,1.6,1.3416407864998738,0.6,1.3416407864998738,0.0,0.0,0.0,0.0,1.0,0.0
127000.0,7.5,9.238287586615316E-7,127000.0,47.199999999999996,39.22574986561754,35.29411764705882,27.671232876712327,127000.0,485984.0,5.0,81785.5,56730.28513599338,177297.60000000003,179790.3024570569,0.0,0.0,3.4,5.272570530585627,2.2,2.6832815729997477,1.6,1.3416407864998738,1.6,1.3416407864998738,0.6,1.3416407864998738,0.0,0.0,0.0,0.0,1.0,0.0
128000.0,7.5625,9.31727926298562E-7,128000.0,41.9,33.58466754610779,28.711656441717793,21.698113207547166,128000.0,488544.0,5.0,82216.20000000001,57582.98810856477,177551.2,180052.0323195492,0.2,0.4472135954999579,3.8,6.942621983083912,2.2,2.6832815729997477,1.6,1.3416407864998738,1.6,1.3416407864998738,0.6,1.3416407864998738,0.0,0.0,0.0,0.0,1.0,0.0
129000.0,7.625,9.396352430081201E-7,129000.0,44.5,35.34490290668348,30.538172715894866,21.27659574468085,129000.0,489048.0,5.0,83100.60000000002,57763.473835980476,177604.0,180100.60000640384,0.4,0.8944271909999159,5.8,12.96919426949878,2.2,2.6832815729997477,1.6,1.3416407864998738,1.6,1.3416407864998738,0.6,1.3416407864998738,0.0,0.0,0.0,0.0,1.0,0.0
130000.0,7.6875,9.475228984633253E-7,130000.0,46.400000000000006,39.11858246251704,34.71376370280147,27.371273712737132,130000.0,487832.0,5.0,84110.79999999999,57756.55269183267,177482.4,179977.4468063522,0.0,0.0,3.6,8.049844718999243,2.2,2.6832815729997477,1.6,1.3416407864998738,1.6,1.3416407864998738,0.6,1.3416407864998738,0.0,0.0,0.0,0.0,1.0,0.0
131000.0,7.765625,9.573708262501491E-7,131000.0,45.7,37.554122635423035,34.578313253012055,23.628691983122366,131000.0,487256.0,5.0,85091.40000000001,57757.27848928557,177424.8,179919.46364032498,0.0,0.0,4.8,5.449770637375485,2.2,2.6832815729997477,1.6,1.3416407864998738,1.6,1.3416407864998738,0.6,1.3416407864998738,0.0,0.0,0.0,0.0,1.0,0.0
132000.0,7.8125,9.633503052302532E-7,132000.0,46.300000000000004,38.64175468585036,35.37906137184116,26.438356164383563,132000.0,493088.0,5.0,86097.4,57755.84100754563,178380.0,180119.94298121336,0.0,0.0,2.6,4.33589667773576,2.6,2.6076809620810595,1.8,1.3038404810405297,1.8,1.3038404810405297,0.8,1.3038404810405297,0.0,0.0,0.0,0.0,1.0,0.0
133000.0,7.875,9.714209914414417E-7,133000.0,46.7,37.52036742243969,33.70646766169154,23.198847262247845,133000.0,499152.0,5.0,87094.79999999999,57764.23057529249,179587.99999999997,180182.7223188234,0.0,0.0,0.6,1.3416407864998738,3.4,3.5777087639996634,2.2,1.7888543819998317,2.2,1.7888543819998317,1.2,1.7888543819998317,0.0,0.0,0.0,0.0,1.0,0.0
134000.0,7.90625,9.754677173785036E-7,134000.0,44.6,35.386352291335236,30.92269326683292,21.64073550212164,134000.0,500560.0,5.0,88087.6,57757.83370668336,179877.60000000003,180192.58174100533,0.0,0.0,5.4,8.049844718999243,3.4,3.5777087639996634,2.2,1.7888543819998317,2.2,1.7888543819998317,1.2,1.7888543819998317,0.0,0.0,0.0,0.0,1.0,0.0
135000.0,8.015625,9.896862643977832E-7,135000.0,47.4,38.505280829781206,35.14180024660912,25.071225071225072,135000.0,502504.0,5.0,89097.0,57748.031354612714,180496.8,180063.2700437389,0.0,0.0,2.8,3.346640106136302,3.8,4.381780460041329,2.4,2.1908902300206643,2.4,2.1908902300206643,1.2,1.7888543819998317,0.0,0.0,0.0,0.0,1.0,0.0
136000.0,8.09375,9.99942615938683E-7,136000.0,43.9,34.99330234024112,31.834750911300127,22.19140083217753,136000.0,507464.0,5.0,90102.20000000001,57738.712337564306,181100.80000000002,180473.14841998578,0.0,0.0,3.0,6.164414002968976,3.8,4.381780460041329,2.4,2.1908902300206643,2.4,2.1908902300206643,1.2,1.7888543819998317,0.0,0.0,0.0,0.0,1.0,0.0
137000.0,8.203125,1.014265289995819E-6,137000.0,44.6,35.698260022772565,32.52131546894032,23.268698060941826,137000.0,506184.0,5.0,91096.20000000001,57732.35274147995,180972.8,180339.93561099487,0.0,0.0,2.0,2.8284271247461903,3.8,4.381780460041329,2.4,2.1908902300206643,2.4,2.1908902300206643,1.2,1.7888543819998317,0.0,0.0,0.0,0.0,1.0,0.0
138000.0,8.28125,1.0244568046699792E-6,138000.0,48.8,40.44725045420603,36.47642679900744,26.64756446991404,138000.0,504256.0,5.0,92100.8,57723.42188363018,180792.0,180140.31496956293,0.0,0.0,5.6,7.700649323271382,3.8,4.381780460041329,2.4,2.1908902300206643,2.4,2.1908902300206643,1.2,1.7888543819998317,0.0,0.0,0.0,0.0,1.0,0.0
139000.0,8.34375,1.0326254091018602E-6,139000.0,45.4,37.03083067405843,33.251833740831295,24.271844660194176,139000.0,505208.0,5.0,93084.6,57719.00302365283,180904.80000000002,180217.34206649233,0.0,0.0,2.6,4.774934554525329,3.8,4.381780460041329,2.4,2.1908902300206643,2.4,2.1908902300206643,1.2,1.7888543819998317,0.0,0.0,0.0,0.0,1.0,0.0
140000.0,8.375,1.036702467697776E-6,140000.0,45.9,37.99753823867166,31.863979848866496,24.756606397774686,140000.0,504312.0,5.0,94072.6,57707.089264472335,180815.2,180128.54639383385,0.0,0.0,0.6,1.3416407864998738,3.8,4.381780460041329,2.4,2.1908902300206643,2.4,2.1908902300206643,1.2,1.7888543819998317,0.0,0.0,0.0,0.0,1.0,0.0
141000.0,8.4375,1.0449391104177466E-6,141000.0,42.8,35.07385349165324,30.66666666666667,22.17687074829932,141000.0,509416.0,5.0,95047.6,57711.09502648131,181724.0,180249.72706405597,0.0,0.0,1.4,1.9493588689617927,4.2,4.604345773288535,2.6,2.3021728866442674,2.6,2.3021728866442674,1.2,1.7888543819998317,0.0,0.0,0.0,0.0,1.0,0.0
142000.0,8.484375,1.0511097045511832E-6,142000.0,44.7,37.096258649264435,31.30434782608696,23.72413793103448,142000.0,508848.0,5.0,94688.0,59996.831392258646,181676.0,180196.62111519554,0.4,0.8944271909999159,1.8,4.024922359499621,4.2,4.604345773288535,2.6,2.3021728866442674,2.6,2.3021728866442674,1.2,1.7888543819998317,0.0,0.0,0.0,0.0,1.0,0.0
143000.0,8.53125,1.0572929103444844E-6,143000.0,45.4,37.0883666480774,35.0,23.95543175487466,143000.0,509888.0,5.0,95669.3,60045.10182826462,181836.0,180237.74561888466,0.4,0.8944271909999159,5.8,12.96919426949878,4.2,4.604345773288535,2.6,2.3021728866442674,2.6,2.3021728866442674,1.2,1.7888543819998317,0.0,0.0,0.0,0.0,1.0,0.0
144000.0,8.609375,1.0675909773757056E-6,144000.0,46.400000000000006,38.88589906139687,35.42168674698796,25.761772853185594,144000.0,509528.0,5.0,96663.9,60042.13143831218,181800.0,180202.21526323637,0.0,0.0,2.8,6.260990336999411,4.2,4.604345773288535,2.6,2.3021728866442674,2.6,2.3021728866442674,1.2,1.7888543819998317,0.0,0.0,0.0,0.0,1.0,0.0
145000.0,8.65625,1.073764481892188E-6,145000.0,45.0,35.688084873019044,30.730478589420656,20.977011494252878,145000.0,509088.0,5.0,97666.1,60039.12405988097,181756.0,180158.87744864408,0.0,0.0,6.2,13.863621460498695,4.2,4.604345773288535,2.6,2.3021728866442674,2.6,2.3021728866442674,1.2,1.7888543819998317,0.0,0.0,0.0,0.0,1.0,0.0
146000.0,8.703125,1.079914121267696E-6,146000.0,48.4,40.20580328172801,36.059479553903344,26.70454545454546,146000.0,507120.0,5.0,98682.70000000001,60037.502137414085,181559.19999999998,179965.04883189587,0.0,0.0,2.8,5.718391382198319,4.2,4.604345773288535,2.6,2.3021728866442674,2.6,2.3021728866442674,1.2,1.7888543819998317,0.0,0.0,0.0,0.0,1.0,0.0
147000.0,8.75,1.0860692903709905E-6,147000.0,46.9,38.523878437047756,33.375156838143035,24.358974358974358,147000.0,507576.0,5.0,99670.3,60040.249159394916,181604.80000000002,180009.87928246852,0.0,0.0,2.4,3.9115214431215892,4.2,4.604345773288535,2.6,2.3021728866442674,2.6,2.3021728866442674,1.2,1.7888543819998317,0.0,0.0,0.0,0.0,1.0,0.0
148000.0,8.8125,1.0942845902819597E-6,148000.0,47.099999999999994,38.403354397290215,35.878787878787875,23.99425287356322,148000.0,508096.0,5.0,100643.30000000002,60028.340184819746,181656.8,180061.2365346856,0.0,0.0,3.0,6.708203932499369,4.2,4.604345773288535,2.6,2.3021728866442674,2.6,2.3021728866442674,1.2,1.7888543819998317,0.0,0.0,0.0,0.0,1.0,0.0
149000.0,8.859375,1.10043034914674E-6,149000.0,47.4,39.38995878286741,35.618115055079556,26.638772663877262,149000.0,506800.0,5.0,101629.1,60025.653361153294,181527.19999999998,179933.49066363383,0.0,0.0,1.8,4.024922359499621,4.2,4.604345773288535,2.6,2.3021728866442674,2.6,2.3021728866442674,1.2,1.7888543819998317,0.0,0.0,0.0,0.0,1.0,0.0
150000.0,8.90625,1.1065890107096894E-6,150000.0,46.9,39.65305621471238,35.00611995104039,28.436657681940698,150000.0,507864.0,5.0,102636.09999999999,60013.97331816427,181650.4,180026.39376071744,0.0,0.0,2.8,6.260990336999411,4.2,4.604345773288535,2.6,2.3021728866442674,2.6,2.3021728866442674,1.2,1.7888543819998317,0.0,0.0,0.0,0.0,1.0,0.0
151000.0,8.984375,1.1168943536985248E-6,151000.0,45.4,37.51430533302815,33.333333333333336,26.216216216216214,151000.0,509888.0,5.0,103617.30000000002,60009.87699268995,181864.8,180217.27115950285,0.0,0.0,2.0,3.4641016151377544,4.2,4.604345773288535,2.6,2.3021728866442674,2.6,2.3021728866442674,1.2,1.7888543819998317,0.0,0.0,0.0,0.0,1.0,0.0
152000.0,9.03125,1.1230593210914065E-6,152000.0,46.300000000000004,38.77104246575967,34.67153284671533,26.73942701227831,152000.0,508384.0,5.0,104609.70000000001,60004.894665259504,181714.4,180069.15550742042,0.0,0.0,5.0,11.180339887498949,4.2,4.604345773288535,2.6,2.3021728866442674,2.6,2.3021728866442674,1.2,1.7888543819998317,0.0,0.0,0.0,0.0,1.0,0.0
153000.0,9.078125,1.1292281689950158E-6,153000.0,48.8,41.363347969591395,36.63366336633663,29.08587257617728,153000.0,508704.0,5.0,105619.29999999999,60002.620722487336,181746.4,180100.57449177298,0.0,0.0,1.6,3.5777087639996634,4.2,4.604345773288535,2.6,2.3021728866442674,2.6,2.3021728866442674,1.2,1.7888543819998317,0.0,0.0,0.0,0.0,1.0,0.0
154000.0,9.140625,1.137429757768081E-6,154000.0,47.0,38.800065587854235,34.405940594059395,25.246826516220022,154000.0,507248.0,5.0,106635.9,60012.6571028516,181600.8,179957.31556912168,0.0,0.0,2.6,3.714835124201342,4.2,4.604345773288535,2.6,2.3021728866442674,2.6,2.3021728866442674,1.2,1.7888543819998317,0.0,0.0,0.0,0.0,1.0,0.0
155000.0,9.203125,1.1456464805329836E-6,155000.0,47.199999999999996,39.10561370123691,33.99999999999999,25.633802816901408,155000.0,508184.0,5.0,107645.3,60000.28473089848,181706.4,180038.11270777578,0.0,0.0,2.8,3.8987177379235853,4.2,4.604345773288535,2.6,2.3021728866442674,2.6,2.3021728866442674,1.2,1.7888543819998317,0.0,0.0,0.0,0.0,1.0,0.0
156000.0,9.234375,1.149774503169788E-6,156000.0,44.9,36.899558067866764,33.37363966142684,24.0,156000.0,510616.0,5.0,108646.7,59998.31126151246,181961.6,180269.36545514327,0.0,0.0,2.2,3.8987177379235853,4.2,4.604345773288535,2.6,2.3021728866442674,2.6,2.3021728866442674,1.2,1.7888543819998317,0.0,0.0,0.0,0.0,1.0,0.0
157000.0,9.3125,1.1600610903567735E-6,157000.0,47.599999999999994,39.08910311029173,36.56174334140436,25.462304409672825,157000.0,508960.0,5.0,109656.1,59990.12774606243,181796.0,180106.46531426904,0.0,0.0,1.8,4.024922359499621,4.2,4.604345773288535,2.6,2.3021728866442674,2.6,2.3021728866442674,1.2,1.7888543819998317,0.0,0.0,0.0,0.0,1.0,0.0
158000.0,9.375,1.1682791066252519E-6,158000.0,47.8,39.538196917837965,35.79335793357934,24.675324675324674,158000.0,508264.0,5.0,110627.9,59980.08832094939,181726.4,180037.68904389621,0.0,0.0,2.2,4.919349550499537,4.2,4.604345773288535,2.6,2.3021728866442674,2.6,2.3021728866442674,1.2,1.7888543819998317,0.0,0.0,0.0,0.0,1.0,0.0
159000.0,9.375,1.1682791066252519E-6,159000.0,46.9,38.94565703556444,35.71428571428571,27.160493827160487,159000.0,508664.0,5.0,111654.9,59985.78828254054,181766.4,180077.1859713989,0.0,0.0,2.4,5.366563145999495,4.2,4.604345773288535,2.6,2.3021728866442674,2.6,2.3021728866442674,1.2,1.7888543819998317,0.0,0.0,0.0,0.0,1.0,0.0
160000.0,9.453125,1.1785367516697276E-6,160000.0,48.0,40.31981691956144,34.99999999999999,27.97783933518005,160000.0,507528.0,5.0,112658.5,59969.11807338841,181652.8,179965.22434243295,0.0,0.0,0.6,1.3416407864998738,4.2,4.604345773288535,2.6,2.3021728866442674,2.6,2.3021728866442674,1.2,1.7888543819998317,0.0,0.0,0.0,0.0,1.0,0.0
161000.0,9.5,1.1846921147985586E-6,161000.0,47.8,40.45914893083109,35.63501849568434,28.099173553719005,161000.0,507592.0,5.0,113678.7,59962.680349345435,181659.2,179971.56461619155,0.0,0.0,2.2,3.03315017762062,4.2,4.604345773288535,2.6,2.3021728866442674,2.6,2.3021728866442674,1.2,1.7888543819998317,0.0,0.0,0.0,0.0,1.0,0.0
162000.0,9.5625,1.192899265637E-6,162000.0,49.3,41.86579828463973,37.714987714987714,29.288702928870293,162000.0,507592.0,5.0,114663.89999999998,59959.28708798996,181659.2,179971.56461619155,0.0,0.0,0.0,0.0,4.2,4.604345773288535,2.6,2.3021728866442674,2.6,2.3021728866442674,1.2,1.7888543819998317,0.0,0.0,0.0,0.0,1.0,0.0
163000.0,9.578125,1.1949617894262899E-6,163000.0,46.5,39.2130418134738,35.30834340991536,26.20689655172414,163000.0,510248.0,5.0,115659.29999999999,59947.70160184996,181924.8,180233.0528108291,0.0,0.0,4.8,7.8230428862431785,4.2,4.604345773288535,2.6,2.3021728866442674,2.6,2.3021728866442674,1.2,1.7888543819998317,0.0,0.0,0.0,0.0,1.0,0.0
164000.0,9.671875,1.2073380963152476E-6,164000.0,46.9,39.53300347884509,35.47995139732685,27.160493827160487,164000.0,510296.0,5.0,116645.7,59956.91491220082,181929.6,180237.78548918216,0.0,0.0,0.4,0.8944271909999159,4.2,4.604345773288535,2.6,2.3021728866442674,2.6,2.3021728866442674,1.2,1.7888543819998317,0.0,0.0,0.0,0.0,1.0,0.0
164860.0,9.703125,1.2114635319449003E-6,164860.0,49.7,42.538977536510025,37.51552795031056,29.353932584269664,164860.0,510296.0,5.0,117507.5,59956.53062798451,181929.6,180237.78548918216,0.0,0.0,0.0,0.0,4.2,4.604345773288535,2.6,2.3021728866442674,2.6,2.3021728866442674,1.2,1.7888543819998317,0.0,0.0,0.0,0.0,1.0,0.0
