learning evaluation instances,evaluation time (cpu seconds),model cost (RAM-Hours),classified instances,classifications correct (percent),Kappa Statistic (percent),Kappa Temporal Statistic (percent),Kappa M Statistic (percent),model training instances,model serialized size (bytes),ensemble size,change detections,[avg] model training instances,[err] model training instances,[avg] model serialized size (bytes),[err] model serialized size (bytes),[avg] tree size (nodes),[err] tree size (nodes),[avg] tree size (leaves),[err] tree size (leaves),[avg] active learning leaves,[err] active learning leaves,[avg] tree depth,[err] tree depth,[avg] active leaf byte size estimate,[err] active leaf byte size estimate,[avg] inactive leaf byte size estimate,[err] inactive leaf byte size estimate,[avg] byte size estimate overhead,[err] byte size estimate overhead
1000.0,0.0,0.0,1000.0,48.199999999999996,34.4177613920653,32.72727272727273,15.220949263502451,1000.0,405056.0,10.0,0.0,6025.4,83.30692915024785,4272.0,0.0,1.0,0.0,1.0,0.0,1.0,0.0,0.0,0.0,0.0,0.0,0.0,0.0,1.0,0.0
2000.0,0.09375,9.864646320541701E-9,2000.0,45.7,31.354366962108372,27.40641711229947,9.5,2000.0,406736.0,10.0,0.0,11989.300000000001,79.04998418722141,4272.0,0.0,1.0,0.0,1.0,0.0,1.0,0.0,0.0,0.0,0.0,0.0,0.0,0.0,1.0,0.0
3000.0,0.125,1.3161786935395666E-8,3000.0,44.5,29.44783716306575,29.209183673469386,9.165302782324058,3000.0,407840.0,10.0,2.0,15322.5,5553.06074260953,4281.6,20.238577025077642,1.0,0.0,1.0,0.0,1.0,0.0,0.0,0.0,0.0,0.0,0.0,0.0,1.0,0.0
4000.0,0.15625,1.6451942630940015E-8,4000.0,43.6,26.263136013136666,28.061224489795915,7.389162561576352,4000.0,406976.0,10.0,5.0,15242.3,9542.438333279626,4296.0,25.298221281347036,1.0,0.0,1.0,0.0,1.0,0.0,0.0,0.0,0.0,0.0,0.0,0.0,1.0,0.0
5000.0,0.171875,1.8238723795447085E-8,5000.0,47.9,32.52143189262489,33.88324873096447,14.86928104575163,5000.0,443080.0,10.0,5.0,21249.8,9539.49676986277,7697.599999999999,4540.334671952424,2.8,2.3944379994757297,1.9,1.1972189997378648,1.9,1.1972189997378648,0.8,1.0327955589886444,0.0,0.0,0.0,0.0,1.0,0.0
6000.0,0.171875,1.8238723795447085E-8,6000.0,52.1,41.216030474395225,39.59646910466583,24.447949526813883,6000.0,452000.0,10.0,5.0,27229.4,9527.274662194266,8568.0,5306.761808192345,3.2,2.573367875415838,2.1,1.286683937707919,2.1,1.286683937707919,0.9,0.9944289260117533,0.0,0.0,0.0,0.0,1.0,0.0
7000.0,0.25,2.754240995272994E-8,7000.0,50.4,38.09904153354633,35.41666666666667,19.48051948051948,7000.0,460328.0,10.0,5.0,33246.4,9558.405459768555,9348.0,5513.989964928603,3.4,2.6331223544175333,2.2,1.3165611772087666,2.2,1.3165611772087666,1.0,1.0540925533894598,0.0,0.0,0.0,0.0,1.0,0.0
8000.0,0.296875,3.3143830175201096E-8,8000.0,50.7,38.35165068769796,37.197452229299365,20.22653721682848,8000.0,461912.0,10.0,5.0,39223.899999999994,9529.29863864306,9456.000000000002,5607.012751902746,3.4,2.6331223544175333,2.2,1.3165611772087666,2.2,1.3165611772087666,1.0,1.0540925533894598,0.0,0.0,0.0,0.0,1.0,0.0
9000.0,0.296875,3.3143830175201096E-8,9000.0,51.300000000000004,39.561066902299906,37.24226804123711,20.554649265905383,9000.0,478072.0,10.0,5.0,45203.0,9537.029225311437,11012.0,5423.538820118588,4.199999999999999,2.5298221281347035,2.5999999999999996,1.2649110640673518,2.5999999999999996,1.2649110640673518,1.3,0.9486832980505139,0.0,0.0,0.0,0.0,1.0,0.0
10000.0,0.375,4.356591186175744E-8,10000.0,55.00000000000001,45.04830254206553,43.25346784363179,29.356357927786508,10000.0,515664.0,10.0,5.0,51234.1,9537.54305014312,14816.8,6452.494105210619,6.0,3.1622776601683795,3.5,1.5811388300841898,3.5,1.5811388300841898,1.8,1.0327955589886444,0.0,0.0,0.0,0.0,1.0,0.0
11000.0,0.390625,4.5753452771653736E-8,11000.0,56.39999999999999,45.453362625044406,46.03960396039603,29.10569105691056,11000.0,541176.0,10.0,5.0,57212.3,9585.592684973748,17387.2,4787.157932078977,7.2,2.3944379994757297,4.1,1.1972189997378648,4.1,1.1972189997378648,2.2,0.42163702135578385,0.0,0.0,0.0,0.0,1.0,0.0
12000.0,0.46875,5.6715895577023433E-8,12000.0,59.099999999999994,48.6238993078672,45.393858477970625,31.833333333333325,12000.0,542400.0,10.0,5.0,63269.6,9552.339471447702,17459.2,4795.586415305917,7.2,2.3944379994757297,4.1,1.1972189997378648,4.1,1.1972189997378648,2.2,0.42163702135578385,0.0,0.0,0.0,0.0,1.0,0.0
13000.0,0.546875,6.773379734820791E-8,13000.0,59.8,48.95147342301958,46.613545816733065,31.04631217838765,13000.0,545144.0,10.0,5.0,69306.0,9571.012032869532,17683.2,4877.206049004331,7.2,2.3944379994757297,4.1,1.1972189997378648,4.1,1.1972189997378648,2.2,0.42163702135578385,0.0,0.0,0.0,0.0,1.0,0.0
14000.0,0.59375,7.44023580207593E-8,14000.0,55.50000000000001,44.01417133424924,41.37022397891964,25.956738768718807,14000.0,549912.0,10.0,5.0,75283.29999999999,9591.622155124058,18073.600000000002,5800.970095117233,7.3999999999999995,2.9514591494904874,4.2,1.4757295747452437,4.2,1.4757295747452437,2.3,0.6749485577105528,0.0,0.0,0.0,0.0,1.0,0.0
15000.0,0.640625,8.112349961366919E-8,15000.0,59.5,48.678503135680096,48.275862068965516,32.0469798657718,15000.0,554248.0,10.0,5.0,81317.40000000001,9567.769218695765,18471.2,5988.070451600694,7.6,2.9888682361946524,4.3,1.4944341180973262,4.3,1.4944341180973262,2.4,0.6992058987801011,0.0,0.0,0.0,0.0,1.0,0.0
16000.0,0.6875,8.791352027199335E-8,16000.0,56.10000000000001,46.67502374722747,43.50064350064351,30.757097791798117,16000.0,559928.0,10.0,5.0,87310.1,9576.053181997497,19003.2,6397.546418571558,7.800000000000001,3.1552425509864617,4.4,1.577621275493231,4.4,1.577621275493231,2.5,0.8498365855987975,0.0,0.0,0.0,0.0,1.0,0.0
17000.0,0.71875,9.246736428596908E-8,17000.0,57.099999999999994,47.88851300054055,44.929396662387674,31.359999999999992,17000.0,563288.0,10.0,5.0,93316.4,9597.55245651492,19336.8,6660.145557301616,8.0,3.299831645537221,4.5,1.6499158227686108,4.5,1.6499158227686108,2.5,0.8498365855987975,0.0,0.0,0.0,0.0,1.0,0.0
18000.0,0.71875,9.246736428596908E-8,18000.0,57.8,47.87703921820499,47.05144291091593,32.69537480063795,18000.0,580984.0,10.0,5.0,99314.5,9620.956943048857,21091.999999999996,6324.177803389854,9.2,3.190262963734773,5.1,1.5951314818673865,5.1,1.5951314818673865,2.8,0.9189365834726815,0.0,0.0,0.0,0.0,1.0,0.0
19000.0,0.78125,1.0198742125390305E-7,19000.0,57.8,46.7362713370458,43.582887700534755,28.956228956228948,19000.0,588792.0,10.0,5.0,105293.09999999999,9583.508490573216,21803.2,6185.63462656285,9.4,3.098386676965933,5.2,1.5491933384829666,5.2,1.5491933384829666,2.9,0.8755950357709134,0.0,0.0,0.0,0.0,1.0,0.0
20000.0,0.84375,1.1169697649569976E-7,20000.0,57.099999999999994,46.858191890238,44.929396662387674,30.13029315960911,20000.0,600512.0,10.0,5.0,111327.49999999999,9584.109026577975,22951.2,7390.568836925432,10.0,3.9157800414902435,5.5,1.9578900207451218,5.5,1.9578900207451218,3.0,0.9428090415820634,0.0,0.0,0.0,0.0,1.0,0.0
21000.0,0.90625,1.2153562339436678E-7,21000.0,55.900000000000006,46.90252700626575,44.59798994974875,30.877742946708477,21000.0,608496.0,10.0,5.0,117291.3,9570.401211257784,23744.8,7477.545836257597,10.4,3.7771241264574114,5.7,1.8885620632287057,5.7,1.8885620632287057,3.2,0.9189365834726815,0.0,0.0,0.0,0.0,1.0,0.0
22000.0,0.9375,1.264760309519867E-7,22000.0,59.8,49.96178673763297,48.854961832061065,34.42088091353996,22000.0,611104.0,10.0,5.0,123253.4,9575.565712327973,24005.600000000002,7515.9876293434945,10.4,3.7771241264574114,5.7,1.8885620632287057,5.7,1.8885620632287057,3.2,0.9189365834726815,0.0,0.0,0.0,0.0,1.0,0.0
23000.0,0.9375,1.264760309519867E-7,23000.0,56.599999999999994,46.9698265644512,45.61403508771929,30.781499202551828,23000.0,615496.0,10.0,5.0,129247.49999999999,9560.211134930261,24442.4,7824.957042125606,10.6,3.977715704047013,5.8,1.9888578520235065,5.8,1.9888578520235065,3.2,0.9189365834726815,0.0,0.0,0.0,0.0,1.0,0.0
24000.0,1.0,1.3648296266587244E-7,24000.0,60.0,51.40157847673107,48.849104859335036,37.10691823899371,24000.0,618904.0,10.0,5.0,135250.10000000003,9566.905286803381,24780.8,7686.672286786034,10.8,3.8239014399199958,5.9,1.9119507199599979,5.9,1.9119507199599979,3.3000000000000003,0.8232726023485646,0.0,0.0,0.0,0.0,1.0,0.0
25000.0,1.03125,1.415042141969833E-7,25000.0,55.800000000000004,44.7216698558011,43.69426751592357,27.302631578947373,25000.0,621104.0,10.0,5.0,141251.9,9549.479490759923,24950.4,7723.616700311669,10.8,3.8239014399199958,5.9,1.9119507199599979,5.9,1.9119507199599979,3.3000000000000003,0.8232726023485646,0.0,0.0,0.0,0.0,1.0,0.0
26000.0,1.09375,1.515525380252964E-7,26000.0,59.699999999999996,49.59809798479938,48.66242038216561,33.27814569536423,26000.0,621464.0,10.0,5.0,147258.8,9521.292603656524,24986.4,7737.888359666781,10.8,3.8239014399199958,5.9,1.9119507199599979,5.9,1.9119507199599979,3.3000000000000003,0.8232726023485646,0.0,0.0,0.0,0.0,1.0,0.0
27000.0,1.125,1.5660231131025486E-7,27000.0,58.599999999999994,48.87689704992529,46.92307692307692,31.907894736842096,27000.0,624632.0,10.0,5.0,153225.40000000002,9532.955344487866,25284.0,7629.128041045495,11.0,3.7712361663282534,6.0,1.8856180831641267,6.0,1.8856180831641267,3.4000000000000004,0.8432740427115678,0.0,0.0,0.0,0.0,1.0,0.0
28000.0,1.1875,1.6549851150355404E-7,28000.0,51.2,41.20694432731348,38.46153846153847,24.341085271317834,28000.0,550208.0,10.0,12.0,96547.00000000001,82620.08704102572,18585.600000000002,13841.86746553128,7.8,6.545566777937908,4.4,3.272783388968954,4.4,3.272783388968954,2.1,1.9119507199599983,0.0,0.0,0.0,0.0,1.0,0.0
29000.0,1.234375,1.7173342510230009E-7,29000.0,46.7,32.82635928949696,31.928480204342275,16.97819314641745,29000.0,514152.0,10.0,21.0,68133.4,84195.18066598455,15066.400000000001,14906.478257604793,6.2,7.254117604658903,3.6,3.6270588023294517,3.6,3.6270588023294517,1.5,2.068278940998476,0.0,0.0,0.0,0.0,1.0,0.0
30000.0,1.28125,1.780203375447955E-7,30000.0,51.2,39.2387915492116,40.26927784577724,26.060606060606062,30000.0,518440.0,10.0,22.0,73357.7,84830.40522916558,15260.0,15085.93234330138,6.2,7.254117604658903,3.6,3.6270588023294517,3.6,3.6270588023294517,1.5,2.068278940998476,0.0,0.0,0.0,0.0,1.0,0.0
31000.0,1.328125,1.848270443992482E-7,31000.0,51.7,41.10574871298381,40.14869888475837,27.149321266968325,31000.0,561304.0,10.0,22.0,79346.59999999999,84801.73993262167,19436.0,13579.608372687173,8.399999999999999,6.4670103001481465,4.699999999999999,3.2335051500740732,4.699999999999999,3.2335051500740732,2.4,1.776388345929897,0.0,0.0,0.0,0.0,1.0,0.0
32000.0,1.390625,1.943388229442967E-7,32000.0,56.10000000000001,49.61950677611896,45.19350811485644,37.46438746438748,32000.0,588280.0,10.0,22.0,85361.20000000001,84794.37229334399,22052.0,11272.395387750457,9.6,5.3374983736661585,5.3,2.6687491868330793,5.3,2.6687491868330793,2.8000000000000003,1.3165611772087664,0.0,0.0,0.0,0.0,1.0,0.0
33000.0,1.4375,2.0160672849872043E-7,33000.0,57.3,51.65291548771111,48.42995169082125,39.51841359773371,33000.0,599336.0,10.0,22.0,91325.5,84812.40102491564,23133.6,11386.730397948111,10.2,5.672545969648706,5.6,2.836272984824353,5.6,2.836272984824353,3.1,1.5238839267549946,0.0,0.0,0.0,0.0,1.0,0.0
34000.0,1.484375,2.0902180242248704E-7,34000.0,59.199999999999996,53.23846548815374,48.484848484848484,39.1044776119403,34000.0,611472.0,10.0,22.0,97361.7,84828.8679585094,24306.399999999998,11745.209777228805,10.8,6.142746399887703,5.9,3.0713731999438516,5.9,3.0713731999438516,3.1,1.5238839267549946,0.0,0.0,0.0,0.0,1.0,0.0
35000.0,1.53125,2.1652215056949188E-7,35000.0,59.699999999999996,53.17193337167889,49.99999999999999,38.0,35000.0,618504.0,10.0,22.0,103375.2,84804.3086507598,24990.399999999998,11792.879689786452,11.0,6.036923425424944,6.0,3.018461712712472,6.0,3.018461712712472,3.2,1.4757295747452437,0.0,0.0,0.0,0.0,1.0,0.0
36000.0,1.578125,2.2405752032581298E-7,36000.0,59.0,53.05282587636634,49.63144963144963,38.43843843843843,36000.0,621392.0,10.0,22.0,109333.70000000001,84773.5796093859,25212.0,11875.124027422478,11.0,6.036923425424944,6.0,3.018461712712472,6.0,3.018461712712472,3.2,1.4757295747452437,0.0,0.0,0.0,0.0,1.0,0.0
37000.0,1.59375,2.266101849575837E-7,37000.0,57.99999999999999,52.160794404179775,49.51923076923076,38.686131386861305,37000.0,631504.0,10.0,22.0,115331.20000000001,84737.66602717669,26148.0,12669.375289343283,11.8,6.81175454637056,6.4,3.40587727318528,6.4,3.40587727318528,3.4,1.7126976771553504,0.0,0.0,0.0,0.0,1.0,0.0
38000.0,1.65625,2.3689030462669E-7,38000.0,57.99999999999999,51.488830880824224,48.717948717948715,35.77981651376147,38000.0,635800.0,10.0,22.0,121318.5,84744.74787167246,26576.0,13221.356998768655,11.8,6.81175454637056,6.4,3.40587727318528,6.4,3.40587727318528,3.4,1.7126976771553504,0.0,0.0,0.0,0.0,1.0,0.0
39000.0,1.71875,2.471801255726152E-7,39000.0,59.699999999999996,52.915060170580674,49.99999999999999,38.93939393939394,39000.0,636400.0,10.0,22.0,127294.79999999999,84737.38485698034,26636.0,13291.752363360103,11.8,6.81175454637056,6.4,3.40587727318528,6.4,3.40587727318528,3.4,1.7126976771553504,0.0,0.0,0.0,0.0,1.0,0.0
40000.0,1.765625,2.549263040742112E-7,40000.0,58.199999999999996,50.534534705112456,47.94520547945205,33.545310015898245,40000.0,638776.0,10.0,22.0,133305.3,84733.36851828538,26840.0,13479.466392339951,11.8,6.81175454637056,6.4,3.40587727318528,6.4,3.40587727318528,3.4,1.7126976771553504,0.0,0.0,0.0,0.0,1.0,0.0
41000.0,1.8125,2.627208919471336E-7,41000.0,55.300000000000004,47.87609670091841,44.540942928039705,32.78195488721805,41000.0,642768.0,10.0,22.0,139316.80000000002,84768.0276857574,27186.4,13817.384245137637,12.0,7.007932013876213,6.5,3.5039660069381067,6.5,3.5039660069381067,3.4,1.7126976771553504,0.0,0.0,0.0,0.0,1.0,0.0
42000.0,1.875,2.7317188343861034E-7,42000.0,59.699999999999996,52.905816306974614,49.24433249370277,38.75379939209726,42000.0,646368.0,10.0,22.0,145320.2,84785.26776221865,27492.8,14266.15535532339,12.399999999999999,7.545418035691153,6.699999999999999,3.7727090178455764,6.699999999999999,3.7727090178455764,3.4,1.7126976771553504,0.0,0.0,0.0,0.0,1.0,0.0
43000.0,1.921875,2.810694018585814E-7,43000.0,62.3,57.01808090861725,54.02439024390243,44.80234260614934,43000.0,651256.0,10.0,22.0,151312.40000000002,84767.50552239276,27980.0,14764.683508667265,12.399999999999999,7.545418035691153,6.699999999999999,3.7727090178455764,6.699999999999999,3.7727090178455764,3.4,1.7126976771553504,0.0,0.0,0.0,0.0,1.0,0.0
44000.0,1.984375,2.917538707454999E-7,44000.0,59.199999999999996,53.04537566001169,49.815498154981555,38.27534039334341,44000.0,660808.0,10.0,22.0,157335.5,84752.53641599433,28927.199999999997,16126.623596469975,13.2,8.76609630590746,7.1,4.38304815295373,7.1,4.38304815295373,3.6,1.8973665961010275,0.0,0.0,0.0,0.0,1.0,0.0
45000.0,2.03125,2.998458997656902E-7,45000.0,58.3,51.3106996197097,48.06973848069738,35.54868624420401,45000.0,667296.0,10.0,22.0,163312.9,84753.64172503477,29574.4,17148.525269927246,13.2,8.76609630590746,7.1,4.38304815295373,7.1,4.38304815295373,3.6,1.8973665961010275,0.0,0.0,0.0,0.0,1.0,0.0
46000.0,2.09375,3.1092320568859577E-7,46000.0,59.699999999999996,54.78702219250407,50.308261405672006,42.674253200568984,46000.0,685104.0,10.0,22.0,169333.90000000002,84749.55520755125,31340.800000000003,18803.034913427022,14.399999999999999,9.66321777555374,7.699999999999999,4.83160888777687,7.699999999999999,4.83160888777687,3.6,1.8973665961010275,0.0,0.0,0.0,0.0,1.0,0.0
47000.0,2.15625,3.221695725288656E-7,47000.0,59.4,52.4779918088913,48.930817610062896,38.109756097560975,47000.0,695560.0,10.0,22.0,175349.80000000002,84758.3593645947,32400.800000000003,18662.391300866744,14.6,9.512564790259717,7.8,4.756282395129858,7.8,4.756282395129858,3.7,1.8287822299126937,0.0,0.0,0.0,0.0,1.0,0.0
48000.0,2.203125,3.3061860853599177E-7,48000.0,59.4,52.44308984039151,49.313358302122346,36.5625,48000.0,696736.0,10.0,22.0,181341.6,84746.68651431486,32518.4,18751.038959066893,14.6,9.512564790259717,7.8,4.756282395129858,7.8,4.756282395129858,3.7,1.8287822299126937,0.0,0.0,0.0,0.0,1.0,0.0
49000.0,2.25,3.3907569660287765E-7,49000.0,62.9,56.344210018474286,53.2156368221942,41.39020537124803,49000.0,697400.0,10.0,22.0,187310.69999999998,84732.01470262976,32601.600000000002,18785.050055828968,14.6,9.512564790259717,7.8,4.756282395129858,7.8,4.756282395129858,3.7,1.8287822299126937,0.0,0.0,0.0,0.0,1.0,0.0
50000.0,2.296875,3.4753715024433204E-7,50000.0,57.3,51.11558359635896,47.02233250620346,37.8457059679767,50000.0,697760.0,10.0,22.0,193307.09999999998,84721.53415677609,32637.600000000002,18835.678315367353,14.6,9.512564790259717,7.8,4.756282395129858,7.8,4.756282395129858,3.7,1.8287822299126937,0.0,0.0,0.0,0.0,1.0,0.0
51000.0,2.34375,3.5609813898594846E-7,51000.0,57.099999999999994,50.019398065785644,46.70807453416149,34.10138248847926,51000.0,705968.0,10.0,22.0,199273.7,84747.44981027125,33386.4,18251.3372368529,15.0,9.140872800534726,8.0,4.570436400267363,8.0,4.570436400267363,3.8000000000000003,1.751190071541826,0.0,0.0,0.0,0.0,1.0,0.0
52000.0,2.40625,3.6759182370992173E-7,52000.0,60.199999999999996,53.727655863973254,49.810844892812106,39.696969696969695,52000.0,710856.0,10.0,22.0,205287.60000000003,84726.8309453649,33805.6,17950.682878994387,15.2,9.016035098028894,8.1,4.508017549014447,8.1,4.508017549014447,3.8000000000000003,1.751190071541826,0.0,0.0,0.0,0.0,1.0,0.0
53000.0,2.4375,3.7336712315057716E-7,53000.0,58.9,53.0353343404264,50.18181818181818,39.8243045387994,53000.0,714376.0,10.0,22.0,211277.8,84712.22976485352,34121.6,18410.18145362928,15.4,9.323804659758448,8.200000000000001,4.661902329879224,8.200000000000001,4.661902329879224,3.8000000000000003,1.751190071541826,0.0,0.0,0.0,0.0,1.0,0.0
54000.0,2.46875,3.7916693448399507E-7,54000.0,57.599999999999994,51.2138433020864,47.39454094292803,35.75757575757575,54000.0,717408.0,10.0,22.0,217272.29999999996,84686.7499094949,34423.2,18687.3498555098,15.8,10.031062866028813,8.4,5.015531433014407,8.4,5.015531433014407,3.8000000000000003,1.751190071541826,0.0,0.0,0.0,0.0,1.0,0.0
55000.0,2.53125,3.909797265401317E-7,55000.0,60.4,54.81422484715569,50.06305170239597,41.246290801186944,55000.0,730592.0,10.0,22.0,223260.80000000002,84678.17564271078,35749.600000000006,20489.82578527966,16.4,10.668749796589205,8.7,5.3343748982946035,8.7,5.3343748982946035,3.9000000000000004,1.8529256146249726,0.0,0.0,0.0,0.0,1.0,0.0
56000.0,2.578125,3.9993875866962805E-7,56000.0,58.199999999999996,52.3869731669839,48.45869297163995,38.619676945668125,56000.0,738792.0,10.0,22.0,229263.3,84699.87248586754,36582.4,21447.283273697445,16.6,10.864826019980459,8.799999999999999,5.43241300999023,8.799999999999999,5.43241300999023,3.9000000000000004,1.8529256146249726,0.0,0.0,0.0,0.0,1.0,0.0
57000.0,2.640625,4.1208423984547456E-7,57000.0,60.699999999999996,54.64496703393087,50.751879699248114,41.430700447093884,57000.0,751168.0,10.0,22.0,235262.1,84718.69816234325,37792.799999999996,21596.92634921306,17.599999999999998,11.432896007185192,9.299999999999999,5.716448003592596,9.299999999999999,5.716448003592596,4.2,1.8737959096740262,0.0,0.0,0.0,0.0,1.0,0.0
58000.0,2.703125,4.243756282246775E-7,58000.0,59.8,53.18144867312499,50.30902348578492,37.285491419656786,58000.0,760192.0,10.0,22.0,241279.80000000002,84753.18758056636,38708.0,22055.037822078957,17.8,11.32156251485535,9.4,5.660781257427675,9.4,5.660781257427675,4.2,1.8737959096740262,0.0,0.0,0.0,0.0,1.0,0.0
59000.0,2.75,4.322792584490445E-7,59000.0,52.7,43.37479064834069,41.16915422885572,28.33333333333334,59000.0,651760.0,10.0,28.0,160751.8,151505.03592495606,28412.0,26160.987341204585,12.799999999999999,13.180794108601095,6.8999999999999995,6.5903970543005475,6.8999999999999995,6.5903970543005475,2.9,2.8067379246694513,0.0,0.0,0.0,0.0,1.0,0.0
60000.0,2.8125,4.4211803469806913E-7,60000.0,53.300000000000004,45.2005285156736,40.96080910240203,30.917159763313617,60000.0,608504.0,10.0,32.0,129899.80000000002,143911.14024270518,24093.600000000002,25868.35624722478,10.8,13.079245645933357,5.9,6.539622822966678,5.9,6.539622822966678,2.3,2.7100635498903793,0.0,0.0,0.0,0.0,1.0,0.0
61000.0,2.875,4.5222521293908363E-7,61000.0,54.0,46.184353685786824,42.35588972431078,31.851851851851855,61000.0,625104.0,10.0,34.0,133859.69999999998,145873.12156197018,25776.0,28093.318525545852,12.0,14.181364924121764,6.5,7.090682462060882,6.5,7.090682462060882,2.4,2.7568097504180447,0.0,0.0,0.0,0.0,1.0,0.0
62000.0,2.9375,4.625196904978819E-7,62000.0,55.00000000000001,46.01034441800952,42.820838627700134,32.835820895522396,62000.0,636688.0,10.0,35.0,139478.5,146299.7356413272,26880.8,28608.623023292977,12.0,14.181364924121764,6.5,7.090682462060882,6.5,7.090682462060882,2.4,2.7568097504180447,0.0,0.0,0.0,0.0,1.0,0.0
63000.0,2.984375,4.7024976487995856E-7,63000.0,52.6,44.43610855824596,39.23076923076923,31.798561151079134,63000.0,637448.0,10.0,36.0,144084.0,147870.27315710063,26956.8,28784.236476083766,12.0,14.181364924121764,6.5,7.090682462060882,6.5,7.090682462060882,2.4,2.7568097504180447,0.0,0.0,0.0,0.0,1.0,0.0
64000.0,3.046875,4.807105869986118E-7,64000.0,53.400000000000006,46.16046722547327,42.32673267326732,33.04597701149426,64000.0,646976.0,10.0,36.0,150064.3,147911.41846467883,27787.2,29184.961533867634,12.399999999999999,14.331007563244734,6.699999999999999,7.165503781622367,6.699999999999999,7.165503781622367,2.4,2.7568097504180447,0.0,0.0,0.0,0.0,1.0,0.0
65000.0,3.09375,4.886668951561055E-7,65000.0,54.800000000000004,47.1091400554652,45.54216867469879,34.77633477633478,65000.0,656104.0,10.0,37.0,155139.8,148966.95927755255,28678.4,29407.77361779629,12.799999999999999,14.34340731253677,6.8999999999999995,7.171703656268385,6.8999999999999995,7.171703656268385,2.5,2.798809270624444,0.0,0.0,0.0,0.0,1.0,0.0
66000.0,3.140625,4.969769118664166E-7,66000.0,55.900000000000006,48.71782945015281,44.247787610619476,35.43191800878478,66000.0,685272.0,10.0,37.0,161136.4,148965.895287926,31544.800000000003,28282.873957377262,14.2,13.798550648528272,7.6,6.899275324264136,7.6,6.899275324264136,3.0,2.581988897471611,0.0,0.0,0.0,0.0,1.0,0.0
67000.0,3.1875,5.054687305043142E-7,67000.0,58.4,51.685210564214536,48.95705521472393,38.8235294117647,67000.0,700264.0,10.0,37.0,167139.69999999998,149018.60841000883,33036.8,27328.26807050409,14.799999999999999,13.281566172707194,7.9,6.640783086353596,7.9,6.640783086353596,3.2,2.3944379994757297,0.0,0.0,0.0,0.0,1.0,0.0
68000.0,3.21875,5.111974638162389E-7,68000.0,53.7,46.903913284801455,41.318124207858055,32.011747430249635,68000.0,708616.0,10.0,37.0,173154.09999999998,149030.3833246019,33816.799999999996,27945.284558699106,15.2,13.612086132877975,8.1,6.8060430664389875,8.1,6.8060430664389875,3.2,2.3944379994757297,0.0,0.0,0.0,0.0,1.0,0.0
69000.0,3.28125,5.226646317169072E-7,69000.0,59.099999999999994,52.77179887483718,48.68255959849435,39.227340267459134,69000.0,709216.0,10.0,37.0,179174.7,149044.6867762596,33876.8,27958.115263133648,15.2,13.612086132877975,8.1,6.8060430664389875,8.1,6.8060430664389875,3.2,2.3944379994757297,0.0,0.0,0.0,0.0,1.0,0.0
70000.0,3.328125,5.314007285051049E-7,70000.0,60.0,54.154044702098716,50.186799501867995,42.61119081779052,70000.0,720408.0,10.0,37.0,185156.3,149029.09632316773,34921.600000000006,28337.80000556775,15.8,13.830722645215936,8.4,6.915361322607968,8.4,6.915361322607968,3.2,2.3944379994757297,0.0,0.0,0.0,0.0,1.0,0.0
71000.0,3.390625,5.432120977073082E-7,71000.0,59.599999999999994,53.82297741212078,51.55875299760191,41.27906976744186,71000.0,730504.0,10.0,37.0,191144.2,149059.2318783972,35940.8,28523.07858091993,16.4,13.98570698963767,8.7,6.992853494818835,8.7,6.992853494818835,3.3000000000000003,2.359378449224852,0.0,0.0,0.0,0.0,1.0,0.0
72000.0,3.40625,5.462159040487476E-7,72000.0,57.599999999999994,50.80276200720088,48.10281517747858,35.66009104704096,72000.0,743112.0,10.0,37.0,197144.3,149104.39585445568,37160.8,29872.286721233035,17.0,14.877275736280932,9.0,7.438637868140466,9.0,7.438637868140466,3.4,2.503331114069145,0.0,0.0,0.0,0.0,1.0,0.0
73000.0,3.46875,5.585257895290853E-7,73000.0,56.00000000000001,49.74151145550868,45.94594594594595,36.139332365747464,73000.0,761336.0,10.0,37.0,203179.19999999998,149094.17508913993,38973.6,28737.528801203487,17.8,14.148419621207797,9.4,7.074209810603898,9.4,7.074209810603898,3.6999999999999997,2.2632326929023945,0.0,0.0,0.0,0.0,1.0,0.0
74000.0,3.515625,5.67806127946824E-7,74000.0,55.800000000000004,49.18097436858511,45.093167701863365,34.32392273402675,74000.0,765288.0,10.0,37.0,209141.9,149101.30087401054,39349.6,29127.893203746968,18.0,14.491376746189438,9.5,7.245688373094719,9.5,7.245688373094719,3.6999999999999997,2.2632326929023945,0.0,0.0,0.0,0.0,1.0,0.0
75000.0,3.578125,5.802801590309377E-7,75000.0,55.00000000000001,48.8887854044544,43.820224719101134,35.437589670014354,75000.0,771488.0,10.0,37.0,215122.80000000002,149068.25799076073,39948.0,29759.760632251207,18.400000000000002,14.818906842274163,9.700000000000001,7.409453421137082,9.700000000000001,7.409453421137082,3.6999999999999997,2.2632326929023945,0.0,0.0,0.0,0.0,1.0,0.0
76000.0,3.625,5.899441829468643E-7,76000.0,57.3,51.401779810227936,47.671568627450974,38.29479768786127,76000.0,796928.0,10.0,37.0,221094.1,149048.5057999949,42460.799999999996,28671.677379137294,19.6,14.268847185389577,10.3,7.134423592694788,10.3,7.134423592694788,4.0,2.0548046676563256,0.0,0.0,0.0,0.0,1.0,0.0
77000.0,3.671875,5.996424523699616E-7,77000.0,56.49999999999999,50.903654912512565,46.029776674937956,38.472418670438465,77000.0,799752.0,10.0,37.0,227115.3,149036.02715603888,42776.8,28808.983401401416,19.6,14.268847185389577,10.3,7.134423592694788,10.3,7.134423592694788,4.0,2.0548046676563256,0.0,0.0,0.0,0.0,1.0,0.0
78000.0,3.734375,6.126583321020009E-7,78000.0,58.099999999999994,52.22512342793291,46.827411167512686,38.20058997050147,78000.0,805000.0,10.0,37.0,233129.90000000002,149078.57390684955,43248.799999999996,28494.260462220962,19.8,14.085453489327207,10.4,7.042726744663604,10.4,7.042726744663604,4.1,1.9692073983655907,0.0,0.0,0.0,0.0,1.0,0.0
79000.0,3.734375,6.126583321020009E-7,79000.0,56.49999999999999,51.25886584423005,46.95121951219512,38.29787234042552,79000.0,806192.0,10.0,37.0,239114.0,149074.09245368186,43351.200000000004,28494.78079617778,19.8,14.085453489327207,10.4,7.042726744663604,10.4,7.042726744663604,4.1,1.9692073983655907,0.0,0.0,0.0,0.0,1.0,0.0
80000.0,3.8125,6.290111276838517E-7,80000.0,58.699999999999996,52.67853255327388,49.99999999999999,39.08554572271386,80000.0,809104.0,10.0,37.0,245154.0,149077.10291806867,43606.4,28647.222627449708,20.0,14.212670403551895,10.5,7.1063352017759485,10.5,7.1063352017759485,4.1,1.9692073983655907,0.0,0.0,0.0,0.0,1.0,0.0
81000.0,3.859375,6.389358249079024E-7,81000.0,58.099999999999994,52.454817892874686,48.14356435643564,40.398293029871965,81000.0,818424.0,10.0,37.0,251163.0,149081.47095166155,44533.600000000006,28344.97581661421,20.4,13.985706989637672,10.7,6.992853494818836,10.7,6.992853494818836,4.1,1.9692073983655907,0.0,0.0,0.0,0.0,1.0,0.0
82000.0,3.90625,6.489044689159428E-7,82000.0,56.8,51.32887932491352,47.058823529411754,38.285714285714285,82000.0,822048.0,10.0,37.0,257142.5,149111.9659832466,44876.799999999996,28239.76511076378,20.599999999999998,13.91402170474087,10.799999999999999,6.957010852370435,10.799999999999999,6.957010852370435,4.1,1.9692073983655907,0.0,0.0,0.0,0.0,1.0,0.0
83000.0,3.9375,6.556103795042471E-7,83000.0,57.49999999999999,51.58659278970583,46.338383838383834,36.66169895678092,83000.0,829488.0,10.0,37.0,263153.9,149114.27693882596,45616.0,28644.730335613214,21.0,14.23610433604175,11.0,7.118052168020875,11.0,7.118052168020875,4.1,1.9692073983655907,0.0,0.0,0.0,0.0,1.0,0.0
84000.0,4.015625,6.724810615802807E-7,84000.0,60.4,54.128174683617615,51.35135135135135,39.817629179331306,84000.0,834728.0,10.0,37.0,269153.4,149124.81460485823,46152.8,27672.14209593789,21.6,14.08071967857704,11.3,7.04035983928852,11.3,7.04035983928852,4.199999999999999,1.8737959096740262,0.0,0.0,0.0,0.0,1.0,0.0
85000.0,4.0625,6.827765416043503E-7,85000.0,60.8,54.7022946985507,51.60493827160493,40.963855421686745,85000.0,849000.0,10.0,37.0,275121.6,149122.17199196102,47605.600000000006,28372.641608109425,22.0,14.243907079480998,11.5,7.121953539740499,11.5,7.121953539740499,4.3,1.7669811040931427,0.0,0.0,0.0,0.0,1.0,0.0
86000.0,4.140625,7.001675354937715E-7,86000.0,57.4,51.33041620491494,48.11205846528623,38.350217076700424,86000.0,860472.0,10.0,37.0,281089.9,149113.13711440717,48711.99999999999,28010.20639378122,22.6,13.817862835233722,11.8,6.908931417616861,11.8,6.908931417616861,4.4,1.7126976771553504,0.0,0.0,0.0,0.0,1.0,0.0
87000.0,4.203125,7.143277778393695E-7,87000.0,56.699999999999996,50.50976089242445,46.2111801242236,37.063953488372086,87000.0,875776.0,10.0,37.0,287084.80000000005,149103.94824327534,50201.59999999999,26716.409020175848,23.200000000000003,13.180794108601095,12.100000000000001,6.5903970543005475,12.100000000000001,6.5903970543005475,4.6000000000000005,1.5055453054181622,0.0,0.0,0.0,0.0,1.0,0.0
88000.0,4.234375,7.214593804544875E-7,88000.0,56.89999999999999,50.49027265960281,47.503045066991476,36.43067846607669,88000.0,882144.0,10.0,37.0,293071.5,149093.24281077707,50819.2,26328.201680580718,23.400000000000002,12.988884136488057,12.200000000000001,6.4944420682440285,12.200000000000001,6.4944420682440285,4.7,1.4181364924121764,0.0,0.0,0.0,0.0,1.0,0.0
89000.0,4.296875,7.35986460414198E-7,89000.0,56.3,51.0775806576203,46.51162790697674,38.27683615819208,89000.0,898464.0,10.0,37.0,299132.3,149119.60820171615,52439.2,25907.114616130708,24.4,12.85992915135141,12.7,6.429964575675705,12.7,6.429964575675705,4.7,1.4181364924121764,0.0,0.0,0.0,0.0,1.0,0.0
90000.0,4.359375,7.461004942241644E-7,90000.0,49.5,41.14061332646446,35.58673469387755,21.46189735614308,90000.0,625528.0,10.0,46.0,145501.30000000002,202725.18756136074,26074.4,31910.549879311075,11.4,15.370968306084906,6.2,7.685484153042453,6.2,7.685484153042453,2.0,2.70801280154532,0.0,0.0,0.0,0.0,1.0,0.0
91000.0,4.421875,7.550010923296215E-7,91000.0,49.5,33.96517545649024,35.99493029150824,20.59748427672956,91000.0,550480.0,10.0,54.0,96130.50000000003,156931.04280206782,18646.4,25020.719819115253,7.8,11.820885471627468,4.4,5.910442735813734,4.4,5.910442735813734,1.5,2.4608038433722332,0.0,0.0,0.0,0.0,1.0,0.0
92000.0,4.46875,7.611400603006286E-7,92000.0,50.3,34.68947935556782,36.36363636363637,21.855345911949687,92000.0,506240.0,10.0,56.0,64627.7,125338.93018447576,14047.199999999999,22329.818135299614,5.6,10.585104838613761,3.3,5.2925524193068805,3.3,5.2925524193068805,0.9,1.911950719959998,0.0,0.0,0.0,0.0,1.0,0.0
93000.0,4.53125,7.693871803995638E-7,93000.0,53.300000000000004,38.12643670546462,40.811153358681885,26.340694006309157,93000.0,510064.0,10.0,56.0,70661.30000000002,125355.27463799306,14326.4,23088.679377083867,5.8,11.16343236743172,3.4,5.58171618371586,3.4,5.58171618371586,0.9,1.911950719959998,0.0,0.0,0.0,0.0,1.0,0.0
94000.0,4.546875,7.714717907624115E-7,94000.0,53.1,38.04270429724706,41.66666666666667,25.90837282780411,94000.0,515712.0,10.0,56.0,76612.29999999999,125372.72630755419,14804.799999999997,24454.26219973388,6.000000000000001,11.74734012447073,3.500000000000001,5.873670062235365,3.500000000000001,5.873670062235365,1.0,2.160246899469287,0.0,0.0,0.0,0.0,1.0,0.0
95000.0,4.609375,7.798869369758502E-7,95000.0,48.8,30.078811558300206,33.935483870967744,19.115323854660346,95000.0,520456.0,10.0,56.0,82623.90000000001,125359.6908654364,15226.400000000001,25689.728596810397,6.2,12.336035739968404,3.6,6.168017869984202,3.6,6.168017869984202,1.0,2.160246899469287,0.0,0.0,0.0,0.0,1.0,0.0
96000.0,4.65625,7.862580565011338E-7,96000.0,50.9,35.424815283407476,37.69035532994924,24.80857580398163,96000.0,525384.0,10.0,56.0,88605.79999999999,125392.59239489034,15649.599999999999,26912.99054855604,6.3999999999999995,12.928865207571604,3.7,6.464432603785802,3.7,6.464432603785802,1.0,2.160246899469287,0.0,0.0,0.0,0.0,1.0,0.0
97000.0,4.71875,7.947883245328236E-7,97000.0,52.7,38.22161851522909,41.5327564894932,27.230769230769237,97000.0,527576.0,10.0,56.0,94579.2,125394.16804514208,15835.199999999999,27463.249806888394,6.3999999999999995,12.928865207571604,3.7,6.464432603785802,3.7,6.464432603785802,1.0,2.160246899469287,0.0,0.0,0.0,0.0,1.0,0.0
98000.0,4.75,7.990596673658327E-7,98000.0,52.400000000000006,35.319056419176,36.61784287616512,23.961661341853038,98000.0,528344.0,10.0,56.0,100575.79999999999,125394.34261099838,15895.2,27641.45793228393,6.3999999999999995,12.928865207571604,3.7,6.464432603785802,3.7,6.464432603785802,1.0,2.160246899469287,0.0,0.0,0.0,0.0,1.0,0.0
99000.0,4.796875,8.054932631138301E-7,99000.0,50.6,33.848440617593106,37.704918032786885,22.44897959183674,99000.0,530536.0,10.0,56.0,106558.00000000001,125372.20070033247,16111.999999999998,28286.63319976023,6.599999999999999,13.525284963110142,3.8,6.762642481555071,3.8,6.762642481555071,1.0,2.160246899469287,0.0,0.0,0.0,0.0,1.0,0.0
100000.0,4.84375,8.119734249905582E-7,100000.0,51.4,35.27042577675489,37.37113402061856,24.534161490683235,100000.0,534376.0,10.0,56.0,112505.40000000001,125358.31572930807,16476.8,29348.637268382852,6.8,14.124840215418761,3.8999999999999995,7.06242010770938,3.8999999999999995,7.06242010770938,1.0,2.160246899469287,0.0,0.0,0.0,0.0,1.0,0.0
101000.0,4.859375,8.142200143386923E-7,101000.0,50.4,33.96387184730744,38.07740324594258,23.809523809523814,101000.0,555784.0,10.0,56.0,118509.5,125357.71087416646,18521.6,29005.71537243422,7.800000000000001,13.830722645215937,4.4,6.915361322607969,4.4,6.915361322607969,1.4,2.1186998109427604,0.0,0.0,0.0,0.0,1.0,0.0
102000.0,4.96875,8.317470848042935E-7,102000.0,49.9,31.344375788820233,34.16557161629435,20.349761526232115,102000.0,619432.0,10.0,56.0,124484.60000000002,125342.47665159468,24800.0,27127.191966733306,10.799999999999999,13.180794108601093,5.8999999999999995,6.590397054300547,5.8999999999999995,6.590397054300547,2.4000000000000004,1.5776212754932308,0.0,0.0,0.0,0.0,1.0,0.0
103000.0,4.984375,8.343092890249361E-7,103000.0,50.4,36.623785502179835,37.37373737373738,25.41353383458646,103000.0,633864.0,10.0,56.0,130519.9,125345.77233791687,26286.399999999998,26519.611272498783,11.4,12.816655830077776,6.2,6.408327915038888,6.2,6.408327915038888,2.5999999999999996,1.3498971154211057,0.0,0.0,0.0,0.0,1.0,0.0
104000.0,5.046875,8.445872097379635E-7,104000.0,54.7,41.32975526866569,41.77377892030849,28.32278481012659,104000.0,635664.0,10.0,56.0,136557.6,125355.91073082895,26449.600000000002,26578.798380998673,11.4,12.816655830077776,6.2,6.408327915038888,6.2,6.408327915038888,2.5999999999999996,1.3498971154211057,0.0,0.0,0.0,0.0,1.0,0.0
105000.0,5.078125,8.497814673723449E-7,105000.0,55.800000000000004,44.97806591677497,43.260590500641854,31.366459627329203,105000.0,642504.0,10.0,56.0,142552.40000000002,125311.37865174098,27145.6,26498.32351594258,11.8,12.691204303243513,6.4,6.3456021516217564,6.4,6.3456021516217564,2.8000000000000003,1.3165611772087666,0.0,0.0,0.0,0.0,1.0,0.0
106000.0,5.140625,8.602161607187658E-7,106000.0,54.50000000000001,41.11892166098993,42.3320659062104,25.653594771241835,106000.0,645360.0,10.0,56.0,148533.90000000002,125282.93753159064,27431.199999999997,26541.14282392527,11.8,12.691204303243513,6.4,6.3456021516217564,6.4,6.3456021516217564,2.8000000000000003,1.3165611772087666,0.0,0.0,0.0,0.0,1.0,0.0
107000.0,5.1875,8.681308503987063E-7,107000.0,54.2,41.35272876277307,41.206675224646986,28.771384136858487,107000.0,652672.0,10.0,56.0,154546.5,125263.76461535519,28157.600000000002,26484.664255208358,12.200000000000001,12.585706178041818,6.6000000000000005,6.292853089020909,6.6000000000000005,6.292853089020909,3.0,1.3333333333333335,0.0,0.0,0.0,0.0,1.0,0.0
108000.0,5.234375,8.760993821649918E-7,108000.0,54.2,42.6023445313068,41.95183776932827,30.28919330289193,108000.0,657112.0,10.0,56.0,160548.80000000002,125256.62740399098,28582.399999999998,26545.911604865505,12.4,12.509551905999228,6.7,6.254775952999614,6.7,6.254775952999614,3.1,1.286683937707919,0.0,0.0,0.0,0.0,1.0,0.0
109000.0,5.28125,8.843051101494997E-7,109000.0,55.1,42.17345388043171,43.09252217997466,29.513343799058095,109000.0,676672.0,10.0,56.0,166539.1,125250.24899815567,30525.6,25785.48609500227,13.599999999999998,12.112436217008993,7.299999999999999,6.056218108504496,7.299999999999999,6.056218108504496,3.5999999999999996,1.07496769977314,0.0,0.0,0.0,0.0,1.0,0.0
110000.0,5.296875,8.870805160970326E-7,110000.0,57.199999999999996,45.04513874176479,45.61626429479034,32.91536050156739,110000.0,686608.0,10.0,56.0,172549.40000000002,125239.12209600394,31515.199999999997,25927.211397380255,13.8,12.191071414039957,7.4,6.0955357070199785,7.4,6.0955357070199785,3.5999999999999996,1.07496769977314,0.0,0.0,0.0,0.0,1.0,0.0
111000.0,5.390625,9.037643839191234E-7,111000.0,55.60000000000001,43.67819445483918,42.78350515463919,30.948678071539664,111000.0,687904.0,10.0,56.0,178535.5,125263.19216775356,31611.200000000004,25962.006346026323,13.8,12.191071414039957,7.4,6.0955357070199785,7.4,6.0955357070199785,3.5999999999999996,1.07496769977314,0.0,0.0,0.0,0.0,1.0,0.0
112000.0,5.453125,9.149405135152243E-7,112000.0,53.900000000000006,42.43105775750863,40.66924066924067,28.96764252696457,112000.0,691216.0,10.0,56.0,184553.5,125280.26372298232,31872.8,26581.73928261446,14.0,12.797569213634976,7.5,6.398784606817488,7.5,6.398784606817488,3.6999999999999997,1.3374935098492586,0.0,0.0,0.0,0.0,1.0,0.0
113000.0,5.5,9.233380357424421E-7,113000.0,57.3,46.22592917690409,45.880861850443594,32.43670886075949,113000.0,692488.0,10.0,56.0,190544.40000000002,125245.4167936784,32016.8,26896.17012306564,14.0,12.797569213634976,7.5,6.398784606817488,7.5,6.398784606817488,3.6999999999999997,1.3374935098492586,0.0,0.0,0.0,0.0,1.0,0.0
114000.0,5.53125,9.289434981635878E-7,114000.0,54.1,42.751661947940185,43.88753056234719,30.977443609022558,114000.0,693368.0,10.0,56.0,196537.4,125257.54668167149,32104.799999999996,26954.33384572259,14.0,12.797569213634976,7.5,6.398784606817488,7.5,6.398784606817488,3.6999999999999997,1.3374935098492586,0.0,0.0,0.0,0.0,1.0,0.0
115000.0,5.59375,9.402277646586302E-7,115000.0,55.7,44.016954143187704,44.34673366834172,31.10419906687404,115000.0,697904.0,10.0,56.0,202532.3,125253.70917288902,32539.2,26966.877381953833,14.2,12.76105185493909,7.6000000000000005,6.380525927469545,7.6000000000000005,6.380525927469545,3.6999999999999997,1.3374935098492586,0.0,0.0,0.0,0.0,1.0,0.0
116000.0,5.625,9.459752537724047E-7,116000.0,51.6,38.523132576642865,41.047503045066996,24.844720496894414,116000.0,710936.0,10.0,56.0,208536.4,125272.70751284974,33832.8,26538.385435273016,15.0,12.47219128924647,8.0,6.236095644623235,8.0,6.236095644623235,3.9999999999999996,1.2472191289246473,0.0,0.0,0.0,0.0,1.0,0.0
117000.0,5.6875,9.576280394362081E-7,117000.0,55.50000000000001,44.88502024391785,43.312101910828034,32.677760968229954,117000.0,720696.0,10.0,56.0,214547.69999999998,125264.22404044803,34787.200000000004,26180.130399471527,15.4,12.249263016379574,8.2,6.124631508189787,8.2,6.124631508189787,4.2,1.1352924243950933,0.0,0.0,0.0,0.0,1.0,0.0
118000.0,5.71875,9.634967298350403E-7,118000.0,55.900000000000006,42.85625432465423,42.42819843342037,29.888712241653426,118000.0,725928.0,10.0,56.0,220544.4,125298.71488318536,35324.8,26098.590838076547,15.6,12.222020200350586,8.299999999999999,6.111010100175293,8.299999999999999,6.111010100175293,4.2,1.1352924243950933,0.0,0.0,0.0,0.0,1.0,0.0
119000.0,5.765625,9.723536075196335E-7,119000.0,58.3,45.90415305622076,47.41488020176545,32.74193548387096,119000.0,730368.0,10.0,56.0,226535.3,125261.3791034571,35766.4,26000.747148239156,15.8,12.15456018675021,8.4,6.077280093375105,8.4,6.077280093375105,4.2,1.1352924243950933,0.0,0.0,0.0,0.0,1.0,0.0
120000.0,5.8125,9.814924043085843E-7,120000.0,58.9,48.53094029338616,46.89922480620155,35.47880690737833,120000.0,753616.0,10.0,56.0,232573.9,125225.46160199743,38076.8,25765.323452699413,17.0,12.0,9.0,6.0,9.0,6.0,4.2,1.1352924243950933,0.0,0.0,0.0,0.0,1.0,0.0
121000.0,5.859375,9.908977921845187E-7,121000.0,59.199999999999996,49.017843754685856,46.52686762778506,36.050156739811904,121000.0,775600.0,10.0,56.0,238557.9,125231.39101452692,40260.8,24486.772686947177,18.200000000000003,11.242775458044157,9.600000000000001,5.621387729022079,9.600000000000001,5.621387729022079,4.4,0.9660917830792958,0.0,0.0,0.0,0.0,1.0,0.0
122000.0,5.90625,9.97835660301563E-7,122000.0,46.2,35.18361229680123,34.229828850855746,23.57954545454546,122000.0,572120.0,10.0,63.0,113151.29999999999,131015.90309665973,20798.4,17846.264092085054,8.799999999999999,8.40370288755036,4.8999999999999995,4.20185144377518,4.8999999999999995,4.20185144377518,2.1,2.2335820757001272,0.0,0.0,0.0,0.0,1.0,0.0
123000.0,5.921875,9.997673785417447E-7,123000.0,47.199999999999996,39.34408903552506,35.68818514007308,27.770177838577286,123000.0,477888.0,10.0,66.0,43446.399999999994,79365.17813135822,11276.8,14889.333846750833,4.3999999999999995,7.306009702825324,2.7,3.653004851412662,2.7,3.653004851412662,0.8,1.6865480854231356,0.0,0.0,0.0,0.0,1.0,0.0
124000.0,5.984375,1.007543275287996E-6,124000.0,45.0,36.229222321163554,29.846938775510207,22.096317280453263,124000.0,480920.0,10.0,68.0,47598.2,80424.14435810513,11546.4,15443.205677578733,4.3999999999999995,7.306009702825324,2.7,3.653004851412662,2.7,3.653004851412662,0.8,1.6865480854231356,0.0,0.0,0.0,0.0,1.0,0.0
125000.0,6.03125,1.0134492185898127E-6,125000.0,47.099999999999994,39.6532744087675,36.418269230769226,28.124999999999993,125000.0,487024.0,10.0,68.0,53618.0,80429.7509010192,11969.599999999999,16495.40587355562,4.6,7.820201759261429,2.8,3.9101008796307144,2.8,3.9101008796307144,0.9,1.911950719959998,0.0,0.0,0.0,0.0,1.0,0.0
126000.0,6.078125,1.0193571991597614E-6,126000.0,47.099999999999994,40.529590182548304,34.44857496902106,28.609986504723345,126000.0,487192.0,10.0,68.0,59629.399999999994,80514.63370951754,11969.599999999999,16495.40587355562,4.6,7.820201759261429,2.8,3.9101008796307144,2.8,3.9101008796307144,0.9,1.911950719959998,0.0,0.0,0.0,0.0,1.0,0.0
127000.0,6.125,1.0252818659258387E-6,127000.0,49.7,42.63341153285121,38.357843137254896,31.095890410958905,127000.0,488568.0,10.0,68.0,65596.2,80558.02560032254,12023.199999999999,16615.227478965728,4.6,7.820201759261429,2.8,3.9101008796307144,2.8,3.9101008796307144,0.9,1.911950719959998,0.0,0.0,0.0,0.0,1.0,0.0
128000.0,6.171875,1.031344581861049E-6,128000.0,45.1,37.953341817187265,32.63803680981596,26.010781671159027,128000.0,499952.0,10.0,68.0,71570.8,80556.27742806061,13120.8,16436.348856523255,5.200000000000001,7.7430972843917925,3.0999999999999996,3.8715486421958962,3.0999999999999996,3.8715486421958962,1.1,1.9119507199599983,0.0,0.0,0.0,0.0,1.0,0.0
129000.0,6.21875,1.037429125669102E-6,129000.0,47.5,39.64240712978377,34.292866082603254,25.53191489361702,129000.0,501752.0,10.0,68.0,77568.6,80542.32204416922,13250.399999999998,16514.926549438038,5.200000000000001,7.7430972843917925,3.0999999999999996,3.8715486421958962,3.0999999999999996,3.8715486421958962,1.1,1.9119507199599983,0.0,0.0,0.0,0.0,1.0,0.0
130000.0,6.21875,1.037429125669102E-6,130000.0,49.8,43.47330633864669,38.85505481120585,31.97831978319783,130000.0,527248.0,10.0,68.0,83548.2,80579.74163495161,15766.4,15522.62969702979,6.6000000000000005,7.229568912920511,3.8000000000000003,3.6147844564602556,3.8000000000000003,3.6147844564602556,1.7,1.7669811040931427,0.0,0.0,0.0,0.0,1.0,0.0
131000.0,6.3125,1.0508739311868946E-6,131000.0,51.4,45.0889649156901,41.44578313253012,31.645569620253166,131000.0,554352.0,10.0,68.0,89513.0,80513.40450301842,18510.399999999998,14785.94927024377,8.0,6.879922480183431,4.5,3.4399612400917157,4.5,3.4399612400917157,2.2,1.6865480854231356,0.0,0.0,0.0,0.0,1.0,0.0
132000.0,6.328125,1.0531579998011391E-6,132000.0,53.1,47.88738341329861,43.561973525872446,35.75342465753425,132000.0,565056.0,10.0,68.0,95494.79999999999,80505.96454066136,19576.0,15199.480225031088,8.4,7.121173436387511,4.699999999999999,3.5605867181937554,4.699999999999999,3.5605867181937554,2.3000000000000003,1.8885620632287057,0.0,0.0,0.0,0.0,1.0,0.0
133000.0,6.421875,1.067368818136553E-6,133000.0,52.1,45.63823436616905,40.4228855721393,30.97982708933718,133000.0,585936.0,10.0,68.0,101485.80000000002,80544.26012351496,21666.399999999998,15845.730074692046,9.6,7.720103626247513,5.3,3.8600518131237567,5.3,3.8600518131237567,2.6000000000000005,1.7126976771553504,0.0,0.0,0.0,0.0,1.0,0.0
134000.0,6.453125,1.0722261180894244E-6,134000.0,49.2,42.58771196209885,36.65835411471321,28.147100424328148,134000.0,600824.0,10.0,68.0,107507.80000000002,80584.8320161224,23080.800000000003,15167.574513488378,10.2,7.192588778272628,5.6,3.596294389136314,5.6,3.596294389136314,2.8000000000000003,1.4757295747452437,0.0,0.0,0.0,0.0,1.0,0.0
135000.0,6.515625,1.0820941275192633E-6,135000.0,54.6,48.727678470594086,44.01972872996301,35.327635327635335,135000.0,610312.0,10.0,68.0,113480.20000000001,80577.84841560917,24008.0,15096.224458085173,10.6,7.105553383719589,5.8,3.5527766918597945,5.8,3.5527766918597945,2.9,1.5238839267549946,0.0,0.0,0.0,0.0,1.0,0.0
136000.0,6.5625,1.0895324845073954E-6,136000.0,49.1,43.15770665356353,38.15309842041312,29.403606102635226,136000.0,613392.0,10.0,68.0,119465.09999999999,80568.29167227569,24316.0,15068.65886534034,10.6,7.105553383719589,5.8,3.5527766918597945,5.8,3.5527766918597945,2.9,1.5238839267549946,0.0,0.0,0.0,0.0,1.0,0.0
137000.0,6.5625,1.0895324845073954E-6,137000.0,51.1,45.143641766666406,40.43848964677223,32.27146814404432,137000.0,626240.0,10.0,68.0,125442.5,80610.54899846132,25559.999999999996,14997.649593630777,11.200000000000001,7.146094504459527,6.1000000000000005,3.573047252229764,6.1000000000000005,3.573047252229764,3.0,1.4907119849998598,0.0,0.0,0.0,0.0,1.0,0.0
138000.0,6.640625,1.1023169887873036E-6,138000.0,52.2,46.07437224026011,40.69478908188586,31.518624641833814,138000.0,632552.0,10.0,68.0,131433.9,80595.85553233422,26203.199999999997,15839.051913265237,11.6,7.7201036262475125,6.3,3.8600518131237567,6.3,3.8600518131237567,3.1,1.66332999331662,0.0,0.0,0.0,0.0,1.0,0.0
139000.0,6.671875,1.107546817770021E-6,139000.0,52.400000000000006,46.75942755199624,41.80929095354523,33.980582524271846,139000.0,646904.0,10.0,68.0,137442.6,80590.00167128535,27580.800000000003,15785.500947951505,12.2,7.554248252914824,6.6,3.777124126457412,6.6,3.777124126457412,3.3,1.636391694484477,0.0,0.0,0.0,0.0,1.0,0.0
140000.0,6.734375,1.1181047820072209E-6,140000.0,51.0,45.783445805021785,38.28715365239295,31.84979137691238,140000.0,652984.0,10.0,68.0,143460.19999999998,80574.3377561643,28119.2,16265.160782755544,12.399999999999999,7.834397090892048,6.699999999999999,3.917198545446024,6.699999999999999,3.917198545446024,3.3,1.636391694484477,0.0,0.0,0.0,0.0,1.0,0.0
141000.0,6.765625,1.1234043955078556E-6,141000.0,51.300000000000004,46.40907810409184,40.969696969696976,33.74149659863946,141000.0,655536.0,10.0,68.0,149444.6,80604.6560403168,28357.6,16437.571293972975,12.399999999999999,7.834397090892048,6.699999999999999,3.917198545446024,6.699999999999999,3.917198545446024,3.3,1.636391694484477,0.0,0.0,0.0,0.0,1.0,0.0
142000.0,6.8125,1.1313638080739312E-6,142000.0,50.7,45.54441775053158,38.757763975155285,32.0,142000.0,656360.0,10.0,68.0,155447.19999999998,80604.7723246652,28440.0,16497.287157455787,12.399999999999999,7.834397090892048,6.699999999999999,3.917198545446024,6.699999999999999,3.917198545446024,3.3,1.636391694484477,0.0,0.0,0.0,0.0,1.0,0.0
143000.0,6.875,1.1420205959843265E-6,143000.0,51.4,45.45319861994348,42.142857142857146,32.31197771587745,143000.0,659096.0,10.0,68.0,161467.5,80582.88167712104,28711.2,17092.80142698154,12.6,8.315981935740094,6.8,4.157990967870047,6.8,4.157990967870047,3.3,1.636391694484477,0.0,0.0,0.0,0.0,1.0,0.0
144000.0,6.921875,1.1500236642960872E-6,144000.0,52.1,47.024760118381415,42.28915662650603,33.65650969529086,144000.0,659960.0,10.0,68.0,167475.3,80615.51996848306,28797.600000000002,17205.867753634386,12.6,8.315981935740094,6.8,4.157990967870047,6.8,4.157990967870047,3.3,1.636391694484477,0.0,0.0,0.0,0.0,1.0,0.0
145000.0,6.984375,1.160701795015484E-6,145000.0,53.400000000000006,47.29305738722863,41.30982367758187,33.04597701149426,145000.0,660416.0,10.0,68.0,173477.5,80593.97137951586,28843.199999999997,17315.555683321927,12.6,8.315981935740094,6.8,4.157990967870047,6.8,4.157990967870047,3.3,1.636391694484477,0.0,0.0,0.0,0.0,1.0,0.0
146000.0,7.03125,1.1686840055820842E-6,146000.0,56.99999999999999,51.68582754312321,46.716232961586115,38.92045454545454,146000.0,658240.0,10.0,68.0,179485.0,80581.75930486171,28626.4,16798.712776082975,12.799999999999999,8.816650913659524,6.8999999999999995,4.408325456829762,6.8999999999999995,4.408325456829762,3.4,1.837873166945363,0.0,0.0,0.0,0.0,1.0,0.0
147000.0,7.078125,1.1767825344577432E-6,147000.0,54.0,48.424479984213406,42.2835633626098,34.47293447293448,147000.0,667832.0,10.0,68.0,185486.9,80589.61048209351,29563.200000000004,18641.46802039892,13.0,9.092121131323903,7.0,4.546060565661952,7.0,4.546060565661952,3.4,1.837873166945363,0.0,0.0,0.0,0.0,1.0,0.0
148000.0,7.140625,1.1875941547461683E-6,148000.0,55.1,49.34406772777118,45.575757575757585,35.488505747126446,148000.0,668672.0,10.0,68.0,191468.7,80567.76321836862,29647.200000000004,18821.51674606014,13.0,9.092121131323903,7.0,4.546060565661952,7.0,4.546060565661952,3.4,1.837873166945363,0.0,0.0,0.0,0.0,1.0,0.0
149000.0,7.1875,1.1958261731908554E-6,149000.0,53.6,47.76998079646277,43.20685434516525,35.28591352859136,149000.0,678840.0,10.0,68.0,197487.7,80585.49990200195,30640.0,18688.850056770334,13.6,9.045563676312394,7.3,4.522781838156197,7.3,4.522781838156197,3.6,1.8973665961010275,0.0,0.0,0.0,0.0,1.0,0.0
150000.0,7.25,1.2068698480207889E-6,150000.0,54.900000000000006,50.45066820185365,44.79804161566708,39.21832884097036,150000.0,683024.0,10.0,68.0,203512.40000000002,80601.19908427059,31005.600000000002,19214.20217327682,13.8,9.531235200352809,7.4,4.765617600176404,7.4,4.765617600176404,3.6,1.8973665961010275,0.0,0.0,0.0,0.0,1.0,0.0
151000.0,7.28125,1.2126959174767967E-6,151000.0,53.7,48.78488545734102,43.46764346764348,37.432432432432435,151000.0,720656.0,10.0,68.0,209515.79999999996,80596.68601237757,34725.600000000006,22362.824087211247,16.0,11.20515754264774,8.5,5.60257877132387,8.5,5.60257877132387,3.9,1.852925614624973,0.0,0.0,0.0,0.0,1.0,0.0
152000.0,7.34375,1.2246401294962403E-6,152000.0,54.2,49.26185976332541,44.28223844282238,37.51705320600273,152000.0,738720.0,10.0,68.0,215554.0,80568.87386164295,36557.600000000006,23481.04258143388,16.799999999999997,12.236557250032924,8.899999999999999,6.118278625016462,8.899999999999999,6.118278625016462,3.9,1.852925614624973,0.0,0.0,0.0,0.0,1.0,0.0
153000.0,7.40625,1.2366742400142057E-6,153000.0,56.599999999999994,51.7507582023711,46.28712871287128,39.889196675900266,153000.0,744280.0,10.0,68.0,221508.6,80524.88936582141,37162.4,24637.87726787084,16.799999999999997,12.236557250032924,8.899999999999999,6.118278625016462,8.899999999999999,6.118278625016462,3.9,1.852925614624973,0.0,0.0,0.0,0.0,1.0,0.0
154000.0,7.453125,1.2458222530161344E-6,154000.0,52.5,46.719132430437625,41.21287128712871,33.00423131170663,154000.0,754376.0,10.0,68.0,227493.7,80512.6394494816,38147.200000000004,25013.9662180062,17.599999999999998,12.997435644515933,9.299999999999999,6.498717822257967,9.299999999999999,6.498717822257967,4.1,1.7288403306519922,0.0,0.0,0.0,0.0,1.0,0.0
155000.0,7.5,1.2551403294006986E-6,155000.0,53.900000000000006,48.0724282616654,42.375,35.07042253521128,155000.0,768400.0,10.0,68.0,233484.6,80501.79293131026,39542.4,25433.375461738804,18.2,12.585706178041818,9.6,6.292853089020909,9.6,6.292853089020909,4.3,1.567021236472421,0.0,0.0,0.0,0.0,1.0,0.0
156000.0,7.546875,1.264771465988209E-6,156000.0,53.7,48.56852771578725,44.014510278113676,36.13793103448276,156000.0,794216.0,10.0,68.0,239502.09999999998,80472.97635362514,42108.0,24179.58007171432,19.4,11.992590304943393,10.2,5.996295152471696,10.2,5.996295152471696,4.800000000000001,1.398411797560202,0.0,0.0,0.0,0.0,1.0,0.0
157000.0,7.578125,1.2712847092188897E-6,157000.0,55.300000000000004,49.50191034160207,45.883777239709445,36.415362731152214,157000.0,805656.0,10.0,68.0,245523.40000000002,80536.19554681954,43278.4,24731.6258314464,20.0,12.373807462180391,10.5,6.1869037310901955,10.5,6.1869037310901955,4.800000000000001,1.398411797560202,0.0,0.0,0.0,0.0,1.0,0.0
158000.0,7.625,1.2811873845445616E-6,158000.0,56.89999999999999,51.21360404689379,46.98646986469864,37.8066378066378,158000.0,816608.0,10.0,68.0,251516.2,80530.28378718434,44368.8,24586.059124814798,20.4,12.258330500792784,10.7,6.129165250396392,10.7,6.129165250396392,4.9,1.3703203194062978,0.0,0.0,0.0,0.0,1.0,0.0
159000.0,7.703125,1.298086523699264E-6,159000.0,55.50000000000001,50.35249726938736,46.12590799031477,38.95747599451303,159000.0,836136.0,10.0,68.0,257482.6,80505.95470067208,46292.8,23082.852802699912,21.400000000000002,11.423173328322077,11.200000000000001,5.711586664161039,11.200000000000001,5.711586664161039,5.1,0.9944289260117535,0.0,0.0,0.0,0.0,1.0,0.0
160000.0,7.765625,1.3119575386453008E-6,160000.0,56.39999999999999,51.372228858351534,45.49999999999999,39.61218836565096,160000.0,857888.0,10.0,68.0,263457.5,80485.61594505912,48472.799999999996,23125.147431602105,22.400000000000002,11.701851705321397,11.700000000000001,5.850925852660699,11.700000000000001,5.850925852660699,5.1,0.9944289260117535,0.0,0.0,0.0,0.0,1.0,0.0
161000.0,7.828125,1.3261706852871513E-6,161000.0,57.099999999999994,52.49406175771971,47.1023427866831,40.9090909090909,161000.0,879048.0,10.0,68.0,269431.0,80446.18025736212,50574.4,23504.00054458815,23.6,12.185601704014822,12.3,6.092800852007411,12.3,6.092800852007411,5.199999999999999,1.0327955589886444,0.0,0.0,0.0,0.0,1.0,0.0
162000.0,7.890625,1.340560653867821E-6,162000.0,56.10000000000001,50.9671971665965,46.068796068796075,38.772663877266396,162000.0,889984.0,10.0,68.0,275414.0,80418.65776464232,51663.200000000004,23637.912282320252,24.0,12.119772641798562,12.5,6.059886320899281,12.5,6.059886320899281,5.199999999999999,1.0327955589886444,0.0,0.0,0.0,0.0,1.0,0.0
163000.0,7.9375,1.3514271510454518E-6,163000.0,56.3,51.5935363524788,47.15840386940749,39.72413793103448,163000.0,896088.0,10.0,68.0,281424.3,80372.47058546299,52271.200000000004,23704.913455981135,24.200000000000003,11.933147112141038,12.600000000000001,5.966573556070519,12.600000000000001,5.966573556070519,5.3,0.9486832980505137,0.0,0.0,0.0,0.0,1.0,0.0
164000.0,8.0,1.3660667658162617E-6,164000.0,56.99999999999999,52.313938414005946,47.75212636695018,41.0150891632373,164000.0,905424.0,10.0,68.0,287389.50000000006,80369.69001260502,53183.2,23685.85856957222,24.6,11.99259030494339,12.8,5.996295152471695,12.8,5.996295152471695,5.3,0.9486832980505137,0.0,0.0,0.0,0.0,1.0,0.0
164860.0,8.078125,1.3845045274744435E-6,164860.0,57.8,52.79620937901288,47.577639751552795,40.73033707865169,164860.0,912264.0,10.0,68.0,292558.9,80349.47343870884,53864.799999999996,23693.87234802375,24.799999999999997,11.905180945005974,12.899999999999999,5.952590472502987,12.899999999999999,5.952590472502987,5.3999999999999995,0.8432740427115678,0.0,0.0,0.0,0.0,1.0,0.0
