learning evaluation instances,evaluation time (cpu seconds),model cost (RAM-Hours),classified instances,classifications correct (percent),Kappa Statistic (percent),Kappa Temporal Statistic (percent),Kappa M Statistic (percent),model training instances,model serialized size (bytes),ensemble size,[avg] model training instances,[err] model training instances,[avg] model serialized size (bytes),[err] model serialized size (bytes),[avg] Change detected,[err] Change detected,[avg] Warning detected,[err] Warning detected,[avg] tree size (nodes),[err] tree size (nodes),[avg] tree size (leaves),[err] tree size (leaves),[avg] active learning leaves,[err] active learning leaves,[avg] tree depth,[err] tree depth,[avg] active leaf byte size estimate,[err] active leaf byte size estimate,[avg] inactive leaf byte size estimate,[err] inactive leaf byte size estimate,[avg] byte size estimate overhead,[err] byte size estimate overhead
1000.0,0.0625,1.0888842451903555E-8,1000.0,46.2,25.491678750032897,30.129870129870127,11.947626841243865,1000.0,693168.0,15.0,876.7333333333333,289.2166510842137,172168.53333333333,170734.56207723657,0.7333333333333334,1.162919151265879,32.73333333333333,10.187293673049401,1.0,0.0,1.0,0.0,1.0,0.0,0.0,0.0,0.0,0.0,0.0,0.0,1.0,0.0
2000.0,0.203125,3.6189966421160436E-8,2000.0,45.0,29.208369372708926,26.47058823529412,8.333333333333332,2000.0,695472.0,15.0,1720.5,498.73928992044006,172253.3333333333,170804.96640549306,0.6,1.2421180068162376,26.13333333333333,11.679448780208926,1.0,0.0,1.0,0.0,1.0,0.0,0.0,0.0,0.0,0.0,0.0,0.0,1.0,0.0
3000.0,0.375,6.71519794397884E-8,3000.0,45.6,31.226382773220262,30.612244897959183,10.965630114566286,3000.0,696336.0,15.0,2674.266666666667,581.2666865729881,172284.53333333333,170831.40100185756,0.06666666666666668,0.2581988897471611,16.599999999999998,8.322087650171852,1.0,0.0,1.0,0.0,1.0,0.0,0.0,0.0,0.0,0.0,0.0,0.0,1.0,0.0
4000.0,0.515625,9.245543171548181E-8,4000.0,44.0,28.361722133029723,28.57142857142857,8.045977011494251,4000.0,695536.0,15.0,3460.433333333334,1065.386498860401,172252.79999999996,170809.64909318773,0.4666666666666667,0.990430401872025,15.533333333333333,9.515901478702947,1.0,0.0,1.0,0.0,1.0,0.0,0.0,0.0,0.0,0.0,0.0,0.0,1.0,0.0
5000.0,0.625,1.1208903742954135E-7,5000.0,46.5,32.12684034583595,32.10659898477157,12.581699346405232,5000.0,693880.0,15.0,4465.233333333333,1061.9086486891986,172203.4666666667,170747.41490358638,0.0,0.0,13.133333333333335,8.24505623879864,1.0,0.0,1.0,0.0,1.0,0.0,0.0,0.0,0.0,0.0,0.0,0.0,1.0,0.0
6000.0,0.78125,1.399798849080172E-7,6000.0,46.0,32.37658727177098,31.904161412358135,14.82649842271294,6000.0,689992.0,15.0,5451.900000000001,1063.1570860673282,172073.86666666667,170615.6927988249,0.0,0.0,11.8,5.69711706542378,1.0,0.0,1.0,0.0,1.0,0.0,0.0,0.0,0.0,0.0,0.0,0.0,1.0,0.0
7000.0,0.9375,1.6795901400554513E-7,7000.0,46.9,32.09579735646765,30.859374999999993,13.798701298701294,7000.0,692176.0,15.0,6449.566666666667,1064.583346807027,172146.66666666666,170689.56840019158,0.0,0.0,11.866666666666669,7.790714864198156,1.0,0.0,1.0,0.0,1.0,0.0,0.0,0.0,0.0,0.0,0.0,0.0,1.0,0.0
8000.0,1.109375,1.990405467545821E-7,8000.0,46.6,32.275873089551844,31.97452229299363,13.59223300970874,8000.0,699024.0,15.0,7463.299999999999,1072.2513263673547,172374.93333333332,170921.89863107234,0.0,0.0,15.000000000000004,8.815570640309435,1.0,0.0,1.0,0.0,1.0,0.0,0.0,0.0,0.0,0.0,0.0,0.0,1.0,0.0
9000.0,1.265625,2.274778994938566E-7,9000.0,46.0,31.693557058016207,30.41237113402062,11.908646003262644,9000.0,703512.0,15.0,8468.766666666666,1078.918190095774,172524.53333333327,171073.88357237153,0.0,0.0,10.533333333333333,6.51225950108899,1.0,0.0,1.0,0.0,1.0,0.0,0.0,0.0,0.0,0.0,0.0,0.0,1.0,0.0
10000.0,1.453125,2.613648474733863E-7,10000.0,47.9,35.31983781542442,34.30012610340479,18.21036106750392,10000.0,698608.0,15.0,9170.200000000003,1983.656696521647,172361.06666666665,170908.2023315508,0.13333333333333333,0.5163977794943222,8.933333333333334,8.353499409286648,1.0,0.0,1.0,0.0,1.0,0.0,0.0,0.0,0.0,0.0,0.0,0.0,1.0,0.0
11000.0,1.625,2.9243748738533925E-7,11000.0,49.5,35.30567747125907,37.49999999999999,17.886178861788615,11000.0,698824.0,15.0,10141.299999999997,2114.881673546642,172362.4,170921.10558355117,0.06666666666666667,0.2581988897471611,10.8,11.784978332000204,1.0,0.0,1.0,0.0,1.0,0.0,0.0,0.0,0.0,0.0,0.0,0.0,1.0,0.0
12000.0,1.796875,3.2339772183655043E-7,12000.0,49.1,35.54514372546536,32.04272363150868,15.16666666666666,12000.0,696296.0,15.0,11137.300000000001,2105.2760348131596,172284.0,170829.66322727688,0.0,0.0,6.9333333333333345,9.902861539306034,1.0,0.0,1.0,0.0,1.0,0.0,0.0,0.0,0.0,0.0,0.0,0.0,1.0,0.0
13000.0,1.984375,3.5751556020437023E-7,13000.0,44.800000000000004,28.396868141276094,26.69322709163347,5.317324185248719,13000.0,703368.0,15.0,12133.233333333334,2108.5650241146323,172519.7333333333,171068.89316274432,0.0,0.0,11.466666666666667,9.218511397235043,1.0,0.0,1.0,0.0,1.0,0.0,0.0,0.0,0.0,0.0,0.0,0.0,1.0,0.0
14000.0,2.125,3.832835096141531E-7,14000.0,44.6,28.79964425526227,27.009222661396574,7.820299500831945,14000.0,708304.0,15.0,12663.933333333332,3177.706741241761,172681.06666666665,171239.35120718446,0.13333333333333333,0.5163977794943222,5.4,5.461553938996797,1.0,0.0,1.0,0.0,1.0,0.0,0.0,0.0,0.0,0.0,0.0,0.0,1.0,0.0
15000.0,2.3125,4.170047597856158E-7,15000.0,49.3,33.57457858507301,35.249042145593876,14.932885906040264,15000.0,695192.0,15.0,13651.533333333331,3172.3874044129857,172248.00000000006,170791.35537519617,0.0,0.0,8.866666666666669,7.661281752764227,1.0,0.0,1.0,0.0,1.0,0.0,0.0,0.0,0.0,0.0,0.0,0.0,1.0,0.0
16000.0,2.484375,4.47978867062678E-7,16000.0,45.800000000000004,31.92220541909294,30.244530244530242,14.511041009463726,16000.0,696608.0,15.0,14242.499999999998,4080.9894908144433,172296.0,170838.6024244662,0.13333333333333336,0.5163977794943222,11.533333333333331,12.563363213650048,1.0,0.0,1.0,0.0,1.0,0.0,0.0,0.0,0.0,0.0,0.0,0.0,1.0,0.0
17000.0,2.640625,4.7630433174264104E-7,17000.0,44.9,30.40688605548504,29.268292682926827,11.840000000000002,17000.0,700744.0,15.0,15243.233333333332,4077.0811878896493,172433.86666666664,170978.8585752804,0.0,0.0,6.866666666666668,8.078778785600374,1.0,0.0,1.0,0.0,1.0,0.0,0.0,0.0,0.0,0.0,0.0,0.0,1.0,0.0
18000.0,2.8125,5.076683009974659E-7,18000.0,45.300000000000004,30.199766481851302,31.367628607277293,12.759170653907498,18000.0,705376.0,15.0,16232.966666666669,4083.2443277655925,172588.26666666672,171135.6063974703,0.0,0.0,4.733333333333333,5.06340747304572,1.0,0.0,1.0,0.0,1.0,0.0,0.0,0.0,0.0,0.0,0.0,0.0,1.0,0.0
19000.0,2.984375,5.387416523363856E-7,19000.0,47.099999999999994,31.937954175844535,29.278074866310156,10.942760942760934,19000.0,698840.0,15.0,17234.23333333333,4084.2251675856737,172370.39999999997,170914.40209237227,0.0,0.0,4.666666666666666,5.8756965139300315,1.0,0.0,1.0,0.0,1.0,0.0,0.0,0.0,0.0,0.0,0.0,0.0,1.0,0.0
20000.0,3.0625,5.528510276538631E-7,20000.0,46.1,32.29374715797037,30.80872913992298,12.214983713355052,20000.0,698104.0,15.0,18231.5,4087.6119893969963,172345.86666666667,170889.43921602593,0.0,0.0,3.0,5.451081150953975,1.0,0.0,1.0,0.0,1.0,0.0,0.0,0.0,0.0,0.0,0.0,0.0,1.0,0.0
21000.0,3.28125,5.924550674131348E-7,21000.0,45.6,31.89818779074717,31.65829145728643,14.73354231974922,21000.0,699832.0,15.0,19224.7,4083.156378384843,172403.46666666667,170948.1235728695,0.0,0.0,6.733333333333333,10.116935353770971,1.0,0.0,1.0,0.0,1.0,0.0,0.0,0.0,0.0,0.0,0.0,0.0,1.0,0.0
22000.0,3.4375,6.205308859029579E-7,22000.0,47.199999999999996,33.22085431775237,32.82442748091603,13.866231647634578,22000.0,694568.0,15.0,20224.5,4092.121747523126,172228.0,170769.68253257326,0.0,0.0,3.9333333333333327,4.978047044871349,1.0,0.0,1.0,0.0,1.0,0.0,0.0,0.0,0.0,0.0,0.0,0.0,1.0,0.0
23000.0,3.59375,6.486393653580713E-7,23000.0,47.4,33.34904572559574,34.08521303258144,16.10845295055821,23000.0,695376.0,15.0,21241.366666666665,4089.677817875509,172254.93333333335,170796.71371766503,0.0,0.0,2.8666666666666667,4.940599539481399,1.0,0.0,1.0,0.0,1.0,0.0,0.0,0.0,0.0,0.0,0.0,0.0,1.0,0.0
24000.0,3.734375,6.739364147910643E-7,24000.0,46.1,32.3791983861336,31.074168797953966,15.25157232704403,24000.0,695360.0,15.0,22225.56666666667,4090.6545103428753,172254.40000000002,170796.29054390677,0.0,0.0,3.6666666666666665,6.137317546507322,1.0,0.0,1.0,0.0,1.0,0.0,0.0,0.0,0.0,0.0,0.0,0.0,1.0,0.0
25000.0,3.875,6.995052940005231E-7,25000.0,45.4,29.759561576164568,30.445859872611464,10.197368421052632,25000.0,702832.0,15.0,23213.3,4092.252184479753,172503.46666666665,171049.61821843174,0.0,0.0,7.0,6.369570517030843,1.0,0.0,1.0,0.0,1.0,0.0,0.0,0.0,0.0,0.0,0.0,0.0,1.0,0.0
26000.0,4.015625,7.246370336765218E-7,26000.0,49.6,34.560667065708095,35.796178343949045,16.55629139072847,26000.0,690816.0,15.0,24209.699999999997,4090.242132197066,172102.93333333335,170641.92294997256,0.0,0.0,4.066666666666667,4.511361319200774,1.0,0.0,1.0,0.0,1.0,0.0,0.0,0.0,0.0,0.0,0.0,0.0,1.0,0.0
27000.0,4.140625,7.472203126073713E-7,27000.0,46.300000000000004,31.3113896460554,31.153846153846153,11.67763157894737,27000.0,698360.0,15.0,25216.966666666667,4094.1211130724687,172354.4,170897.70966153592,0.0,0.0,6.066666666666666,5.921711464320654,1.0,0.0,1.0,0.0,1.0,0.0,0.0,0.0,0.0,0.0,0.0,0.0,1.0,0.0
28000.0,4.296875,7.758885557349359E-7,28000.0,42.8,29.11361031074759,27.86885245901639,11.317829457364342,28000.0,709224.0,15.0,26207.1,4091.7691338622203,172716.53333333338,171265.6026377689,0.0,0.0,6.0666666666666655,5.7379272846394205,1.0,0.0,1.0,0.0,1.0,0.0,0.0,0.0,0.0,0.0,0.0,0.0,1.0,0.0
29000.0,4.453125,8.043608330707585E-7,29000.0,41.9,27.72085570544942,25.798212005108557,9.501557632398754,29000.0,704376.0,15.0,24483.333333333336,9731.797719361757,172554.93333333335,171101.95705665115,0.3333333333333333,0.6172133998483676,1.4666666666666668,2.6690465570704314,1.0,0.0,1.0,0.0,1.0,0.0,0.0,0.0,0.0,0.0,0.0,0.0,1.0,0.0
30000.0,4.640625,8.382128564537401E-7,30000.0,46.0,31.519183505761266,33.90452876376989,18.181818181818183,30000.0,697888.0,15.0,21236.5,13220.246282723407,172339.2,170881.63559336055,0.8666666666666666,1.0600988273786194,19.666666666666668,17.851237118661178,1.0,0.0,1.0,0.0,1.0,0.0,0.0,0.0,0.0,0.0,0.0,0.0,1.0,0.0
31000.0,4.796875,8.663145450150803E-7,31000.0,44.9,30.580228341913163,31.722428748451055,16.892911010558066,31000.0,695208.0,15.0,17278.733333333334,14754.942334883832,172250.93333333332,170789.48460866074,1.0,1.2535663410560176,23.93333333333333,11.56637161693123,1.0,0.0,1.0,0.0,1.0,0.0,0.0,0.0,0.0,0.0,0.0,0.0,1.0,0.0
32000.0,4.984375,9.000121240711048E-7,32000.0,44.9,35.44063233030026,31.210986267166046,21.509971509971514,32000.0,694704.0,15.0,16946.766666666666,15246.48855600875,172241.33333333334,170764.84160576988,0.6666666666666666,0.8997354108424372,26.0,13.543580450847235,1.0,0.0,1.0,0.0,1.0,0.0,0.0,0.0,0.0,0.0,0.0,0.0,1.0,0.0
33000.0,5.171875,9.337733435030614E-7,33000.0,48.0,38.18957258089439,37.19806763285024,26.345609065155806,33000.0,696016.0,15.0,17749.700000000004,15462.809570173471,172287.46666666665,170806.7058095169,0.6666666666666666,1.2909944487358056,19.066666666666666,10.109872591161762,1.0,0.0,1.0,0.0,1.0,0.0,0.0,0.0,0.0,0.0,0.0,0.0,1.0,0.0
34000.0,5.34375,9.649423817690049E-7,34000.0,46.7,37.04526126807144,32.7020202020202,20.447761194029855,34000.0,700992.0,15.0,18726.13333333333,15475.410263033267,172452.53333333335,170976.55970896318,0.06666666666666668,0.2581988897471611,13.866666666666667,9.912954487269003,1.0,0.0,1.0,0.0,1.0,0.0,0.0,0.0,0.0,0.0,0.0,0.0,1.0,0.0
35000.0,5.46875,9.873986386487055E-7,35000.0,49.4,38.23234647503232,37.220843672456574,22.153846153846153,35000.0,694432.0,15.0,19732.999999999996,15474.586206934973,172233.86666666664,170754.13097314924,0.0,0.0,7.800000000000001,7.123402076455965,1.0,0.0,1.0,0.0,1.0,0.0,0.0,0.0,0.0,0.0,0.0,0.0,1.0,0.0
36000.0,5.640625,1.018458117161774E-6,36000.0,47.199999999999996,35.249045904502154,35.13513513513513,20.720720720720717,36000.0,698528.0,15.0,20490.733333333334,15774.020476574839,172366.4,170897.40070774063,0.19999999999999998,0.560611910581388,11.733333333333333,7.391758602531283,1.0,0.0,1.0,0.0,1.0,0.0,0.0,0.0,0.0,0.0,0.0,0.0,1.0,0.0
37000.0,5.78125,1.0436771683291429E-6,37000.0,47.8,37.121388244108736,37.25961538461538,23.7956204379562,37000.0,693216.0,15.0,21311.700000000004,15990.276925315455,172192.53333333333,170713.76714774562,0.13333333333333336,0.5163977794943222,12.333333333333334,10.827654189070467,1.0,0.0,1.0,0.0,1.0,0.0,0.0,0.0,0.0,0.0,0.0,0.0,1.0,0.0
38000.0,5.9375,1.0721006159049769E-6,38000.0,45.800000000000004,32.08768957809164,33.82173382173383,17.12538226299695,38000.0,703168.0,15.0,22315.233333333337,15990.833576174808,172524.2666666667,171051.19298537364,0.0,0.0,9.733333333333334,7.832776069337164,1.0,0.0,1.0,0.0,1.0,0.0,0.0,0.0,0.0,0.0,0.0,0.0,1.0,0.0
39000.0,6.09375,1.1004299610956675E-6,39000.0,45.5,32.250164712902304,32.38213399503722,17.424242424242426,39000.0,700840.0,15.0,23136.633333333324,16246.859998979397,172417.06666666665,171004.4106160228,0.20000000000000004,0.5606119105813882,10.066666666666666,8.206849636272189,1.0,0.0,1.0,0.0,1.0,0.0,0.0,0.0,0.0,0.0,0.0,0.0,1.0,0.0
40000.0,6.234375,1.1260587941958672E-6,40000.0,47.5,32.300082142567,34.62017434620174,16.53418124006359,40000.0,704480.0,15.0,23788.833333333325,16676.181645736808,172569.60000000003,171093.82607003316,0.20000000000000004,0.5606119105813882,11.200000000000001,14.516985125805467,1.0,0.0,1.0,0.0,1.0,0.0,0.0,0.0,0.0,0.0,0.0,0.0,1.0,0.0
41000.0,6.40625,1.1573469964787364E-6,41000.0,43.8,30.36496440807122,30.272952853598014,15.488721804511274,41000.0,703672.0,15.0,24064.266666666663,17481.556769888964,172537.86666666667,171071.48396639447,0.7999999999999999,1.8973665961010273,10.8,13.790265717941354,1.0,0.0,1.0,0.0,1.0,0.0,0.0,0.0,0.0,0.0,0.0,0.0,1.0,0.0
42000.0,6.609375,1.1940578567898935E-6,42000.0,45.7,33.547580177353304,31.612090680100753,17.477203647416413,42000.0,698608.0,15.0,23530.833333333332,19081.491624777052,172337.86666666673,170917.98111652012,0.6666666666666666,1.0465362369445672,14.866666666666665,13.668873224889285,1.0,0.0,1.0,0.0,1.0,0.0,0.0,0.0,0.0,0.0,0.0,0.0,1.0,0.0
43000.0,6.8125,1.2308624637727107E-6,43000.0,50.2,39.462676551998285,39.26829268292683,27.086383601756953,43000.0,701440.0,15.0,23762.63333333333,19807.63667861348,173153.06666666668,171282.9562048462,0.5333333333333334,1.1872336794093272,19.0,13.933515606007592,1.2666666666666668,1.0327955589886444,1.1333333333333335,0.5163977794943222,1.1333333333333335,0.5163977794943222,0.13333333333333336,0.5163977794943222,0.0,0.0,0.0,0.0,1.0,0.0
44000.0,6.953125,1.2566344877187575E-6,44000.0,52.0,43.74305578344827,40.959409594095945,27.382753403933428,44000.0,708416.0,15.0,24722.266666666666,19864.318254587553,173446.93333333338,171460.2654568898,0.13333333333333336,0.5163977794943222,11.266666666666667,9.223159256278008,1.2666666666666668,1.0327955589886444,1.1333333333333335,0.5163977794943222,1.1333333333333335,0.5163977794943222,0.13333333333333336,0.5163977794943222,0.0,0.0,0.0,0.0,1.0,0.0
45000.0,7.125,1.2881382523725427E-6,45000.0,50.2,40.89097946495654,37.98256537982566,23.029366306027825,45000.0,708520.0,15.0,25721.533333333333,19863.282455642715,173460.26666666666,171453.76408593886,0.0,0.0,10.133333333333333,7.872798256081023,1.2666666666666668,1.0327955589886444,1.1333333333333335,0.5163977794943222,1.1333333333333335,0.5163977794943222,0.13333333333333336,0.5163977794943222,0.0,0.0,0.0,0.0,1.0,0.0
46000.0,7.265625,1.3143907805594302E-6,46000.0,51.4,44.849999943261324,40.073982737361284,30.867709815078236,46000.0,721624.0,15.0,25803.666666666668,20866.4115189498,174221.86666666667,171581.46639158044,0.6666666666666666,1.1751393027860062,9.266666666666666,9.422364479309447,1.6666666666666667,1.447493728911492,1.3333333333333335,0.723746864455746,1.3333333333333335,0.723746864455746,0.3333333333333333,0.7237468644557459,0.0,0.0,0.0,0.0,1.0,0.0
47000.0,7.390625,1.3378272544489136E-6,47000.0,54.900000000000006,46.993060909791836,43.27044025157233,31.25000000000001,47000.0,724744.0,15.0,26364.466666666667,21348.36593396728,174413.3333333333,171614.5826496775,0.5333333333333334,1.2459458063579458,13.466666666666665,13.190183940375979,1.6666666666666667,1.447493728911492,1.3333333333333335,0.723746864455746,1.3333333333333335,0.723746864455746,0.3333333333333333,0.7237468644557459,0.0,0.0,0.0,0.0,1.0,0.0
48000.0,7.53125,1.3642631367676786E-6,48000.0,56.00000000000001,48.42859587475651,45.06866416978777,31.25000000000001,48000.0,726664.0,15.0,27334.833333333332,21388.978694457437,174488.0,171668.08240924974,0.26666666666666666,1.0327955589886444,11.866666666666667,13.585005739872946,1.6666666666666667,1.447493728911492,1.3333333333333335,0.723746864455746,1.3333333333333335,0.723746864455746,0.3333333333333333,0.7237468644557459,0.0,0.0,0.0,0.0,1.0,0.0
49000.0,7.6875,1.394109438276953E-6,49000.0,56.2,48.579720217327,44.76670870113494,30.805687203791475,49000.0,738368.0,15.0,28331.166666666668,21389.957203747766,175003.73333333334,171947.21160405362,0.0,0.0,7.866666666666666,7.651952754191635,1.8000000000000005,1.8205179796655993,1.4000000000000001,0.9102589898327995,1.4000000000000001,0.9102589898327995,0.3333333333333333,0.7237468644557459,0.0,0.0,0.0,0.0,1.0,0.0
50000.0,7.84375,1.4240152409507166E-6,50000.0,53.400000000000006,46.57494984236171,42.18362282878412,32.1688500727802,50000.0,739840.0,15.0,29307.433333333334,21390.190475983396,175052.80000000005,171992.80456609323,0.0,0.0,7.333333333333333,8.440266301373153,1.8000000000000005,1.8205179796655993,1.4000000000000001,0.9102589898327995,1.4000000000000001,0.9102589898327995,0.3333333333333333,0.7237468644557459,0.0,0.0,0.0,0.0,1.0,0.0
51000.0,8.0,1.4536791584557954E-6,51000.0,51.800000000000004,43.596836742097125,40.12422360248448,25.960061443932414,51000.0,733856.0,15.0,29291.699999999997,22582.002460229098,174824.80000000005,171823.85328814568,0.6666666666666666,1.0465362369445672,9.600000000000001,13.308429122713385,1.8000000000000005,1.8205179796655993,1.4000000000000001,0.9102589898327995,1.4000000000000001,0.9102589898327995,0.3333333333333333,0.7237468644557459,0.0,0.0,0.0,0.0,1.0,0.0
52000.0,8.171875,1.4864425045541587E-6,52000.0,55.800000000000004,48.37865772831058,44.262295081967224,33.03030303030304,52000.0,736848.0,15.0,29795.799999999996,23160.19588595619,174969.06666666668,171878.4743640679,0.4666666666666667,0.990430401872025,14.133333333333335,13.463530988067976,1.8000000000000005,1.8205179796655993,1.4000000000000001,0.9102589898327995,1.4000000000000001,0.9102589898327995,0.3333333333333333,0.7237468644557459,0.0,0.0,0.0,0.0,1.0,0.0
53000.0,8.28125,1.5072430121815862E-6,53000.0,53.800000000000004,46.97243599676325,44.00000000000001,32.357247437774525,53000.0,735120.0,15.0,30388.13333333334,23593.138850292795,174900.79999999996,171834.03404014686,0.13333333333333333,0.5163977794943222,11.399999999999999,12.540221005115614,1.8000000000000005,1.8205179796655993,1.4000000000000001,0.9102589898327995,1.4000000000000001,0.9102589898327995,0.3333333333333333,0.7237468644557459,0.0,0.0,0.0,0.0,1.0,0.0
54000.0,8.40625,1.5310346821529992E-6,54000.0,53.900000000000006,46.801206147057165,42.80397022332506,30.151515151515156,54000.0,735728.0,15.0,31343.86666666666,23638.538172804307,174934.13333333333,171839.2782837645,0.06666666666666667,0.2581988897471611,8.200000000000001,10.994803967589156,1.8000000000000005,1.8205179796655993,1.4000000000000001,0.9102589898327995,1.4000000000000001,0.9102589898327995,0.3333333333333333,0.7237468644557459,0.0,0.0,0.0,0.0,1.0,0.0
55000.0,8.5,1.5487765712249604E-6,55000.0,57.699999999999996,51.61046769684129,46.65825977301387,37.24035608308605,55000.0,731528.0,15.0,32331.599999999995,23638.46639753912,174794.1333333333,171698.63458893824,0.0,0.0,6.533333333333333,7.614522465719855,1.8000000000000005,1.8205179796655993,1.4000000000000001,0.9102589898327995,1.4000000000000001,0.9102589898327995,0.3333333333333333,0.7237468644557459,0.0,0.0,0.0,0.0,1.0,0.0
56000.0,8.671875,1.582182335874272E-6,56000.0,54.300000000000004,47.60580302992088,43.6498150431566,32.8928046989721,56000.0,751296.0,15.0,33313.46666666665,23639.273284724404,175838.66666666666,171977.51478475385,0.0,0.0,8.4,8.716159049227393,2.1999999999999997,1.9712215212183244,1.6000000000000003,0.9856107606091624,1.6000000000000003,0.9856107606091624,0.5333333333333333,0.833809387832792,0.0,0.0,0.0,0.0,1.0,0.0
57000.0,8.8125,1.6097384246273167E-6,57000.0,56.10000000000001,49.31143217719523,44.987468671679196,34.575260804769,57000.0,757456.0,15.0,34168.96666666667,23803.172513102232,176291.73333333334,171945.36091543798,0.13333333333333333,0.5163977794943222,7.133333333333335,9.364573567185966,2.4666666666666663,2.0655911179772892,1.7333333333333332,1.0327955589886446,1.7333333333333332,1.0327955589886446,0.6666666666666666,0.8997354108424374,0.0,0.0,0.0,0.0,1.0,0.0
58000.0,8.9375,1.6343481062601003E-6,58000.0,56.10000000000001,48.836645548671626,45.73547589616812,31.513260530421228,58000.0,761024.0,15.0,35138.13333333334,23828.71030375396,176589.3333333333,171902.86685806897,0.13333333333333333,0.5163977794943222,4.933333333333334,6.776710818960002,2.5999999999999996,2.164651077128664,1.8,1.082325538564332,1.8,1.082325538564332,0.7333333333333333,0.9611501047232549,0.0,0.0,0.0,0.0,1.0,0.0
59000.0,9.09375,1.6651127953082316E-6,59000.0,50.7,42.346800949114325,38.681592039801,25.303030303030305,59000.0,761088.0,15.0,36129.66666666667,23829.328627776627,176616.26666666672,171885.90564492106,0.0,0.0,8.466666666666667,10.112698288126007,2.5999999999999996,2.164651077128664,1.8,1.082325538564332,1.8,1.082325538564332,0.7333333333333333,0.9611501047232549,0.0,0.0,0.0,0.0,1.0,0.0
60000.0,9.25,1.6958241273338588E-6,60000.0,50.4,43.16710475356753,37.29456384323641,26.627218934911244,60000.0,759768.0,15.0,37131.40000000001,23828.585581187985,176572.2666666667,171842.35515927107,0.0,0.0,5.000000000000001,5.31843156256751,2.5999999999999996,2.164651077128664,1.8,1.082325538564332,1.8,1.082325538564332,0.7333333333333333,0.9611501047232549,0.0,0.0,0.0,0.0,1.0,0.0
61000.0,9.390625,1.7234753856124968E-6,61000.0,51.5,44.51594451594451,39.22305764411028,28.148148148148145,61000.0,760072.0,15.0,37866.200000000004,24159.24663903072,176592.26666666666,171846.61418572915,0.06666666666666667,0.2581988897471611,7.199999999999999,7.3309519943085935,2.5999999999999996,2.164651077128664,1.8,1.082325538564332,1.8,1.082325538564332,0.7333333333333333,0.9611501047232549,0.0,0.0,0.0,0.0,1.0,0.0
62000.0,9.515625,1.7482348549593644E-6,62000.0,50.3,42.41413391205005,36.848792884371036,25.82089552238806,62000.0,765656.0,15.0,38722.600000000006,24358.63955716456,176782.40000000005,172028.11757215936,0.13333333333333333,0.5163977794943222,7.2,11.066035552859155,2.5999999999999996,2.164651077128664,1.8,1.082325538564332,1.8,1.082325538564332,0.7333333333333333,0.9611501047232549,0.0,0.0,0.0,0.0,1.0,0.0
63000.0,9.703125,1.7855599354435163E-6,63000.0,50.2,43.02052977177319,36.15384615384616,28.345323741007196,63000.0,769488.0,15.0,39650.6,24436.065127960577,176910.93333333338,172155.1520370272,0.19999999999999998,0.7745966692414834,5.866666666666666,10.888176199546963,2.5999999999999996,2.164651077128664,1.8,1.082325538564332,1.8,1.082325538564332,0.7333333333333333,0.9611501047232549,0.0,0.0,0.0,0.0,1.0,0.0
64000.0,9.84375,1.8138407095749336E-6,64000.0,51.800000000000004,45.516961519375954,40.34653465346534,30.747126436781613,64000.0,777376.0,15.0,40125.3,25178.599221739194,177413.86666666664,172178.53806015817,0.3333333333333333,0.816496580927726,6.199999999999999,9.412757300600074,2.8666666666666663,2.1995670569671746,1.9333333333333333,1.0997835284835873,1.9333333333333333,1.0997835284835873,0.8666666666666667,0.990430401872025,0.0,0.0,0.0,0.0,1.0,0.0
65000.0,9.96875,1.838918898202892E-6,65000.0,53.300000000000004,46.85548333060214,43.734939759036145,32.61183261183261,65000.0,775512.0,15.0,40980.5,25390.050639965255,177379.73333333334,172090.73349212465,0.06666666666666668,0.2581988897471611,5.3999999999999995,10.25949037999173,2.8666666666666663,2.1995670569671746,1.9333333333333333,1.0997835284835873,1.9333333333333333,1.0997835284835873,0.8666666666666667,0.990430401872025,0.0,0.0,0.0,0.0,1.0,0.0
66000.0,10.109375,1.866805024393316E-6,66000.0,53.400000000000006,46.58633985759414,41.087231352718085,31.77159590043924,66000.0,766528.0,15.0,41342.366666666676,26186.052065784064,176818.66666666663,172052.05607552646,0.13333333333333336,0.5163977794943222,7.266666666666667,7.805370556470047,2.5999999999999996,2.164651077128664,1.8,1.082325538564332,1.8,1.082325538564332,0.7333333333333333,0.9611501047232549,0.0,0.0,0.0,0.0,1.0,0.0
67000.0,10.265625,1.8978329414191337E-6,67000.0,53.7,46.33004126675013,43.19018404907976,31.911764705882362,67000.0,767600.0,15.0,42321.899999999994,26183.929283317913,176854.40000000002,172087.51142040774,0.0,0.0,6.6000000000000005,8.279061368467874,2.5999999999999996,2.164651077128664,1.8,1.082325538564332,1.8,1.082325538564332,0.7333333333333333,0.9611501047232549,0.0,0.0,0.0,0.0,1.0,0.0
68000.0,10.375,1.919577609644167E-6,68000.0,52.0,44.902948840092286,39.16349809885932,29.515418502202646,68000.0,768488.0,15.0,43228.966666666674,26311.012829275478,176884.00000000003,172116.31110505995,0.06666666666666668,0.2581988897471611,4.066666666666666,6.215954893505521,2.5999999999999996,2.164651077128664,1.8,1.082325538564332,1.8,1.082325538564332,0.7333333333333333,0.9611501047232549,0.0,0.0,0.0,0.0,1.0,0.0
69000.0,10.53125,1.950673435607717E-6,69000.0,53.7,46.42493473793346,41.907151819322465,31.203566121842496,69000.0,769280.0,15.0,44168.63333333334,26416.598485622155,176911.19999999998,172136.66818376293,0.06666666666666668,0.2581988897471611,6.799999999999999,7.513796833634967,2.5999999999999996,2.164651077128664,1.8,1.082325538564332,1.8,1.082325538564332,0.7333333333333333,0.9611501047232549,0.0,0.0,0.0,0.0,1.0,0.0
70000.0,10.6875,1.981333997617992E-6,70000.0,54.50000000000001,47.95937857779273,43.337484433374854,34.720229555236735,70000.0,758512.0,15.0,45144.43333333333,26449.148167866333,176552.2666666667,171780.45765431653,0.13333333333333336,0.5163977794943222,5.933333333333333,9.391992536705073,2.5999999999999996,2.164651077128664,1.8,1.082325538564332,1.8,1.082325538564332,0.7333333333333333,0.9611501047232549,0.0,0.0,0.0,0.0,1.0,0.0
71000.0,10.828125,2.0088510872382243E-6,71000.0,53.7,46.99952036283007,44.48441247002398,32.703488372093034,71000.0,756384.0,15.0,46129.56666666667,26446.092918762424,176481.33333333337,171710.12470968653,0.0,0.0,4.0,7.280109889280518,2.5999999999999996,2.164651077128664,1.8,1.082325538564332,1.8,1.082325538564332,0.7333333333333333,0.9611501047232549,0.0,0.0,0.0,0.0,1.0,0.0
72000.0,10.984375,2.039549484228093E-6,72000.0,53.400000000000006,45.412033718026215,42.96205630354958,29.286798179059183,72000.0,759448.0,15.0,47122.96666666666,26448.915706193577,176599.46666666665,171796.8860822798,0.0,0.0,6.4,6.4564474973250015,2.5999999999999996,2.164651077128664,1.8,1.082325538564332,1.8,1.082325538564332,0.7333333333333333,0.9611501047232549,0.0,0.0,0.0,0.0,1.0,0.0
73000.0,11.109375,2.0642740289784125E-6,73000.0,51.0,44.02814584665997,39.8034398034398,28.882438316400577,73000.0,764576.0,15.0,48107.3,26453.166644611494,176770.39999999997,171968.01039680163,0.0,0.0,7.733333333333334,8.075241408745859,2.5999999999999996,2.164651077128664,1.8,1.082325538564332,1.8,1.082325538564332,0.7333333333333333,0.9611501047232549,0.0,0.0,0.0,0.0,1.0,0.0
74000.0,11.265625,2.0954506989154535E-6,74000.0,52.6,45.10012856299008,41.11801242236026,29.569093610698367,74000.0,771280.0,15.0,49095.100000000006,26456.269898092014,176993.8666666666,172193.58437560775,0.0,0.0,4.533333333333333,4.2403953095144775,2.5999999999999996,2.164651077128664,1.8,1.082325538564332,1.8,1.082325538564332,0.7333333333333333,0.9611501047232549,0.0,0.0,0.0,0.0,1.0,0.0
75000.0,11.375,2.1172105334699138E-6,75000.0,50.6,43.76324096768208,38.32709113607991,29.124820659971306,75000.0,769024.0,15.0,50088.033333333326,26460.664025190734,176918.6666666667,172118.44081236082,0.0,0.0,2.6,3.996426975615665,2.5999999999999996,2.164651077128664,1.8,1.082325538564332,1.8,1.082325538564332,0.7333333333333333,0.9611501047232549,0.0,0.0,0.0,0.0,1.0,0.0
76000.0,11.5,2.1420561501549335E-6,76000.0,50.4,43.318431566148305,39.21568627450981,28.32369942196532,76000.0,768320.0,15.0,50805.033333333326,26927.15006941729,176911.19999999995,172081.61488653754,0.06666666666666668,0.2581988897471611,2.4,4.38829612231705,2.5999999999999996,2.164651077128664,1.8,1.082325538564332,1.8,1.082325538564332,0.7333333333333333,0.9611501047232549,0.0,0.0,0.0,0.0,1.0,0.0
77000.0,11.671875,2.1761637375069146E-6,77000.0,52.400000000000006,45.837818401942556,40.94292803970223,32.67326732673268,77000.0,767080.0,15.0,51248.3,27866.811962904227,176859.19999999998,172054.79333298205,0.4,1.121223821162776,6.333333333333334,12.91547613561048,2.5999999999999996,2.164651077128664,1.8,1.082325538564332,1.8,1.082325538564332,0.7333333333333333,0.9611501047232549,0.0,0.0,0.0,0.0,1.0,0.0
78000.0,11.8125,2.2040326924373693E-6,78000.0,53.400000000000006,46.13414216887525,40.862944162436555,31.268436578171098,78000.0,766056.0,15.0,52237.633333333324,27885.88193343985,176834.93333333335,172004.8509658623,0.2,0.7745966692414833,6.6000000000000005,10.098090342803859,2.5999999999999996,2.164651077128664,1.8,1.082325538564332,1.8,1.082325538564332,0.7333333333333333,0.9611501047232549,0.0,0.0,0.0,0.0,1.0,0.0
79000.0,11.9375,2.228859423970181E-6,79000.0,52.0,45.86944386492171,41.46341463414634,31.914893617021278,79000.0,767736.0,15.0,53229.36666666667,27887.57843431166,176890.93333333335,172060.71501271013,0.0,0.0,2.8,4.7539457296018846,2.5999999999999996,2.164651077128664,1.8,1.082325538564332,1.8,1.082325538564332,0.7333333333333333,0.9611501047232549,0.0,0.0,0.0,0.0,1.0,0.0
80000.0,12.109375,2.2627215690186438E-6,80000.0,55.800000000000004,49.001019979600414,46.48910411622276,34.80825958702066,80000.0,761560.0,15.0,54037.133333333324,28196.23299825624,176685.06666666668,171854.11052941816,0.06666666666666668,0.2581988897471611,5.666666666666666,7.622023228463561,2.5999999999999996,2.164651077128664,1.8,1.082325538564332,1.8,1.082325538564332,0.7333333333333333,0.9611501047232549,0.0,0.0,0.0,0.0,1.0,0.0
81000.0,12.25,2.290545704050195E-6,81000.0,52.0,45.09824554580922,40.59405940594059,31.721194879089616,81000.0,764824.0,15.0,54827.73333333334,28564.286820811914,176793.06666666668,171964.80754622203,0.13333333333333336,0.5163977794943222,6.199999999999999,8.5707142559499,2.5999999999999996,2.164651077128664,1.8,1.082325538564332,1.8,1.082325538564332,0.7333333333333333,0.9611501047232549,0.0,0.0,0.0,0.0,1.0,0.0
82000.0,12.40625,2.3216302118574565E-6,82000.0,51.1,44.672492837972996,40.0735294117647,30.14285714285715,82000.0,769000.0,15.0,55637.833333333336,28902.35439411448,176926.4,172109.954646401,0.19999999999999998,0.7745966692414834,9.266666666666667,9.815924864850023,2.5999999999999996,2.164651077128664,1.8,1.082325538564332,1.8,1.082325538564332,0.7333333333333333,0.9611501047232549,0.0,0.0,0.0,0.0,1.0,0.0
83000.0,12.5625,2.352667183408305E-6,83000.0,53.0,46.016475312300436,40.65656565656566,29.955290611028317,83000.0,767824.0,15.0,56637.16666666668,28904.311394291355,177020.26666666666,171932.5656258437,0.0,0.0,6.0,6.313251369709814,2.733333333333333,2.1201976547572388,1.8666666666666667,1.0600988273786194,1.8666666666666667,1.0600988273786194,0.8,0.9411239481143203,0.0,0.0,0.0,0.0,1.0,0.0
84000.0,12.671875,2.3743812926113587E-6,84000.0,53.800000000000004,45.85478534703919,43.24324324324324,29.787234042553195,84000.0,767408.0,15.0,57565.1,29052.64640370341,176993.33333333337,171932.283935061,0.13333333333333333,0.5163977794943222,5.6,11.362846725811526,2.733333333333333,2.1201976547572388,1.8666666666666667,1.0600988273786194,1.8666666666666667,1.0600988273786194,0.8,0.9411239481143203,0.0,0.0,0.0,0.0,1.0,0.0
85000.0,12.8125,2.4023232981562597E-6,85000.0,56.8,49.562053851847864,46.66666666666666,34.93975903614457,85000.0,768064.0,15.0,58549.83333333333,29048.24069108362,177045.06666666662,171923.44125158878,0.0,0.0,4.2666666666666675,9.192129138302947,2.733333333333333,2.1201976547572388,1.8666666666666667,1.0600988273786194,1.8666666666666667,1.0600988273786194,0.8,0.9411239481143203,0.0,0.0,0.0,0.0,1.0,0.0
86000.0,12.953125,2.430333115626125E-6,86000.0,51.1,43.83287235704375,40.43848964677223,29.232995658465992,86000.0,769928.0,15.0,59489.83333333333,29143.122259638378,177108.0,171987.24616387833,0.13333333333333333,0.5163977794943222,4.133333333333334,6.728050733062784,2.733333333333333,2.1201976547572388,1.8666666666666667,1.0600988273786194,1.8666666666666667,1.0600988273786194,0.8,0.9411239481143203,0.0,0.0,0.0,0.0,1.0,0.0
87000.0,13.109375,2.4617060747308017E-6,87000.0,50.2,42.49223414206035,38.13664596273292,27.616279069767447,87000.0,776136.0,15.0,60432.033333333326,29228.66139476601,177458.93333333332,172053.88047792658,0.13333333333333333,0.5163977794943222,8.466666666666669,9.022722638401548,2.8666666666666663,2.1995670569671746,1.9333333333333333,1.0997835284835873,1.9333333333333333,1.0997835284835873,0.8666666666666667,0.990430401872025,0.0,0.0,0.0,0.0,1.0,0.0
88000.0,13.25,2.4900200272289397E-6,88000.0,50.6,42.651564137956655,39.82947624847747,27.13864306784661,88000.0,778288.0,15.0,61066.13333333333,29916.181834716415,177501.59999999998,172166.4570017172,0.13333333333333336,0.5163977794943222,10.200000000000001,9.57078889120432,2.8666666666666663,2.1995670569671746,1.9333333333333333,1.0997835284835873,1.9333333333333333,1.0997835284835873,0.8666666666666667,0.990430401872025,0.0,0.0,0.0,0.0,1.0,0.0
89000.0,13.40625,2.520963219770539E-6,89000.0,47.5,40.12044345088736,35.74051407588739,25.847457627118647,89000.0,765504.0,15.0,57504.76666666666,35163.29920938173,176537.33333333328,172269.61372768285,0.9333333333333332,1.4375905768565218,10.066666666666666,14.684621045096643,2.333333333333333,2.0930724738891344,1.6666666666666665,1.0465362369445672,1.6666666666666665,1.0465362369445672,0.6,0.9102589898327995,0.0,0.0,0.0,0.0,1.0,0.0
90000.0,13.5625,2.55126612804209E-6,90000.0,47.0,36.12988049057072,32.39795918367347,17.573872472783826,90000.0,749664.0,15.0,56875.3,36883.27039238699,175724.53333333335,172020.9853653053,0.39999999999999997,0.9102589898327995,11.4,13.394028520202577,2.0666666666666664,1.9808608037440503,1.5333333333333332,0.9904304018720251,1.5333333333333332,0.9904304018720251,0.4666666666666667,0.8338093878327919,0.0,0.0,0.0,0.0,1.0,0.0
91000.0,13.703125,2.5780599874754728E-6,91000.0,46.800000000000004,32.78686867665937,32.57287705956907,16.35220125786164,91000.0,736504.0,15.0,55781.59999999999,38398.03595605846,174831.73333333334,172012.0516898369,0.4666666666666667,1.245945806357946,10.533333333333333,11.02507963474101,1.6666666666666667,1.4474937289114918,1.3333333333333335,0.723746864455746,1.3333333333333335,0.723746864455746,0.3333333333333333,0.7237468644557459,0.0,0.0,0.0,0.0,1.0,0.0
92000.0,13.875,2.6108670863322894E-6,92000.0,48.8,32.822416319954236,34.44302176696543,19.49685534591195,92000.0,737832.0,15.0,56777.533333333326,38396.92072579503,174895.7333333333,172037.21162163472,0.0,0.0,9.4,10.595147137116259,1.6666666666666667,1.4474937289114918,1.3333333333333335,0.723746864455746,1.3333333333333335,0.723746864455746,0.3333333333333333,0.7237468644557459,0.0,0.0,0.0,0.0,1.0,0.0
93000.0,14.03125,2.6405934153849033E-6,93000.0,50.8,34.96682911741264,37.642585551330804,22.39747634069401,93000.0,735400.0,15.0,57776.39999999999,38397.8280721979,174814.66666666666,171956.13541817584,0.0,0.0,6.9333333333333345,6.9638522453623395,1.6666666666666667,1.4474937289114918,1.3333333333333335,0.723746864455746,1.3333333333333335,0.723746864455746,0.3333333333333333,0.7237468644557459,0.0,0.0,0.0,0.0,1.0,0.0
94000.0,14.21875,2.6763453368201005E-6,94000.0,50.8,35.462206038218966,38.805970149253724,22.27488151658768,94000.0,737056.0,15.0,58770.2,38399.92273645244,174869.86666666664,172011.3387112111,0.0,0.0,6.200000000000001,10.7782850477907,1.6666666666666667,1.4474937289114918,1.3333333333333335,0.723746864455746,1.3333333333333335,0.723746864455746,0.3333333333333333,0.7237468644557459,0.0,0.0,0.0,0.0,1.0,0.0
95000.0,14.359375,2.703179068501209E-6,95000.0,47.5,29.027583260783747,32.258064516129025,17.061611374407583,95000.0,737600.0,15.0,59630.899999999994,38615.620892595914,174888.80000000002,172028.88094142397,0.13333333333333333,0.5163977794943222,6.866666666666666,8.253714892326334,1.6666666666666667,1.4474937289114918,1.3333333333333335,0.723746864455746,1.3333333333333335,0.723746864455746,0.3333333333333333,0.7237468644557459,0.0,0.0,0.0,0.0,1.0,0.0
96000.0,14.484375,2.727070338247963E-6,96000.0,49.7,34.339175362701,36.16751269035533,22.970903522205212,96000.0,738808.0,15.0,60626.96666666667,38615.271121118276,174929.06666666668,172069.04532031226,0.0,0.0,6.6000000000000005,8.157380531938983,1.6666666666666667,1.4474937289114918,1.3333333333333335,0.723746864455746,1.3333333333333335,0.723746864455746,0.3333333333333333,0.7237468644557459,0.0,0.0,0.0,0.0,1.0,0.0
97000.0,14.609375,2.7507859502091156E-6,97000.0,51.4,36.63376664015542,39.925834363411624,25.230769230769234,97000.0,733376.0,15.0,61628.23333333334,38615.676403710604,174748.00000000003,171887.674600956,0.0,0.0,5.4,7.099295739719539,1.6666666666666667,1.4474937289114918,1.3333333333333335,0.723746864455746,1.3333333333333335,0.723746864455746,0.3333333333333333,0.7237468644557459,0.0,0.0,0.0,0.0,1.0,0.0
98000.0,14.734375,2.774497940360256E-6,98000.0,50.7,33.58122490771428,34.354194407456724,21.24600638977636,98000.0,733264.0,15.0,62628.833333333336,38611.27775581613,174838.66666666672,171805.2964518834,0.0,0.0,6.533333333333334,8.91120215288172,1.8,1.8205179796655988,1.4,0.9102589898327994,1.4,0.9102589898327994,0.4,0.9102589898327994,0.0,0.0,0.0,0.0,1.0,0.0
99000.0,14.875,2.8015802187534646E-6,99000.0,48.6,31.76154776492516,35.1828499369483,19.309262166405023,99000.0,744432.0,15.0,63627.83333333333,38610.37663194856,175250.93333333335,172170.45479706986,0.0,0.0,5.4,6.15049359227139,1.8,1.8205179796655988,1.4,0.9102589898327994,1.4,0.9102589898327994,0.4,0.9102589898327994,0.0,0.0,0.0,0.0,1.0,0.0
100000.0,15.0,2.8256862100938102E-6,100000.0,49.3,32.755231696027124,34.66494845360825,21.27329192546584,100000.0,745448.0,15.0,64624.633333333324,38609.592482808024,175284.80000000002,172203.07553150828,0.0,0.0,4.8,6.482944657219544,1.8,1.8205179796655988,1.4,0.9102589898327994,1.4,0.9102589898327994,0.4,0.9102589898327994,0.0,0.0,0.0,0.0,1.0,0.0
101000.0,15.15625,2.855940611981267E-6,101000.0,49.2,33.21694501703757,36.5792759051186,21.96620583717358,101000.0,748464.0,15.0,65620.03333333333,38607.68757508538,175389.3333333333,172301.88334098549,0.0,0.0,3.866666666666667,6.197541755367511,1.8,1.8205179796655988,1.4,0.9102589898327994,1.4,0.9102589898327994,0.4,0.9102589898327994,0.0,0.0,0.0,0.0,1.0,0.0
102000.0,15.296875,2.8831355221983436E-6,102000.0,49.2,31.942622808063454,33.24572930354796,19.236883942766294,102000.0,747528.0,15.0,66407.76666666665,38937.19181352179,175360.53333333333,172270.48595374727,0.06666666666666667,0.2581988897471611,6.4,9.825622481189534,1.8,1.8205179796655988,1.4,0.9102589898327994,1.4,0.9102589898327994,0.4,0.9102589898327994,0.0,0.0,0.0,0.0,1.0,0.0
103000.0,15.453125,2.913418057788575E-6,103000.0,47.5,31.667406394108554,33.71212121212121,21.052631578947363,103000.0,749160.0,15.0,66874.19999999998,39767.03670595049,175409.86666666667,172330.3316812247,0.26666666666666666,0.7037315505489967,4.6000000000000005,6.242710034226207,1.8,1.8205179796655988,1.4,0.9102589898327994,1.4,0.9102589898327994,0.4,0.9102589898327994,0.0,0.0,0.0,0.0,1.0,0.0
104000.0,15.59375,2.9405262385908903E-6,104000.0,49.1,30.541909565293334,34.57583547557841,19.462025316455694,104000.0,745144.0,15.0,67557.46666666667,40245.34203566689,175276.80000000002,172194.5054717144,0.06666666666666668,0.2581988897471611,5.6,9.179168963318132,1.8,1.8205179796655988,1.4,0.9102589898327994,1.4,0.9102589898327994,0.4,0.9102589898327994,0.0,0.0,0.0,0.0,1.0,0.0
105000.0,15.75,2.970538108557874E-6,105000.0,50.4,34.15926290232872,36.32862644415918,22.98136645962733,105000.0,742464.0,15.0,68028.73333333335,41034.011628650565,175192.53333333335,172100.06046598416,0.13333333333333336,0.5163977794943222,7.999999999999999,12.005950905399253,1.8,1.8205179796655988,1.4,0.9102589898327994,1.4,0.9102589898327994,0.4,0.9102589898327994,0.0,0.0,0.0,0.0,1.0,0.0
106000.0,15.859375,2.9913789088216893E-6,106000.0,51.9,33.27821734932807,39.036755386565275,21.405228758169937,106000.0,736544.0,15.0,69019.40000000001,41034.00559720833,174995.19999999998,171902.80879501006,0.0,0.0,5.333333333333333,9.178131358729578,1.8,1.8205179796655988,1.4,0.9102589898327994,1.4,0.9102589898327994,0.4,0.9102589898327994,0.0,0.0,0.0,0.0,1.0,0.0
107000.0,16.03125,3.0242841845999134E-6,107000.0,49.5,31.814438056454946,35.17329910141207,21.46189735614308,107000.0,740040.0,15.0,70002.20000000001,41034.12979829655,175115.73333333334,172017.87368537253,0.0,0.0,4.466666666666668,9.022722638401548,1.8,1.8205179796655988,1.4,0.9102589898327994,1.4,0.9102589898327994,0.4,0.9102589898327994,0.0,0.0,0.0,0.0,1.0,0.0
108000.0,16.171875,3.051338523315884E-6,108000.0,48.6,32.292249833694484,34.85424588086185,21.765601217656005,108000.0,743664.0,15.0,70992.46666666669,41038.45703536718,175240.53333333335,172135.8183111138,0.0,0.0,6.4,6.905484362860746,1.8,1.8205179796655988,1.4,0.9102589898327994,1.4,0.9102589898327994,0.4,0.9102589898327994,0.0,0.0,0.0,0.0,1.0,0.0
109000.0,16.328125,3.081377880233855E-6,109000.0,48.0,30.01185760643245,34.09378960709759,18.36734693877551,109000.0,743144.0,15.0,71992.0,41045.62326367391,175227.2,172114.8681209832,0.0,0.0,6.466666666666668,7.881865865631661,1.8,1.8205179796655988,1.4,0.9102589898327994,1.4,0.9102589898327994,0.4,0.9102589898327994,0.0,0.0,0.0,0.0,1.0,0.0
110000.0,16.484375,3.11141594364825E-6,110000.0,51.5,34.78263792799734,38.37357052096569,23.981191222570537,110000.0,743112.0,15.0,72984.59999999999,41041.626289952714,175226.13333333336,172113.97400314137,0.0,0.0,3.333333333333333,4.835385442852759,1.8,1.8205179796655988,1.4,0.9102589898327994,1.4,0.9102589898327994,0.4,0.9102589898327994,0.0,0.0,0.0,0.0,1.0,0.0
111000.0,16.625,3.13818477378744E-6,111000.0,49.8,32.65577711476958,35.30927835051546,21.92846034214619,111000.0,735816.0,15.0,73757.56666666665,41446.949563461145,174982.9333333333,171871.94509123263,0.06666666666666667,0.2581988897471611,2.7333333333333334,4.97804704487135,1.8,1.8205179796655988,1.4,0.9102589898327994,1.4,0.9102589898327994,0.4,0.9102589898327994,0.0,0.0,0.0,0.0,1.0,0.0
112000.0,16.796875,3.171415171689455E-6,112000.0,47.5,30.118518991789923,32.432432432432435,19.106317411402156,112000.0,747352.0,15.0,73925.0,42726.160501177896,175363.4666666667,172259.05887069076,0.2,0.5606119105813882,8.533333333333333,6.4127848493310236,1.8,1.8205179796655988,1.4,0.9102589898327994,1.4,0.9102589898327994,0.4,0.9102589898327994,0.0,0.0,0.0,0.0,1.0,0.0
113000.0,16.90625,3.1924590196770902E-6,113000.0,49.8,32.10940933833722,36.37515842839037,20.569620253164558,113000.0,743720.0,15.0,74907.59999999999,42724.62084220695,175242.4,172138.3481468642,0.0,0.0,5.533333333333334,10.7162537874994,1.8,1.8205179796655988,1.4,0.9102589898327994,1.4,0.9102589898327994,0.4,0.9102589898327994,0.0,0.0,0.0,0.0,1.0,0.0
114000.0,17.078125,3.2259039128095713E-6,114000.0,46.400000000000006,30.051586954620973,34.47432762836186,19.398496240601503,114000.0,752176.0,15.0,75897.20000000003,42720.42263319291,175626.6666666667,172316.44994048582,0.0,0.0,4.800000000000001,8.645395140932376,2.066666666666666,1.98086080374405,1.533333333333333,0.990430401872025,1.533333333333333,0.990430401872025,0.5333333333333334,0.9904304018720251,0.0,0.0,0.0,0.0,1.0,0.0
115000.0,17.234375,3.256640468154928E-6,115000.0,49.2,31.96021547717587,36.18090452261307,20.99533437013997,115000.0,760392.0,15.0,76894.73333333335,42720.354535637634,176200.53333333333,172293.52610563356,0.0,0.0,3.866666666666667,7.099966465380228,2.1999999999999997,1.9712215212183246,1.5999999999999999,0.9856107606091623,1.5999999999999999,0.9856107606091623,0.6000000000000001,0.9856107606091624,0.0,0.0,0.0,0.0,1.0,0.0
116000.0,17.375,3.2847274107755033E-6,116000.0,47.9,30.164415217455414,36.54080389768575,19.099378881987576,116000.0,772048.0,15.0,77903.66666666667,42721.02483461206,176938.9333333333,172338.06858792427,0.0,0.0,0.7333333333333333,1.6242214252050853,2.6,2.2928460168844436,1.8,1.1464230084422218,1.8,1.1464230084422218,0.7333333333333334,1.0327955589886446,0.0,0.0,0.0,0.0,1.0,0.0
117000.0,17.53125,3.31674647491632E-6,117000.0,48.3,31.848051473835316,34.14012738853503,21.785173978819962,117000.0,792120.0,15.0,78897.86666666665,42715.32340631107,178273.6,172361.6302852613,0.0,0.0,1.4666666666666668,3.3565855667130946,3.2666666666666666,2.711527420547495,2.133333333333333,1.3557637102737474,2.133333333333333,1.3557637102737474,0.9333333333333333,1.0997835284835873,0.0,0.0,0.0,0.0,1.0,0.0
118000.0,17.671875,3.34563086249141E-6,118000.0,49.2,30.47372303632748,33.68146214099217,19.236883942766294,118000.0,793968.0,15.0,79914.73333333331,42713.21253141729,178431.2,172330.68319395868,0.0,0.0,2.2,5.42744349184244,3.2666666666666666,2.711527420547495,2.133333333333333,1.3557637102737474,2.133333333333333,1.3557637102737474,0.9333333333333333,1.0997835284835873,0.0,0.0,0.0,0.0,1.0,0.0
119000.0,17.8125,3.374418916387688E-6,119000.0,51.2,32.73752749767062,38.46153846153847,21.290322580645164,119000.0,791320.0,15.0,80393.76666666666,43607.7230629711,178382.6666666667,172205.77823725558,0.13333333333333333,0.5163977794943222,3.1999999999999997,6.2358411049123355,3.2666666666666666,2.711527420547495,2.133333333333333,1.3557637102737474,2.133333333333333,1.3557637102737474,0.9333333333333333,1.0997835284835873,0.0,0.0,0.0,0.0,1.0,0.0
120000.0,17.953125,3.403213082088362E-6,120000.0,50.6,33.90340531261415,36.17571059431525,22.44897959183674,120000.0,791488.0,15.0,81372.03333333331,43677.64095521464,178387.46666666665,172212.51634190005,0.06666666666666667,0.2581988897471611,4.199999999999999,9.84305411372478,3.2666666666666666,2.711527420547495,2.133333333333333,1.3557637102737474,2.133333333333333,1.3557637102737474,0.9333333333333333,1.0997835284835873,0.0,0.0,0.0,0.0,1.0,0.0
121000.0,18.09375,3.4318896683139912E-6,121000.0,50.7,34.36206047211387,35.38663171690695,22.72727272727273,121000.0,788256.0,15.0,82383.16666666667,43677.40661832269,178283.73333333328,172102.91393933224,0.0,0.0,2.8666666666666663,6.988425805436817,3.2666666666666666,2.711527420547495,2.133333333333333,1.3557637102737474,2.133333333333333,1.3557637102737474,0.9333333333333333,1.0997835284835873,0.0,0.0,0.0,0.0,1.0,0.0
122000.0,18.21875,3.4578138082805588E-6,122000.0,44.0,29.74426913966839,31.54034229828851,20.45454545454546,122000.0,801672.0,15.0,83391.7,43674.39524966703,178776.2666666667,172508.24443405462,0.0,0.0,5.533333333333334,7.356888576280705,3.2666666666666666,2.711527420547495,2.133333333333333,1.3557637102737474,2.133333333333333,1.3557637102737474,0.9333333333333333,1.0997835284835873,0.0,0.0,0.0,0.0,1.0,0.0
123000.0,18.4375,3.502113071994647E-6,123000.0,42.0,31.473508603619145,29.354445797807553,20.65663474692202,123000.0,782800.0,15.0,76546.69999999998,53561.25410647719,177802.13333333333,172239.3340081406,1.0,1.0690449676496976,14.266666666666667,13.843341187664748,3.0,2.725540575476988,2.0,1.3627702877384937,2.0,1.3627702877384937,0.8666666666666667,1.1872336794093274,0.0,0.0,0.0,0.0,1.0,0.0
124000.0,18.59375,3.5325644098015276E-6,124000.0,43.8,35.46119977859287,28.316326530612244,20.396600566572243,124000.0,753336.0,15.0,70221.26666666666,58534.743037013446,175845.86666666667,172202.5671248701,0.4666666666666667,0.6399404734221844,17.666666666666664,13.730397282082174,2.0666666666666664,2.2509257354845507,1.5333333333333332,1.1254628677422753,1.5333333333333332,1.1254628677422753,0.4666666666666668,0.990430401872025,0.0,0.0,0.0,0.0,1.0,0.0
125000.0,18.75,3.5627088638850366E-6,125000.0,43.8,35.51133657918623,32.45192307692308,23.641304347826086,125000.0,745744.0,15.0,68757.63333333332,59956.54432514138,175305.6,172230.16132701913,0.3333333333333333,0.8997354108424374,17.599999999999998,11.91517639699172,1.8000000000000005,2.111194651646991,1.4000000000000001,1.0555973258234952,1.4000000000000001,1.0555973258234952,0.3333333333333333,0.8997354108424372,0.0,0.0,0.0,0.0,1.0,0.0
126000.0,18.921875,3.595224277685498E-6,126000.0,44.7,37.70586353416152,31.47459727385378,25.371120107962213,126000.0,731272.0,15.0,67314.96666666667,61252.61736475703,174385.06666666668,172158.03027630193,0.13333333333333336,0.5163977794943222,12.866666666666665,8.00773435647122,1.4000000000000001,1.5491933384829668,1.2,0.7745966692414834,1.2,0.7745966692414834,0.19999999999999998,0.7745966692414834,0.0,0.0,0.0,0.0,1.0,0.0
127000.0,19.09375,3.627602030367899E-6,127000.0,48.1,40.620906246245895,36.39705882352941,28.904109589041095,127000.0,728176.0,15.0,68306.5666666667,61251.329755408144,174281.86666666667,172054.5752414008,0.0,0.0,10.533333333333333,7.651952754191636,1.4000000000000001,1.5491933384829668,1.2,0.7745966692414834,1.2,0.7745966692414834,0.19999999999999998,0.7745966692414834,0.0,0.0,0.0,0.0,1.0,0.0
128000.0,19.234375,3.6545760425118093E-6,128000.0,41.5,33.801962630359206,28.22085889570552,21.159029649595684,128000.0,741456.0,15.0,69016.36666666667,61572.056092691986,174722.1333333333,172501.02183879924,0.19999999999999998,0.560611910581388,7.333333333333332,5.665265933320173,1.4000000000000001,1.5491933384829668,1.2,0.7745966692414834,1.2,0.7745966692414834,0.19999999999999998,0.7745966692414834,0.0,0.0,0.0,0.0,1.0,0.0
129000.0,19.359375,3.6783276138723708E-6,129000.0,43.7,34.854927825508405,29.536921151439298,20.141843971631207,129000.0,734488.0,15.0,69616.36666666668,62000.62491925513,174489.06666666665,172269.31352950365,0.2666666666666667,0.7037315505489967,9.933333333333334,14.834644136839504,1.4000000000000001,1.5491933384829668,1.2,0.7745966692414834,1.2,0.7745966692414834,0.19999999999999998,0.7745966692414834,0.0,0.0,0.0,0.0,1.0,0.0
130000.0,19.515625,3.7079029263825035E-6,130000.0,44.5,37.2401970318571,32.399512789281374,24.796747967479675,130000.0,731664.0,15.0,70608.06666666665,62014.77428080224,174398.13333333342,172171.58433892255,0.06666666666666668,0.2581988897471611,10.533333333333333,9.014802641581603,1.4000000000000001,1.5491933384829668,1.2,0.7745966692414834,1.2,0.7745966692414834,0.19999999999999998,0.7745966692414834,0.0,0.0,0.0,0.0,1.0,0.0
131000.0,19.65625,3.7344645372488413E-6,131000.0,44.800000000000004,36.88478385896951,33.49397590361446,22.36286919831224,131000.0,730120.0,15.0,71601.73333333332,62017.199897833314,174346.66666666666,172119.81078574172,0.0,0.0,8.866666666666667,8.991000791797052,1.4000000000000001,1.5491933384829668,1.2,0.7745966692414834,1.2,0.7745966692414834,0.19999999999999998,0.7745966692414834,0.0,0.0,0.0,0.0,1.0,0.0
132000.0,19.8125,3.7638600527619303E-6,132000.0,45.9,38.40513707987977,34.89771359807462,25.89041095890411,132000.0,727216.0,15.0,72607.20000000001,62016.279797240786,174249.8666666667,172022.6533750381,0.0,0.0,9.266666666666666,7.768679485754381,1.4000000000000001,1.5491933384829668,1.2,0.7745966692414834,1.2,0.7745966692414834,0.19999999999999998,0.7745966692414834,0.0,0.0,0.0,0.0,1.0,0.0
133000.0,19.953125,3.7902176457767666E-6,133000.0,46.2,37.09191596041235,33.08457711442786,22.47838616714698,133000.0,724512.0,15.0,73604.33333333333,62015.08586339036,174159.73333333334,171931.99310532003,0.0,0.0,8.399999999999999,8.716159049227393,1.4000000000000001,1.5491933384829668,1.2,0.7745966692414834,1.2,0.7745966692414834,0.19999999999999998,0.7745966692414834,0.0,0.0,0.0,0.0,1.0,0.0
134000.0,20.09375,3.817038571772474E-6,134000.0,43.6,34.250408020517604,29.675810473815456,20.226308345120223,134000.0,737248.0,15.0,74593.06666666665,62013.77870749056,174584.26666666672,172358.01778914226,0.0,0.0,7.466666666666667,4.853079532871984,1.4000000000000001,1.5491933384829668,1.2,0.7745966692414834,1.2,0.7745966692414834,0.19999999999999998,0.7745966692414834,0.0,0.0,0.0,0.0,1.0,0.0
135000.0,20.25,3.846499085840249E-6,135000.0,46.5,37.734948733168075,34.0320591861899,23.789173789173795,135000.0,728824.0,15.0,75597.46666666666,62010.99821568547,174303.46666666665,172076.32259407116,0.0,0.0,6.6000000000000005,5.369224471799575,1.4000000000000001,1.5491933384829668,1.2,0.7745966692414834,1.2,0.7745966692414834,0.19999999999999998,0.7745966692414834,0.0,0.0,0.0,0.0,1.0,0.0
136000.0,20.375,3.870410792943502E-6,136000.0,42.6,33.42025045121119,30.255164034021874,20.388349514563103,136000.0,739440.0,15.0,76575.99999999999,62010.87993914927,174657.33333333337,172431.5124230654,0.0,0.0,7.2666666666666675,9.452638835393053,1.4000000000000001,1.5491933384829668,1.2,0.7745966692414834,1.2,0.7745966692414834,0.19999999999999998,0.7745966692414834,0.0,0.0,0.0,0.0,1.0,0.0
137000.0,20.515625,3.897273046378458E-6,137000.0,43.7,34.7381818729794,31.425091352009748,22.022160664819943,137000.0,738384.0,15.0,77293.20000000001,62360.993213541034,174615.46666666662,172402.9329704376,0.13333333333333336,0.5163977794943222,4.066666666666666,7.343283293174078,1.4000000000000001,1.5491933384829668,1.2,0.7745966692414834,1.2,0.7745966692414834,0.19999999999999998,0.7745966692414834,0.0,0.0,0.0,0.0,1.0,0.0
138000.0,20.671875,3.926757490262387E-6,138000.0,47.3,38.93409285262375,34.615384615384606,24.49856733524355,138000.0,729416.0,15.0,78300.26666666666,62357.749471639974,174322.40000000002,172097.36312344062,0.0,0.0,4.400000000000001,6.068654828590223,1.4000000000000001,1.5491933384829668,1.2,0.7745966692414834,1.2,0.7745966692414834,0.19999999999999998,0.7745966692414834,0.0,0.0,0.0,0.0,1.0,0.0
139000.0,20.796875,3.950447490852738E-6,139000.0,44.800000000000004,36.361540235185615,32.51833740831296,23.439667128987516,139000.0,732584.0,15.0,79316.80000000002,62353.79404677463,174428.0,172203.01717089227,0.0,0.0,6.066666666666666,4.963677592077797,1.4000000000000001,1.5491933384829668,1.2,0.7745966692414834,1.2,0.7745966692414834,0.19999999999999998,0.7745966692414834,0.0,0.0,0.0,0.0,1.0,0.0
140000.0,20.953125,3.980080687647891E-6,140000.0,45.1,37.369877078401736,30.856423173803528,23.64394993045897,140000.0,733096.0,15.0,80312.53333333333,62352.33529721314,174445.0666666667,172220.0796268689,0.0,0.0,7.133333333333334,7.029190836043919,1.4000000000000001,1.5491933384829668,1.2,0.7745966692414834,1.2,0.7745966692414834,0.19999999999999998,0.7745966692414834,0.0,0.0,0.0,0.0,1.0,0.0
141000.0,21.109375,4.009966764392123E-6,141000.0,41.4,33.59081060008523,28.96969696969697,20.272108843537413,141000.0,739352.0,15.0,81304.06666666668,62350.89697053192,174653.60000000003,172429.2715260576,0.0,0.0,5.666666666666667,5.936168397046637,1.4000000000000001,1.5491933384829668,1.2,0.7745966692414834,1.2,0.7745966692414834,0.19999999999999998,0.7745966692414834,0.0,0.0,0.0,0.0,1.0,0.0
142000.0,21.265625,4.039829881447883E-6,142000.0,43.3,35.64540732938656,29.565217391304348,21.793103448275858,142000.0,738784.0,15.0,81502.79999999999,63325.3063166421,174633.8666666667,172411.11291083883,0.2,0.560611910581388,6.6,10.500340130545432,1.4000000000000001,1.5491933384829668,1.2,0.7745966692414834,1.2,0.7745966692414834,0.19999999999999998,0.7745966692414834,0.0,0.0,0.0,0.0,1.0,0.0
143000.0,21.4375,4.072554099063077E-6,143000.0,43.8,35.29073114565342,33.0952380952381,21.72701949860725,143000.0,735968.0,15.0,82406.03333333333,63448.00667855224,174521.8666666667,172335.84532768917,0.13333333333333336,0.5163977794943222,6.066666666666666,10.463997233143656,1.4000000000000001,1.5491933384829668,1.2,0.7745966692414834,1.2,0.7745966692414834,0.19999999999999998,0.7745966692414834,0.0,0.0,0.0,0.0,1.0,0.0
144000.0,21.5625,4.096271263228521E-6,144000.0,45.5,37.93516559353342,34.337349397590366,24.51523545706371,144000.0,733424.0,15.0,83412.96666666667,63443.84415043793,174455.99999999997,172231.15870768885,0.0,0.0,5.733333333333333,8.971913847961208,1.4000000000000001,1.5491933384829668,1.2,0.7745966692414834,1.2,0.7745966692414834,0.19999999999999998,0.7745966692414834,0.0,0.0,0.0,0.0,1.0,0.0
145000.0,21.703125,4.122942304497376E-6,145000.0,44.7,35.30869916673394,30.35264483627204,20.54597701149426,145000.0,733128.0,15.0,83781.76666666668,64148.80601177843,174446.13333333336,172221.26731495102,0.06666666666666668,0.2581988897471611,7.6,8.347796971998918,1.4000000000000001,1.5491933384829668,1.2,0.7745966692414834,1.2,0.7745966692414834,0.19999999999999998,0.7745966692414834,0.0,0.0,0.0,0.0,1.0,0.0
146000.0,21.921875,4.16442878001059E-6,146000.0,47.5,39.00738881918305,34.94423791821561,25.426136363636363,146000.0,733096.0,15.0,84785.83333333333,64146.75895329898,174575.46666666665,172125.91044283457,0.0,0.0,5.6,5.816233439999758,1.5333333333333332,2.065591117977289,1.2666666666666668,1.0327955589886444,1.2666666666666668,1.0327955589886444,0.19999999999999998,0.7745966692414834,0.0,0.0,0.0,0.0,1.0,0.0
147000.0,22.078125,4.193978222449205E-6,147000.0,45.5,36.88740249393193,31.61856963613551,22.36467236467237,147000.0,731024.0,15.0,85775.1,64147.99470048228,174518.39999999997,172048.3089611351,0.0,0.0,5.199999999999999,8.393875318179491,1.5333333333333332,2.065591117977289,1.2666666666666668,1.0327955589886444,1.2666666666666668,1.0327955589886444,0.19999999999999998,0.7745966692414834,0.0,0.0,0.0,0.0,1.0,0.0
148000.0,22.21875,4.2206911732339185E-6,148000.0,44.5,35.161733506546916,32.727272727272734,20.258620689655178,148000.0,734280.0,15.0,86577.6,64426.218436606825,174631.73333333334,172153.50742126539,0.06666666666666668,0.2581988897471611,5.066666666666666,6.776710818960002,1.5333333333333332,2.065591117977289,1.2666666666666668,1.0327955589886444,1.2666666666666668,1.0327955589886444,0.19999999999999998,0.7745966692414834,0.0,0.0,0.0,0.0,1.0,0.0
149000.0,22.359375,4.247478338786296E-6,149000.0,45.2,36.338733698417535,32.92533659730722,23.570432357043238,149000.0,736320.0,15.0,87574.8,64425.70792695766,174699.73333333334,172221.5343015147,0.0,0.0,5.3999999999999995,10.500340130545432,1.5333333333333332,2.065591117977289,1.2666666666666668,1.0327955589886444,1.2666666666666668,1.0327955589886444,0.19999999999999998,0.7745966692414834,0.0,0.0,0.0,0.0,1.0,0.0
150000.0,22.5,4.274133955025009E-6,150000.0,44.9,37.17776526147047,32.55813953488372,25.741239892183287,150000.0,732704.0,15.0,88555.53333333331,64422.089006121525,174579.19999999998,172100.79227500016,0.0,0.0,6.7333333333333325,9.26950967008555,1.5333333333333332,2.065591117977289,1.2666666666666668,1.0327955589886444,1.2666666666666668,1.0327955589886444,0.19999999999999998,0.7745966692414834,0.0,0.0,0.0,0.0,1.0,0.0
151000.0,22.65625,4.304190127489466E-6,151000.0,42.5,34.17964949232477,29.792429792429793,22.297297297297295,151000.0,743560.0,15.0,89567.79999999999,64420.829863511135,174945.06666666665,172460.2737965918,0.0,0.0,7.2,9.08845421400141,1.5333333333333332,2.065591117977289,1.2666666666666668,1.0327955589886444,1.2666666666666668,1.0327955589886444,0.19999999999999998,0.7745966692414834,0.0,0.0,0.0,0.0,1.0,0.0
152000.0,22.78125,4.327978175650867E-6,152000.0,44.800000000000004,36.84860826688327,32.846715328467155,24.69304229195089,152000.0,735616.0,15.0,90558.6,64418.420468811186,174680.26666666666,172195.39522677643,0.0,0.0,7.4,7.317298486658662,1.5333333333333332,2.065591117977289,1.2666666666666668,1.0327955589886444,1.2666666666666668,1.0327955589886444,0.19999999999999998,0.7745966692414834,0.0,0.0,0.0,0.0,1.0,0.0
153000.0,22.859375,4.34283083046062E-6,153000.0,45.800000000000004,37.53731050871366,32.92079207920792,24.930747922437675,153000.0,734880.0,15.0,91569.73333333335,64418.622821372854,174655.7333333333,172170.8551312216,0.0,0.0,3.8000000000000007,9.412757300600076,1.5333333333333332,2.065591117977289,1.2666666666666668,1.0327955589886444,1.2666666666666668,1.0327955589886444,0.19999999999999998,0.7745966692414834,0.0,0.0,0.0,0.0,1.0,0.0
154000.0,23.0,4.369560079390389E-6,154000.0,45.0,36.15378811183535,31.93069306930693,22.425952045133993,154000.0,734728.0,15.0,92370.9,64726.319172955526,174650.66666666666,172165.7896902813,0.13333333333333336,0.5163977794943222,8.066666666666668,9.527903881806973,1.5333333333333332,2.065591117977289,1.2666666666666668,1.0327955589886444,1.2666666666666668,1.0327955589886444,0.19999999999999998,0.7745966692414834,0.0,0.0,0.0,0.0,1.0,0.0
155000.0,23.171875,4.40220781860666E-6,155000.0,45.4,36.823470196529925,31.75,23.09859154929578,155000.0,734248.0,15.0,93364.23333333335,64725.974478983495,174634.6666666667,172149.58180672379,0.0,0.0,4.800000000000002,5.4142668676641446,1.5333333333333332,2.065591117977289,1.2666666666666668,1.0327955589886444,1.2666666666666668,1.0327955589886444,0.19999999999999998,0.7745966692414834,0.0,0.0,0.0,0.0,1.0,0.0
156000.0,23.3125,4.4292286879176055E-6,156000.0,41.699999999999996,32.911238000547755,29.504232164449817,19.58620689655172,156000.0,742744.0,15.0,94303.06666666668,64813.71580786732,174918.66666666666,172432.4311613969,0.13333333333333336,0.5163977794943222,5.666666666666666,5.912053869204928,1.5333333333333332,2.065591117977289,1.2666666666666668,1.0327955589886444,1.2666666666666668,1.0327955589886444,0.19999999999999998,0.7745966692414834,0.0,0.0,0.0,0.0,1.0,0.0
157000.0,23.453125,4.456195133065597E-6,157000.0,45.300000000000004,36.1445304930296,33.7772397094431,22.190611664295876,157000.0,741248.0,15.0,95317.13333333335,64812.22135216705,174868.80000000005,172382.55888223206,0.0,0.0,6.466666666666668,9.977593946056382,1.5333333333333332,2.065591117977289,1.2666666666666668,1.0327955589886444,1.2666666666666668,1.0327955589886444,0.19999999999999998,0.7745966692414834,0.0,0.0,0.0,0.0,1.0,0.0
158000.0,23.5625,4.477105879535276E-6,158000.0,45.1,35.851371483656116,32.47232472324724,20.77922077922078,158000.0,739016.0,15.0,95809.0666666667,65516.27717199872,174792.8,172309.74149786794,0.13333333333333336,0.5163977794943222,3.4666666666666663,6.490285781366604,1.5333333333333332,2.065591117977289,1.2666666666666668,1.0327955589886444,1.2666666666666668,1.0327955589886444,0.19999999999999998,0.7745966692414834,0.0,0.0,0.0,0.0,1.0,0.0
159000.0,23.734375,4.509956375437063E-6,159000.0,44.6,35.79216131234331,32.92978208232446,24.00548696844993,159000.0,738808.0,15.0,96782.56666666667,65568.37558146422,174785.86666666667,172302.75675496584,0.06666666666666668,0.2581988897471611,5.6000000000000005,7.613897068612668,1.5333333333333332,2.065591117977289,1.2666666666666668,1.0327955589886444,1.2666666666666668,1.0327955589886444,0.19999999999999998,0.7745966692414834,0.0,0.0,0.0,0.0,1.0,0.0
160000.0,23.875,4.5368183378337145E-6,160000.0,45.4,36.70878739368873,31.75,24.37673130193906,160000.0,738376.0,15.0,97792.16666666667,65567.7601254444,174771.46666666665,172288.24747232485,0.0,0.0,7.4,8.902648081169044,1.5333333333333332,2.065591117977289,1.2666666666666668,1.0327955589886444,1.2666666666666668,1.0327955589886444,0.19999999999999998,0.7745966692414834,0.0,0.0,0.0,0.0,1.0,0.0
161000.0,24.015625,4.563771104181391E-6,161000.0,43.7,35.10879362291178,30.57953144266338,22.451790633608812,161000.0,740872.0,15.0,98787.03333333335,65565.82680576056,174854.6666666667,172371.49483307416,0.0,0.0,5.4,7.4622861299815,1.5333333333333332,2.065591117977289,1.2666666666666668,1.0327955589886444,1.2666666666666668,1.0327955589886444,0.19999999999999998,0.7745966692414834,0.0,0.0,0.0,0.0,1.0,0.0
162000.0,24.171875,4.593666235450654E-6,162000.0,45.0,36.10943640391382,32.432432432432435,23.291492329149236,162000.0,739576.0,15.0,99787.36666666667,65563.2098031244,174811.46666666667,172328.50566122218,0.0,0.0,6.333333333333334,8.465616732800196,1.5333333333333332,2.065591117977289,1.2666666666666668,1.0327955589886444,1.2666666666666668,1.0327955589886444,0.19999999999999998,0.7745966692414834,0.0,0.0,0.0,0.0,1.0,0.0
163000.0,24.3125,4.620701947715132E-6,163000.0,43.0,34.53362674519569,31.07617896009674,21.37931034482758,163000.0,743152.0,15.0,100779.70000000001,65562.5114339558,174930.66666666666,172447.40611147133,0.0,0.0,4.466666666666668,5.926534360299409,1.5333333333333332,2.065591117977289,1.2666666666666668,1.0327955589886444,1.2666666666666668,1.0327955589886444,0.19999999999999998,0.7745966692414834,0.0,0.0,0.0,0.0,1.0,0.0
164000.0,24.453125,4.647665773518382E-6,164000.0,45.4,37.341488885573625,33.65735115431349,25.102880658436217,164000.0,741176.0,15.0,101783.1,65561.10371214911,174864.80000000002,172381.7369041644,0.0,0.0,3.2666666666666666,8.531175322366337,1.5333333333333332,2.065591117977289,1.2666666666666668,1.0327955589886444,1.2666666666666668,1.0327955589886444,0.19999999999999998,0.7745966692414834,0.0,0.0,0.0,0.0,1.0,0.0
164860.0,24.578125,4.671652245128319E-6,164860.0,45.800000000000004,37.511817414603335,32.67080745341615,23.87640449438203,164860.0,741752.0,15.0,102659.56666666668,65560.99963402514,174884.00000000003,172400.7988812597,0.0,0.0,2.8,6.304193615590906,1.5333333333333332,2.065591117977289,1.2666666666666668,1.0327955589886444,1.2666666666666668,1.0327955589886444,0.19999999999999998,0.7745966692414834,0.0,0.0,0.0,0.0,1.0,0.0
