learning evaluation instances,evaluation time (cpu seconds),model cost (RAM-Hours),classified instances,classifications correct (percent),Kappa Statistic (percent),Kappa Temporal Statistic (percent),Kappa M Statistic (percent),model training instances,model serialized size (bytes),ensemble size,change detections,[avg] model training instances,[err] model training instances,[avg] model serialized size (bytes),[err] model serialized size (bytes),[avg] tree size (nodes),[err] tree size (nodes),[avg] tree size (leaves),[err] tree size (leaves),[avg] active learning leaves,[err] active learning leaves,[avg] tree depth,[err] tree depth,[avg] active leaf byte size estimate,[err] active leaf byte size estimate,[avg] inactive leaf byte size estimate,[err] inactive leaf byte size estimate,[avg] byte size estimate overhead,[err] byte size estimate overhead
1000.0,0.15625,2.4119314427177112E-8,1000.0,48.6,34.66885115047644,33.246753246753244,15.875613747954171,1000.0,612896.0,30.0,0.0,5988.9,84.9930423115874,4272.0,0.0,1.0,0.0,1.0,0.0,1.0,0.0,0.0,0.0,0.0,0.0,0.0,0.0,1.0,0.0
2000.0,0.296875,4.659969514856736E-8,2000.0,45.5,31.069809208820537,27.13903743315508,9.166666666666666,2000.0,617936.0,30.0,0.0,11977.566666666668,106.55731283933662,4272.0,0.0,1.0,0.0,1.0,0.0,1.0,0.0,0.0,0.0,0.0,0.0,0.0,0.0,1.0,0.0
3000.0,0.40625,6.420327635068033E-8,3000.0,44.2,29.2225772368139,28.8265306122449,8.674304418985269,3000.0,622136.0,30.0,3.0,16668.466666666667,4007.3816521198883,4277.6,17.470369003070573,1.0,0.0,1.0,0.0,1.0,0.0,0.0,0.0,0.0,0.0,0.0,0.0,1.0,0.0
4000.0,0.53125,8.415117109608319E-8,4000.0,43.5,27.44047229189221,27.933673469387756,7.224958949096878,4000.0,617912.0,30.0,8.0,19926.899999999994,7720.329068160869,4147.2,611.216898123509,1.1333333333333335,0.5074162634049248,1.0666666666666667,0.2537081317024624,1.0666666666666667,0.2537081317024624,0.06666666666666667,0.2537081317024624,0.0,0.0,0.0,0.0,1.0,0.0
5000.0,0.65625,1.1023622290748689E-7,5000.0,50.3,35.53943248760723,36.92893401015229,18.790849673202615,5000.0,806648.0,30.0,9.0,25118.13333333334,8553.230995616088,10421.066666666666,4618.519354715865,4.400000000000001,2.4719111690322135,2.7,1.235955584516107,2.7,1.235955584516107,1.4333333333333336,0.9714309861845772,0.0,0.0,0.0,0.0,1.0,0.0
6000.0,0.734375,1.2778987487157186E-7,6000.0,55.00000000000001,44.63732526924715,43.25346784363179,29.022082018927453,6000.0,868520.0,30.0,9.0,31117.166666666668,8570.517769267697,12486.400000000001,5302.649185662474,5.0,2.626128657194451,3.0,1.3130643285972254,3.0,1.3130643285972254,1.4999999999999996,0.9377154924749758,0.0,0.0,0.0,0.0,1.0,0.0
7000.0,0.765625,1.3489049807604817E-7,7000.0,52.6,41.60720621279616,38.28125000000001,23.051948051948052,7000.0,878312.0,30.0,9.0,37109.43333333334,8572.06678366881,12717.600000000002,5449.564472316209,5.0,2.626128657194451,3.0,1.3130643285972254,3.0,1.3130643285972254,1.4999999999999996,0.9377154924749758,0.0,0.0,0.0,0.0,1.0,0.0
8000.0,0.9375,1.7493778917317592E-7,8000.0,53.5,42.311843564607024,40.76433121019109,24.757281553398062,8000.0,900664.0,30.0,9.0,43095.700000000004,8602.52165175802,13425.066666666668,5315.050529706498,5.333333333333334,2.5234532077995864,3.166666666666667,1.2617266038997932,3.166666666666667,1.2617266038997932,1.666666666666667,0.922266074754828,0.0,0.0,0.0,0.0,1.0,0.0
9000.0,1.03125,1.973438581141333E-7,9000.0,54.7,43.83582703914383,41.62371134020619,26.10114192495922,9000.0,923840.0,30.0,9.0,49087.46666666666,8621.938947997052,14104.0,5435.383030629504,5.666666666666668,2.643578209005067,3.333333333333334,1.3217891045025334,3.333333333333334,1.3217891045025334,1.7666666666666666,1.0063019815944514,0.0,0.0,0.0,0.0,1.0,0.0
10000.0,1.171875,2.325094343783955E-7,10000.0,54.0,44.21307693986898,41.99243379571249,27.78649921507065,10000.0,966624.0,30.0,9.0,55079.4,8634.938669989659,15488.533333333336,5657.1222349892,6.333333333333333,2.745947902830182,3.6666666666666665,1.372973951415091,3.6666666666666665,1.372973951415091,2.033333333333333,1.0661996103898195,0.0,0.0,0.0,0.0,1.0,0.0
11000.0,1.265625,2.573602250777185E-7,11000.0,55.7,44.78278319701454,45.17326732673268,27.967479674796753,11000.0,1024640.0,30.0,9.0,61068.66666666666,8620.05955389194,17423.2,4219.351334359184,7.2,2.0577858874578494,4.1,1.0288929437289247,4.1,1.0288929437289247,2.333333333333334,0.8441822541139559,0.0,0.0,0.0,0.0,1.0,0.0
12000.0,1.40625,2.9495509807020426E-7,12000.0,58.8,48.56943126778848,44.99332443257676,31.333333333333325,12000.0,1033400.0,30.0,9.0,67071.4,8625.818100531003,17729.600000000002,4189.291254352352,7.4,2.061134605519243,4.199999999999999,1.0305673027596214,4.199999999999999,1.0305673027596214,2.3999999999999995,0.8550055454548942,0.0,0.0,0.0,0.0,1.0,0.0
13000.0,1.5,3.207535094891985E-7,13000.0,58.099999999999994,46.87689385775179,44.35590969455511,28.1303602058319,13000.0,1063712.0,30.0,9.0,73058.43333333332,8638.678317984137,18729.6,3718.8541950630342,7.799999999999999,1.864366398797596,4.3999999999999995,0.9321831993987981,4.3999999999999995,0.9321831993987981,2.566666666666666,0.8583598366625751,0.0,0.0,0.0,0.0,1.0,0.0
14000.0,1.640625,3.598859378447135E-7,14000.0,54.900000000000006,43.43068440091715,40.579710144927546,24.958402662229624,14000.0,1075664.0,30.0,9.0,79066.9,8630.70754821171,19064.8,3910.1242805894512,7.933333333333333,1.9464084224865135,4.466666666666666,0.9732042112432566,4.466666666666666,0.9732042112432566,2.6333333333333337,0.8899179866642238,0.0,0.0,0.0,0.0,1.0,0.0
15000.0,1.71875,3.8204268397142486E-7,15000.0,59.199999999999996,48.075880482894306,47.89272030651341,31.54362416107382,15000.0,1096272.0,30.0,9.0,85064.46666666666,8613.290831449176,19674.933333333338,4537.915539504691,8.266666666666666,2.318342650187448,4.633333333333333,1.1591713250937241,4.633333333333333,1.1591713250937241,2.7333333333333334,0.9071871393197362,0.0,0.0,0.0,0.0,1.0,0.0
16000.0,1.828125,4.1365723720648217E-7,16000.0,56.00000000000001,46.386577148497004,43.37194337194338,30.59936908517351,16000.0,1117304.0,30.0,9.0,91074.03333333334,8598.736308452471,20338.13333333333,4750.186549754785,8.666666666666666,2.4681884091350295,4.833333333333333,1.2340942045675147,4.833333333333333,1.2340942045675147,2.8000000000000007,0.9613209303008452,0.0,0.0,0.0,0.0,1.0,0.0
17000.0,1.9375,4.4671734536273606E-7,17000.0,57.199999999999996,48.04911058377991,45.057766367137354,31.519999999999992,17000.0,1168392.0,30.0,9.0,97051.4,8604.855428066823,22024.26666666667,6236.2356402656505,9.6,3.5291886339204237,5.3,1.7645943169602119,5.3,1.7645943169602119,2.9000000000000004,1.0938700673013824,0.0,0.0,0.0,0.0,1.0,0.0
18000.0,2.046875,4.807118805021875E-7,18000.0,59.699999999999996,50.45360158056699,49.43538268506901,35.72567783094098,18000.0,1201416.0,30.0,9.0,103050.93333333332,8621.641354787074,23112.533333333333,6746.606747269241,10.133333333333335,3.62684752760655,5.566666666666667,1.813423763803275,5.566666666666667,1.813423763803275,2.999999999999999,1.0827805840074192,0.0,0.0,0.0,0.0,1.0,0.0
19000.0,2.1875,5.254051777430707E-7,19000.0,57.699999999999996,46.83725665162692,43.44919786096256,28.78787878787878,19000.0,1228520.0,30.0,9.0,109047.53333333334,8627.304176909465,23998.399999999994,6872.323351551196,10.666666666666668,3.7170003973665358,5.833333333333334,1.8585001986832679,5.833333333333334,1.8585001986832679,3.1333333333333337,1.0416609195243756,0.0,0.0,0.0,0.0,1.0,0.0
20000.0,2.328125,5.709468516417676E-7,20000.0,55.7,45.502880474161856,43.13222079589218,27.85016286644952,20000.0,1251840.0,30.0,9.0,115063.73333333334,8624.608728489671,24765.33333333333,7146.903787454147,11.066666666666665,3.841096586719182,6.033333333333332,1.920548293359591,6.033333333333332,1.920548293359591,3.2666666666666675,1.0482607379429238,0.0,0.0,0.0,0.0,1.0,0.0
21000.0,2.453125,6.122310878708958E-7,21000.0,55.00000000000001,46.173794053759224,43.467336683417095,29.46708463949844,21000.0,1276664.0,30.0,9.0,121095.33333333333,8629.124046859679,25571.199999999993,7292.925123376245,11.466666666666665,3.9193008994245244,6.2333333333333325,1.9596504497122622,6.2333333333333325,1.9596504497122622,3.433333333333333,1.0726484571581119,0.0,0.0,0.0,0.0,1.0,0.0
22000.0,2.5625,6.488822206544379E-7,22000.0,57.699999999999996,47.67008151343567,46.18320610687023,30.995106035889066,22000.0,1295304.0,30.0,9.0,127090.13333333333,8613.101170583834,26190.133333333342,7729.403366069227,11.666666666666664,4.113336872891042,6.333333333333332,2.056668436445521,6.333333333333332,2.056668436445521,3.466666666666667,1.0742546199601597,0.0,0.0,0.0,0.0,1.0,0.0
23000.0,2.65625,6.807870037543277E-7,23000.0,55.7,46.193852738769344,44.48621553884712,29.346092503987247,23000.0,1315488.0,30.0,9.0,133102.89999999997,8635.349987316573,26854.13333333333,7726.073489672234,11.933333333333332,4.0593301072394,6.466666666666666,2.0296650536197,6.466666666666666,2.0296650536197,3.5666666666666664,1.072648457158112,0.0,0.0,0.0,0.0,1.0,0.0
24000.0,2.796875,7.289622832710545E-7,24000.0,57.599999999999994,48.82502745826946,45.78005115089513,33.33333333333333,24000.0,1324232.0,30.0,9.0,139092.7666666666,8645.966752284521,27138.4,7605.318255373488,12.066666666666666,3.921060142828488,6.533333333333333,1.960530071414244,6.533333333333333,1.960530071414244,3.6333333333333337,0.9994251221140298,0.0,0.0,0.0,0.0,1.0,0.0
25000.0,2.953125,7.827555398560233E-7,25000.0,54.900000000000006,43.88983995541047,42.54777070063695,25.822368421052637,25000.0,1330792.0,30.0,9.0,145085.60000000003,8640.895513935957,27289.866666666665,7609.860371791385,12.066666666666666,3.921060142828488,6.533333333333333,1.960530071414244,6.533333333333333,1.960530071414244,3.6333333333333337,0.9994251221140298,0.0,0.0,0.0,0.0,1.0,0.0
26000.0,3.078125,8.26045482729872E-7,26000.0,59.8,49.911472889273206,48.789808917197455,33.44370860927152,26000.0,1338688.0,30.0,9.0,151087.9666666667,8654.296869717107,27517.86666666667,7471.32831163441,12.200000000000001,3.8452837212033817,6.6000000000000005,1.9226418606016908,6.6000000000000005,1.9226418606016908,3.6999999999999997,0.9878573120474016,0.0,0.0,0.0,0.0,1.0,0.0
27000.0,3.171875,8.592669231196244E-7,27000.0,58.099999999999994,48.34207654989181,46.28205128205128,31.085526315789462,27000.0,1369776.0,30.0,9.0,157099.0,8624.271271563603,28552.26666666667,7360.892144829734,12.866666666666664,3.9280892374628236,6.933333333333332,1.9640446187314118,6.933333333333332,1.9640446187314118,3.733333333333333,0.9802650357071219,0.0,0.0,0.0,0.0,1.0,0.0
28000.0,3.34375,9.183303013236986E-7,28000.0,53.800000000000004,44.379232505643344,41.74022698612863,28.37209302325582,28000.0,1328336.0,30.0,18.0,136663.59999999998,62247.8526191591,27491.199999999997,13305.787774628312,12.266666666666667,6.591181848570068,6.633333333333334,3.295590924285034,6.633333333333334,3.295590924285034,3.166666666666666,1.7237355852380873,0.0,0.0,0.0,0.0,1.0,0.0
29000.0,3.484375,9.64243631137328E-7,29000.0,52.900000000000006,42.52494856532022,39.84674329501916,26.635514018691598,29000.0,1262056.0,30.0,37.0,115492.13333333335,81839.03355588285,25541.066666666666,16567.665656505356,11.2,8.040415154833049,6.1,4.0202075774165245,6.1,4.0202075774165245,2.733333333333334,2.0667037445691365,0.0,0.0,0.0,0.0,1.0,0.0
30000.0,3.625,1.0104704092049765E-6,30000.0,54.800000000000004,45.47318897400326,44.67564259485925,31.515151515151523,30000.0,1270672.0,30.0,40.0,121355.16666666667,82063.18530132041,25660.26666666667,16621.368048043027,11.2,8.040415154833049,6.1,4.0202075774165245,6.1,4.0202075774165245,2.733333333333334,2.0667037445691365,0.0,0.0,0.0,0.0,1.0,0.0
31000.0,3.734375,1.04875113013097E-6,31000.0,54.300000000000004,45.43257520035917,43.37050805452293,31.070889894419306,31000.0,1352896.0,30.0,40.0,127361.3,82056.11915325452,28345.066666666666,14382.92470121844,12.600000000000001,6.936162110820812,6.8,3.468081055410406,6.8,3.468081055410406,3.2,1.6691934868527747,0.0,0.0,0.0,0.0,1.0,0.0
32000.0,3.859375,1.0946718005773924E-6,32000.0,59.3,53.557050655906814,49.188514357053684,42.02279202279202,32000.0,1420040.0,30.0,40.0,133342.8,82061.11793695031,30503.200000000008,12390.795132984249,13.66666666666667,6.019126602545527,7.333333333333335,3.0095633012727636,7.333333333333335,3.0095633012727636,3.6,1.2757688689165259,0.0,0.0,0.0,0.0,1.0,0.0
33000.0,4.015625,1.1540474952198566E-6,33000.0,57.9,52.270333574815965,49.15458937198067,40.36827195467422,33000.0,1468896.0,30.0,40.0,139326.86666666664,82061.10188597415,32110.13333333333,13149.870569005961,14.533333333333333,6.595365840854671,7.766666666666667,3.2976829204273357,7.766666666666667,3.2976829204273357,3.8000000000000003,1.4715696522350923,0.0,0.0,0.0,0.0,1.0,0.0
34000.0,4.171875,1.21528486488387E-6,34000.0,60.4,54.302700756544176,50.0,40.8955223880597,34000.0,1514952.0,30.0,40.0,145302.40000000002,82039.46520891952,33635.73333333334,13880.0714271573,15.333333333333329,7.087304498712558,8.166666666666664,3.543652249356279,8.166666666666664,3.543652249356279,3.9333333333333336,1.529780992514115,0.0,0.0,0.0,0.0,1.0,0.0
35000.0,4.3125,1.27210165373981E-6,35000.0,60.199999999999996,53.58741309301409,50.62034739454093,38.76923076923077,35000.0,1561768.0,30.0,40.0,151325.00000000003,82032.90846088369,35205.06666666665,14630.89168077984,15.999999999999998,7.385913899980897,8.5,3.6929569499904487,8.5,3.6929569499904487,4.066666666666667,1.5742175578808126,0.0,0.0,0.0,0.0,1.0,0.0
36000.0,4.40625,1.3103524300580224E-6,36000.0,62.0,56.00263057956114,53.31695331695331,42.94294294294295,36000.0,1577144.0,30.0,40.0,157323.8,82037.70065053985,35660.0,14845.853107274053,16.133333333333333,7.514277597752957,8.566666666666666,3.7571387988764786,8.566666666666666,3.7571387988764786,4.1000000000000005,1.5833182092441613,0.0,0.0,0.0,0.0,1.0,0.0
37000.0,4.578125,1.3818262959830464E-6,37000.0,59.5,53.54353830765418,51.32211538461537,40.87591240875912,37000.0,1607448.0,30.0,40.0,163319.36666666667,82018.04205025546,36625.33333333334,15551.108826933414,16.599999999999998,7.832734141915646,8.8,3.916367070957823,8.8,3.916367070957823,4.166666666666667,1.620628514376196,0.0,0.0,0.0,0.0,1.0,0.0
38000.0,4.671875,1.4212420016216735E-6,38000.0,59.4,52.765652485503935,50.427350427350426,37.920489296636084,38000.0,1625176.0,30.0,40.0,169320.0,82024.80568790108,37190.66666666665,15966.551255312019,16.866666666666667,8.033264176742437,8.933333333333335,4.016632088371217,8.933333333333335,4.016632088371217,4.166666666666667,1.620628514376196,0.0,0.0,0.0,0.0,1.0,0.0
39000.0,4.796875,1.4740968860375385E-6,39000.0,61.4,54.80305372113718,52.1091811414392,41.515151515151516,39000.0,1634472.0,30.0,40.0,175323.43333333338,82009.5507973197,37493.333333333336,16235.303324021652,17.000000000000004,8.153696009828282,9.000000000000002,4.076848004914141,9.000000000000002,4.076848004914141,4.199999999999999,1.6484057083468089,0.0,0.0,0.0,0.0,1.0,0.0
40000.0,4.890625,1.5141299809329212E-6,40000.0,60.199999999999996,52.744555828507856,50.43586550435866,36.72496025437202,40000.0,1650632.0,30.0,40.0,181332.16666666666,82019.7178572632,38035.200000000004,16580.308267172924,17.200000000000003,8.293745046512566,9.100000000000001,4.146872523256283,9.100000000000001,4.146872523256283,4.2333333333333325,1.654322099591069,0.0,0.0,0.0,0.0,1.0,0.0
41000.0,5.015625,1.5681585904935168E-6,41000.0,56.99999999999999,49.805174035967504,46.6501240694789,35.33834586466164,41000.0,1670768.0,30.0,40.0,187326.50000000006,82019.2649239946,38646.40000000001,16856.7474295443,17.533333333333335,8.48419761647513,9.266666666666667,4.242098808237565,9.266666666666667,4.242098808237565,4.266666666666667,1.7005746155310286,0.0,0.0,0.0,0.0,1.0,0.0
42000.0,5.171875,1.636312323777626E-6,42000.0,62.7,56.559311098222544,53.02267002518892,43.31306990881459,42000.0,1686056.0,30.0,40.0,193348.19999999998,82028.64635513116,39120.00000000001,17452.76546409845,17.733333333333338,8.780595115065529,9.366666666666669,4.390297557532764,9.366666666666669,4.390297557532764,4.266666666666667,1.7005746155310286,0.0,0.0,0.0,0.0,1.0,0.0
43000.0,5.3125,1.6982062758567434E-6,43000.0,63.7,58.54957778805474,55.731707317073166,46.852122986822835,43000.0,1701328.0,30.0,40.0,199327.93333333332,82032.15705921981,39632.26666666666,17845.637393923545,17.933333333333334,8.970962095535809,9.466666666666667,4.485481047767904,9.466666666666667,4.485481047767904,4.3,1.7250687142735845,0.0,0.0,0.0,0.0,1.0,0.0
44000.0,5.421875,1.7471285536885263E-6,44000.0,60.6,54.55206096022036,51.53751537515375,40.39334341906201,44000.0,1728984.0,30.0,40.0,205303.33333333337,82005.00451983922,40581.33333333334,18652.452414025116,18.46666666666667,9.453090475618536,9.733333333333334,4.726545237809268,9.733333333333334,4.726545237809268,4.333333333333333,1.7485626280942346,0.0,0.0,0.0,0.0,1.0,0.0
45000.0,5.5625,1.8106450443156066E-6,45000.0,61.0,54.34618468724209,51.4321295143213,39.721792890262755,45000.0,1745928.0,30.0,40.0,211298.4666666667,82031.16514187357,41143.73333333334,19164.21601972214,18.666666666666668,9.657347866577652,9.833333333333334,4.828673933288826,9.833333333333334,4.828673933288826,4.333333333333333,1.7485626280942346,0.0,0.0,0.0,0.0,1.0,0.0
46000.0,5.703125,1.8746266141533854E-6,46000.0,61.1,56.05612164207767,52.034525277435264,44.66571834992887,46000.0,1758712.0,30.0,40.0,217283.03333333338,82033.81821667054,41539.46666666667,19530.643303375295,18.866666666666667,9.811089198675537,9.933333333333332,4.905544599337769,9.933333333333332,4.905544599337769,4.3999999999999995,1.792705526138712,0.0,0.0,0.0,0.0,1.0,0.0
47000.0,5.828125,1.931957020941708E-6,47000.0,62.0,55.624273055525705,52.20125786163522,42.07317073170732,47000.0,1772872.0,30.0,40.0,223286.6,82044.08287920376,42004.26666666668,19862.908435388905,18.999999999999996,9.909939280930239,9.999999999999998,4.954969640465119,9.999999999999998,4.954969640465119,4.3999999999999995,1.792705526138712,0.0,0.0,0.0,0.0,1.0,0.0
48000.0,5.984375,2.0044591898719473E-6,48000.0,61.0,54.119806126770506,51.31086142322098,39.0625,48000.0,1793632.0,30.0,40.0,229296.83333333337,82021.83325696478,42692.26666666667,19975.09795743679,19.33333333333334,9.952761991747206,10.16666666666667,4.976380995873603,10.16666666666667,4.976380995873603,4.466666666666668,1.7759569219172373,0.0,0.0,0.0,0.0,1.0,0.0
49000.0,6.140625,2.077666318251027E-6,49000.0,64.5,57.89483672092105,55.23329129886507,43.917851500789894,49000.0,1811072.0,30.0,40.0,235300.69999999995,81996.6318329075,43292.000000000015,19707.72991703404,19.666666666666664,9.844772228441096,10.333333333333332,4.922386114220548,10.333333333333332,4.922386114220548,4.5,1.737020834449128,0.0,0.0,0.0,0.0,1.0,0.0
50000.0,6.265625,2.1368692008157574E-6,50000.0,59.099999999999994,53.06780497320619,49.25558312655086,40.46579330422124,50000.0,1830776.0,30.0,40.0,241309.2,81974.06765111125,43933.333333333336,19450.03644236163,20.066666666666663,9.709339028369342,10.533333333333331,4.854669514184671,10.533333333333331,4.854669514184671,4.6,1.6938020891595864,0.0,0.0,0.0,0.0,1.0,0.0
51000.0,6.40625,2.2041077803199494E-6,51000.0,59.199999999999996,52.35069885641677,49.316770186335404,37.327188940092164,51000.0,1848240.0,30.0,40.0,247307.9333333333,81973.69986935607,44451.46666666667,19508.391764135467,20.266666666666662,9.748327295360538,10.633333333333331,4.874163647680269,10.633333333333331,4.874163647680269,4.666666666666666,1.688364508227912,0.0,0.0,0.0,0.0,1.0,0.0
52000.0,6.53125,2.2641643752447437E-6,52000.0,61.3,54.982725929717226,51.19798234552333,41.36363636363637,52000.0,1857176.0,30.0,40.0,253305.76666666663,81975.02438513622,44708.533333333326,19716.161303188135,20.400000000000002,9.898101524691663,10.700000000000001,4.9490507623458315,10.700000000000001,4.9490507623458315,4.666666666666666,1.688364508227912,0.0,0.0,0.0,0.0,1.0,0.0
53000.0,6.703125,2.347278964912726E-6,53000.0,61.1,55.42814191496285,52.84848484848486,43.04538799414348,53000.0,1869248.0,30.0,40.0,259299.2666666667,81963.92500317708,45096.799999999996,20031.092559594308,20.599999999999998,10.053649191659987,10.799999999999999,5.026824595829994,10.799999999999999,5.026824595829994,4.733333333333334,1.7603552410558054,0.0,0.0,0.0,0.0,1.0,0.0
54000.0,6.859375,2.423105438032912E-6,54000.0,59.0,52.79896387969492,49.13151364764267,37.878787878787875,54000.0,1875872.0,30.0,40.0,265276.4,81952.39676897382,45300.53333333333,20153.508827263173,20.666666666666664,10.104056315311615,10.833333333333332,5.0520281576558075,10.833333333333332,5.0520281576558075,4.733333333333334,1.7603552410558054,0.0,0.0,0.0,0.0,1.0,0.0
55000.0,6.96875,2.4764676022136377E-6,55000.0,62.6,57.17952769248031,52.83732660781841,44.51038575667656,55000.0,1885896.0,30.0,40.0,271269.36666666664,81930.1943277633,45643.73333333333,20427.37470757508,20.799999999999994,10.256705123966467,10.899999999999997,5.128352561983234,10.899999999999997,5.128352561983234,4.733333333333334,1.7603552410558054,0.0,0.0,0.0,0.0,1.0,0.0
56000.0,7.0625,2.522406834436374E-6,56000.0,60.9,55.528814712114475,51.787916152897665,42.58443465491923,56000.0,1894152.0,30.0,40.0,277280.0,81925.96319596254,45906.933333333334,20683.93201952921,20.866666666666664,10.331516340066324,10.933333333333332,5.165758170033162,10.933333333333332,5.165758170033162,4.7666666666666675,1.7943077299853158,0.0,0.0,0.0,0.0,1.0,0.0
57000.0,7.171875,2.5764738933907616E-6,57000.0,61.6,55.64283238997343,51.87969924812029,42.77198211624441,57000.0,1910808.0,30.0,40.0,283254.2,81934.36430140813,46458.13333333334,21128.332727493624,21.200000000000003,10.613589207335517,11.100000000000001,5.3067946036677585,11.100000000000001,5.3067946036677585,4.7666666666666675,1.7943077299853158,0.0,0.0,0.0,0.0,1.0,0.0
58000.0,7.28125,2.6306745065893563E-6,58000.0,60.8,54.39346802772691,51.545117428924605,38.84555382215289,58000.0,1915528.0,30.0,40.0,289262.9666666667,81916.55008330476,46604.26666666667,21246.8907825695,21.200000000000003,10.613589207335517,11.100000000000001,5.3067946036677585,11.100000000000001,5.3067946036677585,4.7666666666666675,1.7943077299853158,0.0,0.0,0.0,0.0,1.0,0.0
59000.0,7.4375,2.6941599854682055E-6,59000.0,54.1,45.92735180678041,42.91044776119403,30.45454545454546,59000.0,1570568.0,30.0,55.0,219593.99999999997,149759.64702609082,35723.2,26158.833473938423,15.933333333333334,12.667997510243687,8.466666666666667,6.3339987551218435,8.466666666666667,6.3339987551218435,3.599999999999999,2.7114063026280357,0.0,0.0,0.0,0.0,1.0,0.0
60000.0,7.5625,2.741698570187307E-6,60000.0,55.900000000000006,49.165554302945644,44.247787610619476,34.76331360946747,60000.0,1470072.0,30.0,69.0,200616.86666666667,156425.04227082658,32414.39999999999,26679.101005378205,14.466666666666669,12.810914886528794,7.7333333333333325,6.405457443264397,7.7333333333333325,6.405457443264397,3.2333333333333334,2.725148946683318,0.0,0.0,0.0,0.0,1.0,0.0
61000.0,7.75,2.8143797600124446E-6,61000.0,55.900000000000006,49.4506628152886,44.73684210526316,34.66666666666667,61000.0,1498384.0,30.0,76.0,206179.3,157014.99006742128,33292.26666666668,26562.86820685433,14.73333333333333,12.733158812067543,7.866666666666665,6.366579406033772,7.866666666666665,6.366579406033772,3.3333333333333335,2.7207166060754497,0.0,0.0,0.0,0.0,1.0,0.0
62000.0,7.859375,2.857388753909618E-6,62000.0,55.900000000000006,48.746199548129766,43.964421855146135,34.17910447761195,62000.0,1520000.0,30.0,78.0,211592.19999999998,157807.22577167285,33958.13333333333,26521.512095724825,15.133333333333335,12.735325113522876,8.066666666666665,6.367662556761438,8.066666666666665,6.367662556761438,3.3999999999999995,2.7114063026280357,0.0,0.0,0.0,0.0,1.0,0.0
63000.0,7.96875,2.9009996473582254E-6,63000.0,53.6,46.79149260183868,40.51282051282052,33.23741007194245,63000.0,1541272.0,30.0,80.0,217029.1,158568.5148676574,34590.66666666667,26899.339847473675,15.399999999999999,12.933783615813653,8.2,6.466891807906826,8.2,6.466891807906826,3.3999999999999995,2.7114063026280357,0.0,0.0,0.0,0.0,1.0,0.0
64000.0,8.125,2.965205607728826E-6,64000.0,53.300000000000004,46.993438309783066,42.2029702970297,32.90229885057472,64000.0,1588392.0,30.0,82.0,221904.3666666666,160078.01605154548,36122.13333333334,27957.530347904893,16.333333333333336,13.608651744344499,8.666666666666668,6.8043258721722495,8.666666666666668,6.8043258721722495,3.5,2.8131464774249273,0.0,0.0,0.0,0.0,1.0,0.0
65000.0,8.28125,3.030799497436318E-6,65000.0,55.2,48.977732424651045,46.02409638554217,35.35353535353536,65000.0,1622728.0,30.0,82.0,227887.56666666662,160091.35938984502,37210.666666666664,28725.478938215896,16.799999999999994,13.889713385489078,8.899999999999997,6.944856692744539,8.899999999999997,6.944856692744539,3.5,2.8131464774249273,0.0,0.0,0.0,0.0,1.0,0.0
66000.0,8.421875,3.0929347202699217E-6,66000.0,56.599999999999994,50.22170838179261,45.13274336283185,36.45680819912151,66000.0,1707960.0,30.0,82.0,233887.46666666665,160094.63335224107,40040.26666666667,28022.75335475815,18.266666666666662,13.528853796884318,9.633333333333331,6.764426898442159,9.633333333333331,6.764426898442159,3.7666666666666675,2.6997232723237463,0.0,0.0,0.0,0.0,1.0,0.0
67000.0,8.53125,3.142002096865326E-6,67000.0,59.0,52.543000671342924,49.693251533742334,39.705882352941174,67000.0,1734112.0,30.0,82.0,239872.03333333333,160099.63784414515,40892.26666666666,27787.11653705145,18.46666666666666,13.307330967224958,9.73333333333333,6.653665483612479,9.73333333333333,6.653665483612479,3.8333333333333344,2.6272226496006605,0.0,0.0,0.0,0.0,1.0,0.0
68000.0,8.65625,3.1984283446541263E-6,68000.0,54.7,48.1416271623396,42.58555133079849,33.48017621145375,68000.0,1744912.0,30.0,82.0,245851.0,160097.06360980755,41166.66666666667,27976.080114531997,18.6,13.415379748374752,9.8,6.707689874187376,9.8,6.707689874187376,3.8333333333333344,2.6272226496006605,0.0,0.0,0.0,0.0,1.0,0.0
69000.0,8.78125,3.2556265553769967E-6,69000.0,58.9,52.552524124905766,48.43161856963613,38.930163447251104,69000.0,1768784.0,30.0,82.0,251860.76666666663,160106.3408429413,41946.399999999994,27859.762240736098,19.0,13.380376779396784,10.0,6.690188389698392,10.0,6.690188389698392,3.9666666666666672,2.6061377597871735,0.0,0.0,0.0,0.0,1.0,0.0
70000.0,8.90625,3.3139935759310095E-6,70000.0,60.5,54.87055275003999,50.80946450809465,43.32855093256814,70000.0,1804928.0,30.0,82.0,257873.46666666662,160119.55008265312,43174.40000000001,28309.646375457403,19.866666666666664,13.833326409082883,10.433333333333332,6.916663204541441,10.433333333333332,6.916663204541441,4.0,2.58643677139299,0.0,0.0,0.0,0.0,1.0,0.0
71000.0,9.09375,3.4043404027923116E-6,71000.0,59.199999999999996,53.44527766240523,51.07913669064747,40.69767441860465,71000.0,1862576.0,30.0,82.0,263857.39999999997,160122.21409600513,45107.200000000004,28043.644770742376,20.8,13.629076422778288,10.9,6.814538211389144,10.9,6.814538211389144,4.166666666666666,2.492517538185222,0.0,0.0,0.0,0.0,1.0,0.0
72000.0,9.203125,3.4583472491552435E-6,72000.0,58.4,51.66449582931989,49.08200734394125,36.8740515933232,72000.0,1908680.0,30.0,82.0,269868.06666666665,160112.04589716138,46624.8,27980.556587104158,21.466666666666665,13.622327851433981,11.233333333333333,6.811163925716991,11.233333333333333,6.811163925716991,4.2333333333333325,2.4023455970813385,0.0,0.0,0.0,0.0,1.0,0.0
73000.0,9.359375,3.5383323362718028E-6,73000.0,56.99999999999999,50.866295764331895,47.17444717444717,37.590711175616825,73000.0,1978752.0,30.0,82.0,275851.4666666667,160106.16067531102,48941.333333333336,27013.401350177046,22.600000000000005,13.124339063818374,11.800000000000002,6.562169531909187,11.800000000000002,6.562169531909187,4.366666666666667,2.204749314600162,0.0,0.0,0.0,0.0,1.0,0.0
74000.0,9.453125,3.5871082218363883E-6,74000.0,56.39999999999999,49.95379909205172,45.838509316770185,35.215453194650806,74000.0,2011112.0,30.0,82.0,281850.1666666666,160101.23466130646,49968.8,27511.04700799048,23.13333333333333,13.482385272780117,12.066666666666665,6.741192636390059,12.066666666666665,6.741192636390059,4.366666666666667,2.204749314600162,0.0,0.0,0.0,0.0,1.0,0.0
75000.0,9.59375,3.6622618790715933E-6,75000.0,56.3,50.3276443141066,45.44319600499375,37.30272596843614,75000.0,2065808.0,30.0,82.0,287808.2333333333,160099.10855352486,51753.60000000001,26928.183448470543,24.000000000000004,13.180445285764609,12.5,6.590222642882304,12.5,6.590222642882304,4.566666666666667,2.045741301158181,0.0,0.0,0.0,0.0,1.0,0.0
76000.0,9.78125,3.763110532114903E-6,76000.0,58.3,52.73780703424639,48.897058823529406,39.739884393063576,76000.0,2079080.0,30.0,82.0,293811.8333333333,160077.41669279968,52188.799999999996,27083.81828935932,24.26666666666667,13.52885379688432,12.633333333333333,6.764426898442159,12.633333333333333,6.764426898442159,4.633333333333334,2.157318471738873,0.0,0.0,0.0,0.0,1.0,0.0
77000.0,9.90625,3.831304299334685E-6,77000.0,55.60000000000001,49.72900081860209,44.91315136476427,37.19943422913721,77000.0,2108808.0,30.0,82.0,299828.1666666666,160081.3190074912,53174.93333333333,27700.30020867237,24.53333333333333,13.56143958723265,12.766666666666666,6.780719793616326,12.766666666666666,6.780719793616326,4.7333333333333325,2.1961303480775283,0.0,0.0,0.0,0.0,1.0,0.0
78000.0,10.015625,3.891601097873516E-6,78000.0,58.5,52.34508132340579,47.33502538071066,38.7905604719764,78000.0,2130976.0,30.0,82.0,305816.7666666667,160087.57254200577,53892.26666666667,28068.62508448416,24.93333333333333,13.811372958127865,12.966666666666665,6.905686479063933,12.966666666666665,6.905686479063933,4.766666666666666,2.2078751422302307,0.0,0.0,0.0,0.0,1.0,0.0
79000.0,10.203125,3.996552614909079E-6,79000.0,55.400000000000006,49.829295866541436,45.609756097560975,36.73758865248227,79000.0,2163664.0,30.0,82.0,311824.69999999995,160091.75027941816,54964.26666666667,29058.50769471271,25.466666666666665,14.35205940607139,13.233333333333333,7.176029703035695,13.233333333333333,7.176029703035695,4.8,2.2499042125204447,0.0,0.0,0.0,0.0,1.0,0.0
80000.0,10.375,4.09343473923703E-6,80000.0,58.599999999999994,52.60294548651817,49.87893462469733,38.93805309734513,80000.0,2178880.0,30.0,82.0,317832.70000000007,160090.27750145574,55469.066666666666,29266.27735587949,25.66666666666667,14.387095111492327,13.333333333333336,7.1935475557461634,13.333333333333336,7.1935475557461634,4.833333333333333,2.2141135586447933,0.0,0.0,0.0,0.0,1.0,0.0
81000.0,10.53125,4.182788026001718E-6,81000.0,59.099999999999994,53.54616534384924,49.38118811881188,41.820768136557604,81000.0,2210512.0,30.0,82.0,323814.89999999997,160087.33394971504,56511.46666666667,29180.514003335353,26.2,14.312762570999112,13.6,7.156381285499556,13.6,7.156381285499556,4.966666666666667,2.125109868694555,0.0,0.0,0.0,0.0,1.0,0.0
82000.0,10.6875,4.272937787593239E-6,82000.0,56.99999999999999,51.290793960058444,47.303921568627445,38.57142857142857,82000.0,2230216.0,30.0,82.0,329805.13333333324,160089.38105207594,57153.600000000006,28683.08986577764,26.53333333333333,14.13904677402833,13.766666666666666,7.069523387014165,13.766666666666666,7.069523387014165,5.0666666666666655,2.116166562333936,0.0,0.0,0.0,0.0,1.0,0.0
83000.0,10.875,4.381596356526846E-6,83000.0,58.8,53.02493213128847,47.97979797979798,38.59910581222056,83000.0,2240088.0,30.0,82.0,335822.6666666667,160078.6411879321,57465.33333333333,28926.754328026902,26.53333333333333,14.13904677402833,13.766666666666666,7.069523387014165,13.766666666666666,7.069523387014165,5.0666666666666655,2.116166562333936,0.0,0.0,0.0,0.0,1.0,0.0
84000.0,11.03125,4.4726266706776295E-6,84000.0,60.699999999999996,54.28106095858539,51.71990171990172,40.27355623100304,84000.0,2252000.0,30.0,82.0,341820.2666666666,160078.74326242742,57832.0,29018.70871434971,26.733333333333334,14.178500804297727,13.866666666666667,7.089250402148863,13.866666666666667,7.089250402148863,5.0666666666666655,2.116166562333936,0.0,0.0,0.0,0.0,1.0,0.0
85000.0,11.15625,4.5460733559189575E-6,85000.0,61.4,55.274067997321076,52.34567901234567,41.86746987951807,85000.0,2271248.0,30.0,82.0,347810.0666666667,160053.33004667505,58453.33333333333,28956.854188701967,27.066666666666666,14.195514914160771,14.033333333333333,7.097757457080386,14.033333333333333,7.097757457080386,5.2,2.1237572430921117,0.0,0.0,0.0,0.0,1.0,0.0
86000.0,11.3125,4.63880786103093E-6,86000.0,58.8,52.77872016577878,49.817295980511574,40.376266280752525,86000.0,2294160.0,30.0,82.0,353807.4333333333,160059.23744851106,59200.26666666666,28570.836270011703,27.53333333333333,13.86569404192837,14.266666666666666,6.932847020964185,14.266666666666666,6.932847020964185,5.299999999999999,2.119694187442109,0.0,0.0,0.0,0.0,1.0,0.0
87000.0,11.46875,4.732931265607477E-6,87000.0,58.5,52.55288352704714,48.4472049689441,39.68023255813954,87000.0,2328520.0,30.0,82.0,359808.23333333334,160074.2060140004,60334.666666666664,27803.38980738876,27.933333333333334,13.5822737757542,14.466666666666667,6.7911368878771,14.466666666666667,6.7911368878771,5.433333333333334,2.045741301158181,0.0,0.0,0.0,0.0,1.0,0.0
88000.0,11.640625,4.8374423770130514E-6,88000.0,58.099999999999994,51.89321441733957,48.9646772228989,38.20058997050147,88000.0,2350456.0,30.0,82.0,365829.7333333333,160053.97071460818,61050.666666666664,27897.29596256577,28.26666666666667,13.670843208192702,14.633333333333335,6.835421604096351,14.633333333333335,6.835421604096351,5.433333333333334,2.045741301158181,0.0,0.0,0.0,0.0,1.0,0.0
89000.0,11.765625,4.914940315453957E-6,89000.0,56.599999999999994,51.22839271707298,46.87882496940024,38.70056497175141,89000.0,2396528.0,30.0,82.0,371813.1333333333,160066.949631479,62570.133333333346,28000.811017482723,29.2,13.899640283115243,15.1,6.9498201415576215,15.1,6.9498201415576215,5.533333333333333,1.978040363127335,0.0,0.0,0.0,0.0,1.0,0.0
90000.0,11.9375,5.000519643848142E-6,90000.0,49.3,41.71308351583921,35.33163265306122,21.15085536547434,90000.0,1924680.0,30.0,96.0,269943.1,224764.6999203834,47545.06666666667,37683.705959247,21.93333333333333,18.44083424946095,11.466666666666665,9.220417124730474,11.466666666666665,9.220417124730474,3.933333333333333,3.128658777675577,0.0,0.0,0.0,0.0,1.0,0.0
91000.0,12.046875,5.0463758331413075E-6,91000.0,50.6,41.643710042479604,37.38910012674271,22.327044025157235,91000.0,1620624.0,30.0,105.0,203677.7,214600.6635626451,37418.933333333334,37188.53462072392,16.933333333333337,18.129673396706966,8.966666666666669,9.064836698353483,8.966666666666669,9.064836698353483,2.9,2.8809720581775866,0.0,0.0,0.0,0.0,1.0,0.0
92000.0,12.15625,5.0889341380550636E-6,92000.0,51.300000000000004,39.132760573026935,37.64404609475032,23.427672955974845,92000.0,1504072.0,30.0,113.0,173050.33333333334,209953.68460840045,33517.066666666666,37955.76974260992,15.066666666666666,18.491252980304203,8.033333333333333,9.245626490152102,8.033333333333333,9.245626490152102,2.466666666666667,2.8855565809058734,0.0,0.0,0.0,0.0,1.0,0.0
93000.0,12.265625,5.131928871075313E-6,93000.0,55.400000000000006,43.941538314575965,43.47275031685679,29.65299684542588,93000.0,1519496.0,30.0,113.0,179012.23333333337,209975.63190780403,33912.0,38376.21493258193,15.199999999999998,18.54983966842134,8.100000000000001,9.274919834210667,8.100000000000001,9.274919834210667,2.5000000000000004,2.9095561931984246,0.0,0.0,0.0,0.0,1.0,0.0
94000.0,12.4375,5.200243289841133E-6,94000.0,55.2,43.19773906714966,44.278606965174134,29.225908372827814,94000.0,1536392.0,30.0,113.0,185021.1333333333,209963.519811342,34400.0,38698.70557222189,15.399999999999999,18.602187487237753,8.2,9.301093743618875,8.2,9.301093743618875,2.533333333333333,2.944701065951532,0.0,0.0,0.0,0.0,1.0,0.0
95000.0,12.5625,5.2501094048946275E-6,95000.0,51.1,36.06848647044443,36.903225806451616,22.748815165876778,95000.0,1542048.0,30.0,113.0,191021.76666666663,209947.69834359048,34554.933333333334,38844.73203793341,15.399999999999999,18.602187487237753,8.2,9.301093743618875,8.2,9.301093743618875,2.533333333333333,2.944701065951532,0.0,0.0,0.0,0.0,1.0,0.0
96000.0,12.671875,5.293938286033357E-6,96000.0,52.400000000000006,39.944789579664,39.59390862944163,27.10566615620215,96000.0,1548976.0,30.0,113.0,197008.90000000002,209947.3544776453,34756.0,39162.12947610801,15.600000000000001,18.97475637025005,8.299999999999999,9.487378185125024,8.299999999999999,9.487378185125024,2.533333333333333,2.944701065951532,0.0,0.0,0.0,0.0,1.0,0.0
97000.0,12.828125,5.357117851316516E-6,97000.0,54.900000000000006,42.63619134836748,44.25216316440051,30.61538461538462,97000.0,1563000.0,30.0,113.0,203012.26666666666,209949.7556687664,35197.60000000001,39448.79874714949,15.93333333333333,19.06600754427001,8.466666666666663,9.533003772135004,8.466666666666663,9.533003772135004,2.6333333333333333,3.022710970171545,0.0,0.0,0.0,0.0,1.0,0.0
98000.0,12.953125,5.408364652086878E-6,98000.0,54.7,40.72449583108707,39.68042609853529,27.635782747603844,98000.0,1584744.0,30.0,113.0,209009.63333333333,209954.86894904973,35890.666666666664,39758.90621312875,16.2,19.180449816738236,8.599999999999998,9.590224908369118,8.599999999999998,9.590224908369118,2.6666666666666665,3.0550504633038935,0.0,0.0,0.0,0.0,1.0,0.0
99000.0,13.125,5.4801736001132276E-6,99000.0,51.6,37.0321318266146,38.96595208070618,24.018838304552595,99000.0,1614984.0,30.0,113.0,214982.09999999995,209955.78867767737,36864.26666666666,40659.86185750345,16.73333333333333,19.706349988900975,8.866666666666665,9.853174994450487,8.866666666666665,9.853174994450487,2.733333333333334,3.1065374152975656,0.0,0.0,0.0,0.0,1.0,0.0
100000.0,13.25,5.532729426502355E-6,100000.0,55.00000000000001,42.085687442890055,42.01030927835052,30.124223602484477,100000.0,1625224.0,30.0,113.0,220979.46666666665,209934.70405831086,37193.86666666667,41066.741986197536,16.73333333333333,19.706349988900975,8.866666666666665,9.853174994450487,8.866666666666665,9.853174994450487,2.733333333333334,3.1065374152975656,0.0,0.0,0.0,0.0,1.0,0.0
101000.0,13.390625,5.59494439383141E-6,101000.0,53.5,40.139956643306235,41.94756554307117,28.57142857142858,101000.0,1710152.0,30.0,113.0,227004.49999999997,209969.74658035202,39973.33333333333,40706.045618372926,18.266666666666666,19.50054523257789,9.633333333333333,9.750272616288944,9.633333333333333,9.750272616288944,3.233333333333333,2.824563845895545,0.0,0.0,0.0,0.0,1.0,0.0
102000.0,13.53125,5.661113116528013E-6,102000.0,52.900000000000006,38.29562291944239,38.10775295663601,25.11923688394277,102000.0,1818832.0,30.0,113.0,233014.39999999997,209982.719122411,43548.8,38587.29711151604,19.866666666666667,18.559751286482584,10.433333333333334,9.279875643241292,10.433333333333334,9.279875643241292,3.6999999999999993,2.3510819226255286,0.0,0.0,0.0,0.0,1.0,0.0
103000.0,13.640625,5.713494222921631E-6,103000.0,52.2,39.27629539668585,39.64646464646465,28.120300751879697,103000.0,1851224.0,30.0,113.0,238994.03333333333,209999.88757952378,44629.86666666666,38237.94823139869,20.266666666666666,18.506165483955346,10.633333333333333,9.253082741977673,10.633333333333333,9.253082741977673,3.8666666666666667,2.224213667070142,0.0,0.0,0.0,0.0,1.0,0.0
104000.0,13.796875,5.788805881618627E-6,104000.0,56.10000000000001,43.77907095875254,43.57326478149101,30.537974683544313,104000.0,1863136.0,30.0,113.0,244993.4666666667,209994.64605026174,45013.866666666676,38485.99129977604,20.33333333333334,18.497592263325245,10.66666666666667,9.248796131662623,10.66666666666667,9.248796131662623,3.8666666666666667,2.224213667070142,0.0,0.0,0.0,0.0,1.0,0.0
105000.0,13.9375,5.857370140600123E-6,105000.0,57.199999999999996,47.040058998364174,45.057766367137354,33.54037267080745,105000.0,1884680.0,30.0,113.0,250987.06666666665,210010.3327669664,45743.73333333333,38685.49265902225,20.799999999999994,18.844920654721754,10.899999999999997,9.422460327360877,10.899999999999997,9.422460327360877,3.9,2.2946714887711726,0.0,0.0,0.0,0.0,1.0,0.0
106000.0,14.078125,5.926945466651686E-6,106000.0,57.8,45.761979919079955,46.51457541191381,31.045751633986917,106000.0,1912472.0,30.0,113.0,256980.56666666677,210020.8729021924,46664.8,39398.98334974017,21.2,19.14265862701273,11.1,9.571329313506364,11.1,9.571329313506364,3.9666666666666663,2.2511810437976822,0.0,0.0,0.0,0.0,1.0,0.0
107000.0,14.21875,5.9974864577978035E-6,107000.0,57.199999999999996,46.04073924187239,45.057766367137354,33.437013996889576,107000.0,1939016.0,30.0,113.0,262992.93333333335,210006.90977826438,47548.53333333333,39511.40940742205,21.933333333333334,19.55175860038723,11.466666666666667,9.775879300193616,11.466666666666667,9.775879300193616,4.166666666666668,2.2906606987464575,0.0,0.0,0.0,0.0,1.0,0.0
108000.0,14.375,6.077117771686367E-6,108000.0,55.900000000000006,45.8576830525954,44.106463878327006,32.87671232876713,108000.0,1970000.0,30.0,113.0,269006.4333333333,210025.6382708588,48559.19999999999,40658.41089080483,22.2,19.907371706879392,11.6,9.953685853439696,11.6,9.953685853439696,4.166666666666668,2.2906606987464575,0.0,0.0,0.0,0.0,1.0,0.0
109000.0,14.515625,6.149898011547825E-6,109000.0,56.49999999999999,45.197816983385486,44.86692015209125,31.711145996860274,109000.0,2000568.0,30.0,113.0,275001.93333333335,210026.1017839143,49572.533333333326,40859.76154312356,22.66666666666667,19.931491861275507,11.833333333333336,9.965745930637754,11.833333333333336,9.965745930637754,4.333333333333333,2.23349630559946,0.0,0.0,0.0,0.0,1.0,0.0
110000.0,14.671875,6.231557539043328E-6,110000.0,60.099999999999994,49.98865657498756,49.30114358322745,37.46081504702194,110000.0,2020176.0,30.0,113.0,280968.2666666666,210027.8388939861,50217.33333333333,41061.46275283309,22.93333333333333,19.906563349001654,11.966666666666665,9.953281674500827,11.966666666666665,9.953281674500827,4.433333333333334,2.16051292334807,0.0,0.0,0.0,0.0,1.0,0.0
111000.0,14.828125,6.314417437857225E-6,111000.0,58.3,47.88613933771656,46.26288659793814,35.14774494556765,111000.0,2049872.0,30.0,113.0,286976.5666666667,210044.8228252777,51173.06666666667,41292.04467334776,23.53333333333333,20.239485705155538,12.266666666666666,10.119742852577769,12.266666666666666,10.119742852577769,4.533333333333333,2.096521475885848,0.0,0.0,0.0,0.0,1.0,0.0
112000.0,14.984375,6.398622580390011E-6,112000.0,56.3,46.19717442826802,43.758043758043755,32.66563944530046,112000.0,2083152.0,30.0,113.0,292987.0333333333,210047.37264910495,52237.33333333332,42030.25791295939,23.933333333333326,20.441562348909827,12.466666666666663,10.220781174454913,12.466666666666663,10.220781174454913,4.533333333333333,2.096521475885848,0.0,0.0,0.0,0.0,1.0,0.0
113000.0,15.140625,6.483554348556533E-6,113000.0,60.0,49.99131099028456,49.30291508238277,36.70886075949367,113000.0,2101128.0,30.0,113.0,298983.0,210040.60997373326,52827.46666666665,42447.445500275404,24.266666666666666,20.70137981963477,12.633333333333333,10.350689909817385,12.633333333333333,10.350689909817385,4.533333333333333,2.096521475885848,0.0,0.0,0.0,0.0,1.0,0.0
114000.0,15.28125,6.561021178236439E-6,114000.0,56.699999999999996,47.196989374766005,47.066014669926645,34.88721804511277,114000.0,2129392.0,30.0,113.0,304992.86666666664,210032.59162670418,53759.46666666667,42444.271587604126,24.599999999999994,20.573836750122464,12.799999999999997,10.286918375061232,12.799999999999997,10.286918375061232,4.566666666666666,2.079179767539865,0.0,0.0,0.0,0.0,1.0,0.0
115000.0,15.4375,6.648225308809844E-6,115000.0,58.8,48.947728421741324,48.24120603015075,35.9253499222395,115000.0,2157344.0,30.0,113.0,311022.33333333343,210030.4070843624,54696.8,42758.13652789293,25.066666666666666,20.761259235833244,13.033333333333333,10.380629617916622,13.033333333333333,10.380629617916622,4.6,2.0443361623831797,0.0,0.0,0.0,0.0,1.0,0.0
116000.0,15.578125,6.728130457405415E-6,116000.0,55.00000000000001,44.04919691947312,45.188794153471385,30.124223602484477,116000.0,2196416.0,30.0,113.0,317048.9,210008.79288970178,55980.799999999996,42615.836414048776,25.666666666666664,20.62695480112894,13.333333333333332,10.31347740056447,13.333333333333332,10.31347740056447,4.699999999999999,1.9324809853193097,0.0,0.0,0.0,0.0,1.0,0.0
117000.0,15.71875,6.8091744388867586E-6,117000.0,58.699999999999996,50.11601348437834,47.38853503184713,37.51891074130105,117000.0,2227720.0,30.0,113.0,323057.8333333333,210012.3043331416,57001.86666666666,42113.795354420654,26.13333333333333,20.319403557180024,13.566666666666665,10.159701778590012,13.566666666666665,10.159701778590012,4.833333333333333,1.8769625744130134,0.0,0.0,0.0,0.0,1.0,0.0
118000.0,15.859375,6.890933501482424E-6,118000.0,58.4,47.96494137925427,45.691906005221924,33.86327503974562,118000.0,2247376.0,30.0,113.0,329062.0333333333,209990.5624916286,57664.26666666667,41897.72598465288,26.466666666666672,20.16438193574439,13.733333333333336,10.082190967872195,13.733333333333336,10.082190967872195,4.933333333333333,1.8557149999176978,0.0,0.0,0.0,0.0,1.0,0.0
119000.0,16.03125,6.991697882767767E-6,119000.0,60.4,50.742470190487325,50.06305170239597,36.12903225806451,119000.0,2266192.0,30.0,113.0,335059.8,209980.5449267901,58305.86666666667,41846.79792778887,26.666666666666668,20.179083286880267,13.833333333333334,10.089541643440134,13.833333333333334,10.089541643440134,4.966666666666667,1.8473342085721578,0.0,0.0,0.0,0.0,1.0,0.0
120000.0,16.203125,7.093770222531425E-6,120000.0,61.199999999999996,52.82083957018325,49.87080103359173,39.0894819466248,120000.0,2295608.0,30.0,113.0,341055.0000000001,209971.14680749632,59307.46666666667,41404.329405254844,27.33333333333333,20.007469869394097,14.166666666666664,10.003734934697048,14.166666666666664,10.003734934697048,5.033333333333332,1.7710961603468633,0.0,0.0,0.0,0.0,1.0,0.0
121000.0,16.359375,7.188026211224497E-6,121000.0,60.099999999999994,51.76079155825942,47.70642201834862,37.46081504702194,121000.0,2331800.0,30.0,113.0,347057.6333333333,209956.6819139348,60501.59999999999,41145.59440412746,27.799999999999997,19.705416724237576,14.399999999999999,9.852708362118788,14.399999999999999,9.852708362118788,5.0666666666666655,1.7406565018610838,0.0,0.0,0.0,0.0,1.0,0.0
122000.0,16.515625,7.27184685981936E-6,122000.0,47.4,37.96738216456097,35.69682151589241,25.28409090909091,122000.0,2073640.0,30.0,123.0,284994.13333333336,257423.82135795697,52586.399999999994,46820.690511486624,23.999999999999996,22.40535650240808,12.499999999999998,11.20267825120404,12.499999999999998,11.20267825120404,3.9,2.7835724998765463,0.0,0.0,0.0,0.0,1.0,0.0
123000.0,16.671875,7.3347357101738455E-6,123000.0,47.699999999999996,39.445164875879954,36.297198538367844,28.454172366621062,123000.0,1555808.0,30.0,134.0,184737.30000000002,257032.2151848634,35372.80000000001,45685.04285710119,15.799999999999999,21.773758327953814,8.4,10.886879163976907,8.4,10.886879163976907,2.533333333333333,2.9911747586494526,0.0,0.0,0.0,0.0,1.0,0.0
124000.0,16.828125,7.39844270154006E-6,124000.0,47.599999999999994,39.045952837387624,33.16326530612245,25.77903682719547,124000.0,1576048.0,30.0,136.0,190318.16666666666,257338.46309924524,35905.066666666666,45891.34339444779,16.000000000000004,21.819004686677197,8.5,10.909502343338598,8.5,10.909502343338598,2.5666666666666673,3.013570837959894,0.0,0.0,0.0,0.0,1.0,0.0
125000.0,16.96875,7.456533365055091E-6,125000.0,47.699999999999996,40.081617315152364,37.13942307692307,28.940217391304344,125000.0,1596784.0,30.0,136.0,196326.7666666667,257315.5250143808,36503.46666666667,46321.390149270344,16.266666666666666,21.974802707259702,8.633333333333333,10.987401353629851,8.633333333333333,10.987401353629851,2.6,3.0354230518081455,0.0,0.0,0.0,0.0,1.0,0.0
126000.0,17.078125,7.50239747705766E-6,126000.0,49.4,42.89106640211461,37.29863692688971,31.713900134952766,126000.0,1620904.0,30.0,136.0,202335.43333333332,257324.7556573524,37263.46666666667,47052.173744159525,16.666666666666664,22.327242264248326,8.833333333333332,11.163621132124163,8.833333333333332,11.163621132124163,2.6,3.0354230518081455,0.0,0.0,0.0,0.0,1.0,0.0
127000.0,17.203125,7.555515460100853E-6,127000.0,51.7,44.888744866837285,40.80882352941176,33.83561643835616,127000.0,1642608.0,30.0,136.0,208354.19999999998,257302.77858255524,37915.466666666674,47175.05967303087,17.2,22.402893901735418,9.1,11.201446950867709,9.1,11.201446950867709,2.7333333333333343,3.050532269364935,0.0,0.0,0.0,0.0,1.0,0.0
128000.0,17.359375,7.622884683466207E-6,128000.0,45.800000000000004,38.892120916933884,33.49693251533743,26.954177897574127,128000.0,1666648.0,30.0,136.0,214350.7333333333,257327.0267150254,38657.066666666666,47395.31375563836,17.333333333333336,22.44431167215385,9.166666666666668,11.222155836076926,9.166666666666668,11.222155836076926,2.7333333333333343,3.050532269364935,0.0,0.0,0.0,0.0,1.0,0.0
129000.0,17.5,7.68366774233679E-6,129000.0,49.7,41.97086776049082,37.04630788485607,28.652482269503544,129000.0,1670792.0,30.0,136.0,220349.93333333338,257329.87983278197,38778.4,47445.72628811679,17.333333333333336,22.44431167215385,9.166666666666668,11.222155836076926,9.166666666666668,11.222155836076926,2.7333333333333343,3.050532269364935,0.0,0.0,0.0,0.0,1.0,0.0
130000.0,17.640625,7.747074511523049E-6,130000.0,49.9,43.48204737129475,38.9768574908648,32.11382113821138,130000.0,1742912.0,30.0,136.0,226321.86666666667,257322.02684503476,41184.0,46281.2945785019,18.600000000000005,21.85469254432321,9.800000000000002,10.927346272161605,9.800000000000002,10.927346272161605,3.3,2.6800669060099334,0.0,0.0,0.0,0.0,1.0,0.0
131000.0,17.796875,7.821021523947518E-6,131000.0,53.800000000000004,47.26743741432386,44.337349397590366,35.02109704641351,131000.0,1829376.0,30.0,136.0,232323.8,257338.47816504908,44070.13333333333,44666.62963882493,20.133333333333333,20.987242977963827,10.566666666666666,10.493621488981914,10.566666666666666,10.493621488981914,3.6333333333333333,2.3412836640190138,0.0,0.0,0.0,0.0,1.0,0.0
132000.0,17.90625,7.873630804371917E-6,132000.0,54.50000000000001,49.230762364262034,45.246690734055356,37.67123287671234,132000.0,1859288.0,30.0,136.0,238334.1666666667,257338.31536608384,45029.6,44293.81555150047,20.466666666666665,20.804066799601923,10.733333333333333,10.402033399800962,10.733333333333333,10.402033399800962,3.7,2.2613697405440525,0.0,0.0,0.0,0.0,1.0,0.0
133000.0,18.046875,7.941697678890908E-6,133000.0,53.7,47.28608739807315,42.41293532338308,33.28530259365995,133000.0,1871008.0,30.0,136.0,244344.06666666668,257341.38654337038,45412.26666666667,44216.02781246461,20.666666666666664,20.778525607866925,10.833333333333332,10.389262803933462,10.833333333333332,10.389262803933462,3.733333333333333,2.273283108623742,0.0,0.0,0.0,0.0,1.0,0.0
134000.0,18.21875,8.02565068523917E-6,134000.0,50.6,43.960368409529465,38.40399002493765,30.12729844413013,134000.0,1888104.0,30.0,136.0,250350.36666666667,257336.53524659688,45950.93333333335,44345.576672416784,20.933333333333326,20.8606763095532,10.966666666666663,10.4303381547766,10.966666666666663,10.4303381547766,3.7666666666666666,2.25424248815479,0.0,0.0,0.0,0.0,1.0,0.0
135000.0,18.359375,8.094971934850845E-6,135000.0,55.7,49.47375144279243,45.37607891491986,36.89458689458691,135000.0,1905488.0,30.0,136.0,256341.2,257283.9209209184,46504.53333333334,44069.952766133014,21.399999999999995,21.109893088476234,11.199999999999998,10.554946544238117,11.199999999999998,10.554946544238117,3.8999999999999995,2.17112715045625,0.0,0.0,0.0,0.0,1.0,0.0
136000.0,18.53125,8.180938990941892E-6,136000.0,51.0,45.153592327771086,40.461725394896725,32.03883495145631,136000.0,1933400.0,30.0,136.0,262351.3666666666,257277.808891543,47420.0,44733.37270909755,21.53333333333333,21.172091801812304,11.266666666666666,10.586045900906152,11.266666666666666,10.586045900906152,3.9333333333333336,2.1485092399203194,0.0,0.0,0.0,0.0,1.0,0.0
137000.0,18.71875,8.276285079773515E-6,137000.0,53.400000000000006,47.621499014250105,43.239951278928146,35.45706371191136,137000.0,1965640.0,30.0,136.0,268349.2,257267.07271994537,48489.06666666666,45163.66992734034,22.000000000000004,21.429917855893542,11.500000000000002,10.714958927946771,11.500000000000002,10.714958927946771,3.9666666666666663,2.125109868694555,0.0,0.0,0.0,0.0,1.0,0.0
138000.0,18.84375,8.340508049716137E-6,138000.0,55.1,49.448322449898676,44.292803970223325,35.6733524355301,138000.0,1986016.0,30.0,136.0,274353.7,257259.0176704579,49164.26666666667,45071.20461190067,22.333333333333332,21.42079771419925,11.666666666666666,10.710398857099625,11.666666666666666,10.710398857099625,4.033333333333333,2.0758601596203077,0.0,0.0,0.0,0.0,1.0,0.0
139000.0,19.015625,8.430214365944265E-6,139000.0,53.800000000000004,48.289235542532104,43.52078239608802,35.92233009708738,139000.0,2017496.0,30.0,136.0,280356.7,257270.3980182973,50191.2,45048.251506043205,22.8,21.356417108778754,11.9,10.678208554389377,11.9,10.678208554389377,4.1,2.073644135332772,0.0,0.0,0.0,0.0,1.0,0.0
140000.0,19.140625,8.495816986800895E-6,140000.0,53.800000000000004,48.52298860820424,41.813602015113354,35.744089012517385,140000.0,2028680.0,30.0,136.0,286359.9,257263.35582036388,50507.200000000004,45158.78477824969,22.866666666666667,21.385998212387236,11.933333333333334,10.692999106193618,11.933333333333334,10.692999106193618,4.1,2.073644135332772,0.0,0.0,0.0,0.0,1.0,0.0
141000.0,19.296875,8.57849482498649E-6,141000.0,53.1,48.26397506963404,43.151515151515156,36.1904761904762,141000.0,2045368.0,30.0,136.0,292340.46666666656,257249.755613266,51043.466666666674,45194.81235696867,23.13333333333333,21.379547644215123,12.066666666666665,10.689773822107561,12.066666666666665,10.689773822107561,4.199999999999999,2.0744754218505626,0.0,0.0,0.0,0.0,1.0,0.0
142000.0,19.4375,8.654356578416708E-6,142000.0,52.0,46.819589890404046,40.37267080745342,33.793103448275865,142000.0,2085272.0,30.0,136.0,298343.29999999993,257233.20704200264,52355.2,44887.08548653903,23.733333333333334,21.318493401728468,12.366666666666667,10.659246700864234,12.366666666666667,10.659246700864234,4.433333333333333,2.0625283000496615,0.0,0.0,0.0,0.0,1.0,0.0
143000.0,19.453125,8.662851210424884E-6,143000.0,53.5,47.71379995862082,44.642857142857146,35.236768802228426,143000.0,2101488.0,30.0,136.0,304361.4666666667,257222.9807005283,52893.333333333336,44863.547999756294,23.933333333333334,21.26180537527545,12.466666666666667,10.630902687637725,12.466666666666667,10.630902687637725,4.466666666666666,2.0800088417141875,0.0,0.0,0.0,0.0,1.0,0.0
144000.0,19.625,8.756502033469992E-6,144000.0,55.800000000000004,51.04315733976049,46.746987951807235,38.78116343490306,144000.0,2106208.0,30.0,136.0,310360.13333333336,257229.57567146033,53027.2,45006.696211671166,24.066666666666666,21.3976043346999,12.533333333333333,10.69880216734995,12.533333333333333,10.69880216734995,4.499999999999999,2.1131770492269006,0.0,0.0,0.0,0.0,1.0,0.0
145000.0,19.734375,8.816558208006124E-6,145000.0,54.1,47.82377394394296,42.19143576826197,34.051724137931046,145000.0,2122472.0,30.0,136.0,316363.2,257224.71827827496,53566.39999999999,45733.12156835794,24.266666666666662,21.734976314739775,12.633333333333331,10.867488157369888,12.633333333333331,10.867488157369888,4.499999999999999,2.1131770492269006,0.0,0.0,0.0,0.0,1.0,0.0
146000.0,19.90625,8.912030639799519E-6,146000.0,58.8,53.580603001487226,48.946716232961585,41.47727272727273,146000.0,2147176.0,30.0,136.0,322370.23333333334,257222.23034079967,54378.66666666666,46157.84269546022,24.733333333333334,22.051559227587877,12.866666666666667,11.025779613793938,12.866666666666667,11.025779613793938,4.566666666666666,2.0625283000496615,0.0,0.0,0.0,0.0,1.0,0.0
147000.0,20.046875,8.990546080490782E-6,147000.0,57.4,51.911897177250935,46.549560853199495,39.31623931623932,147000.0,2158216.0,30.0,136.0,328396.8,257229.71211142026,54755.46666666666,46624.35957939268,24.93333333333333,22.29880673061219,12.966666666666665,11.149403365306094,12.966666666666665,11.149403365306094,4.566666666666666,2.0625283000496615,0.0,0.0,0.0,0.0,1.0,0.0
148000.0,20.1875,9.069436087480023E-6,148000.0,57.699999999999996,52.00626301248631,48.72727272727273,39.224137931034484,148000.0,2168512.0,30.0,136.0,334395.06666666677,257231.99200532946,55113.86666666667,46952.01537867719,25.066666666666663,22.452913693624115,13.033333333333331,11.226456846812058,13.033333333333331,11.226456846812058,4.566666666666666,2.0625283000496615,0.0,0.0,0.0,0.0,1.0,0.0
149000.0,20.34375,9.158634477191502E-6,149000.0,55.900000000000006,50.20668178908183,46.022031823745415,38.493723849372394,149000.0,2206680.0,30.0,136.0,340377.7666666667,257238.07982498847,56354.66666666665,46703.21825825455,25.86666666666667,22.287669907037333,13.433333333333335,11.143834953518667,13.433333333333335,11.143834953518667,4.700000000000001,2.036731661773088,0.0,0.0,0.0,0.0,1.0,0.0
150000.0,20.515625,9.258994767959748E-6,150000.0,57.699999999999996,53.394797845803986,48.225214198286416,42.99191374663072,150000.0,2257104.0,30.0,136.0,346395.3666666667,257219.1316868896,57986.40000000001,46663.45482989947,26.733333333333334,22.188741061291815,13.866666666666667,11.094370530645907,13.866666666666667,11.094370530645907,4.8,2.0068847019439238,0.0,0.0,0.0,0.0,1.0,0.0
151000.0,20.640625,9.334050830350155E-6,151000.0,56.39999999999999,51.84502048795573,46.76434676434676,41.081081081081074,151000.0,2321016.0,30.0,136.0,352390.1666666667,257202.847731873,60082.400000000016,46034.517838922446,27.733333333333334,22.12493262539258,14.366666666666665,11.06246631269629,14.366666666666665,11.06246631269629,4.966666666666666,1.9384197853839134,0.0,0.0,0.0,0.0,1.0,0.0
152000.0,20.765625,9.41011789513545E-6,152000.0,57.699999999999996,52.994724963579245,48.54014598540145,42.291950886766706,152000.0,2352280.0,30.0,136.0,358376.39999999997,257196.37573579373,61107.20000000001,46435.43149467389,28.2,22.361296612828525,14.599999999999998,11.180648306414263,14.599999999999998,11.180648306414263,5.066666666666666,1.9464084224865135,0.0,0.0,0.0,0.0,1.0,0.0
153000.0,20.921875,9.506201604381205E-6,153000.0,59.699999999999996,55.22829127607146,50.123762376237615,44.182825484764535,153000.0,2377016.0,30.0,136.0,364378.5666666666,257174.505383579,61960.799999999996,46738.08159077784,28.533333333333335,22.533857029893444,14.766666666666667,11.266928514946722,14.766666666666667,11.266928514946722,5.133333333333333,1.8705214713316296,0.0,0.0,0.0,0.0,1.0,0.0
154000.0,21.078125,9.603421333142454E-6,154000.0,54.900000000000006,49.42279181703387,44.18316831683168,36.38928067700988,154000.0,2405120.0,30.0,136.0,370383.3666666668,257160.79606085765,62864.000000000015,47273.72925333099,29.000000000000004,22.845809998394863,15.000000000000002,11.422904999197431,15.000000000000002,11.422904999197431,5.166666666666667,1.858500198683268,0.0,0.0,0.0,0.0,1.0,0.0
155000.0,21.1875,9.671750627199396E-6,155000.0,56.89999999999999,51.549625099767304,46.124999999999986,39.29577464788732,155000.0,2414856.0,30.0,136.0,376395.6666666666,257162.04362462863,63205.06666666668,47446.25893390319,29.066666666666674,23.017135046463242,15.033333333333337,11.508567523231621,15.033333333333337,11.508567523231621,5.166666666666667,1.858500198683268,0.0,0.0,0.0,0.0,1.0,0.0
156000.0,21.359375,9.780037281517354E-6,156000.0,57.8,53.00877466482562,48.972188633615474,41.79310344827585,156000.0,2435368.0,30.0,136.0,382384.2666666666,257147.18508787156,63878.4,47768.20082771845,29.466666666666665,23.238988246320957,15.233333333333333,11.619494123160479,15.233333333333333,11.619494123160479,5.166666666666667,1.858500198683268,0.0,0.0,0.0,0.0,1.0,0.0
157000.0,21.546875,9.899345136040615E-6,157000.0,58.099999999999994,52.497616378005596,49.27360774818401,40.398293029871965,157000.0,2459632.0,30.0,136.0,388386.6666666667,257143.26594779582,64687.19999999999,47612.983096398515,29.933333333333334,23.066520496513814,15.466666666666667,11.533260248256907,15.466666666666667,11.533260248256907,5.333333333333334,1.7485626280942344,0.0,0.0,0.0,0.0,1.0,0.0
158000.0,21.6875,9.990231159867512E-6,158000.0,56.99999999999999,51.06368208236552,47.10947109471094,37.95093795093794,158000.0,2498256.0,30.0,136.0,394378.49999999994,257150.01145631465,65945.33333333331,47082.849265826146,30.59999999999999,23.016635662958638,15.799999999999995,11.508317831479317,15.799999999999995,11.508317831479317,5.566666666666668,1.5241353305225644,0.0,0.0,0.0,0.0,1.0,0.0
159000.0,21.84375,1.0092663061287668E-5,159000.0,56.8,51.475885649330145,47.69975786924939,40.74074074074073,159000.0,2534064.0,30.0,136.0,400374.93333333335,257153.99799877507,67137.06666666667,47951.28768393114,31.133333333333333,23.541208672180076,16.066666666666666,11.770604336090038,16.066666666666666,11.770604336090038,5.566666666666668,1.5241353305225644,0.0,0.0,0.0,0.0,1.0,0.0
160000.0,21.96875,1.017613077743186E-5,160000.0,58.5,53.48920613359692,48.12499999999999,42.52077562326869,160000.0,2581136.0,30.0,136.0,406369.93333333335,257174.10587515426,68690.93333333333,47662.5560074973,31.933333333333337,23.351782525675354,16.46666666666667,11.675891262837677,16.46666666666667,11.675891262837677,5.700000000000001,1.417866293973521,0.0,0.0,0.0,0.0,1.0,0.0
161000.0,22.125,1.0281942603695725E-5,161000.0,56.89999999999999,51.93358582141151,46.8557336621455,40.63360881542699,161000.0,2617680.0,30.0,136.0,412390.63333333336,257169.26513974427,69912.8,47357.01404147159,32.599999999999994,23.094408936752007,16.8,11.547204468376004,16.8,11.547204468376004,5.733333333333333,1.4125870942531562,0.0,0.0,0.0,0.0,1.0,0.0
162000.0,22.25,1.0367861767816875E-5,162000.0,56.8,51.450200492690556,46.92874692874692,39.74895397489539,162000.0,2656944.0,30.0,136.0,418410.1666666666,257186.31711111337,71203.46666666665,47349.91624631804,33.13333333333334,23.049771235805974,17.06666666666667,11.524885617902987,17.06666666666667,11.524885617902987,5.800000000000001,1.3995073024658258,0.0,0.0,0.0,0.0,1.0,0.0
163000.0,22.421875,1.0486895593607592E-5,163000.0,57.099999999999994,52.44276780874232,48.12575574365175,40.82758620689654,163000.0,2677072.0,30.0,136.0,424440.23333333334,257191.68357441155,71870.40000000001,47528.38005292388,33.6,23.336518665993776,17.300000000000004,11.66825933299689,17.300000000000004,11.66825933299689,5.800000000000001,1.3995073024658258,0.0,0.0,0.0,0.0,1.0,0.0
164000.0,22.59375,1.060716623517995E-5,164000.0,58.199999999999996,53.46289500872848,49.21020656136088,42.66117969821673,164000.0,2704888.0,30.0,136.0,430432.73333333334,257165.41220992155,72788.8,47691.97732460917,33.733333333333334,23.28523778814755,17.36666666666667,11.642618894073776,17.36666666666667,11.642618894073776,5.833333333333333,1.366680683976335,0.0,0.0,0.0,0.0,1.0,0.0
164860.0,22.734375,1.0706165824861575E-5,164860.0,60.0,55.09452602272217,50.31055900621118,43.82022471910113,164860.0,2721280.0,30.0,136.0,435584.76666666666,257144.0061447769,73311.2,47931.84040467579,33.86666666666667,23.333760258820096,17.433333333333337,11.666880129410046,17.433333333333337,11.666880129410046,5.866666666666667,1.3321834121764768,0.0,0.0,0.0,0.0,1.0,0.0
