learning evaluation instances,evaluation time (cpu seconds),model cost (RAM-Hours),classified instances,classifications correct (percent),Kappa Statistic (percent),Kappa Temporal Statistic (percent),Kappa M Statistic (percent),model training instances,model serialized size (bytes),[avg] model training instances,[err] model training instances,[avg] model serialized size (bytes),[err] model serialized size (bytes),[avg] tree size (nodes),[err] tree size (nodes),[avg] tree size (leaves),[err] tree size (leaves),[avg] active learning leaves,[err] active learning leaves,[avg] tree depth,[err] tree depth,[avg] active leaf byte size estimate,[err] active leaf byte size estimate,[avg] inactive leaf byte size estimate,[err] inactive leaf byte size estimate,[avg] byte size estimate overhead,[err] byte size estimate overhead
1000.0,0.0,0.0,1000.0,43.4,25.342816290566812,26.49350649350649,7.36497545008183,1000.0,472536.0,6025.4,83.30692915024785,3544.8,1722.8088692597332,1.4,1.2649110640673518,1.2000000000000002,0.6324555320336759,1.2000000000000002,0.6324555320336759,0.20000000000000004,0.6324555320336759,0.0,0.0,0.0,0.0,1.0,0.0
2000.0,0.0,0.0,2000.0,48.199999999999996,30.84887676148469,30.748663101604272,13.66666666666666,2000.0,564072.0,11989.300000000001,79.04998418722141,12230.4,1705.548800565704,7.6000000000000005,1.349897115421106,4.300000000000001,0.6749485577105531,4.300000000000001,0.6749485577105531,2.2000000000000006,0.42163702135578396,0.0,0.0,0.0,0.0,1.0,0.0
3000.0,0.0,0.0,3000.0,53.5,39.208693287593874,40.68877551020409,23.89525368248773,3000.0,597728.0,17966.7,127.85847210446721,15324.0,2699.8291303957244,10.0,2.5385910352879693,5.5,1.2692955176439846,5.5,1.2692955176439846,3.1,0.8755950357709131,0.0,0.0,0.0,0.0,1.0,0.0
4000.0,0.203125,3.4402926555938187E-8,4000.0,56.00000000000001,42.012483130904194,43.87755102040817,27.750410509031205,4000.0,654688.0,23945.600000000002,141.71897073668987,20780.799999999996,6364.609035736428,14.2,5.266244708835067,7.6,2.6331223544175333,7.6,2.6331223544175333,3.8,1.0327955589886444,0.0,0.0,0.0,0.0,1.0,0.0
5000.0,0.234375,3.998833967165814E-8,5000.0,59.0,46.80740648482583,47.96954314720812,33.006535947712415,5000.0,690888.0,29953.1,125.47283902635385,24358.4,7786.348669305786,17.0,6.733003292241386,9.0,3.366501646120693,9.0,3.366501646120693,4.0,1.1547005383792515,0.0,0.0,0.0,0.0,1.0,0.0
6000.0,0.234375,3.998833967165814E-8,6000.0,59.3,49.00567327546458,48.675914249684745,35.80441640378548,6000.0,724160.0,35932.7,139.78400003815352,27496.0,8758.522858716911,19.799999999999997,7.671013260609347,10.399999999999999,3.8355066303046734,10.399999999999999,3.8355066303046734,4.3,1.0593499054713804,0.0,0.0,0.0,0.0,1.0,0.0
7000.0,0.28125,4.939547377741999E-8,7000.0,60.099999999999994,48.83775799105494,48.046875,35.22727272727273,7000.0,775744.0,41949.7,158.1890921931371,32393.6,9978.20971695602,23.0,8.110350040397625,12.0,4.055175020198813,12.0,4.055175020198813,4.8,0.6324555320336759,0.0,0.0,0.0,0.0,1.0,0.0
8000.0,0.28125,4.939547377741999E-8,8000.0,59.8,49.37658906509137,48.789808917197455,34.95145631067961,8000.0,822592.0,47927.2,141.28914403528066,36967.2,8863.18764829499,26.400000000000002,6.866990283636314,13.700000000000001,3.433495141818157,13.700000000000001,3.433495141818157,5.3,0.6749485577105528,0.0,0.0,0.0,0.0,1.0,0.0
9000.0,0.34375,6.361056067463425E-8,9000.0,62.4,52.52435336527837,51.54639175257733,38.662316476345836,9000.0,879168.0,53906.3,147.54739351589075,42582.399999999994,10889.386669801217,30.799999999999997,8.816650913659524,15.899999999999999,4.408325456829762,15.899999999999999,4.408325456829762,5.8,0.6324555320336758,0.0,0.0,0.0,0.0,1.0,0.0
10000.0,0.390625,7.488683978509573E-8,10000.0,62.3,52.95996606130176,52.459016393442624,40.816326530612244,10000.0,929880.0,59937.4,145.882905860221,47558.4,12729.210809088761,34.4,9.979979959899719,17.7,4.9899899799498595,17.7,4.9899899799498595,5.9,0.5676462121975466,0.0,0.0,0.0,0.0,1.0,0.0
11000.0,0.46875,9.47411495467855E-8,11000.0,63.1,53.45763130876131,54.33168316831682,40.0,11000.0,982352.0,65915.6,167.9068524840811,52795.2,10961.565630267725,38.0,8.069145624606804,19.5,4.034572812303402,19.5,4.034572812303402,6.2,0.6324555320336759,0.0,0.0,0.0,0.0,1.0,0.0
12000.0,0.546875,1.1544480609397094E-7,12000.0,64.9,55.06394745938472,53.13751668891856,41.5,12000.0,1024376.0,71972.9,213.05473996656863,56782.4,11430.902241050111,41.0,8.94427190999916,21.0,4.47213595499958,21.0,4.47213595499958,6.5,0.5270462766947299,0.0,0.0,0.0,0.0,1.0,0.0
13000.0,0.625,1.3675414569055042E-7,13000.0,64.2,53.7026260180896,52.45683930942895,38.59348198970841,13000.0,1054344.0,78009.3,236.54271401917129,59720.0,12884.523705248523,42.6,9.651712571122056,21.8,4.825856285561028,21.8,4.825856285561028,6.6000000000000005,0.6992058987801009,0.0,0.0,0.0,0.0,1.0,0.0
14000.0,0.6875,1.54318372046368E-7,14000.0,63.6,53.03007623579934,52.042160737812914,39.43427620632279,14000.0,1086304.0,83986.59999999999,233.66652401327315,62846.40000000001,13547.671248840765,44.8,9.997777530809314,22.9,4.998888765404657,22.9,4.998888765404657,6.8,0.632455532033676,0.0,0.0,0.0,0.0,1.0,0.0
15000.0,0.78125,1.8128908575615951E-7,15000.0,65.8,56.05875278808499,56.32183908045978,42.617449664429536,15000.0,1112048.0,90020.7,201.25884383604702,65347.2,13025.70843285607,46.8,9.635582205785203,23.9,4.817791102892602,23.9,4.817791102892602,7.0,0.6666666666666666,0.0,0.0,0.0,0.0,1.0,0.0
16000.0,0.859375,2.045301112553312E-7,16000.0,65.3,57.17096314728005,55.341055341055345,45.268138801261834,16000.0,1149920.0,96013.40000000001,210.58025653998075,69040.79999999999,12951.844045454602,48.8,9.863513009515874,24.9,4.931756504757937,24.9,4.931756504757937,7.2,0.7888106377466156,0.0,0.0,0.0,0.0,1.0,0.0
17000.0,0.9375,2.2880545455134578E-7,17000.0,65.5,57.495564754583086,55.71245186136073,44.800000000000004,17000.0,1201096.0,102019.7,208.23493676347618,73992.8,14037.45108866516,53.4,10.946333734279357,27.2,5.473166867139678,27.2,5.473166867139678,7.6,0.8432740427115677,0.0,0.0,0.0,0.0,1.0,0.0
18000.0,1.03125,2.590949750608868E-7,18000.0,65.3,56.79619507700736,56.46173149309913,44.65709728867624,18000.0,1248888.0,108017.8,184.54556799518832,78564.0,16030.327812548869,57.0,12.54325848148452,29.0,6.27162924074226,29.0,6.27162924074226,7.8,0.6324555320336759,0.0,0.0,0.0,0.0,1.0,0.0
19000.0,1.0625,2.695609711938434E-7,19000.0,67.10000000000001,57.68129513244854,56.01604278074866,44.612794612794616,19000.0,1294592.0,113996.40000000001,205.5659937289669,83057.6,17053.195016379384,60.199999999999996,13.23967102646017,30.599999999999998,6.619835513230085,30.599999999999998,6.619835513230085,8.1,0.5676462121975467,0.0,0.0,0.0,0.0,1.0,0.0
20000.0,1.15625,3.018988192909294E-7,20000.0,64.5,55.479417695865486,54.42875481386393,42.18241042345277,20000.0,1333344.0,120030.8,227.308796329769,86844.0,17709.63479139094,63.199999999999996,13.806600675844226,32.1,6.903300337922112,32.1,6.903300337922112,8.2,0.7888106377466156,0.0,0.0,0.0,0.0,1.0,0.0
21000.0,1.25,3.349559200513694E-7,21000.0,63.4,55.328482120408054,54.02010050251257,42.63322884012539,21000.0,1363000.0,125994.6,252.79996483825337,89767.2,17881.70330440215,64.8,12.559193180030846,32.9,6.279596590015423,32.9,6.279596590015423,8.2,0.7888106377466156,0.0,0.0,0.0,0.0,1.0,0.0
22000.0,1.34375,3.6882462963047955E-7,22000.0,67.30000000000001,58.860369325687486,58.396946564885496,46.655791190864605,22000.0,1396464.0,131956.7,296.24653772004143,93020.79999999999,18139.655446929894,67.6,14.237665226823923,34.3,7.1188326134119615,34.3,7.1188326134119615,8.2,0.7888106377466156,0.0,0.0,0.0,0.0,1.0,0.0
23000.0,1.4375,4.0380568760964607E-7,23000.0,64.0,55.32562038442305,54.88721804511278,42.58373205741627,23000.0,1442328.0,137950.8,290.81601667644827,97510.40000000001,19547.91621290276,70.6,14.690889088895274,35.8,7.345444544447637,35.8,7.345444544447637,8.2,0.7888106377466156,0.0,0.0,0.0,0.0,1.0,0.0
24000.0,1.5,4.2782734251684614E-7,24000.0,65.8,57.91846518060607,56.26598465473146,46.22641509433963,24000.0,1485680.0,143953.40000000002,250.99632578098755,101735.2,18263.04409821466,73.8,14.116971661404188,37.4,7.058485830702094,37.4,7.058485830702094,8.299999999999999,0.9486832980505141,0.0,0.0,0.0,0.0,1.0,0.0
25000.0,1.546875,4.4619612809684545E-7,25000.0,63.5,53.61869484278008,53.503184713375795,39.96710526315789,25000.0,1514752.0,149955.2,261.18907583077385,104588.0,18671.925068877546,75.2,14.31238779674602,38.1,7.15619389837301,38.1,7.15619389837301,8.299999999999999,0.9486832980505141,0.0,0.0,0.0,0.0,1.0,0.0
26000.0,1.65625,4.903403330697782E-7,26000.0,65.5,56.04115567164655,56.05095541401275,42.88079470198676,26000.0,1560120.0,155962.1,284.0576819356697,109003.2,17368.44411121631,79.20000000000002,13.480850616089969,40.10000000000001,6.740425308044984,40.10000000000001,6.740425308044984,8.5,1.0801234497346432,0.0,0.0,0.0,0.0,1.0,0.0
27000.0,1.765625,5.356410272522934E-7,27000.0,67.10000000000001,58.755700864751304,57.820512820512825,45.88815789473685,27000.0,1600992.0,161928.70000000004,318.71340312784315,113018.40000000001,17787.648568599503,82.2,14.672726021053105,41.6,7.3363630105265525,41.6,7.3363630105265525,8.5,1.0801234497346432,0.0,0.0,0.0,0.0,1.0,0.0
28000.0,1.828125,5.497851008031932E-7,28000.0,57.9,48.414764895083465,46.91046658259773,34.728682170542626,28000.0,874776.0,51589.899999999994,80324.9578088211,38687.200000000004,58654.628880137556,27.4,43.4695295580709,14.2,21.73476477903545,14.2,21.73476477903545,2.8,4.541169697580373,0.0,0.0,0.0,0.0,1.0,0.0
29000.0,1.875,5.571051992269027E-7,29000.0,47.5,32.81926206118182,32.95019157088122,18.22429906542056,29000.0,603640.0,6798.599999999999,1620.4111412436869,13689.6,2761.2835662664806,8.8,1.9888578520235063,4.9,0.9944289260117531,4.9,0.9944289260117531,2.8999999999999995,0.9944289260117533,0.0,0.0,0.0,0.0,1.0,0.0
30000.0,1.9375,5.674785805038281E-7,30000.0,53.7,41.82934765947931,43.32925336597308,29.84848484848485,30000.0,641568.0,12801.7,1566.538934509236,17177.6,3585.6321680345914,11.0,2.6666666666666665,6.0,1.3333333333333333,6.0,1.3333333333333333,3.5999999999999996,1.07496769977314,0.0,0.0,0.0,0.0,1.0,0.0
31000.0,1.9375,5.674785805038281E-7,31000.0,56.10000000000001,47.37107111259235,45.6009913258984,33.78582202111614,31000.0,649952.0,18790.6,1529.009933838815,17675.199999999997,3754.439765871275,11.2,2.7406406388125952,6.1,1.3703203194062976,6.1,1.3703203194062976,3.5999999999999996,1.07496769977314,0.0,0.0,0.0,0.0,1.0,0.0
32000.0,2.03125,5.837270550222862E-7,32000.0,57.99999999999999,51.373862061539846,47.565543071161045,40.17094017094017,32000.0,669952.0,24805.199999999997,1502.5834641265915,19602.4,5731.0706232683,13.0,4.714045207910317,7.0,2.3570226039551585,7.0,2.3570226039551585,3.9,1.3703203194062976,0.0,0.0,0.0,0.0,1.0,0.0
33000.0,2.09375,5.952151776808833E-7,33000.0,57.099999999999994,50.72692147777887,48.18840579710144,39.23512747875354,33000.0,710512.0,30769.5,1500.0453511662759,23439.999999999996,7557.618437341518,15.8,5.593647190240809,8.4,2.7968235951204043,8.4,2.7968235951204043,4.500000000000001,0.8498365855987973,0.0,0.0,0.0,0.0,1.0,0.0
34000.0,2.1875,6.134341755467986E-7,34000.0,60.4,53.39120200088274,50.0,40.8955223880597,34000.0,751200.0,36805.7,1557.6037186795768,27269.6,8218.596625269358,18.599999999999998,6.23965811029205,9.799999999999999,3.119829055146025,9.799999999999999,3.119829055146025,5.199999999999999,1.0327955589886446,0.0,0.0,0.0,0.0,1.0,0.0
35000.0,2.234375,6.227201407050922E-7,35000.0,63.1,56.44013174204059,54.21836228287841,43.23076923076923,35000.0,765752.0,42819.2,1545.4638857709438,28688.800000000003,9054.633151658387,19.4,6.586180818788517,10.2,3.2930904093942583,10.2,3.2930904093942583,5.3,0.9486832980505138,0.0,0.0,0.0,0.0,1.0,0.0
36000.0,2.3125,6.388341231892508E-7,36000.0,60.6,53.65992500905631,51.59705159705159,40.84084084084084,36000.0,797288.0,48777.700000000004,1547.1840406220429,31792.8,10606.88410420327,21.8,7.728734264634366,11.4,3.864367132317183,11.4,3.864367132317183,5.800000000000001,1.2292725943057181,0.0,0.0,0.0,0.0,1.0,0.0
37000.0,2.375,6.521525534076825E-7,37000.0,59.9,53.32949261826201,51.80288461538461,41.459854014598534,37000.0,823712.0,54775.200000000004,1533.386288940627,34392.8,11806.029013460311,23.4,8.934328302800509,12.2,4.4671641514002545,12.2,4.4671641514002545,5.800000000000001,1.2292725943057181,0.0,0.0,0.0,0.0,1.0,0.0
38000.0,2.40625,6.591057172045113E-7,38000.0,58.099999999999994,50.495049504950494,48.84004884004884,35.932721712538225,38000.0,860072.0,60762.5,1541.0012798321895,37863.2,12039.366214400345,26.6,9.418657606639659,13.8,4.7093288033198295,13.8,4.7093288033198295,6.0,1.3333333333333333,0.0,0.0,0.0,0.0,1.0,0.0
39000.0,2.515625,6.842791076956525E-7,39000.0,60.4,52.8093904546267,50.86848635235731,40.0,39000.0,889664.0,66738.80000000002,1531.5578706373128,40788.799999999996,13662.117590866605,29.200000000000003,10.850499220466002,15.100000000000001,5.425249610233001,15.100000000000001,5.425249610233001,6.1,1.3703203194062976,0.0,0.0,0.0,0.0,1.0,0.0
40000.0,2.59375,7.031000697881812E-7,40000.0,59.5,51.2706919080472,49.56413449564134,35.6120826709062,40000.0,931224.0,72749.3,1520.1289455539982,44736.799999999996,13137.429317285276,31.6,9.66321777555374,16.3,4.831608887776871,16.3,4.831608887776871,6.5,1.4337208778404378,0.0,0.0,0.0,0.0,1.0,0.0
41000.0,2.65625,7.189936069254247E-7,41000.0,58.9,51.56078002465567,49.00744416873448,38.1954887218045,41000.0,982976.0,78760.79999999999,1565.907461434995,49791.200000000004,14369.333494169683,35.400000000000006,11.10755498648455,18.200000000000003,5.553777493242275,18.200000000000003,5.553777493242275,6.800000000000001,1.4757295747452435,0.0,0.0,0.0,0.0,1.0,0.0
42000.0,2.734375,7.395842435976698E-7,42000.0,62.2,54.888940868710115,52.39294710327456,42.5531914893617,42000.0,1018784.0,84764.2,1584.3202397944124,53309.6,14150.065592309693,38.00000000000001,10.551461194229606,19.500000000000004,5.275730597114803,19.500000000000004,5.275730597114803,6.9,1.4491376746189437,0.0,0.0,0.0,0.0,1.0,0.0
43000.0,2.796875,7.56507668282009E-7,43000.0,63.4,57.69769105676023,55.36585365853658,46.412884333821374,43000.0,1046672.0,90756.4,1566.486103069898,56092.0,14720.395767626478,40.0,11.284207253207171,20.5,5.6421036266035856,20.5,5.6421036266035856,7.000000000000001,1.4907119849998596,0.0,0.0,0.0,0.0,1.0,0.0
44000.0,2.890625,7.826704596583216E-7,44000.0,62.0,55.38906022359473,53.25953259532595,42.51134644478063,44000.0,1078736.0,96779.5,1572.3255423451956,59421.6,15284.593631787822,42.4,12.615686884016883,21.7,6.3078434420084415,21.7,6.3078434420084415,7.2,1.3984117975602022,0.0,0.0,0.0,0.0,1.0,0.0
45000.0,2.96875,8.053851908900673E-7,45000.0,62.1,55.09095562654635,52.80199252801992,41.42194744976816,45000.0,1123880.0,102756.90000000001,1612.8177171921454,63757.6,16636.063230891563,44.79999999999999,13.314987378472761,22.899999999999995,6.6574936892363805,22.899999999999995,6.6574936892363805,7.5,0.97182531580755,0.0,0.0,0.0,0.0,1.0,0.0
46000.0,3.03125,8.241508233671389E-7,46000.0,60.9,55.68797534846137,51.787916152897665,44.381223328591744,46000.0,1160608.0,108777.9,1576.0892846959305,67347.2,16365.274976811928,48.4,13.268174118711455,24.7,6.6340870593557275,24.7,6.6340870593557275,7.5,0.97182531580755,0.0,0.0,0.0,0.0,1.0,0.0
47000.0,3.109375,8.487393562164573E-7,47000.0,63.4,56.89842985454987,53.9622641509434,44.207317073170735,47000.0,1216592.0,114793.8,1639.9396194846809,72811.20000000001,17470.795318664423,52.60000000000001,13.426342266852378,26.800000000000004,6.713171133426189,26.800000000000004,6.713171133426189,7.6000000000000005,0.9660917830792958,0.0,0.0,0.0,0.0,1.0,0.0
48000.0,3.203125,8.790447868199814E-7,48000.0,64.0,57.34819511779007,55.0561797752809,43.75000000000001,48000.0,1249544.0,120785.6,1630.4227945195337,76025.6,16682.106043436015,54.400000000000006,13.434615323442976,27.700000000000003,6.717307661721488,27.700000000000003,6.717307661721488,7.7,1.0593499054713802,0.0,0.0,0.0,0.0,1.0,0.0
49000.0,3.28125,9.046178375784724E-7,49000.0,64.2,57.27689109426054,54.85498108448928,43.44391785150079,49000.0,1265304.0,126754.70000000001,1656.2837954623326,77529.59999999999,17160.615083511562,54.8,13.414751416092495,27.9,6.707375708046247,27.9,6.707375708046247,7.800000000000001,0.9189365834726814,0.0,0.0,0.0,0.0,1.0,0.0
50000.0,3.375,9.360783022000559E-7,50000.0,59.8,53.556240273671584,50.12406947890818,41.484716157205234,50000.0,1297168.0,132751.09999999998,1668.234159556477,80594.4,17572.115304273037,57.4,13.753383422109469,29.2,6.876691711054734,29.2,6.876691711054734,7.9,1.1005049346146119,0.0,0.0,0.0,0.0,1.0,0.0
51000.0,3.453125,9.630986217719815E-7,51000.0,61.1,53.95921188586146,51.67701863354037,40.2457757296467,51000.0,1336912.0,138717.7,1720.6274081792856,84445.6,18289.00631041015,60.6,14.41604044882721,30.8,7.208020224413605,30.8,7.208020224413605,7.9,1.1005049346146119,0.0,0.0,0.0,0.0,1.0,0.0
52000.0,3.484375,9.745811823652024E-7,52000.0,63.1,56.867581136287924,53.46784363177805,44.09090909090909,52000.0,1420336.0,144731.59999999998,1706.1643922357982,92593.6,19890.486945606266,67.8,15.781846110853657,34.4,7.890923055426828,34.4,7.890923055426828,8.4,0.6992058987801009,0.0,0.0,0.0,0.0,1.0,0.0
53000.0,3.5625,1.0042324882104167E-6,53000.0,63.1,57.57708840865795,55.27272727272727,45.97364568081991,53000.0,1467088.0,150721.8,1690.1475149294579,97217.59999999999,21570.551711895445,71.0,17.384539747207064,36.0,8.692269873603532,36.0,8.692269873603532,8.5,0.7071067811865476,0.0,0.0,0.0,0.0,1.0,0.0
54000.0,3.59375,1.0163472486763367E-6,54000.0,62.9,56.820197439938184,53.97022332506203,43.78787878787879,54000.0,1498536.0,156716.3,1673.8432191284267,100337.6,21988.246977773273,72.40000000000002,16.6012047755577,36.70000000000001,8.30060238777885,36.70000000000001,8.30060238777885,8.5,0.7071067811865476,0.0,0.0,0.0,0.0,1.0,0.0
55000.0,3.671875,1.0471798466622005E-6,55000.0,65.0,59.66161860636655,55.863808322824724,48.07121661721069,55000.0,1525536.0,162704.8,1652.0694631616152,103036.0,22896.9069623922,75.39999999999999,18.15488914865635,38.199999999999996,9.077444574328174,38.199999999999996,9.077444574328174,8.6,0.8432740427115677,0.0,0.0,0.0,0.0,1.0,0.0
56000.0,3.75,1.0789117530091773E-6,56000.0,63.9,58.755678234880136,55.48705302096179,46.98972099853157,56000.0,1570032.0,168707.30000000002,1636.2220068057834,107380.8,24210.13347432113,78.39999999999999,19.021625120431278,39.699999999999996,9.510812560215639,39.699999999999996,9.510812560215639,8.6,0.8432740427115677,0.0,0.0,0.0,0.0,1.0,0.0
57000.0,3.828125,1.111196147070991E-6,57000.0,64.9,59.387174446549004,56.015037593984964,47.69001490312966,57000.0,1597368.0,174706.09999999998,1639.0303671513977,110075.2,23764.456058015156,80.2,18.790068298616337,40.6,9.395034149308168,40.6,9.395034149308168,8.6,0.8432740427115677,0.0,0.0,0.0,0.0,1.0,0.0
58000.0,3.90625,1.1449653215499392E-6,58000.0,62.0,55.305895858032706,53.02843016069222,40.71762870514821,58000.0,1670832.0,180723.80000000002,1634.4181295562692,115144.0,25245.91401043389,84.2,19.668361508891493,42.6,9.834180754445747,42.6,9.834180754445747,8.6,0.8432740427115677,0.0,0.0,0.0,0.0,1.0,0.0
59000.0,3.953125,1.1569590100811592E-6,59000.0,53.7,44.80440134233789,42.41293532338308,29.84848484848485,59000.0,989040.0,77213.0,93233.32222261881,49965.6,62314.85758843284,36.8,47.753533900644456,18.9,23.876766950322228,18.9,23.876766950322228,3.3,4.270050741306634,0.0,0.0,0.0,0.0,1.0,0.0
60000.0,4.03125,1.1761816050339907E-6,60000.0,55.1,47.22899326082511,43.23640960809103,33.579881656804744,60000.0,951096.0,64473.7,88141.92824460886,44944.8,52544.210914450145,32.6,39.65181794907602,16.8,19.82590897453801,16.8,19.82590897453801,4.4,3.1692971530679235,0.0,0.0,0.0,0.0,1.0,0.0
61000.0,4.078125,1.1885650908677945E-6,61000.0,57.099999999999994,50.49247866502795,46.240601503759386,36.444444444444436,61000.0,1021184.0,70478.29999999999,88145.83959054574,50335.2,53574.82797981405,35.800000000000004,39.835216134024485,18.400000000000002,19.917608067012242,18.400000000000002,19.917608067012242,5.0,2.9814239699997196,0.0,0.0,0.0,0.0,1.0,0.0
62000.0,4.171875,1.2150435617917945E-6,62000.0,57.599999999999994,50.667214291614926,46.12452350698856,36.71641791044776,62000.0,1091752.0,76498.7,88105.5976391083,57212.799999999996,52214.44836398787,40.8,39.151557369336466,20.9,19.575778684668233,20.9,19.575778684668233,5.5,2.6352313834736494,0.0,0.0,0.0,0.0,1.0,0.0
63000.0,4.234375,1.2335559262687137E-6,63000.0,58.5,51.934825940369066,46.79487179487179,40.28776978417265,63000.0,1144944.0,82568.5,88049.17268366454,62366.4,53644.181830527225,45.400000000000006,40.48374159256199,23.200000000000003,20.241870796280995,23.200000000000003,20.241870796280995,6.0,2.70801280154532,0.0,0.0,0.0,0.0,1.0,0.0
64000.0,4.3125,1.2545790781991353E-6,64000.0,57.099999999999994,50.62711618624971,46.905940594059395,38.36206896551724,64000.0,1040184.0,67419.6,78401.12592332106,53306.399999999994,46726.04360453957,38.6,35.4626564148824,19.8,17.7313282074412,19.8,17.7313282074412,5.799999999999999,2.820559440174157,0.0,0.0,0.0,0.0,1.0,0.0
65000.0,4.390625,1.27667939523235E-6,65000.0,58.3,52.109094792983804,49.7590361445783,39.826839826839816,65000.0,1093480.0,73427.09999999999,78416.90755818471,58405.6,49823.12966484543,42.4,37.66578170051846,21.7,18.83289085025923,21.7,18.83289085025923,6.1,2.766867462592951,0.0,0.0,0.0,0.0,1.0,0.0
66000.0,4.46875,1.3000580171744031E-6,66000.0,60.6,54.602907948754286,50.18963337547409,42.313323572474374,66000.0,1156728.0,79423.7,78402.83623986797,64013.600000000006,49356.469969217025,45.6,36.98708483301225,23.3,18.493542416506124,23.3,18.493542416506124,6.6000000000000005,2.4129281427805145,0.0,0.0,0.0,0.0,1.0,0.0
67000.0,4.53125,1.3193713190654916E-6,67000.0,61.4,55.468903219852095,52.63803680981596,43.23529411764706,67000.0,1194480.0,85427.0,78360.31506657775,66795.99999999999,49929.609082298164,47.6,37.51207213092281,24.3,18.756036065461405,24.3,18.756036065461405,6.800000000000001,2.3475755815545347,0.0,0.0,0.0,0.0,1.0,0.0
68000.0,4.578125,1.3340058891723555E-6,68000.0,56.599999999999994,49.54732089298916,44.99366286438529,36.27019089574154,68000.0,1206816.0,91441.4,78345.8320556294,68017.6,50179.85710798485,48.599999999999994,38.07361290973054,24.799999999999997,19.03680645486527,24.799999999999997,19.03680645486527,6.800000000000001,2.3475755815545347,0.0,0.0,0.0,0.0,1.0,0.0
69000.0,4.65625,1.3592196693126527E-6,69000.0,61.3,55.22579734524844,51.44291091593476,42.49628528974739,69000.0,1247528.0,97462.0,78327.5241604834,72005.60000000002,50739.69040154309,51.4,38.59533650585262,26.2,19.29766825292631,26.2,19.29766825292631,6.800000000000001,2.3475755815545347,0.0,0.0,0.0,0.0,1.0,0.0
70000.0,4.734375,1.3849914345579844E-6,70000.0,62.5,57.08881356863158,53.300124533001245,46.19799139167862,70000.0,1275136.0,103443.6,78329.95152728404,74620.8,52841.24681176838,53.6,40.26633553947736,27.3,20.13316776973868,27.3,20.13316776973868,6.800000000000001,2.3475755815545347,0.0,0.0,0.0,0.0,1.0,0.0
71000.0,4.8125,1.4114835196071202E-6,71000.0,60.3,54.65929946904555,52.39808153477218,42.29651162790698,71000.0,1310776.0,109431.50000000001,78358.02438416176,78056.0,55157.03409962021,56.0,41.667999978667346,28.5,20.833999989333673,28.5,20.833999989333673,7.1000000000000005,2.5144029554194813,0.0,0.0,0.0,0.0,1.0,0.0
72000.0,4.84375,1.4224279827127854E-6,72000.0,60.6,53.94457685703298,51.774785801713584,40.21244309559939,72000.0,1353776.0,115431.6,78305.80779113527,82230.40000000001,54538.24666374558,59.0,40.56270865380335,30.0,20.281354326901674,30.0,20.281354326901674,7.6,2.0110804171997807,0.0,0.0,0.0,0.0,1.0,0.0
73000.0,4.90625,1.444574316135711E-6,73000.0,59.699999999999996,54.018477041756476,50.49140049140048,41.50943396226414,73000.0,1369696.0,121466.5,78335.53382618474,83796.0,54704.694448161084,59.6,40.67267715145718,30.3,20.33633857572859,30.3,20.33633857572859,7.6,2.0110804171997807,0.0,0.0,0.0,0.0,1.0,0.0
74000.0,4.96875,1.467461439056529E-6,74000.0,58.199999999999996,51.582712480077085,48.07453416149068,37.89004457652302,74000.0,1415512.0,127429.2,78313.7809169696,88228.79999999999,53893.506738959026,63.00000000000001,40.177384462184975,32.0,20.088692231092487,32.0,20.088692231092487,7.7,2.0027758514399734,0.0,0.0,0.0,0.0,1.0,0.0
75000.0,5.03125,1.490829357256492E-6,75000.0,57.699999999999996,51.76524383638497,47.19101123595505,39.31133428981347,75000.0,1445248.0,133410.1,78330.64130189837,91121.59999999999,53219.27975461525,64.8,39.21960960766665,32.9,19.609804803833324,32.9,19.609804803833324,7.7,2.0027758514399734,0.0,0.0,0.0,0.0,1.0,0.0
76000.0,5.09375,1.514813888611065E-6,76000.0,62.3,57.02126592322196,53.799019607843135,45.52023121387283,76000.0,1483384.0,139381.4,78361.53918033457,94826.4,53940.66455982495,67.8,40.16853384318515,34.4,20.084266921592576,34.4,20.084266921592576,7.7,2.0027758514399734,0.0,0.0,0.0,0.0,1.0,0.0
77000.0,5.171875,1.545680764441689E-6,77000.0,59.4,54.10297889754451,49.62779156327542,42.574257425742566,77000.0,1527232.0,145402.6,78371.2174323088,99134.40000000001,53074.95892331063,71.0,39.2371705854991,36.0,19.61858529274955,36.0,19.61858529274955,7.8,1.9321835661585918,0.0,0.0,0.0,0.0,1.0,0.0
78000.0,5.3125,1.6023427209195992E-6,78000.0,61.8,56.16279897085859,51.52284263959391,43.657817109144545,78000.0,1557512.0,151417.20000000004,78350.00173551725,102108.8,52554.893335550696,73.4,39.18956777284259,37.2,19.594783886421293,37.2,19.594783886421293,7.8999999999999995,1.8529256146249726,0.0,0.0,0.0,0.0,1.0,0.0
79000.0,5.375,1.6281430725939572E-6,79000.0,59.8,54.681246829378274,50.97560975609755,42.97872340425531,79000.0,1595688.0,157401.3,78372.6774428861,105814.4,51547.974020324014,75.79999999999998,38.403703525108675,38.39999999999999,19.201851762554337,38.39999999999999,19.201851762554337,8.100000000000001,1.5951314818673867,0.0,0.0,0.0,0.0,1.0,0.0
80000.0,5.375,1.6281430725939572E-6,80000.0,61.3,55.64571585751615,53.14769975786925,42.92035398230089,80000.0,1609056.0,163441.3,78331.53206446729,107098.4,52427.01336609677,77.60000000000001,39.62098209562986,39.300000000000004,19.81049104781493,39.300000000000004,19.81049104781493,8.100000000000001,1.5951314818673867,0.0,0.0,0.0,0.0,1.0,0.0
81000.0,5.421875,1.6483134822919966E-6,81000.0,62.9,57.721279529578005,54.08415841584158,47.226173541963014,81000.0,1663320.0,169450.30000000002,78308.08284384044,112352.8,52591.53749585363,81.80000000000001,38.553858432068765,41.400000000000006,19.276929216034382,41.400000000000006,19.276929216034382,8.2,1.5491933384829661,0.0,0.0,0.0,0.0,1.0,0.0
82000.0,5.5,1.6827678902902538E-6,82000.0,59.5,54.227512994300476,50.36764705882353,42.142857142857146,82000.0,1704736.0,175429.8,78282.49675771859,116372.79999999999,50720.47377276096,84.6,37.74534555559283,42.8,18.872672777796414,42.8,18.872672777796414,8.4,1.712697677155351,0.0,0.0,0.0,0.0,1.0,0.0
83000.0,5.59375,1.724635690657629E-6,83000.0,62.1,56.66788621604317,52.14646464646465,43.517138599105806,83000.0,1726280.0,181441.19999999998,78287.29140912832,118500.8,51227.538594002355,85.2,38.70630152543353,43.1,19.353150762716766,43.1,19.353150762716766,8.4,1.712697677155351,0.0,0.0,0.0,0.0,1.0,0.0
84000.0,5.625,1.7388210269725986E-6,84000.0,65.0,59.42668750202866,57.002457002457,46.80851063829788,84000.0,1754656.0,187440.69999999998,78293.61416708546,121084.8,51688.99064554807,87.2,38.20936476252328,44.1,19.10468238126164,44.1,19.10468238126164,8.5,1.6499158227686113,0.0,0.0,0.0,0.0,1.0,0.0
85000.0,5.703125,1.7754270164813433E-6,85000.0,65.7,60.409616192582405,57.654320987654316,48.34337349397591,85000.0,1811192.0,193408.90000000002,78316.7958407816,126024.8,51271.32510434615,91.79999999999998,38.357383759699886,46.39999999999999,19.178691879849943,46.39999999999999,19.178691879849943,8.6,1.7126976771553504,0.0,0.0,0.0,0.0,1.0,0.0
86000.0,5.796875,1.8204424931253825E-6,86000.0,63.4,58.32071187313098,55.420219244823386,47.03328509406657,86000.0,1856064.0,199377.19999999998,78301.57536488153,130332.0,51260.360427050364,95.00000000000001,37.95904225463136,48.00000000000001,18.97952112731568,48.00000000000001,18.97952112731568,8.6,1.7126976771553504,0.0,0.0,0.0,0.0,1.0,0.0
87000.0,5.875,1.858716940559033E-6,87000.0,62.0,56.47751949348995,52.79503105590062,44.76744186046512,87000.0,1893744.0,205372.09999999998,78301.38490395797,133955.2,50590.47663740677,97.4,36.40268610357697,49.2,18.201343051788484,49.2,18.201343051788484,8.6,1.7126976771553504,0.0,0.0,0.0,0.0,1.0,0.0
88000.0,5.96875,1.9054510954043104E-6,88000.0,62.4,56.97325132312974,54.202192448233866,44.54277286135693,88000.0,1926928.0,211358.80000000002,78263.00257578786,137152.0,49523.91397205103,99.2,37.31487638998688,50.1,18.65743819499344,50.1,18.65743819499344,8.6,1.7126976771553504,0.0,0.0,0.0,0.0,1.0,0.0
89000.0,6.046875,1.944856388339152E-6,89000.0,59.0,53.80479483695345,49.81640146878825,42.090395480225986,89000.0,1949696.0,217419.6,78265.92688066045,139356.0,50538.36601148786,101.0,37.4284502603152,51.0,18.7142251301576,51.0,18.7142251301576,8.6,1.7126976771553504,0.0,0.0,0.0,0.0,1.0,0.0
90000.0,6.140625,1.963673372908185E-6,90000.0,51.2,43.163289075238765,37.75510204081633,24.105754276827376,90000.0,775856.0,40339.0,79467.70069517414,29520.8,56228.395256015145,20.799999999999997,42.18951949898879,10.899999999999999,21.094759749494393,10.899999999999999,21.094759749494393,1.5000000000000002,3.1710495984067415,0.0,0.0,0.0,0.0,1.0,0.0
91000.0,6.234375,1.9757002398061256E-6,91000.0,45.300000000000004,32.12388941281581,30.67173637515843,13.993710691823901,91000.0,495888.0,7278.4,2948.577103169143,3051.2,16.524728943818317,1.0,0.0,1.0,0.0,1.0,0.0,0.0,0.0,0.0,0.0,0.0,0.0,1.0,0.0
92000.0,6.296875,1.9837561800765496E-6,92000.0,44.3,28.44121323619153,28.681177976952625,12.421383647798745,92000.0,498240.0,13266.5,2975.897035629201,3051.2,16.524728943818317,1.0,0.0,1.0,0.0,1.0,0.0,0.0,0.0,0.0,0.0,0.0,0.0,1.0,0.0
93000.0,6.390625,1.9978587321626644E-6,93000.0,46.9,31.63093063050187,32.69961977186312,16.24605678233438,93000.0,581472.0,19300.1,2952.3328045613166,11348.0,5129.714741906545,7.000000000000001,3.7712361663282534,4.0,1.8856180831641267,4.0,1.8856180831641267,2.1,1.3703203194062978,0.0,0.0,0.0,0.0,1.0,0.0
94000.0,6.453125,2.008105996840944E-6,94000.0,53.800000000000004,40.40655115168855,42.53731343283582,27.01421800947868,94000.0,633768.0,25251.100000000002,2910.441755320163,16322.4,3489.551235076256,10.799999999999999,2.394437999475729,5.8999999999999995,1.1972189997378646,5.8999999999999995,1.1972189997378646,3.4,0.699205898780101,0.0,0.0,0.0,0.0,1.0,0.0
95000.0,6.46875,2.0109448168012835E-6,95000.0,54.0,41.702268415429636,40.645161290322584,27.330173775671412,95000.0,702296.0,31262.699999999997,2898.5138356674365,22839.2,5649.391644730923,16.200000000000003,3.9101008796307153,8.600000000000001,1.9550504398153576,8.600000000000001,1.9550504398153576,4.3,0.4830458915396479,0.0,0.0,0.0,0.0,1.0,0.0
96000.0,6.5625,2.0292247386856217E-6,96000.0,55.1,43.940589510272986,43.020304568527926,31.240428790199093,96000.0,753712.0,37244.600000000006,2878.112583698636,27864.0,7789.934474121787,19.0,5.734883511361751,10.0,2.8674417556808756,10.0,2.8674417556808756,4.800000000000001,0.7888106377466156,0.0,0.0,0.0,0.0,1.0,0.0
97000.0,6.65625,2.0484150283866464E-6,97000.0,59.0,49.1365621278285,49.32014833127318,36.92307692307692,97000.0,791248.0,43218.0,2811.768087481217,31495.200000000008,9562.168754466162,22.0,7.3181661333667165,11.5,3.6590830666833583,11.5,3.6590830666833583,5.199999999999999,0.9189365834726814,0.0,0.0,0.0,0.0,1.0,0.0
98000.0,6.734375,2.0654593633177386E-6,98000.0,57.099999999999994,45.80596260737745,42.87616511318242,31.46964856230031,98000.0,843320.0,49214.600000000006,2777.0582837079796,36362.4,12004.203145380186,25.999999999999996,9.43986817233753,13.499999999999998,4.719934086168765,13.499999999999998,4.719934086168765,5.300000000000001,1.0593499054713804,0.0,0.0,0.0,0.0,1.0,0.0
99000.0,6.796875,2.0798626549852395E-6,99000.0,54.800000000000004,44.033015567984414,43.00126103404793,29.042386185243334,99000.0,890808.0,55196.799999999996,2772.548799290004,40977.600000000006,12111.836664097555,28.599999999999998,9.371351141762975,14.799999999999999,4.685675570881488,14.799999999999999,4.685675570881488,5.300000000000001,1.0593499054713804,0.0,0.0,0.0,0.0,1.0,0.0
100000.0,6.828125,2.087363682221622E-6,100000.0,57.699999999999996,47.61609907120742,45.48969072164948,34.3167701863354,100000.0,927840.0,61144.200000000004,2779.023121730208,44618.399999999994,10814.295099029287,31.2,7.627435858647241,16.099999999999998,3.8137179293236203,16.099999999999998,3.8137179293236203,5.8,1.0327955589886446,0.0,0.0,0.0,0.0,1.0,0.0
101000.0,6.921875,2.1105598231467114E-6,101000.0,56.99999999999999,47.57382641572005,46.317103620474406,33.94777265745007,101000.0,956416.0,67148.3,2776.3115038962515,47436.799999999996,10854.633304620556,33.0,8.219218670625303,17.0,4.109609335312651,17.0,4.109609335312651,6.000000000000001,1.0540925533894598,0.0,0.0,0.0,0.0,1.0,0.0
102000.0,7.015625,2.134405561567595E-6,102000.0,57.3,46.9378016592189,43.88961892247043,32.11446740858505,102000.0,983200.0,73123.40000000001,2753.7798346595855,50067.2,11498.544959157996,35.0,8.273115763993905,18.0,4.136557881996953,18.0,4.136557881996953,6.000000000000001,1.0540925533894598,0.0,0.0,0.0,0.0,1.0,0.0
103000.0,7.078125,2.1507541532628244E-6,103000.0,56.00000000000001,46.483803444740275,44.44444444444445,33.83458646616542,103000.0,1011120.0,79158.7,2723.631972609777,52568.8,11537.735391122278,36.6,8.88444333277743,18.8,4.442221666388715,18.8,4.442221666388715,6.2,0.9189365834726815,0.0,0.0,0.0,0.0,1.0,0.0
104000.0,7.15625,2.1718709225145485E-6,104000.0,58.599999999999994,48.5269251427321,46.786632390745496,34.49367088607595,104000.0,1044816.0,85196.40000000001,2716.7876128496564,55788.0,13008.739216388343,39.199999999999996,10.130262692656208,20.099999999999998,5.065131346328104,20.099999999999998,5.065131346328104,6.4,0.8432740427115678,0.0,0.0,0.0,0.0,1.0,0.0
105000.0,7.21875,2.1893391709050377E-6,105000.0,61.7,53.42660982199966,50.83440308087292,40.52795031055901,105000.0,1080368.0,91191.2,2755.80658892375,59280.0,14205.961815769855,42.0,11.440668201153676,21.5,5.720334100576838,21.5,5.720334100576838,6.7,0.9486832980505138,0.0,0.0,0.0,0.0,1.0,0.0
106000.0,7.28125,2.2073975156268317E-6,106000.0,60.099999999999994,49.87487562939065,49.42965779467681,34.803921568627445,106000.0,1116864.0,97172.7,2722.2591537177364,62887.2,16202.889377446782,45.800000000000004,14.642404174178502,23.400000000000002,7.321202087089251,23.400000000000002,7.321202087089251,7.0,1.2472191289246473,0.0,0.0,0.0,0.0,1.0,0.0
107000.0,7.3125,2.2167833715987706E-6,107000.0,59.5,50.071564091468886,48.01026957637997,37.01399688958009,107000.0,1160984.0,103185.3,2715.263893456971,67272.0,18711.555550277244,48.2,15.697133496278866,24.6,7.848566748139433,24.6,7.848566748139433,7.199999999999999,1.1352924243950935,0.0,0.0,0.0,0.0,1.0,0.0
108000.0,7.390625,2.2410936394913332E-6,108000.0,58.699999999999996,50.56284145156115,47.655259822560204,37.13850837138507,108000.0,1202824.0,109187.59999999999,2703.640845641711,71385.59999999999,19494.750810296486,50.8,16.040227208144184,25.9,8.020113604072092,25.9,8.020113604072092,7.199999999999999,1.1352924243950935,0.0,0.0,0.0,0.0,1.0,0.0
109000.0,7.46875,2.26640119864088E-6,109000.0,59.3,49.86332520716793,48.41571609632446,36.106750392464676,109000.0,1252168.0,115177.9,2663.085405648453,76213.59999999999,19374.46954227249,55.2,15.215489184088401,28.1,7.607744592044201,28.1,7.607744592044201,7.4,1.07496769977314,0.0,0.0,0.0,0.0,1.0,0.0
110000.0,7.546875,2.293031688572632E-6,110000.0,60.5,51.62704574734377,49.80940279542567,38.087774294670844,110000.0,1317624.0,121188.2,2666.775531111184,82647.2,20590.98001445185,59.2,15.929009176133127,30.1,7.964504588066563,30.1,7.964504588066563,7.4,1.07496769977314,0.0,0.0,0.0,0.0,1.0,0.0
111000.0,7.640625,2.3258567347915637E-6,111000.0,62.0,53.641632741694835,51.03092783505154,40.90202177293934,111000.0,1353432.0,127174.3,2640.918823692493,86204.0,21856.523907825173,61.6,16.86679841845775,31.300000000000004,8.433399209228876,31.300000000000004,8.433399209228876,7.4,1.07496769977314,0.0,0.0,0.0,0.0,1.0,0.0
112000.0,7.734375,2.3597042955872086E-6,112000.0,60.4,52.89645188955407,49.034749034749034,38.983050847457626,112000.0,1395592.0,133192.3,2630.6053401366694,90317.6,21532.841455682425,64.8,16.396476586280492,32.9,8.198238293140246,32.9,8.198238293140246,7.499999999999999,0.97182531580755,0.0,0.0,0.0,0.0,1.0,0.0
113000.0,7.796875,2.3829171227084267E-6,113000.0,62.7,54.496435350780025,52.72496831432193,40.98101265822785,113000.0,1435656.0,139183.2,2587.023849909389,94204.0,22127.81818837496,67.2,17.216271373325874,34.1,8.608135686662937,34.1,8.608135686662937,7.499999999999999,0.97182531580755,0.0,0.0,0.0,0.0,1.0,0.0
114000.0,7.890625,2.4187627584776946E-6,114000.0,59.599999999999994,51.64849894919262,50.61124694376527,39.24812030075187,114000.0,1477976.0,145176.2,2569.564416178135,98273.6,20718.52514699506,70.8,15.647506013561538,35.9,7.823753006780769,35.9,7.823753006780769,7.800000000000001,1.1352924243950933,0.0,0.0,0.0,0.0,1.0,0.0
115000.0,7.953125,2.4432896558816235E-6,115000.0,61.5,53.16723312013274,51.63316582914573,40.1244167962675,115000.0,1516928.0,151171.1,2526.915970550313,102078.4,20055.009078919797,73.0,14.787382008545888,37.0,7.393691004272944,37.0,7.393691004272944,7.800000000000001,1.1352924243950933,0.0,0.0,0.0,0.0,1.0,0.0
116000.0,8.046875,2.4808250600472093E-6,116000.0,57.8,48.67653569048302,48.59926918392205,34.472049689440986,116000.0,1547648.0,157175.19999999998,2524.869272743532,105086.39999999998,19968.213246724565,75.8,16.578433111860853,38.4,8.289216555930427,38.4,8.289216555930427,7.9,1.1972189997378648,0.0,0.0,0.0,0.0,1.0,0.0
117000.0,8.078125,2.4936571975962985E-6,117000.0,59.4,52.01671614696593,48.28025477707006,38.57791225416035,117000.0,1587272.0,163186.5,2528.2654242692856,108934.4,21104.776937935163,79.0,17.384539747207064,40.0,8.692269873603532,40.0,8.692269873603532,8.1,1.3703203194062976,0.0,0.0,0.0,0.0,1.0,0.0
118000.0,8.15625,2.5263218817094137E-6,118000.0,60.199999999999996,50.82570802331702,48.041775456919055,36.72496025437202,118000.0,1616184.0,169183.2,2527.2580134736263,111765.6,21444.595875573563,80.80000000000001,16.798148046072754,40.900000000000006,8.399074023036377,40.900000000000006,8.399074023036377,8.3,1.159501808728406,0.0,0.0,0.0,0.0,1.0,0.0
119000.0,8.234375,2.5596758415405126E-6,119000.0,61.1,51.96214271071824,50.945775535939475,37.25806451612903,119000.0,1650288.0,175174.1,2523.8688313337066,115088.0,22273.30647509106,83.39999999999999,16.991501143545587,42.199999999999996,8.495750571772794,42.199999999999996,8.495750571772794,8.3,1.159501808728406,0.0,0.0,0.0,0.0,1.0,0.0
120000.0,8.3125,2.593882381916047E-6,120000.0,62.2,54.56337567674125,51.162790697674424,40.65934065934066,120000.0,1692472.0,181212.7,2571.905219007023,119213.6,22695.23785192734,85.39999999999999,17.19948319637024,43.199999999999996,8.59974159818512,43.199999999999996,8.59974159818512,8.5,0.8498365855987975,0.0,0.0,0.0,0.0,1.0,0.0
121000.0,8.390625,2.6284013034051497E-6,121000.0,62.4,54.23118122504626,50.720838794233295,41.06583072100314,121000.0,1707928.0,187196.7,2592.9202777306245,120733.59999999999,23319.53452556223,86.8,17.949311345502306,43.9,8.974655672751153,43.9,8.974655672751153,8.5,0.8498365855987975,0.0,0.0,0.0,0.0,1.0,0.0
122000.0,8.453125,2.6363312564272853E-6,122000.0,47.199999999999996,39.029741476865944,35.45232273838631,25.0,122000.0,490448.0,2742.4,582.9050237102668,3044.7999999999997,14.70298533556291,1.0,0.0,1.0,0.0,1.0,0.0,0.0,0.0,0.0,0.0,0.0,0.0,1.0,0.0
123000.0,8.546875,2.64841361462863E-6,123000.0,41.4,35.018418840666484,28.623629719853838,19.83584131326949,123000.0,498176.0,8708.199999999999,634.1779981466822,3044.7999999999997,14.70298533556291,1.0,0.0,1.0,0.0,1.0,0.0,0.0,0.0,0.0,0.0,0.0,0.0,1.0,0.0
124000.0,8.625,2.6606807174781963E-6,124000.0,44.3,34.88061055565429,28.95408163265306,21.104815864022665,124000.0,606952.0,14742.1,649.6591328449783,13797.600000000002,2724.487931499952,9.0,2.309401076758503,5.0,1.1547005383792515,5.0,1.1547005383792515,2.9,0.9944289260117533,0.0,0.0,0.0,0.0,1.0,0.0
125000.0,8.703125,2.6735295735610034E-6,125000.0,48.5,40.40827850509249,38.10096153846153,30.027173913043477,125000.0,635736.0,20761.9,657.9131063868205,16318.4,4286.234794211711,10.6,3.2386554137309655,5.8,1.6193277068654828,5.8,1.6193277068654828,3.3000000000000003,0.9486832980505138,0.0,0.0,0.0,0.0,1.0,0.0
126000.0,8.71875,2.676134366386881E-6,126000.0,49.4,42.865466239249166,37.29863692688971,31.713900134952766,126000.0,644400.0,26773.3,584.4070214043176,17090.4,5097.813108470032,11.2,4.157990967870047,6.1,2.0789954839350235,6.1,2.0789954839350235,3.4000000000000004,1.07496769977314,0.0,0.0,0.0,0.0,1.0,0.0
127000.0,8.796875,2.689545573149291E-6,127000.0,50.8,44.14080151137734,39.705882352941174,32.602739726027394,127000.0,663560.0,32740.1,605.0198252031818,18738.4,5265.572274480503,12.4,3.8930136855083823,6.7,1.9465068427541912,6.7,1.9465068427541912,3.8,1.0327955589886446,0.0,0.0,0.0,0.0,1.0,0.0
128000.0,8.875,2.7037642495189285E-6,128000.0,46.1,39.191758057656145,33.86503067484663,27.358490566037734,128000.0,703512.0,38714.7,572.0122473436301,21504.8,7302.564736675282,14.6,5.719362823873924,7.8,2.859681411936962,7.8,2.859681411936962,4.1,1.2866839377079187,0.0,0.0,0.0,0.0,1.0,0.0
129000.0,8.953125,2.7185824647959743E-6,129000.0,51.5,44.14308583537758,39.29912390488111,31.20567375886525,129000.0,733176.0,44712.5,554.750444394194,24321.600000000002,8918.656839581967,16.8,6.762642481555071,8.9,3.3813212407775355,8.9,3.3813212407775355,4.5,1.5811388300841895,0.0,0.0,0.0,0.0,1.0,0.0
130000.0,9.03125,2.7337271280379766E-6,130000.0,53.400000000000006,47.636330947377886,43.239951278928146,36.856368563685635,130000.0,749328.0,50692.1,560.7262057169951,25880.0,10000.09244401715,17.6,7.48628375393589,9.3,3.743141876967945,9.3,3.743141876967945,4.7,1.7669811040931427,0.0,0.0,0.0,0.0,1.0,0.0
131000.0,9.09375,2.746693078531988E-6,131000.0,53.800000000000004,47.75345511377195,44.337349397590366,35.02109704641351,131000.0,801912.0,56656.899999999994,603.814807885846,31077.6,8968.990766957995,22.2,6.7461923416925424,11.6,3.3730961708462712,11.6,3.3730961708462712,5.2,1.3165611772087666,0.0,0.0,0.0,0.0,1.0,0.0
132000.0,9.171875,2.763898454658274E-6,132000.0,54.400000000000006,49.30753650190876,45.12635379061372,37.534246575342465,132000.0,851288.0,62638.7,624.644085326462,35915.200000000004,10790.619267575785,24.999999999999996,8.589399151150083,12.999999999999998,4.2946995755750415,12.999999999999998,4.2946995755750415,5.600000000000001,1.3498971154211057,0.0,0.0,0.0,0.0,1.0,0.0
133000.0,9.203125,2.7712540920927297E-6,133000.0,55.7,49.31373311792624,44.900497512437816,36.167146974063414,133000.0,909856.0,68629.7,642.251603518607,41669.6,14391.614867306896,29.6,11.157458890306918,15.3,5.578729445153459,15.3,5.578729445153459,6.0,1.247219128924647,0.0,0.0,0.0,0.0,1.0,0.0
134000.0,9.296875,2.794550156169054E-6,134000.0,52.0,45.996361504856395,40.14962593516209,32.10749646393211,134000.0,960536.0,74651.7,638.2295041754173,46522.4,13111.839765816407,32.800000000000004,9.772978620211502,16.900000000000002,4.886489310105751,16.900000000000002,4.886489310105751,6.3999999999999995,0.8432740427115678,0.0,0.0,0.0,0.0,1.0,0.0
135000.0,9.375,2.814907962197645E-6,135000.0,58.4,53.00443972480484,48.705302096177554,40.74074074074074,135000.0,1007264.0,80624.1,652.1622923441348,51168.0,13466.032988391364,36.2,10.250203250017371,18.6,5.125101625008686,18.6,5.125101625008686,6.3999999999999995,0.8432740427115678,0.0,0.0,0.0,0.0,1.0,0.0
136000.0,9.453125,2.8362344407166047E-6,136000.0,54.400000000000006,49.03279672468657,44.59295261239369,36.75450762829404,136000.0,1055192.0,86609.0,622.861140223082,55840.00000000001,11739.801853334475,38.800000000000004,8.66410218468519,19.900000000000002,4.332051092342595,19.900000000000002,4.332051092342595,6.3999999999999995,0.8432740427115678,0.0,0.0,0.0,0.0,1.0,0.0
137000.0,9.5,2.84934911178425E-6,137000.0,54.6,49.482248685314474,44.70158343483558,37.119113573407205,137000.0,1081480.0,92586.40000000001,618.2691251478707,58410.4,11947.213112502663,41.2,9.908470001860922,21.1,4.954235000930461,21.1,4.954235000930461,6.6,0.6992058987801011,0.0,0.0,0.0,0.0,1.0,0.0
138000.0,9.5625,2.8673094089349942E-6,138000.0,57.8,52.509351831428454,47.642679900744405,39.541547277936964,138000.0,1110800.0,98577.8,616.5206674016156,61272.0,13491.696343389225,43.6,11.663809173869591,22.3,5.831904586934796,22.3,5.831904586934796,6.799999999999999,0.7888106377466156,0.0,0.0,0.0,0.0,1.0,0.0
139000.0,9.609375,2.881333962755485E-6,139000.0,57.099999999999994,52.26432876858659,47.555012224938864,40.49930651872399,139000.0,1156512.0,104586.5,626.7725531110407,65681.6,12159.219741048812,46.0,9.580071908799942,23.5,4.790035954399971,23.5,4.790035954399971,6.8999999999999995,0.7378647873726221,0.0,0.0,0.0,0.0,1.0,0.0
140000.0,9.6875,2.9057076123232647E-6,140000.0,56.49999999999999,51.66467954793696,45.21410579345088,39.49930458970792,140000.0,1205960.0,110604.09999999999,607.5962566631798,69910.4,14063.006816151057,49.599999999999994,11.276327219248099,25.299999999999997,5.6381636096240495,25.299999999999997,5.6381636096240495,7.300000000000001,0.9486832980505138,0.0,0.0,0.0,0.0,1.0,0.0
141000.0,9.78125,2.9360017894456786E-6,141000.0,55.50000000000001,51.072286573465796,46.06060606060607,39.45578231292517,141000.0,1249080.0,116588.5,604.9351204881401,74052.79999999999,14026.273353167539,52.2,11.36075114887509,26.6,5.680375574437545,26.6,5.680375574437545,7.300000000000001,0.9486832980505138,0.0,0.0,0.0,0.0,1.0,0.0
142000.0,9.84375,2.956684006171094E-6,142000.0,55.900000000000006,51.445086705202314,45.217391304347835,39.17241379310346,142000.0,1279144.0,122591.09999999999,591.867562137941,77020.79999999999,15784.404432505171,53.800000000000004,12.336035739968404,27.400000000000002,6.168017869984202,27.400000000000002,6.168017869984202,7.300000000000001,0.9486832980505138,0.0,0.0,0.0,0.0,1.0,0.0
143000.0,9.921875,2.9833673680615093E-6,143000.0,55.1,49.62821358534933,46.54761904761905,37.46518105849583,143000.0,1320240.0,128611.40000000001,575.5392061169915,81027.20000000001,16932.221359815074,57.199999999999996,14.34340731253677,29.099999999999998,7.171703656268386,29.099999999999998,7.171703656268386,7.400000000000001,0.9660917830792958,0.0,0.0,0.0,0.0,1.0,0.0
144000.0,9.984375,3.005729975282318E-6,144000.0,56.3,51.480241244237575,47.349397590361434,39.47368421052631,144000.0,1383072.0,134619.19999999998,610.542163436175,87165.6,20362.71592450826,62.0,16.766368453279053,31.5,8.383184226639527,31.5,8.383184226639527,7.800000000000001,0.9189365834726815,0.0,0.0,0.0,0.0,1.0,0.0
145000.0,10.0625,3.034430717687226E-6,145000.0,58.8,53.46000045184465,48.11083123425692,40.804597701149426,145000.0,1420056.0,140621.4,627.7253822775957,90812.8,21185.30851950631,63.8,16.005554591384133,32.4,8.002777295692066,32.4,8.002777295692066,7.9,0.8755950357709132,0.0,0.0,0.0,0.0,1.0,0.0
146000.0,10.125,3.057803292500062E-6,146000.0,61.199999999999996,56.21637236846857,51.92069392812887,44.88636363636364,146000.0,1445536.0,146628.90000000002,633.3174471691838,93283.2,21038.74443232982,65.80000000000001,15.583467022599448,33.400000000000006,7.791733511299724,33.400000000000006,7.791733511299724,8.1,0.7378647873726217,0.0,0.0,0.0,0.0,1.0,0.0
147000.0,10.203125,3.0876896926201878E-6,147000.0,59.099999999999994,53.90645602630825,48.68255959849435,41.73789173789174,147000.0,1478720.0,152630.80000000002,695.0818976526751,96558.4,22180.332365008016,68.8,17.924533156790687,34.9,8.962266578395344,34.9,8.962266578395344,8.1,0.7378647873726217,0.0,0.0,0.0,0.0,1.0,0.0
148000.0,10.265625,3.1121012095051504E-6,148000.0,57.699999999999996,51.95202017333621,48.72727272727273,39.224137931034484,148000.0,1509792.0,158612.59999999998,684.3806932792086,99565.6,23959.11155466515,70.2,18.18912984297062,35.6,9.09456492148531,35.6,9.09456492148531,8.200000000000001,0.6324555320336761,0.0,0.0,0.0,0.0,1.0,0.0
149000.0,10.34375,3.143139636247522E-6,149000.0,57.49999999999999,52.04589151765162,47.98041615667075,40.725244072524404,149000.0,1535720.0,164631.59999999998,705.0815870836798,102080.0,24520.7216859537,72.4,18.013575127910862,36.7,9.006787563955431,36.7,9.006787563955431,8.200000000000001,0.6324555320336761,0.0,0.0,0.0,0.0,1.0,0.0
150000.0,10.390625,3.162052566444294E-6,150000.0,59.8,55.58472379664432,50.795593635250924,45.822102425876004,150000.0,1559624.0,170656.3,704.3324735757476,104433.6,24800.13556952193,73.60000000000001,19.044976007102534,37.300000000000004,9.522488003551267,37.300000000000004,9.522488003551267,8.200000000000001,0.6324555320336761,0.0,0.0,0.0,0.0,1.0,0.0
151000.0,10.453125,3.1875949935056267E-6,151000.0,60.699999999999996,56.680849187628134,52.01465201465202,46.89189189189189,151000.0,1579736.0,176659.7,697.3001983842191,106404.8,25337.283958625085,74.4,19.253859641929232,37.7,9.626929820964616,37.7,9.626929820964616,8.200000000000001,0.6324555320336761,0.0,0.0,0.0,0.0,1.0,0.0
152000.0,10.5625,3.232798351544059E-6,152000.0,60.5,56.17951974972404,51.94647201946472,46.11186903137789,152000.0,1597552.0,182697.9,707.1246079094644,108129.59999999999,26119.88737086488,76.4,19.460501306778074,38.7,9.730250653389037,38.7,9.730250653389037,8.6,0.5163977794943222,0.0,0.0,0.0,0.0,1.0,0.0
153000.0,10.625,3.2591604718214106E-6,153000.0,61.0,56.639686916303475,51.732673267326724,45.98337950138504,153000.0,1630432.0,188652.5,717.8389249840254,111380.8,25802.234583677266,79.0,19.090428084368472,40.0,9.545214042184236,40.0,9.545214042184236,8.7,0.483045891539648,0.0,0.0,0.0,0.0,1.0,0.0
154000.0,10.703125,3.292811937474956E-6,154000.0,56.8,51.538213016476995,46.53465346534652,39.069111424541596,154000.0,1665008.0,194637.6,706.2277253124495,114763.2,24483.89575392137,82.6,18.75692464723954,41.8,9.37846232361977,41.8,9.37846232361977,8.7,0.483045891539648,0.0,0.0,0.0,0.0,1.0,0.0
155000.0,10.75,3.3135150442831217E-6,155000.0,57.699999999999996,52.51939072163792,47.124999999999986,40.4225352112676,155000.0,1707248.0,200628.5,660.32571928977,118859.20000000001,24976.581728580164,84.99999999999999,18.330302779823352,42.99999999999999,9.165151389911676,42.99999999999999,9.165151389911676,8.8,0.632455532033676,0.0,0.0,0.0,0.0,1.0,0.0
156000.0,10.796875,3.334704670123756E-6,156000.0,58.599999999999994,54.00424183103113,49.93954050785974,42.89655172413793,156000.0,1747368.0,206646.0,666.2580414357285,122743.20000000001,24897.9780562376,88.4,18.50045044496665,44.7,9.250225222483325,44.7,9.250225222483325,9.0,0.4714045207910317,0.0,0.0,0.0,0.0,1.0,0.0
157000.0,10.875,3.370712737604562E-6,157000.0,57.9,52.34472984782008,49.03147699757868,40.11379800853484,157000.0,1781608.0,212667.3,696.9528997317102,126095.20000000003,23126.143728112856,91.2,16.45059944871986,46.1,8.22529972435993,46.1,8.22529972435993,9.1,0.5676462121975467,0.0,0.0,0.0,0.0,1.0,0.0
158000.0,10.953125,3.4074635995138023E-6,158000.0,58.8,53.16776851237188,49.32349323493235,40.54834054834054,158000.0,1818360.0,218660.10000000003,726.3244530587675,129696.0,21282.844922613145,94.6,15.882904856060387,47.8,7.9414524280301935,47.8,7.9414524280301935,9.2,0.632455532033676,0.0,0.0,0.0,0.0,1.0,0.0
159000.0,11.015625,3.4378915895811387E-6,159000.0,57.99999999999999,53.05111838942979,49.15254237288135,42.38683127572016,159000.0,1881896.0,224626.5,760.2976390861655,135897.6,22832.129502085434,99.19999999999999,17.086706983955555,50.099999999999994,8.543353491977777,50.099999999999994,8.543353491977777,9.4,0.699205898780101,0.0,0.0,0.0,0.0,1.0,0.0
160000.0,11.0625,3.4613808060789274E-6,160000.0,59.0,54.073408615604514,48.74999999999999,43.21329639889196,160000.0,1937000.0,230601.4,801.5479745814041,141272.0,25192.40351111157,102.8,19.332183873875536,51.9,9.666091936937768,51.9,9.666091936937768,9.5,0.8498365855987975,0.0,0.0,0.0,0.0,1.0,0.0
161000.0,11.15625,3.5090006874977715E-6,161000.0,59.699999999999996,55.133935778069954,50.308261405672006,44.49035812672176,161000.0,1963448.0,236574.9,806.4376327748777,143878.40000000002,25566.692443272535,104.4,19.50612439437647,52.7,9.753062197188235,52.7,9.753062197188235,9.8,0.9189365834726815,0.0,0.0,0.0,0.0,1.0,0.0
162000.0,11.25,3.557663068123576E-6,162000.0,59.199999999999996,54.441913439635535,49.87714987714987,43.096234309623426,162000.0,2006432.0,242557.9,833.1793791121903,148112.80000000002,24516.506243753414,107.60000000000001,19.391865419408326,54.300000000000004,9.695932709704163,54.300000000000004,9.695932709704163,9.9,0.8755950357709131,0.0,0.0,0.0,0.0,1.0,0.0
163000.0,11.296875,3.5825834169776905E-6,163000.0,58.5,54.19693991411098,49.8186215235792,42.75862068965516,163000.0,2055016.0,248568.19999999998,821.1338772967791,152333.59999999998,27527.291295084673,110.39999999999999,21.58291505386198,55.699999999999996,10.79145752693099,55.699999999999996,10.79145752693099,10.0,0.816496580927726,0.0,0.0,0.0,0.0,1.0,0.0
164000.0,11.40625,3.641468162337939E-6,164000.0,59.599999999999994,55.15953880919717,50.911300121506684,44.58161865569272,164000.0,2081072.0,254533.40000000002,822.053553270375,154837.6,28173.73403721984,112.19999999999999,21.48280966519768,56.599999999999994,10.74140483259884,56.599999999999994,10.74140483259884,10.1,0.7378647873726217,0.0,0.0,0.0,0.0,1.0,0.0
164860.0,11.46875,3.675483943273624E-6,164860.0,62.0,57.36602835383504,52.79503105590062,46.62921348314607,164860.0,2103792.0,259702.80000000002,787.3872123817023,157045.59999999998,28479.210488432513,114.19999999999999,22.27504832268109,57.599999999999994,11.137524161340545,57.599999999999994,11.137524161340545,10.1,0.7378647873726217,0.0,0.0,0.0,0.0,1.0,0.0
