learning evaluation instances,evaluation time (cpu seconds),model cost (RAM-Hours),classified instances,classifications correct (percent),Kappa Statistic (percent),Kappa Temporal Statistic (percent),Kappa M Statistic (percent),model training instances,model serialized size (bytes),ensemble size,[avg] model training instances,[err] model training instances,[avg] model serialized size (bytes),[err] model serialized size (bytes),[avg] Change detected,[err] Change detected,[avg] Warning detected,[err] Warning detected,[avg] tree size (nodes),[err] tree size (nodes),[avg] tree size (leaves),[err] tree size (leaves),[avg] active learning leaves,[err] active learning leaves,[avg] tree depth,[err] tree depth,[avg] active leaf byte size estimate,[err] active leaf byte size estimate,[avg] inactive leaf byte size estimate,[err] inactive leaf byte size estimate,[avg] byte size estimate overhead,[err] byte size estimate overhead
1000.0,0.28125,8.411356247961521E-8,1000.0,46.2,26.088240749009127,30.129870129870127,11.947626841243865,1000.0,1175768.0,35.0,950.3571428571429,176.45075970483683,172181.71428571426,169096.56310335366,0.42857142857142855,0.7778444682625973,31.94285714285714,6.677190573106316,1.0,0.0,1.0,0.0,1.0,0.0,0.0,0.0,0.0,0.0,0.0,0.0,1.0,0.0
2000.0,0.65625,1.9841866257290046E-7,2000.0,43.6,26.358836156244607,24.59893048128342,5.9999999999999964,2000.0,1178248.0,35.0,1884.9428571428573,354.2065591465565,172222.9714285714,169126.42903289676,0.22857142857142856,0.7702449681266149,22.685714285714287,8.82100243927035,1.0,0.0,1.0,0.0,1.0,0.0,0.0,0.0,0.0,0.0,0.0,0.0,1.0,0.0
3000.0,1.03125,3.1363490658501786E-7,3000.0,44.2,28.774837860641206,28.8265306122449,8.674304418985269,3000.0,1187640.0,35.0,2835.614285714286,500.6177428244446,172362.4,169256.18946183924,0.08571428571428572,0.37349136311209086,15.971428571428575,10.291303336786255,1.0,0.0,1.0,0.0,1.0,0.0,0.0,0.0,0.0,0.0,0.0,0.0,1.0,0.0
4000.0,1.390625,4.2404229235317974E-7,4000.0,45.1,28.040297433437278,29.97448979591837,9.852216748768473,4000.0,1187552.0,35.0,3784.4142857142856,655.0955122940038,172360.4571428571,169255.6822065607,0.11428571428571428,0.4710082159536056,12.142857142857142,9.235936390448092,1.0,0.0,1.0,0.0,1.0,0.0,0.0,0.0,0.0,0.0,0.0,0.0,1.0,0.0
5000.0,1.765625,5.386958623098002E-7,5000.0,48.0,34.03367580849976,34.01015228426396,15.032679738562088,5000.0,1181840.0,35.0,4758.614285714288,798.4966725195819,172266.97142857139,169185.66787373935,0.05714285714285714,0.3380617018914066,12.37142857142857,8.40548040508906,1.0,0.0,1.0,0.0,1.0,0.0,0.0,0.0,0.0,0.0,0.0,0.0,1.0,0.0
6000.0,2.15625,6.584379136458867E-7,6000.0,47.599999999999994,34.418350846804266,33.921815889029006,17.350157728706623,6000.0,1184920.0,35.0,5752.3,807.5869469051577,172322.85714285716,169218.0867300774,0.02857142857142857,0.1690308509457033,10.857142857142858,8.664134514811984,1.0,0.0,1.0,0.0,1.0,0.0,0.0,0.0,0.0,0.0,0.0,0.0,1.0,0.0
7000.0,2.484375,7.582959693132175E-7,7000.0,47.599999999999994,32.93332241153342,31.770833333333325,14.935064935064931,7000.0,1176376.0,35.0,6751.814285714285,812.3021015242955,172200.80000000005,169094.77848567307,0.0,0.0,8.714285714285715,6.5600010248000835,1.0,0.0,1.0,0.0,1.0,0.0,0.0,0.0,0.0,0.0,0.0,0.0,1.0,0.0
8000.0,2.828125,8.632727096685104E-7,8000.0,47.099999999999994,32.76383838409515,32.611464968152866,14.401294498381873,8000.0,1180464.0,35.0,7747.300000000004,806.8744195880221,172259.2,169153.85899059084,0.0,0.0,8.485714285714288,6.7054474280307375,1.0,0.0,1.0,0.0,1.0,0.0,0.0,0.0,0.0,0.0,0.0,0.0,1.0,0.0
9000.0,3.140625,9.598909592669872E-7,9000.0,45.4,31.23598901790887,29.63917525773196,10.929853181076673,9000.0,1195120.0,35.0,8740.785714285716,809.9170093977539,172468.5714285714,169364.53536784017,0.0,0.0,9.057142857142857,7.024925610419855,1.0,0.0,1.0,0.0,1.0,0.0,0.0,0.0,0.0,0.0,0.0,0.0,1.0,0.0
10000.0,3.453125,1.0565984606121978E-6,10000.0,45.7,33.16355481265486,31.525851197982348,14.756671899529048,10000.0,1196224.0,35.0,9744.928571428574,817.8902219209323,172484.34285714282,169380.48581987355,0.0,0.0,8.057142857142859,7.058340319595457,1.0,0.0,1.0,0.0,1.0,0.0,0.0,0.0,0.0,0.0,0.0,0.0,1.0,0.0
11000.0,3.8125,1.167007333909472E-6,11000.0,47.9,34.42036920954517,35.51980198019801,15.28455284552845,11000.0,1187568.0,35.0,10737.042857142855,821.6322996437061,172360.68571428573,169256.02193260516,0.0,0.0,10.171428571428569,8.67208406421471,1.0,0.0,1.0,0.0,1.0,0.0,0.0,0.0,0.0,0.0,0.0,0.0,1.0,0.0
12000.0,4.125,1.2622079035888117E-6,12000.0,49.4,36.57717279586874,32.44325767690254,15.666666666666663,12000.0,1177584.0,35.0,11737.700000000006,823.3172623556203,172218.05714285723,169112.21373591962,0.0,0.0,6.085714285714287,5.054825467234421,1.0,0.0,1.0,0.0,1.0,0.0,0.0,0.0,0.0,0.0,0.0,0.0,1.0,0.0
13000.0,4.421875,1.354312892848005E-6,13000.0,45.0,29.020626605908323,26.958831341301465,5.660377358490572,13000.0,1199256.0,35.0,12730.814285714285,824.0746288995064,172527.65714285724,169423.676669551,0.0,0.0,10.485714285714288,8.300855478845072,1.0,0.0,1.0,0.0,1.0,0.0,0.0,0.0,0.0,0.0,0.0,0.0,1.0,0.0
14000.0,4.75,1.45658307398359E-6,14000.0,44.6,29.49608792372342,27.009222661396574,7.820299500831945,14000.0,1204792.0,35.0,13729.642857142859,827.683812689858,172606.74285714285,169503.6455941318,0.0,0.0,3.9999999999999996,6.543968934199238,1.0,0.0,1.0,0.0,1.0,0.0,0.0,0.0,0.0,0.0,0.0,0.0,1.0,0.0
15000.0,5.03125,1.5428346038485569E-6,15000.0,47.9,32.614293788745165,33.4610472541507,12.583892617449658,15000.0,1185432.0,35.0,14726.785714285714,830.2348173660712,172330.1714285714,169225.40010353673,0.0,0.0,4.342857142857143,6.272924344508929,1.0,0.0,1.0,0.0,1.0,0.0,0.0,0.0,0.0,0.0,0.0,0.0,1.0,0.0
16000.0,5.359375,1.6436556082529329E-6,16000.0,44.6,30.930271990105823,28.7001287001287,12.618296529968456,16000.0,1187720.0,35.0,15721.814285714283,834.1065912640079,172362.8571428572,169258.28811220723,0.0,0.0,5.857142857142858,5.88189073814383,1.0,0.0,1.0,0.0,1.0,0.0,0.0,0.0,0.0,0.0,0.0,0.0,1.0,0.0
17000.0,5.671875,1.7406108155329197E-6,17000.0,44.3,30.11555399420348,28.498074454428757,10.88,17000.0,1199288.0,35.0,16726.52857142857,829.7777547995902,172528.11428571423,169424.50714019174,0.0,0.0,6.542857142857144,7.788916926682188,1.0,0.0,1.0,0.0,1.0,0.0,0.0,0.0,0.0,0.0,0.0,0.0,1.0,0.0
18000.0,6.0,1.8428531540040343E-6,18000.0,45.2,30.838120816211145,31.242158092848182,12.599681020733655,18000.0,1204464.0,35.0,17731.442857142865,837.0966843837166,172602.05714285714,169498.9396780897,0.0,0.0,5.6000000000000005,6.499773751718547,1.0,0.0,1.0,0.0,1.0,0.0,0.0,0.0,0.0,0.0,0.0,0.0,1.0,0.0
19000.0,6.28125,1.928966731712636E-6,19000.0,47.199999999999996,32.306477295746326,29.411764705882348,11.111111111111102,19000.0,1183536.0,35.0,18728.957142857136,841.5863977057337,172303.08571428567,169198.14479425782,0.0,0.0,3.3428571428571425,4.484895284651105,1.0,0.0,1.0,0.0,1.0,0.0,0.0,0.0,0.0,0.0,0.0,0.0,1.0,0.0
20000.0,6.5625,2.0151670388359994E-6,20000.0,46.0,32.30452932843586,30.680359435173298,12.05211726384365,20000.0,1184728.0,35.0,19728.071428571428,845.819957568464,172320.11428571423,169215.20477949508,0.0,0.0,4.800000000000001,5.550834595435389,1.0,0.0,1.0,0.0,1.0,0.0,0.0,0.0,0.0,0.0,0.0,0.0,1.0,0.0
21000.0,6.890625,2.1158705607780983E-6,21000.0,45.1,31.455710900414758,31.030150753768847,13.949843260188091,21000.0,1186336.0,35.0,20725.414285714283,850.2990009974775,172343.0857142857,169238.32952795541,0.0,0.0,6.2857142857142865,6.5510278877863595,1.0,0.0,1.0,0.0,1.0,0.0,0.0,0.0,0.0,0.0,0.0,0.0,1.0,0.0
22000.0,7.1875,2.2069027828466566E-6,22000.0,46.5,32.731648313513276,31.93384223918575,12.724306688417622,22000.0,1185288.0,35.0,21561.328571428574,1736.69128793998,172327.77142857143,169223.5158988383,0.02857142857142857,0.1690308509457033,7.3999999999999995,9.400250309558409,1.0,0.0,1.0,0.0,1.0,0.0,0.0,0.0,0.0,0.0,0.0,0.0,1.0,0.0
23000.0,7.546875,2.3170357194936115E-6,23000.0,47.199999999999996,33.28902781392692,33.834586466165405,15.789473684210522,23000.0,1184600.0,35.0,22563.814285714285,1732.6078383558392,172317.9428571428,169213.86150880586,0.0,0.0,5.514285714285716,6.775263956531307,1.0,0.0,1.0,0.0,1.0,0.0,0.0,0.0,0.0,0.0,0.0,0.0,1.0,0.0
24000.0,7.828125,2.4030154195821126E-6,24000.0,45.800000000000004,32.41018785478417,30.69053708439898,14.779874213836482,24000.0,1181696.0,35.0,23556.357142857152,1730.6906306461049,172276.45714285714,169171.92060909694,0.0,0.0,3.9428571428571435,5.546291061404471,1.0,0.0,1.0,0.0,1.0,0.0,0.0,0.0,0.0,0.0,0.0,0.0,1.0,0.0
25000.0,8.171875,2.5101321322532997E-6,25000.0,44.800000000000004,29.414201811446404,29.68152866242038,9.210526315789473,25000.0,1204528.0,35.0,24548.700000000004,1731.8412866163528,172602.62857142853,169500.22618788475,0.0,0.0,7.657142857142856,7.498795421473322,1.0,0.0,1.0,0.0,1.0,0.0,0.0,0.0,0.0,0.0,0.0,0.0,1.0,0.0
26000.0,8.484375,2.6052854890521205E-6,26000.0,49.3,34.30761915004166,35.41401273885351,16.059602649006617,26000.0,1177000.0,35.0,25558.471428571425,1731.6225926915113,172209.37142857147,169104.37306751029,0.0,0.0,4.428571428571429,5.065951593355239,1.0,0.0,1.0,0.0,1.0,0.0,0.0,0.0,0.0,0.0,0.0,0.0,1.0,0.0
27000.0,8.828125,2.7110355505202383E-6,27000.0,45.9,31.041163709042145,30.641025641025642,11.019736842105264,27000.0,1189160.0,35.0,26554.98571428571,1727.4922134756634,172383.08571428567,169279.2689145762,0.0,0.0,4.114285714285714,3.8022549700332906,1.0,0.0,1.0,0.0,1.0,0.0,0.0,0.0,0.0,0.0,0.0,0.0,1.0,0.0
28000.0,9.140625,2.809134861713069E-6,28000.0,42.1,28.461552717904993,26.986128625472887,10.232558139534884,28000.0,1213440.0,35.0,27546.757142857143,1727.3258752464935,172729.94285714286,169628.02131893297,0.0,0.0,4.9714285714285715,4.774230546478078,1.0,0.0,1.0,0.0,1.0,0.0,0.0,0.0,0.0,0.0,0.0,0.0,1.0,0.0
29000.0,9.453125,2.9063429489421352E-6,29000.0,42.1,28.051117258039266,26.053639846743295,9.813084112149532,29000.0,1202416.0,35.0,25507.585714285724,8940.845052128449,172556.8,169486.39475623603,0.42857142857142855,0.9166984970282113,1.6857142857142862,3.103806283481324,1.0,0.0,1.0,0.0,1.0,0.0,0.0,0.0,0.0,0.0,0.0,0.0,1.0,0.0
30000.0,9.765625,3.0028680662831505E-6,30000.0,44.6,32.42105828134797,32.19094247246022,16.060606060606062,30000.0,1193968.0,35.0,23170.2,12120.413754596362,172455.42857142858,169345.00207466632,0.6285714285714284,1.0595702315704476,13.371428571428572,16.579728434385867,1.0,0.0,1.0,0.0,1.0,0.0,0.0,0.0,0.0,0.0,0.0,0.0,1.0,0.0
31000.0,10.125,3.1128224994366375E-6,31000.0,46.1,32.962867149566186,33.209417596034704,18.702865761689292,31000.0,1182680.0,35.0,19939.828571428574,14174.350689799963,172283.08571428573,169194.4151984349,0.6857142857142858,0.9932545604469881,16.08571428571429,12.97366433921252,1.0,0.0,1.0,0.0,1.0,0.0,0.0,0.0,0.0,0.0,0.0,0.0,1.0,0.0
32000.0,10.5,3.227778749230008E-6,32000.0,44.1,33.04555297905368,30.21223470661673,20.370370370370374,32000.0,1184960.0,35.0,19048.757142857143,14756.518151469822,172332.68571428573,169209.2283692591,0.5428571428571428,0.8520859229960717,18.457142857142856,12.568267364192055,1.0,0.0,1.0,0.0,1.0,0.0,0.0,0.0,0.0,0.0,0.0,0.0,1.0,0.0
33000.0,10.84375,3.3330187175629874E-6,33000.0,46.5,35.19840793995133,35.38647342995169,24.22096317280454,33000.0,1183424.0,35.0,19134.842857142856,14942.722346342238,172307.99999999997,169189.80586551776,0.2571428571428571,0.6108266887567037,14.857142857142856,12.095557903974639,1.0,0.0,1.0,0.0,1.0,0.0,0.0,0.0,0.0,0.0,0.0,0.0,1.0,0.0
34000.0,11.234375,3.4532975728830536E-6,34000.0,45.5,33.024220653855664,31.186868686868692,18.65671641791045,34000.0,1190232.0,35.0,19945.514285714282,15157.671952085497,172411.77142857152,169281.78390732285,0.17142857142857143,0.45281565433046006,14.828571428571431,12.384729008139097,1.0,0.0,1.0,0.0,1.0,0.0,0.0,0.0,0.0,0.0,0.0,0.0,1.0,0.0
35000.0,11.625,3.5722530123570734E-6,35000.0,49.4,36.360526421700804,37.220843672456574,22.153846153846153,35000.0,1177136.0,35.0,20827.1,15299.565849812652,172226.05714285708,169091.49811895518,0.14285714285714288,0.49365724849494175,10.6,7.179218374627438,1.0,0.0,1.0,0.0,1.0,0.0,0.0,0.0,0.0,0.0,0.0,0.0,1.0,0.0
36000.0,11.953125,3.6743737938296472E-6,36000.0,47.099999999999994,34.35763548509583,35.012285012285005,20.570570570570563,36000.0,1203032.0,35.0,21771.48571428571,15374.773193324503,172595.31428571424,169464.70941613178,0.08571428571428574,0.37349136311209086,10.200000000000003,7.903089492686502,1.0,0.0,1.0,0.0,1.0,0.0,0.0,0.0,0.0,0.0,0.0,0.0,1.0,0.0
37000.0,12.28125,3.7757027570882615E-6,37000.0,47.5,36.42004912005348,36.89903846153846,23.357664233576635,37000.0,1193704.0,35.0,21948.528571428567,15822.006660804254,172462.05714285717,169330.60907781366,0.31428571428571417,1.0224373581107569,10.371428571428574,10.735005176265812,1.0,0.0,1.0,0.0,1.0,0.0,0.0,0.0,0.0,0.0,0.0,0.0,1.0,0.0
38000.0,12.609375,3.87767006436156E-6,38000.0,45.9,31.966971914054547,33.94383394383395,17.278287461773704,38000.0,1201224.0,35.0,21949.328571428578,16428.248469025584,172570.1714285715,169437.91259226008,0.45714285714285713,0.950011056990055,11.828571428571424,10.213847907406407,1.0,0.0,1.0,0.0,1.0,0.0,0.0,0.0,0.0,0.0,0.0,0.0,1.0,0.0
39000.0,12.984375,3.993870405894188E-6,39000.0,45.4,32.01260132737302,32.25806451612903,17.272727272727273,39000.0,1197784.0,35.0,22712.357142857134,16725.628593751197,172488.22857142863,169422.23224421777,0.42857142857142866,1.0651074037450896,11.714285714285715,11.513601747936399,1.0,0.0,1.0,0.0,1.0,0.0,0.0,0.0,0.0,0.0,0.0,0.0,1.0,0.0
40000.0,13.34375,4.105766808303696E-6,40000.0,47.699999999999996,32.56650837632272,34.8692403486924,16.852146263910967,40000.0,1203568.0,35.0,23475.57142857143,17004.356837758918,172604.34285714282,169470.84870162437,0.3142857142857143,0.9932545604469881,9.600000000000001,13.769531582446808,1.0,0.0,1.0,0.0,1.0,0.0,0.0,0.0,0.0,0.0,0.0,0.0,1.0,0.0
41000.0,13.59375,4.182917570384842E-6,41000.0,44.7,29.91989577960631,31.38957816377171,16.84210526315789,41000.0,1192896.0,35.0,23751.64285714285,17736.645144630438,172434.97142857139,169335.60524051957,0.37142857142857144,0.8431633114337337,11.57142857142857,12.60085364588614,1.0,0.0,1.0,0.0,1.0,0.0,0.0,0.0,0.0,0.0,0.0,0.0,1.0,0.0
42000.0,13.984375,4.304827857089955E-6,42000.0,46.5,33.026549027069784,32.61964735516373,18.693009118541035,42000.0,1207424.0,35.0,24425.314285714285,18117.173767452885,173267.99999999997,169925.9360613289,0.34285714285714297,1.1099246700156022,12.457142857142859,12.909966184725517,1.1142857142857143,0.47100821595360554,1.0571428571428576,0.23550410797680274,1.0571428571428576,0.23550410797680274,0.05714285714285714,0.23550410797680274,0.0,0.0,0.0,0.0,1.0,0.0
43000.0,14.359375,4.422262977136094E-6,43000.0,50.1,39.096950575771814,39.14634146341463,26.93997071742313,43000.0,1210512.0,35.0,25413.014285714293,18139.11178137409,173563.19999999998,169726.14914941616,0.08571428571428573,0.37349136311209086,11.057142857142857,13.77538908843649,1.4,1.0627378626481143,1.2000000000000002,0.5313689313240572,1.2000000000000002,0.5313689313240572,0.19999999999999998,0.5313689313240572,0.0,0.0,0.0,0.0,1.0,0.0
44000.0,14.6875,4.528962858279962E-6,44000.0,52.400000000000006,43.36414593489019,41.45141451414515,27.98789712556732,44000.0,1256976.0,35.0,26407.957142857143,18139.88505103611,174630.5142857143,170007.9781482343,0.0,0.0,7.942857142857142,7.7533402939820535,1.8000000000000003,1.6942810378724416,1.4000000000000001,0.8471405189362208,1.4000000000000001,0.8471405189362208,0.37142857142857144,0.7702449681266147,0.0,0.0,0.0,0.0,1.0,0.0
45000.0,15.078125,4.657722246419226E-6,45000.0,53.6,45.09986736411922,42.216687422166885,28.284389489953636,45000.0,1274152.0,35.0,27407.900000000005,18138.83075274731,175153.48571428575,169980.9956697839,0.0,0.0,7.628571428571429,7.859373251039783,2.028571428571429,1.7737582945246395,1.514285714285715,0.8868791472623198,1.514285714285715,0.8868791472623198,0.4857142857142856,0.8178676928606547,0.0,0.0,0.0,0.0,1.0,0.0
46000.0,15.40625,4.767956108682687E-6,46000.0,52.6,46.54257928671561,41.553637484586936,32.574679943100996,46000.0,1298608.0,35.0,27871.45714285714,18816.306199049737,175736.22857142866,170107.92398128423,0.34285714285714286,0.8381652631810514,8.342857142857142,12.237701766991021,2.257142857142857,1.8840328638144221,1.6285714285714286,0.9420164319072112,1.6285714285714286,0.9420164319072112,0.6,0.8811756852270121,0.0,0.0,0.0,0.0,1.0,0.0
47000.0,15.75,4.88357010504438E-6,47000.0,55.900000000000006,48.29235805607407,44.52830188679246,32.77439024390245,47000.0,1300080.0,35.0,28457.899999999998,19284.94979469892,175863.31428571427,170023.9501941974,0.14285714285714285,0.49365724849494164,6.8,8.969884253958451,2.3142857142857145,1.8750910342046387,1.6571428571428575,0.9375455171023195,1.6571428571428575,0.9375455171023195,0.6285714285714284,0.8773527791941301,0.0,0.0,0.0,0.0,1.0,0.0
48000.0,16.046875,4.983457878956366E-6,48000.0,56.599999999999994,49.43115879548282,45.817727840199744,32.18749999999999,48000.0,1300592.0,35.0,29445.557142857142,19286.48352606133,175934.28571428568,169970.67803945643,0.0,0.0,7.714285714285716,8.87021263944149,2.371428571428571,1.9263759679117416,1.6857142857142855,0.9631879839558708,1.6857142857142855,0.9631879839558708,0.6571428571428573,0.9056313086609201,0.0,0.0,0.0,0.0,1.0,0.0
49000.0,16.359375,5.089515470899644E-6,49000.0,57.8,50.552534416959304,46.7843631778058,33.33333333333333,49000.0,1311880.0,35.0,30380.071428571428,19342.252563783793,176193.37142857144,170034.96925506284,0.08571428571428572,0.50709255283711,5.600000000000002,7.171020109563542,2.4857142857142853,1.9609635772396452,1.7428571428571427,0.9804817886198226,1.7428571428571427,0.9804817886198226,0.7142857142857143,0.9258200997725514,0.0,0.0,0.0,0.0,1.0,0.0
50000.0,16.75,5.224187787260035E-6,50000.0,52.900000000000006,46.14490108842185,41.563275434243174,31.4410480349345,50000.0,1332664.0,35.0,31012.471428571425,19819.096421089613,176620.91428571427,170206.55371727428,0.22857142857142856,0.6896595189663087,8.542857142857143,11.553819987455277,2.599999999999999,1.9882004869908336,1.7999999999999996,0.9941002434954168,1.7999999999999996,0.9941002434954168,0.7714285714285716,0.9420164319072112,0.0,0.0,0.0,0.0,1.0,0.0
51000.0,17.046875,5.326207578440923E-6,51000.0,51.9,44.277366647976606,40.248447204968954,26.113671274961604,51000.0,1328352.0,35.0,31370.68571428572,20667.20433934258,176624.1142857143,170083.8119877274,0.37142857142857144,0.8431633114337338,11.11428571428571,12.0849235889707,2.657142857142857,2.02837021134844,1.8285714285714285,1.01418510567422,1.8285714285714285,1.01418510567422,0.7999999999999999,0.9640600420647473,0.0,0.0,0.0,0.0,1.0,0.0
52000.0,17.3125,5.41769844453989E-6,52000.0,55.60000000000001,48.546794604366575,44.01008827238336,32.727272727272734,52000.0,1331408.0,35.0,32273.071428571424,20795.662323152686,176720.1142857143,170075.11630815698,0.17142857142857149,0.7469827262241817,7.371428571428571,10.627615842106588,2.7142857142857144,2.0083857810137355,1.8571428571428572,1.0041928905068678,1.8571428571428572,1.0041928905068678,0.8285714285714284,0.9544235798364892,0.0,0.0,0.0,0.0,1.0,0.0
53000.0,17.65625,5.53589420936381E-6,53000.0,53.0,46.30811147349963,43.03030303030304,31.185944363103957,53000.0,1329112.0,35.0,32491.771428571432,21767.377520521644,176748.57142857142,169982.71091253954,0.37142857142857144,1.0025178386476337,7.999999999999999,10.229714503520096,2.7714285714285714,2.0448747162215137,1.8857142857142857,1.0224373581107569,1.8857142857142857,1.0224373581107569,0.8571428571428571,0.9744638689724586,0.0,0.0,0.0,0.0,1.0,0.0
54000.0,17.953125,5.637147826039131E-6,54000.0,53.800000000000004,46.85892540005337,42.67990074441688,30.000000000000004,54000.0,1318376.0,35.0,33188.54285714286,22113.3131568632,176596.3428571428,169831.55831860058,0.2857142857142856,0.9570613285232152,9.714285714285715,11.26308762538687,2.7714285714285714,2.0448747162215137,1.8857142857142857,1.0224373581107569,1.8857142857142857,1.0224373581107569,0.8571428571428571,0.9744638689724586,0.0,0.0,0.0,0.0,1.0,0.0
55000.0,18.25,5.7393052460004905E-6,55000.0,56.89999999999999,50.6553338035006,45.64943253467843,36.05341246290801,55000.0,1330144.0,35.0,34163.34285714285,22117.09033388585,176882.51428571422,169885.8697541043,0.0,0.0,5.485714285714284,7.751172315779566,2.8857142857142857,2.166203354902285,1.9428571428571428,1.0831016774511426,1.9428571428571428,1.0831016774511426,0.8857142857142858,0.9932545604469881,0.0,0.0,0.0,0.0,1.0,0.0
56000.0,18.5,5.826997027421993E-6,56000.0,53.800000000000004,46.90662115805623,43.03329223181259,32.158590308370044,56000.0,1355880.0,35.0,35148.45714285716,22119.440349660625,177383.2,170130.54803489897,0.0,0.0,7.485714285714287,7.337941002165423,3.0,2.275185835978084,2.0,1.137592917989042,2.0,1.137592917989042,0.9142857142857143,1.010865341920376,0.0,0.0,0.0,0.0,1.0,0.0
57000.0,18.859375,5.9516475044397866E-6,57000.0,55.2,48.35377663008393,43.85964912280702,33.23397913561848,57000.0,1340752.0,35.0,36027.65714285714,22269.370874726294,177239.7714285714,169822.58665145366,0.057142857142857155,0.3380617018914066,6.542857142857144,8.343165068566279,3.0571428571428565,2.248435497156623,2.028571428571428,1.1242177485783114,2.028571428571428,1.1242177485783114,0.942857142857143,0.998317913022793,0.0,0.0,0.0,0.0,1.0,0.0
58000.0,19.1875,6.065346759795731E-6,58000.0,55.900000000000006,48.602237259531904,45.48825710754018,31.201248049922008,58000.0,1339432.0,35.0,37004.77142857144,22271.81323724079,177315.65714285715,169713.08415171338,0.0,0.0,4.942857142857143,6.154591099060819,3.1714285714285713,2.3450287128019447,2.0857142857142854,1.1725143564009726,2.0857142857142854,1.1725143564009726,0.9714285714285714,1.01418510567422,0.0,0.0,0.0,0.0,1.0,0.0
59000.0,19.578125,6.202319087201939E-6,59000.0,52.0,43.816476520554396,40.298507462686565,27.272727272727277,59000.0,1355424.0,35.0,37994.2,22274.214431470537,177631.08571428564,169865.3561938458,0.0,0.0,7.571428571428573,7.593672731045136,3.228571428571428,2.4142434484888695,2.1142857142857148,1.2071217242444348,2.1142857142857148,1.2071217242444348,0.9714285714285714,1.01418510567422,0.0,0.0,0.0,0.0,1.0,0.0
60000.0,19.890625,6.31208580064898E-6,60000.0,49.5,42.28175646330033,36.15676359039191,25.295857988165682,60000.0,1357760.0,35.0,38997.142857142855,22274.77268791169,177667.88571428572,169899.24063120235,0.0,0.0,4.057142857142857,5.1331841805971425,3.228571428571428,2.4142434484888695,2.1142857142857148,1.2071217242444348,2.1142857142857148,1.2071217242444348,0.9714285714285714,1.01418510567422,0.0,0.0,0.0,0.0,1.0,0.0
61000.0,20.25,6.435714345166669E-6,61000.0,51.800000000000004,44.61266209701977,39.59899749373433,28.59259259259259,61000.0,1329760.0,35.0,38641.4,23747.552945727795,176782.4,169973.4346812611,0.20000000000000004,0.5841031335203016,5.942857142857142,7.9518509023440105,2.7714285714285714,2.263335829175656,1.8857142857142857,1.131667914587828,1.8857142857142857,1.131667914587828,0.7999999999999999,0.9941002434954169,0.0,0.0,0.0,0.0,1.0,0.0
62000.0,20.578125,6.546491478931989E-6,62000.0,50.5,41.85978223845711,37.10292249047014,26.11940298507463,62000.0,1305008.0,35.0,38554.57142857142,24854.00247624166,176155.31428571424,169892.4928825339,0.2571428571428572,0.7413365173339117,6.514285714285715,8.179498864886055,2.542857142857143,2.227407582328642,1.7714285714285714,1.113703791164321,1.7714285714285714,1.113703791164321,0.6857142857142855,0.9631879839558706,0.0,0.0,0.0,0.0,1.0,0.0
63000.0,20.90625,6.658086236307607E-6,63000.0,49.8,40.9816561111614,35.64102564102564,27.769784172661872,63000.0,1314640.0,35.0,39538.14285714286,24860.280917814056,176326.74285714285,169993.1030751581,0.02857142857142857,0.16903085094570328,8.314285714285715,11.087277893713903,2.542857142857143,2.227407582328642,1.7714285714285714,1.113703791164321,1.7714285714285714,1.113703791164321,0.6857142857142855,0.9631879839558706,0.0,0.0,0.0,0.0,1.0,0.0
64000.0,21.25,6.773945674972818E-6,64000.0,49.4,41.28731620377247,37.37623762376237,27.298850574712645,64000.0,1302840.0,35.0,39587.1,25628.440171565966,175969.9428571429,170007.48741737142,0.08571428571428572,0.37349136311209086,5.685714285714285,8.804315213947909,2.3714285714285723,2.1568729309665264,1.685714285714286,1.0784364654832632,1.685714285714286,1.0784364654832632,0.6,0.9139442639718565,0.0,0.0,0.0,0.0,1.0,0.0
65000.0,21.53125,6.868301457466767E-6,65000.0,50.4,41.51722706761953,40.24096385542168,28.42712842712843,65000.0,1296816.0,35.0,40586.84285714287,25627.38594711124,175893.82857142857,169913.90254580995,0.0,0.0,5.685714285714286,7.367541806390213,2.3714285714285723,2.1568729309665264,1.685714285714286,1.0784364654832632,1.685714285714286,1.0784364654832632,0.6,0.9139442639718565,0.0,0.0,0.0,0.0,1.0,0.0
66000.0,21.90625,6.99336876601188E-6,66000.0,53.1,44.665729090960575,40.707964601769916,31.332357247437777,66000.0,1289184.0,35.0,41597.900000000016,25625.677273283778,175788.22857142857,169800.65148218093,0.0,0.0,4.257142857142856,5.435952522965296,2.3714285714285723,2.1568729309665264,1.685714285714286,1.0784364654832632,1.685714285714286,1.0784364654832632,0.6,0.9139442639718565,0.0,0.0,0.0,0.0,1.0,0.0
67000.0,22.15625,7.076786811618758E-6,67000.0,52.7,43.633774451680566,41.96319018404909,30.44117647058824,67000.0,1289800.0,35.0,42595.44285714285,25624.59281465712,175798.74285714288,169806.8745820505,0.0,0.0,3.6857142857142855,4.503406740336428,2.3714285714285723,2.1568729309665264,1.685714285714286,1.0784364654832632,1.685714285714286,1.0784364654832632,0.6,0.9139442639718565,0.0,0.0,0.0,0.0,1.0,0.0
68000.0,22.4375,7.170954583367956E-6,68000.0,51.4,43.062532803479044,38.403041825095066,28.634361233480178,68000.0,1294232.0,35.0,43499.3857142857,25780.589353790543,175859.88571428575,169872.22184664913,0.057142857142857155,0.3380617018914066,7.885714285714286,10.615669407757096,2.3714285714285723,2.1568729309665264,1.685714285714286,1.0784364654832632,1.685714285714286,1.0784364654832632,0.6,0.9139442639718565,0.0,0.0,0.0,0.0,1.0,0.0
69000.0,22.765625,7.281600652883452E-6,69000.0,54.0,45.842786318004094,42.2835633626098,31.649331352154537,69000.0,1303464.0,35.0,44485.84285714285,25803.305203766362,175996.34285714294,169996.83624096864,0.057142857142857155,0.3380617018914066,5.742857142857144,7.204340428408653,2.3714285714285723,2.1568729309665264,1.685714285714286,1.0784364654832632,1.685714285714286,1.0784364654832632,0.6,0.9139442639718565,0.0,0.0,0.0,0.0,1.0,0.0
70000.0,23.078125,7.3856397324966076E-6,70000.0,54.900000000000006,47.93242066909726,43.835616438356176,35.294117647058826,70000.0,1286912.0,35.0,45482.957142857136,25804.72886133145,175759.88571428577,169762.086558461,0.0,0.0,3.8285714285714296,7.245630384160204,2.3714285714285723,2.1568729309665264,1.685714285714286,1.0784364654832632,1.685714285714286,1.0784364654832632,0.6,0.9139442639718565,0.0,0.0,0.0,0.0,1.0,0.0
71000.0,23.3125,7.463839784678487E-6,71000.0,55.2,48.216892620560444,46.28297362110312,34.88372093023257,71000.0,1289728.0,35.0,46488.957142857165,25804.15495777944,175901.14285714287,169702.14142229507,0.0,0.0,4.657142857142857,8.138300361445825,2.485714285714286,2.1878196045032463,1.7428571428571429,1.093909802251623,1.7428571428571429,1.093909802251623,0.6571428571428571,0.9375455171023194,0.0,0.0,0.0,0.0,1.0,0.0
72000.0,23.640625,7.573564329908955E-6,72000.0,52.7,44.362628624663,42.10526315789475,28.22458270106221,72000.0,1292608.0,35.0,47491.67142857145,25806.93607176597,175968.11428571428,169718.99013997128,0.0,0.0,4.228571428571429,6.058954065657528,2.485714285714286,2.1878196045032463,1.7428571428571429,1.093909802251623,1.7428571428571429,1.093909802251623,0.6571428571428571,0.9375455171023194,0.0,0.0,0.0,0.0,1.0,0.0
73000.0,23.984375,7.68890015832666E-6,73000.0,51.6,44.31353779315931,40.54054054054054,29.753265602322205,73000.0,1296952.0,35.0,48494.64285714284,25810.2021947595,176057.82857142854,169755.80363441008,0.0,0.0,8.057142857142857,6.782082176991235,2.5428571428571436,2.2796137075088367,1.7714285714285718,1.1398068537544184,1.7714285714285718,1.1398068537544184,0.6571428571428571,0.9375455171023194,0.0,0.0,0.0,0.0,1.0,0.0
74000.0,24.296875,7.795490026991402E-6,74000.0,51.0,42.74323026335777,39.130434782608695,27.191679049034175,74000.0,1318464.0,35.0,49228.17142857144,26216.30724997818,176391.5428571428,170040.28461759133,0.02857142857142857,0.1690308509457033,7.142857142857144,7.487805211859901,2.5428571428571436,2.2796137075088367,1.7714285714285718,1.1398068537544184,1.7714285714285718,1.1398068537544184,0.6571428571428571,0.9375455171023194,0.0,0.0,0.0,0.0,1.0,0.0
75000.0,24.625,7.907134357891565E-6,75000.0,50.7,43.76209884866301,38.45193508114857,29.268292682926827,75000.0,1315224.0,35.0,50196.72857142858,26282.009827036578,176343.77142857146,169996.00760786605,0.08571428571428572,0.50709255283711,5.771428571428572,8.768545772132526,2.5428571428571436,2.2796137075088367,1.7714285714285718,1.1398068537544184,1.7714285714285718,1.1398068537544184,0.6571428571428571,0.9375455171023194,0.0,0.0,0.0,0.0,1.0,0.0
76000.0,24.96875,8.024229545197969E-6,76000.0,50.5,43.22020580668029,39.338235294117645,28.468208092485554,76000.0,1316736.0,35.0,51200.271428571425,26283.553492642903,176389.14285714284,169994.58603231492,0.0,0.0,5.0,7.2070227188894185,2.5428571428571436,2.2796137075088367,1.7714285714285718,1.1398068537544184,1.7714285714285718,1.1398068537544184,0.6571428571428571,0.9375455171023194,0.0,0.0,0.0,0.0,1.0,0.0
77000.0,25.328125,8.147211014551837E-6,77000.0,52.400000000000006,45.838311429709286,40.94292803970223,32.67326732673268,77000.0,1322800.0,35.0,51776.40000000001,26978.636790154404,176521.25714285718,170036.04712528133,0.2,0.7592566023652965,5.0285714285714285,8.140262007221786,2.6000000000000005,2.264820470745062,1.7999999999999996,1.1324102353725307,1.7999999999999996,1.1324102353725307,0.6857142857142855,0.9321521136730905,0.0,0.0,0.0,0.0,1.0,0.0
78000.0,25.609375,8.243330489171464E-6,78000.0,53.2,45.915711716875684,40.60913705583757,30.973451327433633,78000.0,1321056.0,35.0,52365.54285714284,27624.891919880753,176682.51428571437,169825.454799387,0.14285714285714285,0.49365724849494175,5.999999999999999,10.783975039244982,2.7714285714285714,2.3147317756658787,1.8857142857142857,1.1573658878329391,1.8857142857142857,1.1573658878329391,0.7714285714285714,0.9727376251564233,0.0,0.0,0.0,0.0,1.0,0.0
79000.0,25.890625,8.340214812455494E-6,79000.0,52.2,45.9850385336859,41.70731707317073,32.19858156028369,79000.0,1331568.0,35.0,53365.05714285714,27626.99675668329,176942.9714285714,169868.25042879055,0.0,0.0,5.028571428571429,8.172715418447186,2.8857142857142857,2.373523424232032,1.9428571428571428,1.186761712116016,1.9428571428571428,1.186761712116016,0.8,0.9640600420647475,0.0,0.0,0.0,0.0,1.0,0.0
80000.0,26.28125,8.474402873414675E-6,80000.0,55.2,48.215515926040666,45.76271186440678,33.923303834808266,80000.0,1327872.0,35.0,54177.828571428574,27897.032942835784,176893.9428571428,169812.10218594043,0.02857142857142857,0.1690308509457033,4.314285714285715,6.649951032864512,2.8857142857142857,2.373523424232032,1.9428571428571428,1.186761712116016,1.9428571428571428,1.186761712116016,0.8,0.9640600420647475,0.0,0.0,0.0,0.0,1.0,0.0
81000.0,26.5625,8.570958905491153E-6,81000.0,52.7,45.82639937969509,41.46039603960396,32.716927453769564,81000.0,1327056.0,35.0,55087.27142857142,28079.096842757765,176894.28571428568,169789.23342328836,0.05714285714285714,0.3380617018914066,4.428571428571429,7.971588203576184,2.8857142857142857,2.373523424232032,1.9428571428571428,1.186761712116016,1.9428571428571428,1.186761712116016,0.8,0.9640600420647475,0.0,0.0,0.0,0.0,1.0,0.0
82000.0,26.890625,8.684176686478575E-6,82000.0,51.800000000000004,45.378784530637176,40.931372549019606,31.14285714285715,82000.0,1333760.0,35.0,56079.128571428584,28077.680305894955,176990.05714285714,169885.96915935722,0.0,0.0,8.085714285714285,8.311478344368563,2.8857142857142857,2.373523424232032,1.9428571428571428,1.186761712116016,1.9428571428571428,1.186761712116016,0.8,0.9640600420647475,0.0,0.0,0.0,0.0,1.0,0.0
83000.0,27.265625,8.8135141090283E-6,83000.0,53.5,46.78349120897609,41.287878787878796,30.700447093889714,83000.0,1333200.0,35.0,57081.642857142855,28077.503498293565,177030.05714285714,169828.92026328668,0.0,0.0,5.571428571428572,9.124258920062282,2.9428571428571426,2.3507552871722033,1.971428571428571,1.1753776435861016,1.971428571428571,1.1753776435861016,0.8285714285714287,0.9544235798364892,0.0,0.0,0.0,0.0,1.0,0.0
84000.0,27.546875,8.910409491767903E-6,84000.0,54.0,45.854643258608824,43.48894348894349,30.091185410334354,84000.0,1331720.0,35.0,58080.12857142856,28076.974196424868,177127.54285714283,169692.37802400012,0.0,0.0,2.7142857142857144,4.700259245487414,3.0571428571428565,2.448803515078779,2.0285714285714285,1.2244017575393895,2.0285714285714285,1.2244017575393895,0.8571428571428573,0.9744638689724586,0.0,0.0,0.0,0.0,1.0,0.0
85000.0,27.84375,9.012467991043299E-6,85000.0,57.599999999999994,50.50949540695434,47.654320987654316,36.14457831325301,85000.0,1328856.0,35.0,59066.72857142857,28076.732984273407,177096.34285714282,169642.9890413843,0.0,0.0,2.4571428571428577,5.500496539847467,3.0571428571428565,2.448803515078779,2.0285714285714285,1.2244017575393895,2.0285714285714285,1.2244017575393895,0.8571428571428573,0.9744638689724586,0.0,0.0,0.0,0.0,1.0,0.0
86000.0,28.140625,9.114915414506365E-6,86000.0,51.4,44.05253075959626,40.80389768574909,29.667149059334296,86000.0,1333920.0,35.0,60062.757142857125,28078.3322001693,177273.82857142857,169609.18816878565,0.0,0.0,3.685714285714285,7.486346114845378,3.1714285714285713,2.443306755026815,2.085714285714286,1.2216533775134073,2.085714285714286,1.2216533775134073,0.9142857142857143,0.9813384788563189,0.0,0.0,0.0,0.0,1.0,0.0
87000.0,28.453125,9.224814065318143E-6,87000.0,51.5,44.032993992490034,39.75155279503106,29.505813953488374,87000.0,1359392.0,35.0,61074.8142857143,28080.549930766774,177661.02857142864,169948.3756168642,0.0,0.0,7.114285714285714,7.214248273469698,3.1714285714285713,2.443306755026815,2.085714285714286,1.2216533775134073,2.085714285714286,1.2216533775134073,0.9142857142857143,0.9813384788563189,0.0,0.0,0.0,0.0,1.0,0.0
88000.0,28.78125,9.341099972112314E-6,88000.0,50.8,42.846322823019925,40.07308160779537,27.433628318584073,88000.0,1369904.0,35.0,61945.042857142864,28329.999822196834,177870.85714285716,170037.69155036306,0.02857142857142857,0.1690308509457033,5.828571428571428,7.547830675045623,3.2285714285714286,2.4142434484888695,2.114285714285714,1.2071217242444348,2.114285714285714,1.2071217242444348,0.9428571428571428,0.9684085532720269,0.0,0.0,0.0,0.0,1.0,0.0
89000.0,29.09375,9.452138846326208E-6,89000.0,49.2,42.55395179055262,37.821297429620564,28.24858757062147,89000.0,1373496.0,35.0,61649.228571428575,30544.60465470482,177878.05714285717,170139.92532285373,0.3428571428571429,0.8381652631810514,4.828571428571428,10.311289399276419,3.1714285714285713,2.443306755026815,2.085714285714286,1.2216533775134073,2.085714285714286,1.2216533775134073,0.9142857142857143,0.9813384788563189,0.0,0.0,0.0,0.0,1.0,0.0
90000.0,29.390625,9.557391685019768E-6,90000.0,47.0,39.39324634930073,32.39795918367347,17.573872472783826,90000.0,1370448.0,35.0,61929.08571428571,31595.495275935726,177876.00000000003,170059.41388360359,0.1142857142857143,0.5297851157852239,4.142857142857143,9.334133619151167,3.1714285714285713,2.443306755026815,2.085714285714286,1.2216533775134073,2.085714285714286,1.2216533775134073,0.9142857142857143,0.9813384788563189,0.0,0.0,0.0,0.0,1.0,0.0
91000.0,29.75,9.681673254817728E-6,91000.0,47.199999999999996,39.480078859291176,33.07984790874524,16.981132075471695,91000.0,1336784.0,35.0,61429.35714285712,33211.56657125613,177015.0857142857,169948.07714504123,0.08571428571428573,0.3734913631120908,6.3999999999999995,9.010451447853077,2.8285714285714283,2.294311562586583,1.9142857142857141,1.1471557812932915,1.9142857142857141,1.1471557812932915,0.7999999999999999,0.9640600420647474,0.0,0.0,0.0,0.0,1.0,0.0
92000.0,30.09375,9.795448212470448E-6,92000.0,48.199999999999996,37.78652129370407,33.67477592829706,18.553459119496853,92000.0,1279400.0,35.0,57838.55714285715,36854.37768055953,175482.74285714282,169826.18135369854,0.3714285714285714,0.8773527791941301,7.0285714285714285,10.077598086512346,2.2,2.069384676945413,1.6,1.0346923384727065,1.6,1.0346923384727065,0.5142857142857142,0.8530715634909973,0.0,0.0,0.0,0.0,1.0,0.0
93000.0,30.40625,9.898824371500978E-6,93000.0,51.300000000000004,37.35093510483105,38.27629911280101,23.186119873817038,93000.0,1278712.0,35.0,58854.01428571428,36854.235642160704,175506.05714285714,169780.94156336164,0.0,0.0,7.8571428571428585,11.629432379913974,2.2,2.069384676945413,1.6,1.0346923384727065,1.6,1.0346923384727065,0.5142857142857142,0.8530715634909973,0.0,0.0,0.0,0.0,1.0,0.0
94000.0,30.671875,9.98683593934402E-6,94000.0,50.8,36.41956881612462,38.805970149253724,22.27488151658768,94000.0,1280776.0,35.0,59836.12857142858,36858.06292570736,175535.5428571429,169809.64986292913,0.0,0.0,7.942857142857142,9.197003531019213,2.2,2.069384676945413,1.6,1.0346923384727065,1.6,1.0346923384727065,0.5142857142857142,0.8530715634909973,0.0,0.0,0.0,0.0,1.0,0.0
95000.0,31.0,1.0095176500423503E-5,95000.0,47.199999999999996,28.152414854488228,31.87096774193548,16.58767772511848,95000.0,1276304.0,35.0,59907.1,37636.737205204474,175345.14285714284,169869.36247192125,0.3142857142857143,0.9000466841300208,9.285714285714285,12.706115777501026,2.085714285714286,2.020067392169767,1.542857142857143,1.0100336960848835,1.542857142857143,1.0100336960848835,0.45714285714285713,0.8168395746756534,0.0,0.0,0.0,0.0,1.0,0.0
96000.0,31.296875,1.0192518141896777E-5,96000.0,48.9,33.413601868067715,35.152284263959395,21.745788667687595,96000.0,1267440.0,35.0,60910.32857142858,37636.8390661394,175218.5142857143,169742.86835406368,0.0,0.0,8.25714285714286,9.195084547296602,2.085714285714286,2.020067392169767,1.542857142857143,1.0100336960848835,1.542857142857143,1.0100336960848835,0.45714285714285713,0.8168395746756534,0.0,0.0,0.0,0.0,1.0,0.0
97000.0,31.640625,1.0304738631627214E-5,97000.0,51.6,37.142857142857146,40.173053152039564,25.538461538461544,97000.0,1261920.0,35.0,61910.785714285725,37637.52007720637,175143.0857142856,169660.8887339464,0.0,0.0,4.428571428571429,7.072256126773767,2.085714285714286,2.020067392169767,1.542857142857143,1.0100336960848835,1.542857142857143,1.0100336960848835,0.45714285714285713,0.8168395746756534,0.0,0.0,0.0,0.0,1.0,0.0
98000.0,31.921875,1.0396503009057296E-5,98000.0,50.5,33.774568631622046,34.0878828229028,20.926517571884983,98000.0,1261200.0,35.0,62918.27142857144,37638.67828922851,175132.79999999996,169650.60084856246,0.0,0.0,3.514285714285714,5.03733956726826,2.085714285714286,2.020067392169767,1.542857142857143,1.0100336960848835,1.542857142857143,1.0100336960848835,0.45714285714285713,0.8168395746756534,0.0,0.0,0.0,0.0,1.0,0.0
99000.0,32.1875,1.0484097324984357E-5,99000.0,47.9,30.98259065655294,34.30012610340479,18.21036106750392,99000.0,1274704.0,35.0,63728.21428571426,37949.031368705335,175324.34285714285,169843.7531035114,0.11428571428571428,0.4710082159536056,5.285714285714285,6.186186835444369,2.085714285714286,2.020067392169767,1.542857142857143,1.0100336960848835,1.542857142857143,1.0100336960848835,0.45714285714285713,0.8168395746756534,0.0,0.0,0.0,0.0,1.0,0.0
100000.0,32.453125,1.0571464598696267E-5,100000.0,50.0,34.144324030999584,35.56701030927835,22.360248447204974,100000.0,1271400.0,35.0,64626.44285714285,38128.17465789655,175280.80000000005,169793.6636274934,0.08571428571428573,0.37349136311209086,5.371428571428571,9.219817894991566,2.085714285714286,2.020067392169767,1.542857142857143,1.0100336960848835,1.542857142857143,1.0100336960848835,0.45714285714285713,0.8168395746756534,0.0,0.0,0.0,0.0,1.0,0.0
101000.0,32.8125,1.0690028850351359E-5,101000.0,48.6,33.25568138287995,35.830212234706615,21.044546850998465,101000.0,1275288.0,35.0,65531.49999999998,38283.36851471319,175339.2,169845.7393032474,0.17142857142857146,0.6176670665026724,7.257142857142856,11.379400524742987,2.085714285714286,2.020067392169767,1.542857142857143,1.0100336960848835,1.542857142857143,1.0100336960848835,0.45714285714285713,0.8168395746756534,0.0,0.0,0.0,0.0,1.0,0.0
102000.0,33.09375,1.0782947485697354E-5,102000.0,49.4,32.24378845600198,33.50854139290407,19.554848966613672,102000.0,1277064.0,35.0,66528.61428571433,38281.95565525744,175364.57142857133,169871.26928392716,0.0,0.0,4.4,8.475570430221618,2.085714285714286,2.020067392169767,1.542857142857143,1.0100336960848835,1.542857142857143,1.0100336960848835,0.45714285714285713,0.8168395746756534,0.0,0.0,0.0,0.0,1.0,0.0
103000.0,33.40625,1.0886587519457359E-5,103000.0,47.3,32.332835138647056,33.45959595959596,20.751879699248114,103000.0,1281976.0,35.0,66898.44285714286,39266.7220195849,175431.2,169946.3632222007,0.2571428571428572,0.7413365173339117,5.485714285714287,7.997688741760586,2.085714285714286,2.020067392169767,1.542857142857143,1.0100336960848835,1.542857142857143,1.0100336960848835,0.45714285714285713,0.8168395746756534,0.0,0.0,0.0,0.0,1.0,0.0
104000.0,33.71875,1.0989911938344855E-5,104000.0,49.3,31.558996954577857,34.832904884318765,19.77848101265823,104000.0,1278072.0,35.0,67893.01428571428,39265.83027337846,175412.4571428571,169856.5394945492,0.0,0.0,5.028571428571427,8.766533000014096,2.142857142857143,2.130214807490179,1.571428571428571,1.0651074037450896,1.571428571428571,1.0651074037450896,0.4857142857142858,0.8868791472623199,0.0,0.0,0.0,0.0,1.0,0.0
105000.0,34.046875,1.1098238238547414E-5,105000.0,52.400000000000006,37.89500602783765,38.896020539152765,26.086956521739136,105000.0,1276136.0,35.0,68438.39999999998,39947.22620230309,175398.6285714286,169816.81785973074,0.14285714285714288,0.42996970774675736,5.742857142857143,10.050878969882529,2.142857142857143,2.130214807490179,1.571428571428571,1.0651074037450896,1.571428571428571,1.0651074037450896,0.4857142857142858,0.8868791472623199,0.0,0.0,0.0,0.0,1.0,0.0
106000.0,34.390625,1.1211234183671576E-5,106000.0,52.5,35.33403036441656,39.79721166032954,22.385620915032682,106000.0,1270640.0,35.0,69440.31428571431,39948.47737663336,175322.51428571428,169736.31613145315,0.0,0.0,4.828571428571427,7.406220415322253,2.142857142857143,2.130214807490179,1.571428571428571,1.0651074037450896,1.571428571428571,1.0651074037450896,0.4857142857142858,0.8868791472623199,0.0,0.0,0.0,0.0,1.0,0.0
107000.0,34.71875,1.1319398860602332E-5,107000.0,49.6,33.12643217573949,35.30166880616174,21.61741835147745,107000.0,1274232.0,35.0,70441.71428571429,39948.68411833799,175383.08571428564,169779.57534716892,0.0,0.0,5.314285714285715,9.597093397517412,2.142857142857143,2.130214807490179,1.571428571428571,1.0651074037450896,1.571428571428571,1.0651074037450896,0.4857142857142858,0.8868791472623199,0.0,0.0,0.0,0.0,1.0,0.0
108000.0,35.0625,1.1431777998546349E-5,108000.0,49.2,33.597982842659896,35.61470215462611,22.678843226788427,108000.0,1263704.0,35.0,70314.0142857143,41167.953660159146,175043.08571428573,169808.4628787356,0.11428571428571432,0.4037638048216229,5.457142857142857,8.008608813398892,1.9714285714285715,1.9626769577126377,1.485714285714286,0.9813384788563188,1.485714285714286,0.9813384788563188,0.4000000000000001,0.7745966692414834,0.0,0.0,0.0,0.0,1.0,0.0
109000.0,35.453125,1.1559429015809053E-5,109000.0,49.3,32.10615544074756,35.741444866920155,20.408163265306122,109000.0,1263184.0,35.0,71207.0,41369.26470744655,175037.37142857147,169799.19703043025,0.17142857142857143,0.568057281997381,5.2857142857142865,10.659354987028804,1.9714285714285715,1.9626769577126377,1.485714285714286,0.9813384788563188,1.485714285714286,0.9813384788563188,0.4000000000000001,0.7745966692414834,0.0,0.0,0.0,0.0,1.0,0.0
110000.0,35.765625,1.1660917953122411E-5,110000.0,51.7,36.22634234966978,38.627700127064806,24.29467084639499,110000.0,1255368.0,35.0,72210.48571428575,41370.304781711224,174929.14285714287,169684.72107781144,0.0,0.0,4.142857142857144,8.214559732367807,1.9714285714285715,1.9626769577126377,1.485714285714286,0.9813384788563188,1.485714285714286,0.9813384788563188,0.4000000000000001,0.7745966692414834,0.0,0.0,0.0,0.0,1.0,0.0
111000.0,36.078125,1.1762580219914934E-5,111000.0,50.5,34.40850383809633,36.21134020618557,23.017107309486782,111000.0,1257512.0,35.0,73201.62857142858,41367.59752815416,174959.77142857137,169715.2512315398,0.0,0.0,4.314285714285715,8.152125051613405,1.9714285714285715,1.9626769577126377,1.485714285714286,0.9813384788563188,1.485714285714286,0.9813384788563188,0.4000000000000001,0.7745966692414834,0.0,0.0,0.0,0.0,1.0,0.0
112000.0,36.421875,1.1875463048151388E-5,112000.0,49.3,33.50575496542824,34.74903474903475,21.879815100154083,112000.0,1269368.0,35.0,73780.82857142857,42028.92497632836,175210.5142857143,169812.2814031008,0.11428571428571431,0.4710082159536056,4.828571428571428,7.63692929623093,2.085714285714286,2.240948178672545,1.5428571428571434,1.1204740893362726,1.5428571428571434,1.1204740893362726,0.457142857142857,0.9185300642829262,0.0,0.0,0.0,0.0,1.0,0.0
113000.0,36.765625,1.1989081491871431E-5,113000.0,51.2,34.96342358935266,38.149556400506974,22.78481012658228,113000.0,1277640.0,35.0,74669.15714285712,42230.90222232033,175460.00000000003,169821.8414903937,0.05714285714285717,0.3380617018914066,4.514285714285714,8.186687287266798,2.1999999999999997,2.5759064652364723,1.5999999999999999,1.2879532326182361,1.5999999999999999,1.2879532326182361,0.4857142857142857,1.0108653419203757,0.0,0.0,0.0,0.0,1.0,0.0
114000.0,37.0625,1.2086193956848652E-5,114000.0,48.1,33.11803957247091,36.55256723716381,21.954887218045105,114000.0,1264456.0,35.0,74463.35714285714,43371.89408369011,175094.97142857147,169794.76503930503,0.1428571428571429,0.4936572484949417,5.971428571428572,9.413650021255787,2.0285714285714285,2.2943115625865826,1.5142857142857145,1.1471557812932913,1.5142857142857145,1.1471557812932913,0.4000000000000001,0.8116794499134279,0.0,0.0,0.0,0.0,1.0,0.0
115000.0,37.40625,1.2199187056264947E-5,115000.0,50.6,35.08942286087456,37.93969849246231,23.172628304821153,115000.0,1270608.0,35.0,75463.29999999997,43384.20660988933,175255.6571428571,169813.31669635623,0.057142857142857155,0.3380617018914066,4.2857142857142865,8.462969262587201,2.085714285714286,2.3435948828220967,1.5428571428571431,1.1717974414110481,1.5428571428571431,1.1717974414110481,0.42857142857142855,0.8501112136833934,0.0,0.0,0.0,0.0,1.0,0.0
116000.0,37.765625,1.2319586918844534E-5,116000.0,49.2,32.76118573266483,38.124238733252135,21.11801242236025,116000.0,1295032.0,35.0,75537.11428571424,44730.571455229445,175964.57142857136,169820.04574293495,0.28571428571428575,0.9570613285232153,6.657142857142857,10.355285257930332,2.4857142857142858,2.758638075865235,1.7428571428571429,1.3793190379326175,1.7428571428571429,1.3793190379326175,0.6000000000000001,1.0346923384727063,0.0,0.0,0.0,0.0,1.0,0.0
117000.0,38.140625,1.2446101657891028E-5,117000.0,50.3,36.103715112564174,36.68789808917198,24.810892586989404,117000.0,1304104.0,35.0,76530.92857142857,44745.56565846803,176237.9428571429,169813.77377056194,0.08571428571428573,0.50709255283711,6.199999999999998,10.185918769383083,2.657142857142857,2.8895639518676126,1.8285714285714287,1.4447819759338063,1.8285714285714287,1.4447819759338063,0.6285714285714284,1.0314385809239868,0.0,0.0,0.0,0.0,1.0,0.0
118000.0,38.46875,1.2557102891150864E-5,118000.0,51.300000000000004,34.89209065908724,36.422976501305484,22.575516693163756,118000.0,1307648.0,35.0,77537.47142857147,44745.03911445653,176342.17142857143,169812.66358019967,0.0,0.0,5.057142857142857,6.902441414383145,2.7142857142857144,3.0348120260756595,1.8571428571428572,1.5174060130378297,1.8571428571428572,1.5174060130378297,0.6285714285714284,1.0314385809239868,0.0,0.0,0.0,0.0,1.0,0.0
119000.0,38.765625,1.2658127945744331E-5,119000.0,54.400000000000006,39.19432480364834,42.496847414880214,26.45161290322581,119000.0,1315400.0,35.0,78545.67142857147,44747.45459645152,176672.1142857143,169726.13717632988,0.0,0.0,2.5142857142857142,4.711509240968449,2.8857142857142857,3.141481746409679,1.942857142857143,1.5707408732048398,1.942857142857143,1.5707408732048398,0.7142857142857142,1.1264579721521837,0.0,0.0,0.0,0.0,1.0,0.0
120000.0,39.046875,1.275425324113005E-5,120000.0,55.300000000000004,42.00965727318252,42.24806201550388,29.827315541601262,120000.0,1321136.0,35.0,79552.44285714289,44746.82622172189,176781.14285714284,169781.70675757603,0.0,0.0,3.3999999999999995,6.348691389014053,2.8857142857142857,3.141481746409679,1.942857142857143,1.5707408732048398,1.942857142857143,1.5707408732048398,0.7142857142857142,1.1264579721521837,0.0,0.0,0.0,0.0,1.0,0.0
121000.0,39.3125,1.2844971723906285E-5,121000.0,53.7,40.29211726989253,39.31847968545217,27.4294670846395,121000.0,1320168.0,35.0,80548.95714285717,44746.04315773071,176817.14285714284,169722.99038602135,0.0,0.0,3.2857142857142847,4.592650321414632,2.9428571428571426,3.1987392474394105,1.9714285714285718,1.5993696237197053,1.9714285714285718,1.5993696237197053,0.7428571428571428,1.1717974414110481,0.0,0.0,0.0,0.0,1.0,0.0
122000.0,39.640625,1.2960052247055706E-5,122000.0,44.7,32.73463509451818,32.3960880195599,21.44886363636364,122000.0,1355704.0,35.0,80631.87142857144,46190.17467325219,177439.88571428566,170131.97279993654,0.2857142857142858,0.7100716024967264,5.62857142857143,5.472313814776612,3.0,3.180824902257829,2.0000000000000004,1.5904124511289146,2.0000000000000004,1.5904124511289146,0.7714285714285715,1.1653253594071105,0.0,0.0,0.0,0.0,1.0,0.0
123000.0,39.984375,1.3077096923047472E-5,123000.0,41.6,31.548515575642984,28.867235079171742,20.109439124487,123000.0,1316168.0,35.0,75483.79999999999,53010.84559214466,176431.42857142858,169985.10543621605,1.0,1.4950900031928038,14.085714285714284,15.774833696469212,2.599999999999999,2.8200959516425304,1.7999999999999996,1.4100479758212652,1.7999999999999996,1.4100479758212652,0.6285714285714284,1.0595702315704476,0.0,0.0,0.0,0.0,1.0,0.0
124000.0,40.359375,1.3194147872531583E-5,124000.0,43.8,34.645843266312376,28.316326530612244,20.396600566572243,124000.0,1206552.0,35.0,66271.0285714286,59533.37521988515,173532.91428571427,169658.05994058802,1.1142857142857145,1.6408647033774346,18.714285714285715,12.989976743563453,1.4000000000000001,1.3547302748691559,1.2000000000000002,0.6773651374345779,1.2000000000000002,0.6773651374345779,0.17142857142857146,0.5680572819973809,0.0,0.0,0.0,0.0,1.0,0.0
125000.0,40.71875,1.3307937899500963E-5,125000.0,43.9,35.71924549748262,32.572115384615394,23.777173913043477,125000.0,1223936.0,35.0,67216.8857142857,59595.50868558802,173861.1428571428,169831.0990672353,0.2571428571428571,0.950011056990055,15.542857142857144,11.87271428687708,1.4571428571428573,1.5404899362532298,1.2285714285714289,0.7702449681266149,1.2285714285714289,0.7702449681266149,0.17142857142857146,0.5680572819973809,0.0,0.0,0.0,0.0,1.0,0.0
126000.0,41.09375,1.342549098707322E-5,126000.0,44.2,36.918217521360766,30.8550185873606,24.696356275303643,126000.0,1211728.0,35.0,67113.65714285713,60159.612882968024,173510.51428571428,169820.26564190802,0.1428571428571429,0.6011194039582536,13.171428571428574,8.41037774309291,1.2857142857142858,1.2022388079165072,1.142857142857143,0.6011194039582536,1.142857142857143,0.6011194039582536,0.11428571428571428,0.4710082159536056,0.0,0.0,0.0,0.0,1.0,0.0
127000.0,41.40625,1.352110030388253E-5,127000.0,47.4,39.50045317151046,35.5392156862745,27.94520547945205,127000.0,1182640.0,35.0,67201.5142857143,60627.74834260296,172926.97142857136,169559.68205991675,0.028571428571428577,0.1690308509457033,9.257142857142854,8.041593554187896,1.114285714285714,0.6761234037828132,1.0571428571428572,0.3380617018914066,1.0571428571428572,0.3380617018914066,0.05714285714285714,0.3380617018914066,0.0,0.0,0.0,0.0,1.0,0.0
128000.0,41.765625,1.3633766502607618E-5,128000.0,42.1,33.8988275318804,28.957055214723926,21.96765498652291,128000.0,1211848.0,35.0,67722.37142857142,61138.05014625612,173335.6571428571,169988.26033837235,0.39999999999999997,0.945577943407535,11.257142857142858,7.6977569580283545,1.114285714285714,0.6761234037828132,1.0571428571428572,0.3380617018914066,1.0571428571428572,0.3380617018914066,0.05714285714285714,0.3380617018914066,0.0,0.0,0.0,0.0,1.0,0.0
129000.0,42.15625,1.3754625009217615E-5,129000.0,43.7,34.30640751730728,29.536921151439298,20.141843971631207,129000.0,1195968.0,35.0,68394.54285714286,61494.794909385724,173122.51428571425,169746.48382064002,0.42857142857142855,1.1449560558151997,15.342857142857143,13.995677604054713,1.114285714285714,0.6761234037828132,1.0571428571428572,0.3380617018914066,1.0571428571428572,0.3380617018914066,0.05714285714285714,0.3380617018914066,0.0,0.0,0.0,0.0,1.0,0.0
130000.0,42.46875,1.3850696106803504E-5,130000.0,44.5,36.88046183030739,32.399512789281374,24.796747967479675,130000.0,1188352.0,35.0,69389.19999999998,61494.89612110039,173013.7142857144,169637.01222137653,0.0,0.0,12.828571428571431,9.748259917983896,1.114285714285714,0.6761234037828132,1.0571428571428572,0.3380617018914066,1.0571428571428572,0.3380617018914066,0.05714285714285714,0.3380617018914066,0.0,0.0,0.0,0.0,1.0,0.0
131000.0,42.796875,1.3950609168710399E-5,131000.0,45.1,36.73759584427078,33.85542168674699,22.78481012658228,131000.0,1177024.0,35.0,70394.80000000002,61494.32303917474,172851.8857142857,169474.0136201078,0.0,0.0,9.914285714285715,8.012385370645317,1.114285714285714,0.6761234037828132,1.0571428571428572,0.3380617018914066,1.0571428571428572,0.3380617018914066,0.05714285714285714,0.3380617018914066,0.0,0.0,0.0,0.0,1.0,0.0
132000.0,43.09375,1.4042111417640834E-5,132000.0,46.0,38.162888113761966,35.018050541516246,26.027397260273972,132000.0,1191408.0,35.0,71394.94285714286,61492.96592644943,173059.08571428576,169679.37480451335,0.0,0.0,7.6,7.531111940399209,1.114285714285714,0.6761234037828132,1.0571428571428572,0.3380617018914066,1.0571428571428572,0.3380617018914066,0.05714285714285714,0.3380617018914066,0.0,0.0,0.0,0.0,1.0,0.0
133000.0,43.390625,1.4133401079258576E-5,133000.0,46.1,36.84398002441876,32.960199004975124,22.334293948126806,133000.0,1188640.0,35.0,72397.77142857145,61493.183811779614,173019.54285714283,169639.43376200105,0.0,0.0,5.885714285714286,5.717730054382589,1.114285714285714,0.6761234037828132,1.0571428571428572,0.3380617018914066,1.0571428571428572,0.3380617018914066,0.05714285714285714,0.3380617018914066,0.0,0.0,0.0,0.0,1.0,0.0
134000.0,43.6875,1.4226299891662272E-5,134000.0,44.0,34.53653621123189,30.17456359102244,20.792079207920793,134000.0,1209592.0,35.0,73401.17142857144,61492.927987394934,173318.85714285707,169940.31645395994,0.0,0.0,9.085714285714284,6.074882853246824,1.114285714285714,0.6761234037828132,1.0571428571428572,0.3380617018914066,1.0571428571428572,0.3380617018914066,0.05714285714285714,0.3380617018914066,0.0,0.0,0.0,0.0,1.0,0.0
135000.0,43.96875,1.4312625927333208E-5,135000.0,47.099999999999994,38.17608945651055,34.77188655980271,24.643874643874643,135000.0,1186456.0,35.0,74405.17142857143,61492.22704737199,172988.34285714276,169607.9992299281,0.0,0.0,5.085714285714286,5.243323085104514,1.114285714285714,0.6761234037828132,1.0571428571428572,0.3380617018914066,1.0571428571428572,0.3380617018914066,0.05714285714285714,0.3380617018914066,0.0,0.0,0.0,0.0,1.0,0.0
136000.0,44.25,1.4400684805069538E-5,136000.0,42.4,33.045210756472876,30.012150668286758,20.110957004160884,136000.0,1210272.0,35.0,75286.87142857144,61623.50482883157,173328.9142857143,169950.0864411515,0.08571428571428573,0.5070925528371101,8.971428571428572,7.860870009796903,1.114285714285714,0.6761234037828132,1.0571428571428572,0.3380617018914066,1.0571428571428572,0.3380617018914066,0.05714285714285714,0.3380617018914066,0.0,0.0,0.0,0.0,1.0,0.0
137000.0,44.578125,1.4503869719596378E-5,137000.0,43.1,33.68437491987348,30.694275274056032,21.19113573407202,137000.0,1215568.0,35.0,76066.27142857142,61877.94175701612,173404.57142857142,170025.77903267712,0.08571428571428574,0.37349136311209086,6.542857142857143,8.742535831960268,1.114285714285714,0.6761234037828132,1.0571428571428572,0.3380617018914066,1.0571428571428572,0.3380617018914066,0.05714285714285714,0.3380617018914066,0.0,0.0,0.0,0.0,1.0,0.0
138000.0,44.859375,1.459064919294583E-5,138000.0,48.3,40.17020823544933,35.8560794044665,25.931232091690543,138000.0,1192688.0,35.0,77080.01428571428,61876.677358846675,173104.80000000002,169673.0604961593,0.0,0.0,7.171428571428571,8.350715764622372,1.1714285714285717,1.01418510567422,1.0857142857142859,0.50709255283711,1.0857142857142859,0.50709255283711,0.08571428571428573,0.50709255283711,0.0,0.0,0.0,0.0,1.0,0.0
139000.0,45.15625,1.4682536679578742E-5,139000.0,48.9,41.619949297325824,37.530562347188265,29.126213592233007,139000.0,1196424.0,35.0,78085.75714285715,61877.01157858778,173172.9142857143,169713.98917673936,0.0,0.0,7.942857142857142,5.562177192974926,1.1714285714285717,1.01418510567422,1.0857142857142859,0.50709255283711,1.0857142857142859,0.50709255283711,0.08571428571428573,0.50709255283711,0.0,0.0,0.0,0.0,1.0,0.0
140000.0,45.4375,1.476963513091E-5,140000.0,47.199999999999996,40.15607024861299,33.50125944584383,26.564673157162723,140000.0,1197072.0,35.0,79090.92857142857,61876.043203812274,173190.05714285714,169716.48551798495,0.0,0.0,5.97142857142857,6.345381434257398,1.1714285714285717,1.01418510567422,1.0857142857142859,0.50709255283711,1.0857142857142859,0.50709255283711,0.08571428571428573,0.50709255283711,0.0,0.0,0.0,0.0,1.0,0.0
141000.0,45.8125,1.4888831226724308E-5,141000.0,44.5,37.67770276643624,32.727272727272734,24.489795918367346,141000.0,1228664.0,35.0,79834.58571428574,62167.97925431556,173694.17142857146,170124.9177937994,0.14285714285714285,0.6920921879624531,5.371428571428573,7.137661976263303,1.2285714285714286,1.3522468075656264,1.114285714285714,0.6761234037828132,1.114285714285714,0.6761234037828132,0.08571428571428573,0.50709255283711,0.0,0.0,0.0,0.0,1.0,0.0
142000.0,46.09375,1.4977741682539802E-5,142000.0,44.800000000000004,37.51938370568913,31.428571428571434,23.862068965517242,142000.0,1221976.0,35.0,80368.04285714291,62702.64141777643,173610.9714285714,170019.14328183464,0.1428571428571429,0.6011194039582536,4.4,8.454723705785804,1.2285714285714286,1.3522468075656264,1.114285714285714,0.6761234037828132,1.114285714285714,0.6761234037828132,0.08571428571428573,0.50709255283711,0.0,0.0,0.0,0.0,1.0,0.0
143000.0,46.390625,1.5071795593636736E-5,143000.0,47.599999999999994,40.23559039024791,37.61904761904761,27.019498607242344,143000.0,1224632.0,35.0,81376.07142857142,62703.59019338328,173651.31428571427,170055.13276424503,0.0,0.0,3.9714285714285715,6.200027107557982,1.2285714285714286,1.3522468075656264,1.114285714285714,0.6761234037828132,1.114285714285714,0.6761234037828132,0.08571428571428573,0.50709255283711,0.0,0.0,0.0,0.0,1.0,0.0
144000.0,46.71875,1.5174613120810443E-5,144000.0,49.5,43.493974555504586,39.1566265060241,30.055401662049857,144000.0,1211240.0,35.0,82378.21428571428,62704.29649054126,173461.71428571423,169861.86079326065,0.0,0.0,5.028571428571428,7.920508429483085,1.2285714285714286,1.3522468075656264,1.114285714285714,0.6761234037828132,1.114285714285714,0.6761234037828132,0.08571428571428573,0.50709255283711,0.0,0.0,0.0,0.0,1.0,0.0
145000.0,47.015625,1.5267433902610925E-5,145000.0,47.599999999999994,39.571464815370064,34.005037783375315,24.71264367816092,145000.0,1208576.0,35.0,83378.9,62704.88119944277,173423.65714285718,169823.70483822984,0.0,0.0,5.257142857142858,5.725807711544271,1.2285714285714286,1.3522468075656264,1.114285714285714,0.6761234037828132,1.114285714285714,0.6761234037828132,0.08571428571428573,0.50709255283711,0.0,0.0,0.0,0.0,1.0,0.0
146000.0,47.265625,1.534457017745202E-5,146000.0,52.5,45.85191467629705,41.14002478314747,32.5284090909091,146000.0,1192672.0,35.0,84383.52857142857,62705.020195372475,173198.17142857146,169594.167934571,0.0,0.0,4.914285714285714,7.433514838697966,1.2285714285714286,1.3522468075656264,1.114285714285714,0.6761234037828132,1.114285714285714,0.6761234037828132,0.08571428571428573,0.50709255283711,0.0,0.0,0.0,0.0,1.0,0.0
147000.0,47.5625,1.5436227258760485E-5,147000.0,49.4,42.25379116414531,36.51191969887076,27.920227920227923,147000.0,1193424.0,35.0,85379.98571428572,62704.86789773388,173208.9142857144,169604.8819234087,0.0,0.0,3.1142857142857143,5.20616957855507,1.2285714285714286,1.3522468075656264,1.114285714285714,0.6761234037828132,1.114285714285714,0.6761234037828132,0.08571428571428573,0.50709255283711,0.0,0.0,0.0,0.0,1.0,0.0
148000.0,47.859375,1.5528076651713088E-5,148000.0,51.5,44.44686256497426,41.21212121212122,30.316091954022994,148000.0,1195928.0,35.0,86393.09999999999,62705.5775315846,173244.68571428568,169640.84477537445,0.0,0.0,4.971428571428571,5.721403130484044,1.2285714285714286,1.3522468075656264,1.114285714285714,0.6761234037828132,1.114285714285714,0.6761234037828132,0.08571428571428573,0.50709255283711,0.0,0.0,0.0,0.0,1.0,0.0
149000.0,48.140625,1.5614821200465992E-5,149000.0,49.4,42.430393111671385,38.06609547123623,29.428172942817294,149000.0,1192208.0,35.0,87395.41428571429,62706.52407878522,173191.5428571428,169587.429065893,0.0,0.0,1.4000000000000004,3.6957845620939223,1.2285714285714286,1.3522468075656264,1.114285714285714,0.6761234037828132,1.114285714285714,0.6761234037828132,0.08571428571428573,0.50709255283711,0.0,0.0,0.0,0.0,1.0,0.0
150000.0,48.40625,1.5697138571542586E-5,150000.0,51.5,45.68832489356032,40.63647490820074,34.63611859838275,150000.0,1197912.0,35.0,88388.21428571432,62706.927111484336,173274.7428571428,169667.91508057137,0.0,0.0,2.057142857142857,3.9626406610243325,1.2285714285714286,1.3522468075656264,1.114285714285714,0.6761234037828132,1.114285714285714,0.6761234037828132,0.08571428571428573,0.50709255283711,0.0,0.0,0.0,0.0,1.0,0.0
151000.0,48.75,1.580421259859577E-5,151000.0,51.0,45.38138285421287,40.17094017094017,33.78378378378378,151000.0,1204048.0,35.0,89381.64285714286,62707.69974705062,173362.39999999994,169756.03590749312,0.0,0.0,9.342857142857143,8.761355177015432,1.2285714285714286,1.3522468075656264,1.114285714285714,0.6761234037828132,1.114285714285714,0.6761234037828132,0.08571428571428573,0.50709255283711,0.0,0.0,0.0,0.0,1.0,0.0
152000.0,49.046875,1.589721094609963E-5,152000.0,49.3,42.99944348569084,38.32116788321168,30.832196452933147,152000.0,1210888.0,35.0,90383.35714285716,62708.55184081394,173615.88571428575,169707.615972128,0.0,0.0,4.742857142857145,6.298192351044568,1.4000000000000004,1.6662744636569615,1.2,0.8331372318284808,1.2,0.8331372318284808,0.14285714285714285,0.6011194039582536,0.0,0.0,0.0,0.0,1.0,0.0
153000.0,49.3125,1.5980025830989084E-5,153000.0,52.7,46.859186956795284,41.46039603960396,34.48753462603879,153000.0,1205152.0,35.0,91384.0428571428,62707.537370368074,173541.48571428575,169618.79887907754,0.0,0.0,1.3999999999999997,3.448784952277951,1.4000000000000004,1.6662744636569615,1.2,0.8331372318284808,1.2,0.8331372318284808,0.14285714285714285,0.6011194039582536,0.0,0.0,0.0,0.0,1.0,0.0
154000.0,49.640625,1.6082786314655098E-5,154000.0,48.3,41.19587347444807,36.014851485148505,27.08039492242595,154000.0,1210568.0,35.0,92388.12857142855,62709.717223095664,173623.99999999997,169692.02593274502,0.0,0.0,6.000000000000001,7.669649888473704,1.4000000000000004,1.6662744636569615,1.2,0.8331372318284808,1.2,0.8331372318284808,0.14285714285714285,0.6011194039582536,0.0,0.0,0.0,0.0,1.0,0.0
155000.0,49.90625,1.6166016802243476E-5,155000.0,49.7,43.155491767152235,37.125,29.154929577464795,155000.0,1211200.0,35.0,93393.15714285715,62709.58163494651,173640.68571428573,169694.5306134016,0.0,0.0,0.5714285714285715,1.3347331587407336,1.4000000000000004,1.6662744636569615,1.2,0.8331372318284808,1.2,0.8331372318284808,0.14285714285714285,0.6011194039582536,0.0,0.0,0.0,0.0,1.0,0.0
156000.0,50.203125,1.626048851499541E-5,156000.0,47.9,41.59762444694295,37.001209189842804,28.137931034482754,156000.0,1230072.0,35.0,94389.7285714286,62710.93284521099,173914.28571428568,169961.25823591265,0.0,0.0,6.228571428571429,5.509807908927253,1.4000000000000004,1.6662744636569615,1.2,0.8331372318284808,1.2,0.8331372318284808,0.14285714285714285,0.6011194039582536,0.0,0.0,0.0,0.0,1.0,0.0
157000.0,50.53125,1.6363699914007966E-5,157000.0,50.8,43.32515464630059,40.43583535108959,30.014224751066855,157000.0,1215880.0,35.0,95389.15714285716,62711.46480477436,173715.54285714286,169754.76730935054,0.0,0.0,4.571428571428572,5.298644189988685,1.4000000000000004,1.6662744636569615,1.2,0.8331372318284808,1.2,0.8331372318284808,0.14285714285714285,0.6011194039582536,0.0,0.0,0.0,0.0,1.0,0.0
158000.0,50.84375,1.6462019120808692E-5,158000.0,50.3,43.026997408129596,38.86838868388684,28.28282828282828,158000.0,1216160.0,35.0,96408.84285714285,62711.47619094461,173722.9714285714,169755.97840950193,0.0,0.0,5.800000000000001,6.931598576340773,1.4000000000000004,1.6662744636569615,1.2,0.8331372318284808,1.2,0.8331372318284808,0.14285714285714285,0.6011194039582536,0.0,0.0,0.0,0.0,1.0,0.0
159000.0,51.15625,1.6562027643279486E-5,159000.0,49.2,42.59802686367144,38.49878934624697,30.315500685871054,159000.0,1237056.0,35.0,97418.5285714286,62711.02867564161,174133.1428571428,169947.19613706152,0.0,0.0,3.342857142857144,3.403655968158332,1.5142857142857147,1.7718622402205335,1.2571428571428576,0.8859311201102668,1.2571428571428576,0.8859311201102668,0.20000000000000004,0.6773651374345778,0.0,0.0,0.0,0.0,1.0,0.0
160000.0,51.5,1.667112141149119E-5,160000.0,49.8,43.2253861691612,37.24999999999999,30.47091412742382,160000.0,1226760.0,35.0,98431.27142857146,62710.14813511571,174037.71428571438,169754.25416189755,0.0,0.0,3.4571428571428577,4.421490679842352,1.5714285714285712,1.9141226570464305,1.2857142857142858,0.9570613285232152,1.2857142857142858,0.9570613285232152,0.20000000000000004,0.6773651374345778,0.0,0.0,0.0,0.0,1.0,0.0
161000.0,51.8125,1.677118361436038E-5,161000.0,50.2,44.24834340333637,38.59432799013563,31.40495867768595,161000.0,1237720.0,35.0,99433.38571428572,62709.37596593889,174197.71428571426,169907.70103224315,0.0,0.0,4.800000000000002,5.582535793199444,1.5714285714285712,1.9141226570464305,1.2857142857142858,0.9570613285232152,1.2857142857142858,0.9570613285232152,0.20000000000000004,0.6773651374345778,0.0,0.0,0.0,0.0,1.0,0.0
162000.0,52.109375,1.6866379721452382E-5,162000.0,50.5,44.14498382461299,39.189189189189186,30.962343096234314,162000.0,1239504.0,35.0,100435.78571428571,62709.9658445831,174223.19999999995,169933.17765518423,0.0,0.0,5.257142857142856,5.653436524611833,1.5714285714285712,1.9141226570464305,1.2857142857142858,0.9570613285232152,1.2857142857142858,0.9570613285232152,0.20000000000000004,0.6773651374345778,0.0,0.0,0.0,0.0,1.0,0.0
163000.0,52.375,1.695255845940362E-5,163000.0,50.4,44.552755370333934,40.024183796856114,31.586206896551722,163000.0,1254104.0,35.0,101429.52857142856,62709.930928557005,174438.51428571434,170140.30598565142,0.0,0.0,4.942857142857141,7.553506615134056,1.5714285714285712,1.9141226570464305,1.2857142857142858,0.9570613285232152,1.2857142857142858,0.9570613285232152,0.20000000000000004,0.6773651374345778,0.0,0.0,0.0,0.0,1.0,0.0
164000.0,52.703125,1.7058613884728406E-5,164000.0,48.9,42.98872939617143,37.910085054678014,29.903978052126195,164000.0,1249384.0,35.0,102011.25714285711,63262.462555607075,174376.68571428573,170068.9358297029,0.02857142857142857,0.1690308509457033,3.285714285714286,5.644213218610974,1.5714285714285712,1.9141226570464305,1.2857142857142858,0.9570613285232152,1.2857142857142858,0.9570613285232152,0.20000000000000004,0.6773651374345778,0.0,0.0,0.0,0.0,1.0,0.0
164860.0,53.0,1.715454974651544E-5,164860.0,51.4,45.004209554330416,39.62732919254659,31.74157303370787,164860.0,1249136.0,35.0,102882.91428571427,63261.3652571255,174377.37142857147,170068.77974617443,0.0,0.0,1.3428571428571425,2.6227831775880097,1.5714285714285712,1.9141226570464305,1.2857142857142858,0.9570613285232152,1.2857142857142858,0.9570613285232152,0.20000000000000004,0.6773651374345778,0.0,0.0,0.0,0.0,1.0,0.0
