learning evaluation instances,evaluation time (cpu seconds),model cost (RAM-Hours),classified instances,classifications correct (percent),Kappa Statistic (percent),Kappa Temporal Statistic (percent),Kappa M Statistic (percent),model training instances,model serialized size (bytes),ensemble size,change detections,[avg] model training instances,[err] model training instances,[avg] model serialized size (bytes),[err] model serialized size (bytes),[avg] tree size (nodes),[err] tree size (nodes),[avg] tree size (leaves),[err] tree size (leaves),[avg] active learning leaves,[err] active learning leaves,[avg] tree depth,[err] tree depth,[avg] active leaf byte size estimate,[err] active leaf byte size estimate,[avg] inactive leaf byte size estimate,[err] inactive leaf byte size estimate,[avg] byte size estimate overhead,[err] byte size estimate overhead
1000.0,0.0625,7.967464625835418E-9,1000.0,47.699999999999996,33.633147387709315,32.077922077922075,14.402618657937802,1000.0,508976.0,20.0,0.0,5994.650000000001,70.35419786974153,4272.0,0.0,1.0,0.0,1.0,0.0,1.0,0.0,0.0,0.0,0.0,0.0,0.0,0.0,1.0,0.0
2000.0,0.171875,2.246421192669206E-8,2000.0,45.2,30.690376965933307,26.737967914438503,8.666666666666666,2000.0,512336.0,20.0,0.0,11972.800000000003,112.64597546949385,4272.0,0.0,1.0,0.0,1.0,0.0,1.0,0.0,0.0,0.0,0.0,0.0,0.0,0.0,1.0,0.0
3000.0,0.21875,2.8705625380906794E-8,3000.0,44.6,30.03442710319796,29.336734693877553,9.328968903436987,3000.0,514688.0,20.0,2.0,16481.9,4622.416944686655,4280.4,26.146147950158497,1.0,0.0,1.0,0.0,1.0,0.0,0.0,0.0,0.0,0.0,0.0,0.0,1.0,0.0
4000.0,0.34375,4.5575240316490334E-8,4000.0,43.5,27.09931395938464,27.933673469387756,7.224958949096878,4000.0,522720.0,20.0,6.0,19248.500000000004,8586.404660857768,4661.6,1663.5466993903813,1.2,0.8944271909999159,1.1,0.4472135954999579,1.1,0.4472135954999579,0.09999999999999999,0.4472135954999579,0.0,0.0,0.0,0.0,1.0,0.0
5000.0,0.421875,5.7660444225702024E-8,5000.0,48.0,33.71067258171435,34.01015228426396,15.032679738562088,5000.0,597952.0,20.0,6.0,25253.6,8594.966932363443,8381.200000000003,4093.314312773684,3.3000000000000003,2.2734161635370636,2.15,1.1367080817685316,2.15,1.1367080817685316,1.05,0.998683343734455,0.0,0.0,0.0,0.0,1.0,0.0
6000.0,0.5,7.070704466766782E-8,6000.0,54.1,43.59239050287569,42.11853720050442,27.602523659306,6000.0,645520.0,20.0,6.0,31271.350000000002,8636.16071054847,10740.399999999998,5178.7104104969485,4.2,2.546411303445653,2.6,1.2732056517228265,2.6,1.2732056517228265,1.3000000000000003,0.9787209698591859,0.0,0.0,0.0,0.0,1.0,0.0
7000.0,0.59375,8.704147249874143E-8,7000.0,52.900000000000006,42.01792397084893,38.67187500000001,23.53896103896104,7000.0,673496.0,20.0,6.0,37278.200000000004,8626.715344909979,12124.800000000001,4943.881040980702,4.7,2.364206776957237,2.85,1.1821033884786185,2.85,1.1821033884786185,1.4999999999999998,0.8885233166386385,0.0,0.0,0.0,0.0,1.0,0.0
8000.0,0.703125,1.0633100626162358E-7,8000.0,53.6,42.876348222826564,40.891719745222936,24.91909385113269,8000.0,681720.0,20.0,6.0,43291.6,8615.375431841547,12459.199999999999,5134.825509257964,4.800000000000001,2.4192212753171978,2.9000000000000004,1.2096106376585989,2.9000000000000004,1.2096106376585989,1.5499999999999998,0.9445132413883326,0.0,0.0,0.0,0.0,1.0,0.0
9000.0,0.734375,1.1195470708318883E-7,9000.0,54.900000000000006,44.49059971076033,41.88144329896908,26.427406199021213,9000.0,695624.0,20.0,6.0,49293.8,8589.19966003818,13108.8,4849.387607566656,5.1,2.2918620331397284,3.05,1.1459310165698642,3.05,1.1459310165698642,1.65,0.8750939799154206,0.0,0.0,0.0,0.0,1.0,0.0
10000.0,0.796875,1.2359792082053092E-7,10000.0,53.6,43.74898469341984,41.48802017654477,27.158555729984307,10000.0,720104.0,20.0,6.0,55300.3,8600.96900354838,14283.6,4856.405064177454,5.7,2.364206776957237,3.3499999999999996,1.1821033884786183,3.3499999999999996,1.1821033884786183,1.8999999999999997,0.9679060415469871,0.0,0.0,0.0,0.0,1.0,0.0
11000.0,0.796875,1.2359792082053092E-7,11000.0,55.60000000000001,44.594328156313885,45.04950495049505,27.804878048780495,11000.0,765776.0,20.0,6.0,61263.250000000015,8612.821677592077,16537.2,3638.616070055091,6.8,1.9358120830939745,3.9,0.967906041546987,3.9,0.967906041546987,2.3000000000000003,0.6569466853317864,0.0,0.0,0.0,0.0,1.0,0.0
12000.0,0.84375,1.3295014569949773E-7,12000.0,58.4,47.691379136907756,44.459279038718286,30.666666666666657,12000.0,771216.0,20.0,6.0,67261.6,8604.828237069796,16824.8,3789.4709754376286,6.8999999999999995,1.99736668746891,3.9499999999999997,0.998683343734455,3.9499999999999997,0.998683343734455,2.349999999999999,0.6708203932499368,0.0,0.0,0.0,0.0,1.0,0.0
13000.0,0.890625,1.4235757084356415E-7,13000.0,57.9,46.853030324070275,44.090305444887115,27.787307032590046,13000.0,775768.0,20.0,6.0,73265.94999999998,8606.181147566951,17027.2,3905.4237265897955,6.8999999999999995,1.99736668746891,3.9499999999999997,0.998683343734455,3.9499999999999997,0.998683343734455,2.349999999999999,0.6708203932499368,0.0,0.0,0.0,0.0,1.0,0.0
14000.0,0.96875,1.5822061363400686E-7,14000.0,55.00000000000001,43.626895232463895,40.7114624505929,25.124792013311154,14000.0,784872.0,20.0,6.0,79255.85,8618.83776677575,17454.8,4311.781871252667,7.100000000000002,2.1980852911951407,4.0500000000000025,1.0990426455975706,4.0500000000000025,1.0990426455975706,2.45,0.7591546545162482,0.0,0.0,0.0,0.0,1.0,0.0
15000.0,1.046875,1.7427913715235062E-7,15000.0,58.8,47.656883246899426,47.38186462324393,30.8724832214765,15000.0,794544.0,20.0,6.0,85237.15000000001,8626.013894792766,17835.200000000004,4315.067281295307,7.300000000000002,2.1788456625132118,4.150000000000002,1.089422831256606,4.150000000000002,1.089422831256606,2.5,0.760885910252682,0.0,0.0,0.0,0.0,1.0,0.0
16000.0,1.125,1.905433277392553E-7,16000.0,55.7,45.80390065108724,42.98584298584299,30.12618296529969,16000.0,804720.0,20.0,6.0,91238.9,8593.582721395871,18308.000000000004,4449.464734218335,7.500000000000001,2.23606797749979,4.249999999999999,1.1180339887498947,4.249999999999999,1.1180339887498947,2.5,0.760885910252682,0.0,0.0,0.0,0.0,1.0,0.0
17000.0,1.21875,2.109534559874899E-7,17000.0,57.599999999999994,48.47114870448689,45.57124518613607,32.16,17000.0,841544.0,20.0,6.0,97239.15,8623.020049019338,20127.6,4918.453141513413,8.599999999999998,2.7984958365822914,4.799999999999999,1.3992479182911457,4.799999999999999,1.3992479182911457,2.8000000000000003,0.8335087534664907,0.0,0.0,0.0,0.0,1.0,0.0
18000.0,1.296875,2.283926328851117E-7,18000.0,58.099999999999994,48.45100815802779,47.42785445420326,33.17384370015948,18000.0,862856.0,20.0,6.0,103225.15,8611.47456212991,21186.0,5993.9022347716,9.200000000000001,3.3023117899275864,5.1000000000000005,1.6511558949637932,5.1000000000000005,1.6511558949637932,2.95,0.8870412083230168,0.0,0.0,0.0,0.0,1.0,0.0
19000.0,1.375,2.464326421937181E-7,19000.0,58.8,48.62445725230628,44.91978609625668,30.639730639730633,19000.0,892584.0,20.0,6.0,109217.55000000002,8609.563076358145,22654.4,6282.466347743243,10.0,3.4027852368936027,5.5,1.7013926184468013,5.5,1.7013926184468013,3.05,0.887041208323017,0.0,0.0,0.0,0.0,1.0,0.0
20000.0,1.453125,2.6472876521034373E-7,20000.0,56.599999999999994,46.850721556563556,44.28754813863927,29.31596091205211,20000.0,905256.0,20.0,6.0,115210.95000000001,8632.865709936039,23260.399999999998,6669.965851723522,10.200000000000001,3.518372829650242,5.6000000000000005,1.759186414825121,5.6000000000000005,1.759186414825121,3.05,0.887041208323017,0.0,0.0,0.0,0.0,1.0,0.0
21000.0,1.5625,2.905144679567052E-7,21000.0,55.2,46.376589551095456,43.718592964824126,29.780564263322894,21000.0,911304.0,20.0,6.0,121218.4,8642.026634875336,23553.2,6719.142940333358,10.3,3.450400434427102,5.65,1.725200217213551,5.65,1.725200217213551,3.0999999999999996,0.8522416262267904,0.0,0.0,0.0,0.0,1.0,0.0
22000.0,1.65625,3.1279189796704384E-7,22000.0,58.5,48.708124509482815,47.20101781170483,32.30016313213702,22000.0,918536.0,20.0,6.0,127226.04999999999,8615.257979306249,23913.6,6734.487441129937,10.399999999999999,3.439706229806322,5.699999999999999,1.719853114903161,5.699999999999999,1.719853114903161,3.15,0.8750939799154207,0.0,0.0,0.0,0.0,1.0,0.0
23000.0,1.71875,3.278286183356411E-7,23000.0,56.3,46.8254035854523,45.23809523809523,30.303030303030294,23000.0,929984.0,20.0,6.0,133225.25,8599.661338956133,24482.4,6980.049573040671,10.7,3.5703457004963295,5.85,1.7851728502481647,5.85,1.7851728502481647,3.1999999999999997,0.8335087534664906,0.0,0.0,0.0,0.0,1.0,0.0
24000.0,1.828125,3.542997486268481E-7,24000.0,58.599999999999994,49.960838917413625,47.05882352941176,34.90566037735849,24000.0,935528.0,20.0,6.0,139229.09999999998,8614.716783077174,24758.4,7203.006436642673,10.799999999999999,3.664911860791255,5.8999999999999995,1.8324559303956276,5.8999999999999995,1.8324559303956276,3.1999999999999997,0.8335087534664906,0.0,0.0,0.0,0.0,1.0,0.0
25000.0,1.890625,3.695595983622803E-7,25000.0,56.3,45.633986098722204,44.331210191082796,28.12499999999999,25000.0,943784.0,20.0,6.0,145211.85,8606.866831810883,25111.2,7604.4516159252,10.9,3.809959248297049,5.949999999999999,1.9049796241485242,5.949999999999999,1.9049796241485242,3.1999999999999997,0.8335087534664906,0.0,0.0,0.0,0.0,1.0,0.0
26000.0,1.96875,3.8867208382321733E-7,26000.0,60.8,51.251723910656345,50.06369426751592,35.09933774834437,26000.0,945648.0,20.0,6.0,151202.1,8592.373968265485,25154.0,7656.202989114531,10.9,3.809959248297049,5.949999999999999,1.9049796241485242,5.949999999999999,1.9049796241485242,3.1999999999999997,0.8335087534664906,0.0,0.0,0.0,0.0,1.0,0.0
27000.0,2.0,3.96343659506076E-7,27000.0,58.4,48.70441659905349,46.666666666666664,31.578947368421044,27000.0,948936.0,20.0,6.0,157194.44999999998,8587.324480547508,25308.8,7689.531541408474,11.0,3.8388594797495723,6.0,1.919429739874786,6.0,1.919429739874786,3.1999999999999997,0.8335087534664906,0.0,0.0,0.0,0.0,1.0,0.0
28000.0,2.109375,4.2321183071989156E-7,28000.0,54.7,45.71241963221064,42.875157629256,29.767441860465127,28000.0,949560.0,20.0,9.0,139109.45000000004,60167.23272283415,25648.4,12107.551564383713,11.200000000000001,5.908067633151701,6.1000000000000005,2.9540338165758504,6.1000000000000005,2.9540338165758504,2.9999999999999996,1.4509525002200232,0.0,0.0,0.0,0.0,1.0,0.0
29000.0,2.1875,4.41197997942153E-7,29000.0,51.2,40.66335451457031,37.675606641123885,23.987538940809973,29000.0,889920.0,20.0,25.0,112170.90000000002,83282.39614828574,22976.0,15160.670669792109,9.899999999999999,7.268533479827165,5.449999999999999,3.6342667399135826,5.449999999999999,3.6342667399135826,2.45,1.9049796241485244,0.0,0.0,0.0,0.0,1.0,0.0
30000.0,2.296875,4.6675213121084706E-7,30000.0,55.300000000000004,46.240826664549985,45.28763769889842,32.27272727272728,30000.0,903120.0,20.0,28.0,117821.19999999998,83775.91737524071,23456.000000000004,15436.550910096466,10.200000000000001,7.43816615769463,5.6000000000000005,3.719083078847315,5.6000000000000005,3.719083078847315,2.5,1.9601288894248496,0.0,0.0,0.0,0.0,1.0,0.0
31000.0,2.359375,4.820670841986106E-7,31000.0,54.50000000000001,45.792032024399546,43.618339529120206,31.372549019607842,31000.0,947192.0,20.0,29.0,123158.04999999999,84744.58046355966,25645.2,14269.763165518902,11.399999999999999,6.9766527941790475,6.2,3.488326397089524,6.2,3.488326397089524,2.9,1.6511558949637928,0.0,0.0,0.0,0.0,1.0,0.0
32000.0,2.4375,5.023424293742412E-7,32000.0,59.099999999999994,53.21249420875921,48.93882646691635,41.73789173789174,32000.0,1003184.0,20.0,29.0,129183.1,84718.6660684086,28335.600000000002,13341.773504771829,12.799999999999999,6.614179345999974,6.8999999999999995,3.307089672999987,6.8999999999999995,3.307089672999987,3.449999999999999,1.5381123085406374,0.0,0.0,0.0,0.0,1.0,0.0
33000.0,2.53125,5.277007908767297E-7,33000.0,57.8,52.14100937106254,49.03381642512076,40.226628895184135,33000.0,1045568.0,20.0,29.0,135185.15,84692.2932890311,30408.000000000004,13680.239086861175,13.899999999999999,6.91223172126203,7.449999999999999,3.456115860631015,7.449999999999999,3.456115860631015,3.75,1.5852942612451613,0.0,0.0,0.0,0.0,1.0,0.0
34000.0,2.609375,5.494675456753208E-7,34000.0,60.5,54.24941827266652,50.12626262626263,41.04477611940299,34000.0,1076976.0,20.0,29.0,141193.99999999997,84664.65009298993,31970.0,13889.70808681169,14.600000000000001,7.096329666584135,7.8,3.5481648332920677,7.8,3.5481648332920677,3.8499999999999996,1.460893742308382,0.0,0.0,0.0,0.0,1.0,0.0
35000.0,2.703125,5.760777599385216E-7,35000.0,60.099999999999994,53.36540484438772,50.496277915632746,38.61538461538461,35000.0,1097184.0,20.0,29.0,147195.09999999998,84637.74364835235,32976.8,14661.145476896982,14.899999999999999,7.354912429261497,7.950000000000001,3.6774562146307486,7.950000000000001,3.6774562146307486,3.9,1.4832396974191326,0.0,0.0,0.0,0.0,1.0,0.0
36000.0,2.796875,6.031509191315208E-7,36000.0,61.5,55.26532888697814,52.702702702702695,42.19219219219219,36000.0,1116272.0,20.0,29.0,153189.1,84642.60946249857,33926.399999999994,14958.811683735896,15.3,7.462890649212626,8.15,3.731445324606313,8.15,3.731445324606313,3.9,1.4832396974191326,0.0,0.0,0.0,0.0,1.0,0.0
37000.0,2.890625,6.305391757955982E-7,37000.0,59.9,53.98727248943772,51.80288461538461,41.459854014598534,37000.0,1129264.0,20.0,29.0,159187.90000000002,84631.19576566502,34505.19999999999,15447.039851324944,15.599999999999998,7.735087520343154,8.299999999999999,3.867543760171577,8.299999999999999,3.867543760171577,3.9,1.4832396974191326,0.0,0.0,0.0,0.0,1.0,0.0
38000.0,2.984375,6.582722158378198E-7,38000.0,59.599999999999994,53.08032323476329,50.67155067155067,38.226299694189606,38000.0,1143480.0,20.0,29.0,165164.00000000003,84639.57396047388,35195.59999999999,15867.63447498016,15.899999999999997,7.9597672539366435,8.45,3.9798836269683218,8.45,3.9798836269683218,3.9499999999999997,1.5035046776746235,0.0,0.0,0.0,0.0,1.0,0.0
39000.0,3.078125,6.863768147822057E-7,39000.0,61.1,54.25251669959545,51.73697270471463,41.060606060606055,39000.0,1158800.0,20.0,29.0,171181.9,84642.11080027669,35956.80000000001,15153.171832638662,16.3,7.519098490195693,8.65,3.7595492450978467,8.65,3.7595492450978467,4.1,1.3726654823065192,0.0,0.0,0.0,0.0,1.0,0.0
40000.0,3.171875,7.147862278442417E-7,40000.0,59.599999999999994,52.011023210510054,49.68866749688667,35.77106518282989,40000.0,1171368.0,20.0,29.0,177193.95,84624.1504669945,36582.8,15381.20384584277,16.5,7.591546545162482,8.75,3.795773272581241,8.75,3.795773272581241,4.1499999999999995,1.3869694338832113,0.0,0.0,0.0,0.0,1.0,0.0
41000.0,3.25,7.385863702640766E-7,41000.0,56.699999999999996,49.38034765062853,46.277915632754336,34.88721804511277,41000.0,1177584.0,20.0,29.0,183188.2,84613.5194271733,36858.8,15513.281079534128,16.6,7.666742943937866,8.8,3.833371471968933,8.8,3.833371471968933,4.1499999999999995,1.3869694338832113,0.0,0.0,0.0,0.0,1.0,0.0
42000.0,3.34375,7.672903140903348E-7,42000.0,62.0,55.629040092665235,52.141057934508815,42.24924012158055,42000.0,1183512.0,20.0,29.0,189193.65,84636.92007770293,37086.799999999996,15569.500068369161,16.7,7.657813347369984,8.85,3.828906673684992,8.85,3.828906673684992,4.1499999999999995,1.3869694338832113,0.0,0.0,0.0,0.0,1.0,0.0
43000.0,3.4375,7.962798635061417E-7,43000.0,63.6,58.413735349124686,55.60975609756097,46.705710102489014,43000.0,1195288.0,20.0,29.0,195161.9,84650.76279564296,37681.6,15801.213245890494,16.9,7.772420878708863,8.95,3.8862104393544317,8.95,3.8862104393544317,4.1499999999999995,1.3869694338832113,0.0,0.0,0.0,0.0,1.0,0.0
44000.0,3.5,8.157587338549396E-7,44000.0,61.199999999999996,55.286867015306186,52.275522755227556,41.301059001512854,44000.0,1204720.0,20.0,29.0,201152.69999999998,84657.52631141794,38159.2,16035.29221370622,17.100000000000005,7.880021373201045,9.050000000000002,3.9400106866005227,9.050000000000002,3.9400106866005227,4.1499999999999995,1.3869694338832113,0.0,0.0,0.0,0.0,1.0,0.0
45000.0,3.578125,8.4052609357362E-7,45000.0,60.5,53.799062179444434,50.80946450809465,38.94899536321484,45000.0,1225440.0,20.0,29.0,207197.59999999998,84671.12552160112,39172.4,16810.496264943646,17.6,8.286958682805553,9.3,4.143479341402776,9.3,4.143479341402776,4.2,1.4363696929192158,0.0,0.0,0.0,0.0,1.0,0.0
46000.0,3.6875,8.754018603617119E-7,46000.0,61.3,56.310482323243725,52.28113440197287,44.950213371266,46000.0,1232560.0,20.0,29.0,213190.0,84668.15537950747,39509.2,17063.44505722841,17.8,8.420526299341077,9.4,4.2102631496705385,9.4,4.2102631496705385,4.2,1.4363696929192158,0.0,0.0,0.0,0.0,1.0,0.0
47000.0,3.78125,9.053696865319378E-7,47000.0,62.2,55.90638622506173,52.45283018867924,42.37804878048781,47000.0,1235624.0,20.0,29.0,219182.30000000005,84667.14038055764,39661.6,17095.51403885334,18.0,8.596204792936547,9.5,4.298102396468273,9.5,4.298102396468273,4.3,1.4903196407411894,0.0,0.0,0.0,0.0,1.0,0.0
48000.0,3.875,9.359669315421748E-7,48000.0,61.7,55.0457875672846,52.18476903870163,40.15625,48000.0,1261576.0,20.0,29.0,225179.05000000002,84689.59141878995,40934.8,15847.681555821875,18.5,7.837158453902726,9.75,3.918579226951363,9.75,3.918579226951363,4.450000000000001,1.2343760409722462,0.0,0.0,0.0,0.0,1.0,0.0
49000.0,3.953125,9.617293188865814E-7,49000.0,64.3,57.90551025124633,54.981084489281216,43.60189573459716,49000.0,1274672.0,20.0,29.0,231164.05,84706.21373620522,41626.799999999996,16619.694549096355,18.900000000000002,8.321816603299268,9.950000000000001,4.160908301649634,9.950000000000001,4.160908301649634,4.5,1.2773327473170104,0.0,0.0,0.0,0.0,1.0,0.0
50000.0,4.046875,9.93082099335475E-7,50000.0,58.699999999999996,52.63468150550607,48.75930521091811,39.88355167394468,50000.0,1292728.0,20.0,29.0,237128.85,84698.2591166865,42515.200000000004,17387.94246960565,19.4,8.816252933614921,10.2,4.4081264668074605,10.2,4.4081264668074605,4.549999999999999,1.3168942730211068,0.0,0.0,0.0,0.0,1.0,0.0
51000.0,4.15625,1.029850035491917E-6,51000.0,58.599999999999994,51.59644058463081,48.57142857142857,36.405529953917046,51000.0,1299432.0,20.0,29.0,243118.45,84697.22568095132,42825.200000000004,17693.40254564128,19.4,8.816252933614921,10.2,4.4081264668074605,10.2,4.4081264668074605,4.549999999999999,1.3168942730211068,0.0,0.0,0.0,0.0,1.0,0.0
52000.0,4.234375,1.0562109916160506E-6,52000.0,60.9,54.55549227675821,50.69356872635561,40.75757575757576,52000.0,1304288.0,20.0,29.0,249154.95000000007,84710.92030918416,43008.00000000001,17580.278328435623,19.499999999999996,8.678467000207133,10.249999999999998,4.339233500103567,10.249999999999998,4.339233500103567,4.599999999999999,1.2311740225021848,0.0,0.0,0.0,0.0,1.0,0.0
53000.0,4.34375,1.0933460887624987E-6,53000.0,61.0,55.3582159769511,52.727272727272734,42.898975109809655,53000.0,1312408.0,20.0,29.0,255143.1,84675.61427676429,43411.59999999999,17399.267251358906,19.699999999999996,8.590692637965812,10.349999999999998,4.295346318982906,10.349999999999998,4.295346318982906,4.7,1.2182817926554552,0.0,0.0,0.0,0.0,1.0,0.0
54000.0,4.40625,1.1147330062360401E-6,54000.0,59.199999999999996,52.84894095023252,49.37965260545905,38.18181818181818,54000.0,1322728.0,20.0,29.0,261150.55000000002,84708.85759593207,43908.40000000001,17603.63990590702,19.9,8.717194140559824,10.45,4.358597070279912,10.45,4.358597070279912,4.8,1.281446551034375,0.0,0.0,0.0,0.0,1.0,0.0
55000.0,4.5,1.1468570381920372E-6,55000.0,62.3,56.95570662288404,52.459016393442624,44.06528189910979,55000.0,1324528.0,20.0,29.0,267150.85,84686.90709982393,43998.4,17652.823809893925,19.9,8.717194140559824,10.45,4.358597070279912,10.45,4.358597070279912,4.8,1.281446551034375,0.0,0.0,0.0,0.0,1.0,0.0
56000.0,4.5625,1.1683363118208946E-6,56000.0,61.3,55.905325201075144,52.28113440197287,43.17180616740088,56000.0,1328440.0,20.0,29.0,273152.9,84669.72146548083,44176.00000000001,17784.148021260546,19.999999999999996,8.813864675970228,10.499999999999998,4.406932337985114,10.499999999999998,4.406932337985114,4.8,1.281446551034375,0.0,0.0,0.0,0.0,1.0,0.0
57000.0,4.671875,1.2060771566919155E-6,57000.0,61.9,55.94397831657432,52.25563909774436,43.21907600596125,57000.0,1333816.0,20.0,29.0,279144.85,84660.6323053681,44443.6,17665.109704845043,20.099999999999994,8.693009896038976,10.549999999999997,4.346504948019488,10.549999999999997,4.346504948019488,4.85,1.2258187382102494,0.0,0.0,0.0,0.0,1.0,0.0
58000.0,4.78125,1.2438580678361987E-6,58000.0,60.8,54.388851332089885,51.545117428924605,38.84555382215289,58000.0,1335232.0,20.0,29.0,285144.35,84670.43218532664,44497.600000000006,17680.56557323531,20.099999999999994,8.693009896038976,10.549999999999997,4.346504948019488,10.549999999999997,4.346504948019488,4.85,1.2258187382102494,0.0,0.0,0.0,0.0,1.0,0.0
59000.0,4.859375,1.2648134725168348E-6,59000.0,53.300000000000004,44.9033862591169,41.91542288557214,29.24242424242425,59000.0,1036832.0,20.0,43.0,187003.00000000003,154814.80277721302,30265.199999999997,24848.72134717345,13.2,11.82147911308279,7.1,5.910739556541395,7.1,5.910739556541395,3.0999999999999996,2.5526044491233284,0.0,0.0,0.0,0.0,1.0,0.0
60000.0,4.984375,1.2971119981052148E-6,60000.0,54.400000000000006,47.193129548223325,42.35145385587864,32.544378698224854,60000.0,998792.0,20.0,55.0,173254.05,167202.49941643406,28423.199999999997,26221.498342511164,12.399999999999999,12.60075185726713,6.699999999999999,6.300375928633565,6.699999999999999,6.300375928633565,2.75,2.712058841156426,0.0,0.0,0.0,0.0,1.0,0.0
61000.0,5.0625,1.3176072388887405E-6,61000.0,54.800000000000004,47.526672006872616,43.35839598997494,33.03703703703704,61000.0,1014064.0,20.0,60.0,178036.29999999996,168522.6124896191,29107.6,26556.020687952237,12.7,12.637038293924144,6.85,6.318519146962072,6.85,6.318519146962072,2.75,2.712058841156426,0.0,0.0,0.0,0.0,1.0,0.0
62000.0,5.125,1.3341475278139114E-6,62000.0,54.0,45.96156692659937,41.55019059720458,31.34328358208956,62000.0,1022976.0,20.0,60.0,184036.15000000002,168520.77286893962,29458.4,26879.17756887192,12.899999999999999,12.838675124301899,6.949999999999999,6.419337562150949,6.949999999999999,6.419337562150949,2.75,2.712058841156426,0.0,0.0,0.0,0.0,1.0,0.0
63000.0,5.21875,1.3592230000843605E-6,63000.0,52.0,44.47246528372257,38.46153846153847,30.935251798561154,63000.0,1033904.0,20.0,61.0,189589.39999999997,169033.80270086747,29918.399999999998,26974.20592148612,13.1,12.805837484686837,7.05,6.402918742343418,7.05,6.402918742343418,2.8000000000000003,2.726092248506719,0.0,0.0,0.0,0.0,1.0,0.0
64000.0,5.3125,1.3845970776552955E-6,64000.0,52.6,45.84948899739301,41.336633663366335,31.89655172413794,64000.0,1046216.0,20.0,63.0,195109.90000000002,169575.19776159545,30522.000000000004,27609.202173036058,13.399999999999999,13.180527902533862,7.199999999999999,6.590263951266931,7.199999999999999,6.590263951266931,2.8000000000000003,2.726092248506719,0.0,0.0,0.0,0.0,1.0,0.0
65000.0,5.421875,1.4149598428048194E-6,65000.0,54.400000000000006,47.48032239710865,45.06024096385543,34.1991341991342,65000.0,1073064.0,20.0,63.0,201098.6,169564.899193386,31803.999999999996,28013.877643617616,14.299999999999999,13.738535890736415,7.65,6.8692679453682075,7.65,6.8692679453682075,2.9500000000000006,2.723677854048011,0.0,0.0,0.0,0.0,1.0,0.0
66000.0,5.53125,1.4468274700144927E-6,66000.0,55.900000000000006,49.15236649037182,44.247787610619476,35.43191800878478,66000.0,1126248.0,20.0,63.0,207071.90000000002,169559.27259932004,34456.4,28528.025087806658,15.5,14.02066144546758,8.25,7.01033072273379,8.25,7.01033072273379,3.25,2.653200649067184,0.0,0.0,0.0,0.0,1.0,0.0
67000.0,5.625,1.4743567832435172E-6,67000.0,57.199999999999996,50.4055619930475,47.484662576687114,37.05882352941176,67000.0,1135080.0,20.0,63.0,213078.39999999997,169559.90457292358,34863.2,29139.465662839277,15.600000000000001,14.188208595798653,8.3,7.094104297899326,8.3,7.094104297899326,3.25,2.653200649067184,0.0,0.0,0.0,0.0,1.0,0.0
68000.0,5.65625,1.4836412285351092E-6,68000.0,53.5,46.578189425698305,41.06463878326997,31.718061674008812,68000.0,1148440.0,20.0,63.0,219057.05,169543.8432231973,35459.200000000004,29971.16934936675,15.999999999999998,14.71840952505971,8.499999999999998,7.359204762529855,8.499999999999998,7.359204762529855,3.3,2.677390717215472,0.0,0.0,0.0,0.0,1.0,0.0
69000.0,5.765625,1.516297731238107E-6,69000.0,56.99999999999999,50.09308220481798,46.04767879548306,36.106983655274874,69000.0,1154128.0,20.0,63.0,225041.45,169537.60892264554,35734.0,30342.131167560954,16.099999999999998,14.902843246914507,8.549999999999999,7.451421623457254,8.549999999999999,7.451421623457254,3.3,2.677390717215472,0.0,0.0,0.0,0.0,1.0,0.0
70000.0,5.875,1.5493768538969259E-6,70000.0,60.199999999999996,54.31714461493256,50.43586550435866,42.89813486370157,70000.0,1169064.0,20.0,63.0,231054.60000000003,169544.58533078982,36434.00000000001,30944.170453457493,16.5,15.132745950421555,8.75,7.5663729752107765,8.75,7.5663729752107765,3.3,2.677390717215472,0.0,0.0,0.0,0.0,1.0,0.0
71000.0,5.984375,1.584209158964869E-6,71000.0,57.99999999999999,51.877190590386654,49.640287769784166,38.95348837209302,71000.0,1231024.0,20.0,63.0,237048.09999999998,169543.486228817,39502.0,30050.41791459988,18.299999999999997,14.72949064756966,9.649999999999999,7.36474532378483,9.649999999999999,7.36474532378483,3.6999999999999997,2.341839133312916,0.0,0.0,0.0,0.0,1.0,0.0
72000.0,6.09375,1.6208962834854091E-6,72000.0,57.4,50.52437197310198,47.858017135862916,35.3566009104704,72000.0,1296576.0,20.0,63.0,243062.15,169557.37243164534,42778.4,30412.708047442065,19.799999999999997,15.098274561579617,10.399999999999999,7.549137280789808,10.399999999999999,7.549137280789808,3.9000000000000004,2.221900561515559,0.0,0.0,0.0,0.0,1.0,0.0
73000.0,6.203125,1.6583906189124615E-6,73000.0,56.10000000000001,49.915060963296526,46.068796068796075,36.2844702467344,73000.0,1325104.0,20.0,63.0,249067.0,169579.46206486953,44215.599999999984,31573.43826766583,20.299999999999997,15.657854931395667,10.649999999999999,7.828927465697833,10.649999999999999,7.828927465697833,3.9000000000000004,2.221900561515559,0.0,0.0,0.0,0.0,1.0,0.0
74000.0,6.296875,1.6908875679493777E-6,74000.0,55.60000000000001,48.88549660502995,44.84472049689442,34.02674591381872,74000.0,1339904.0,20.0,63.0,255058.84999999998,169591.90121032964,44926.799999999996,32133.93175216241,20.6,15.875834002129082,10.8,7.937917001064541,10.8,7.937917001064541,3.9000000000000004,2.221900561515559,0.0,0.0,0.0,0.0,1.0,0.0
75000.0,6.40625,1.729323121253401E-6,75000.0,55.7,49.50588718042243,44.69413233458178,36.44189383070302,75000.0,1358368.0,20.0,63.0,261080.7,169609.99028486374,45811.6,31527.303612816893,21.000000000000007,15.519088415984937,11.000000000000004,7.759544207992469,11.000000000000004,7.759544207992469,4.0,2.077447826946374,0.0,0.0,0.0,0.0,1.0,0.0
76000.0,6.484375,1.7569504173782965E-6,76000.0,56.89999999999999,50.98451747612343,47.1813725490196,37.716763005780344,76000.0,1366944.0,20.0,63.0,267101.5,169607.2074469342,46222.40000000001,31613.33651682966,21.099999999999998,15.566157623443711,11.049999999999999,7.783078811721856,11.049999999999999,7.783078811721856,4.0,2.077447826946374,0.0,0.0,0.0,0.0,1.0,0.0
77000.0,6.578125,1.7903590924106537E-6,77000.0,55.00000000000001,49.18825413099495,44.168734491315135,36.35077793493636,77000.0,1377496.0,20.0,63.0,273071.35,169581.85635673814,46730.8,31782.632929917792,21.3,15.536374975148513,11.15,7.768187487574257,11.15,7.768187487574257,4.05,2.0384462607326044,0.0,0.0,0.0,0.0,1.0,0.0
78000.0,6.640625,1.81277111146806E-6,78000.0,58.699999999999996,52.734746942064014,47.58883248730964,39.08554572271386,78000.0,1386128.0,20.0,63.0,279075.55,169581.21067266827,47143.200000000004,31936.966328593015,21.5,15.598582931589787,11.25,7.7992914657948935,11.25,7.7992914657948935,4.05,2.0384462607326044,0.0,0.0,0.0,0.0,1.0,0.0
79000.0,6.78125,1.863879766056521E-6,79000.0,54.6,48.9764381283119,44.63414634146341,35.60283687943263,79000.0,1404864.0,20.0,63.0,285082.6,169558.56749633892,48064.399999999994,32659.659556674724,22.1,16.098054802399343,11.55,8.049027401199671,11.55,8.049027401199671,4.1499999999999995,2.1095023109728985,0.0,0.0,0.0,0.0,1.0,0.0
80000.0,6.875,1.898214718999548E-6,80000.0,58.199999999999996,52.180259828215014,49.394673123486676,38.3480825958702,80000.0,1415688.0,20.0,63.0,291053.25000000006,169545.56122326868,48586.399999999994,33091.531838380135,22.299999999999997,16.27752729184756,11.649999999999999,8.13876364592378,11.649999999999999,8.13876364592378,4.199999999999999,2.166734141999259,0.0,0.0,0.0,0.0,1.0,0.0
81000.0,6.96875,1.9326429982255728E-6,81000.0,58.3,52.71133045594441,48.39108910891088,40.682788051209094,81000.0,1419536.0,20.0,63.0,297031.5,169534.11104134456,48778.8,33266.33011509259,22.299999999999997,16.27752729184756,11.649999999999999,8.13876364592378,11.649999999999999,8.13876364592378,4.199999999999999,2.166734141999259,0.0,0.0,0.0,0.0,1.0,0.0
82000.0,7.0625,1.967577296050472E-6,82000.0,56.49999999999999,50.75486564568861,46.691176470588225,37.857142857142854,82000.0,1440400.0,20.0,63.0,303019.25,169538.19659635623,49805.200000000004,32920.62761056788,22.999999999999996,16.13104231957097,11.999999999999998,8.065521159785485,11.999999999999998,8.065521159785485,4.3999999999999995,2.062190965683675,0.0,0.0,0.0,0.0,1.0,0.0
83000.0,7.140625,1.9970045024011693E-6,83000.0,57.99999999999999,52.2639937534026,46.96969696969697,37.406855439642314,83000.0,1456000.0,20.0,63.0,309026.55,169514.00626480614,50570.8,33224.17527169351,23.699999999999996,16.686269174005563,12.349999999999998,8.343134587002782,12.349999999999998,8.343134587002782,4.55,2.114486375359025,0.0,0.0,0.0,0.0,1.0,0.0
84000.0,7.21875,2.026723878872063E-6,84000.0,59.599999999999994,53.01172729588306,50.36855036855036,38.60182370820668,84000.0,1470456.0,20.0,63.0,315036.89999999997,169528.4837976389,51315.200000000004,33793.197686111795,23.8,16.713058241670602,12.4,8.356529120835301,12.4,8.356529120835301,4.55,2.114486375359025,0.0,0.0,0.0,0.0,1.0,0.0
85000.0,7.28125,2.0507609264718154E-6,85000.0,62.2,56.44368444947352,53.333333333333336,43.07228915662651,85000.0,1486632.0,20.0,63.0,320998.39999999997,169515.01389099186,52128.799999999996,33857.72166550708,24.099999999999998,16.56216360135036,12.549999999999999,8.28108180067518,12.549999999999999,8.28108180067518,4.65,2.0332758116683993,0.0,0.0,0.0,0.0,1.0,0.0
86000.0,7.375,2.087249174817568E-6,86000.0,56.49999999999999,50.21567485227788,47.01583434835566,37.047756874095505,86000.0,1504472.0,20.0,63.0,326987.5999999999,169494.9885492349,52972.4,33911.86024232137,24.7,16.698881147518456,12.85,8.349440573759228,12.85,8.349440573759228,4.8500000000000005,1.9269556026896006,0.0,0.0,0.0,0.0,1.0,0.0
87000.0,7.515625,2.143141043941593E-6,87000.0,56.89999999999999,50.600926547818524,46.45962732919254,37.354651162790695,87000.0,1536344.0,20.0,63.0,333011.35,169514.9335201614,54549.20000000001,33813.52775941668,25.4,16.62718129734372,13.2,8.31359064867186,13.2,8.31359064867186,5.0,1.8353258709644942,0.0,0.0,0.0,0.0,1.0,0.0
88000.0,7.625,2.1873241833721587E-6,88000.0,56.599999999999994,50.09721843735303,47.13763702801461,35.988200589970496,88000.0,1561496.0,20.0,63.0,338991.85,169494.10060414462,55798.8,33852.35173607821,25.999999999999993,16.61324772583615,13.499999999999996,8.306623862918075,13.499999999999996,8.306623862918075,5.05,1.79105966869954,0.0,0.0,0.0,0.0,1.0,0.0
89000.0,7.734375,2.232635742984711E-6,89000.0,56.8,51.50089027300957,47.12362301101591,38.983050847457626,89000.0,1601376.0,20.0,63.0,345017.85,169508.55692925793,57765.19999999999,33640.79120666644,26.9,16.511240190596798,13.95,8.255620095298399,13.95,8.255620095298399,5.1499999999999995,1.6311119875071343,0.0,0.0,0.0,0.0,1.0,0.0
90000.0,7.828125,2.2584285276631502E-6,90000.0,49.2,41.43930206714653,35.204081632653065,20.99533437013997,90000.0,1063480.0,20.0,77.0,189920.85000000003,204669.39198652597,31587.999999999996,30648.543593799892,14.000000000000002,14.71840952505971,7.500000000000001,7.359204762529855,7.500000000000001,7.359204762529855,2.8999999999999995,2.6337885460422132,0.0,0.0,0.0,0.0,1.0,0.0
91000.0,7.90625,2.278863297154505E-6,91000.0,50.8,39.94990943665204,37.642585551330804,22.641509433962266,91000.0,1011072.0,20.0,83.0,168042.69999999998,194012.49562201966,28940.000000000004,30045.69583677152,12.799999999999999,14.406139042271636,6.900000000000001,7.203069521135818,6.900000000000001,7.203069521135818,2.6000000000000005,2.5628931020687498,0.0,0.0,0.0,0.0,1.0,0.0
92000.0,7.96875,2.2931213283704376E-6,92000.0,52.400000000000006,39.00618523411502,39.052496798975675,25.15723270440252,92000.0,881824.0,20.0,88.0,127222.4,179987.08565789115,22482.399999999998,27276.154209550106,9.6,13.027905272509225,5.3,6.513952636254612,5.3,6.513952636254612,1.95,2.5438263760679396,0.0,0.0,0.0,0.0,1.0,0.0
93000.0,8.0625,2.314900694828893E-6,93000.0,53.900000000000006,40.346790890269155,41.57160963244614,27.28706624605679,93000.0,898000.0,20.0,88.0,133226.10000000003,179991.56626525882,23168.8,27926.57499417469,9.999999999999998,13.321924943885785,5.499999999999999,6.660962471942892,5.499999999999999,6.660962471942892,2.0,2.615741818902985,0.0,0.0,0.0,0.0,1.0,0.0
94000.0,8.15625,2.3370403667084032E-6,94000.0,54.1,40.08716729777461,42.91044776119403,27.48815165876778,94000.0,912856.0,20.0,88.0,139222.80000000002,179961.1580298137,23839.6,28597.997247507054,10.4,13.720518633745131,5.7,6.860259316872566,5.7,6.860259316872566,2.0,2.615741818902985,0.0,0.0,0.0,0.0,1.0,0.0
95000.0,8.25,2.359742130566801E-6,95000.0,50.7,33.922535230145265,36.38709677419355,22.116903633491315,95000.0,936032.0,20.0,88.0,145183.94999999998,179948.11673440912,24942.0,29629.119318315003,10.9,14.193771799445587,5.95,7.0968858997227935,5.95,7.0968858997227935,2.0,2.615741818902985,0.0,0.0,0.0,0.0,1.0,0.0
96000.0,8.328125,2.37894613140573E-6,96000.0,52.2,37.77184136766557,39.340101522842644,26.799387442572748,96000.0,950176.0,20.0,88.0,151191.7,179967.9864830058,25594.8,30772.13714693007,11.299999999999999,14.829203052015126,6.1499999999999995,7.414601526007563,6.1499999999999995,7.414601526007563,2.0,2.615741818902985,0.0,0.0,0.0,0.0,1.0,0.0
97000.0,8.421875,2.4021265562623727E-6,97000.0,54.0,40.622942778588126,43.13967861557479,29.230769230769237,97000.0,955768.0,20.0,88.0,157172.1,179936.92132753518,25840.000000000004,31042.52838318832,11.299999999999999,14.829203052015126,6.1499999999999995,7.414601526007563,6.1499999999999995,7.414601526007563,2.0,2.615741818902985,0.0,0.0,0.0,0.0,1.0,0.0
98000.0,8.46875,2.413748006802051E-6,98000.0,54.2,39.08505216341167,39.01464713715047,26.837060702875405,98000.0,958344.0,20.0,88.0,163175.7,179890.507836558,25960.399999999998,31214.781327205597,11.299999999999999,14.829203052015126,6.1499999999999995,7.414601526007563,6.1499999999999995,7.414601526007563,2.0,2.615741818902985,0.0,0.0,0.0,0.0,1.0,0.0
99000.0,8.53125,2.429382455173051E-6,99000.0,51.2,35.82797689807168,38.46153846153847,23.39089481946625,99000.0,966952.0,20.0,88.0,169166.35,179855.0021054314,26388.400000000005,31599.65787689547,11.5,14.992980813841205,6.25,7.496490406920603,6.25,7.496490406920603,2.0,2.615741818902985,0.0,0.0,0.0,0.0,1.0,0.0
100000.0,8.625,2.4529464685151136E-6,100000.0,53.400000000000006,38.95921532464266,39.94845360824743,27.63975155279504,100000.0,971584.0,20.0,89.0,172890.39999999997,181819.09139072103,26652.400000000005,31780.88269848301,11.6,15.024191019468358,6.3,7.512095509734179,6.3,7.512095509734179,2.0,2.615741818902985,0.0,0.0,0.0,0.0,1.0,0.0
101000.0,8.71875,2.4773152997820732E-6,101000.0,52.900000000000006,38.69853475181367,41.19850187265918,27.649769585253463,101000.0,1004768.0,20.0,89.0,178868.84999999998,181838.97078843514,28251.600000000002,30823.025539530125,12.400000000000002,14.52547671108286,6.700000000000001,7.26273835554143,6.700000000000001,7.26273835554143,2.35,2.433861994963214,0.0,0.0,0.0,0.0,1.0,0.0
102000.0,8.8125,2.503322094627138E-6,102000.0,51.800000000000004,35.217230603810364,36.6622864651774,23.370429252782195,102000.0,1072304.0,20.0,89.0,184840.59999999995,181842.00129649855,31559.999999999996,28539.479580693864,13.899999999999999,13.447363271190692,7.449999999999999,6.723681635595346,7.449999999999999,6.723681635595346,2.9500000000000006,1.9594574974238472,0.0,0.0,0.0,0.0,1.0,0.0
103000.0,8.890625,2.5253947630214187E-6,103000.0,51.1,37.989411279840226,38.257575757575765,26.466165413533833,103000.0,1092112.0,20.0,89.0,190843.30000000002,181854.02021491394,32545.6,27804.880280456637,14.3,13.1273118264736,7.65,6.5636559132368,7.65,6.5636559132368,3.0999999999999996,1.8035053587243282,0.0,0.0,0.0,0.0,1.0,0.0
104000.0,8.984375,2.552067453507333E-6,104000.0,55.1,41.52671278546425,42.28791773778921,28.955696202531655,104000.0,1099760.0,20.0,89.0,196868.95,181836.22157473554,32925.6,28032.788272983027,14.5,13.312044407820665,7.750000000000001,6.656022203910333,7.750000000000001,6.656022203910333,3.15,1.7851728502481652,0.0,0.0,0.0,0.0,1.0,0.0
105000.0,9.0625,2.5745970520397845E-6,105000.0,55.60000000000001,44.217040940169014,43.0038510911425,31.05590062111802,105000.0,1114720.0,20.0,89.0,202874.29999999996,181842.21219423926,33668.80000000001,29303.645948117643,14.9,14.014653984875597,7.949999999999999,7.007326992437799,7.949999999999999,7.007326992437799,3.25,1.860248992954834,0.0,0.0,0.0,0.0,1.0,0.0
106000.0,9.140625,2.5972448444614796E-6,106000.0,55.300000000000004,41.85532251434756,43.34600760456275,26.960784313725494,106000.0,1120568.0,20.0,89.0,208859.55,181834.45203477488,33951.6,29679.486274458817,15.0,14.245959722709195,8.0,7.122979861354597,8.0,7.122979861354597,3.3,1.9761738683361685,0.0,0.0,0.0,0.0,1.0,0.0
107000.0,9.21875,2.6202423679124967E-6,107000.0,55.300000000000004,42.68268132211949,42.61874197689346,30.482115085536556,107000.0,1137872.0,20.0,89.0,214852.99999999997,181831.70078804652,34810.8,29765.893165801266,15.5,14.258884580277808,8.249999999999998,7.129442290138904,8.249999999999998,7.129442290138904,3.45,1.932410548076104,0.0,0.0,0.0,0.0,1.0,0.0
108000.0,9.265625,2.6342160870424564E-6,108000.0,54.7,43.408954627223665,42.58555133079849,31.05022831050228,108000.0,1152320.0,20.0,89.0,220866.20000000004,181823.29074814427,35512.8,30079.353845243557,15.799999999999999,14.39883036185487,8.400000000000002,7.199415180927436,8.400000000000002,7.199415180927436,3.5499999999999994,1.9049796241485244,0.0,0.0,0.0,0.0,1.0,0.0
109000.0,9.34375,2.657646287439597E-6,109000.0,55.00000000000001,42.41709981803804,42.96577946768061,29.356357927786508,109000.0,1159280.0,20.0,89.0,226844.55000000002,181837.02538304805,35867.6,30283.443756057794,16.0,14.385665379851313,8.5,7.192832689925656,8.5,7.192832689925656,3.6,1.930366749991743,0.0,0.0,0.0,0.0,1.0,0.0
110000.0,9.421875,2.6814493402424777E-6,110000.0,58.099999999999994,46.92527610890072,46.759847522236335,34.32601880877743,110000.0,1177728.0,20.0,89.0,232840.05000000002,181847.29209493476,36792.799999999996,30026.02042369602,16.4,14.20303896317523,8.700000000000001,7.101519481587614,8.700000000000001,7.101519481587614,3.75,1.860248992954834,0.0,0.0,0.0,0.0,1.0,0.0
111000.0,9.515625,2.710835671880178E-6,111000.0,56.39999999999999,45.198592257415775,43.814432989690715,32.19284603421461,111000.0,1211648.0,20.0,89.0,238839.35,181852.5960798369,38479.2,29348.104275906375,17.2,13.900397570989794,9.1,6.950198785494897,9.1,6.950198785494897,3.999999999999999,1.7471781760734562,0.0,0.0,0.0,0.0,1.0,0.0
112000.0,9.625,2.7453411085945026E-6,112000.0,54.800000000000004,43.901455211145255,41.827541827541836,30.354391371340533,112000.0,1219472.0,20.0,89.0,244798.45,181855.48253619147,38834.8,29371.672112679196,17.5,14.155155281826888,9.25,7.077577640913444,9.25,7.077577640913444,4.05,1.7614288458371994,0.0,0.0,0.0,0.0,1.0,0.0
113000.0,9.703125,2.7702292492095783E-6,113000.0,58.3,47.498829110577276,47.14828897338403,34.018987341772146,113000.0,1231416.0,20.0,89.0,250777.4,181868.00402067197,39429.2,29873.473227844413,17.599999999999998,14.173362710603147,9.299999999999999,7.0866813553015735,9.299999999999999,7.0866813553015735,4.05,1.7614288458371994,0.0,0.0,0.0,0.0,1.0,0.0
114000.0,9.796875,2.800532545532202E-6,114000.0,53.7,42.793387755808084,43.39853300733497,30.37593984962406,114000.0,1249456.0,20.0,89.0,256781.85,181876.43706714586,40307.99999999999,30065.411411926845,18.2,14.22229532144957,9.6,7.111147660724785,9.6,7.111147660724785,4.15,1.755442664221313,0.0,0.0,0.0,0.0,1.0,0.0
115000.0,9.875,2.826205034378087E-6,115000.0,56.8,45.63774351333699,45.7286432160804,32.81493001555209,115000.0,1270224.0,20.0,89.0,262788.99999999994,181899.84621271817,41340.8,29919.797398694853,18.6,14.151064680049602,9.8,7.075532340024801,9.8,7.075532340024801,4.3,1.6575187543592476,0.0,0.0,0.0,0.0,1.0,0.0
116000.0,9.9375,2.8469679657266363E-6,116000.0,54.2,42.47719811204639,44.21437271619976,28.881987577639762,116000.0,1284136.0,20.0,89.0,268797.55,181896.40338548837,42007.6,30006.06394573919,18.900000000000002,14.267740572796786,9.950000000000001,7.133870286398393,9.950000000000001,7.133870286398393,4.35,1.6630662866176473,0.0,0.0,0.0,0.0,1.0,0.0
117000.0,10.046875,2.883474678835934E-6,117000.0,55.50000000000001,45.196774368346645,43.312101910828034,32.677760968229954,117000.0,1290200.0,20.0,89.0,274789.25,181892.68248638292,42309.600000000006,30128.69832882718,19.000000000000004,14.216373066218218,10.000000000000002,7.108186533109109,10.000000000000002,7.108186533109109,4.4,1.635140425323255,0.0,0.0,0.0,0.0,1.0,0.0
118000.0,10.15625,2.9204787117325588E-6,118000.0,55.800000000000004,43.00069121333733,42.297650130548305,29.729729729729737,118000.0,1307776.0,20.0,89.0,280803.4000000001,181906.6411774544,43175.200000000004,29806.476543830115,19.400000000000002,14.00150367864673,10.200000000000001,7.000751839323365,10.200000000000001,7.000751839323365,4.4,1.635140425323255,0.0,0.0,0.0,0.0,1.0,0.0
119000.0,10.25,2.9523198544565164E-6,119000.0,58.3,46.45361110683082,47.41488020176545,32.74193548387096,119000.0,1312864.0,20.0,89.0,286812.44999999995,181908.346478305,43428.4,29759.012827430248,19.500000000000004,13.975542546666452,10.250000000000002,6.987771273333226,10.250000000000002,6.987771273333226,4.4,1.635140425323255,0.0,0.0,0.0,0.0,1.0,0.0
120000.0,10.34375,2.9847838191522483E-6,120000.0,59.3,49.194476553313336,47.41602067183462,36.106750392464676,120000.0,1338544.0,20.0,89.0,292813.15,181903.75664049294,44685.99999999999,29216.770944460182,20.3,13.646283473223724,10.65,6.823141736611863,10.65,6.823141736611863,4.549999999999999,1.6050905860647506,0.0,0.0,0.0,0.0,1.0,0.0
121000.0,10.421875,3.0127492047742827E-6,121000.0,59.8,49.83665717473065,47.3132372214941,36.990595611285265,121000.0,1383672.0,20.0,89.0,298789.1499999999,181897.1453533924,46937.200000000004,27667.949220409482,21.500000000000004,12.71344087756609,11.250000000000002,6.356720438783045,11.250000000000002,6.356720438783045,4.8,1.4725559590832464,0.0,0.0,0.0,0.0,1.0,0.0
122000.0,10.53125,3.0468680132697846E-6,122000.0,48.6,38.394936399363814,37.16381418092909,26.988636363636363,122000.0,1205808.0,20.0,97.0,230221.30000000002,197779.26395036303,38640.8,29405.495557982456,17.200000000000003,13.7020935780286,9.100000000000001,6.8510467890143,9.100000000000001,6.8510467890143,3.5499999999999994,2.438183102661747,0.0,0.0,0.0,0.0,1.0,0.0
123000.0,10.59375,3.061716140817022E-6,123000.0,46.6,37.9655488074051,34.95736906211937,26.949384404924764,123000.0,918320.0,20.0,108.0,135074.0,190622.74964718308,24463.2,28351.04903953477,10.6,13.291865339768016,5.8,6.645932669884008,5.8,6.645932669884008,2.25,2.731396404000978,0.0,0.0,0.0,0.0,1.0,0.0
124000.0,10.703125,3.0883484416537807E-6,124000.0,46.9,38.08951952337091,32.27040816326531,24.78753541076487,124000.0,941224.0,20.0,112.0,140136.09999999998,191327.18848525864,25484.4,29228.59421579455,11.2,13.76341450902967,6.1,6.881707254514835,6.1,6.881707254514835,2.2999999999999994,2.7739388677664225,0.0,0.0,0.0,0.0,1.0,0.0
125000.0,10.78125,3.107627465700109E-6,125000.0,48.1,40.655329814579346,37.6201923076923,29.483695652173907,125000.0,953888.0,20.0,113.0,145525.94999999998,191816.92526015665,26072.399999999998,29663.109561949343,11.4,13.941230029550553,6.2,6.970615014775277,6.2,6.970615014775277,2.35,2.8335397241649978,0.0,0.0,0.0,0.0,1.0,0.0
126000.0,10.84375,3.1233131368127125E-6,126000.0,48.199999999999996,41.65773136426299,35.811648079306075,30.094466936572196,126000.0,970120.0,20.0,113.0,151521.1,191826.18978673048,26778.399999999998,30232.52428898735,11.799999999999999,14.457196350461226,6.3999999999999995,7.228598175230613,6.3999999999999995,7.228598175230613,2.35,2.8335397241649978,0.0,0.0,0.0,0.0,1.0,0.0
127000.0,10.890625,3.1351939994945283E-6,127000.0,50.9,43.908535498699955,39.82843137254902,32.73972602739726,127000.0,979736.0,20.0,113.0,157493.85,191847.2854434718,27206.399999999998,30563.26822975924,11.999999999999998,14.545753585442766,6.499999999999999,7.272876792721383,6.499999999999999,7.272876792721383,2.3999999999999995,2.872739385838431,0.0,0.0,0.0,0.0,1.0,0.0
128000.0,11.0,3.1630907647518635E-6,128000.0,45.9,38.84621688680899,33.6196319018405,27.088948787061994,128000.0,985912.0,20.0,114.0,161893.2,193088.30323444732,27488.4,30775.83045935817,12.199999999999998,14.688341241306066,6.6000000000000005,7.344170620653034,6.6000000000000005,7.344170620653034,2.45,2.9285347512832565,0.0,0.0,0.0,0.0,1.0,0.0
129000.0,11.109375,3.1911466632866184E-6,129000.0,49.0,41.25297046867459,36.17021276595745,27.6595744680851,129000.0,991536.0,20.0,114.0,167907.5,193091.3225528546,27709.999999999996,30931.29656785213,12.199999999999998,14.688341241306066,6.6000000000000005,7.344170620653034,6.6000000000000005,7.344170620653034,2.45,2.9285347512832565,0.0,0.0,0.0,0.0,1.0,0.0
130000.0,11.21875,3.220567531469794E-6,130000.0,49.5,42.91269599032342,38.489646772228994,31.571815718157183,130000.0,1039776.0,20.0,114.0,173920.15,193066.44033004067,30098.0,30024.01821699981,13.5,14.288383209336253,7.249999999999998,7.1441916046681255,7.249999999999998,7.1441916046681255,2.8500000000000005,2.680828622881955,0.0,0.0,0.0,0.0,1.0,0.0
131000.0,11.296875,3.2421842398535858E-6,131000.0,53.300000000000004,46.75702391145477,43.734939759036145,34.31786216596343,131000.0,1069552.0,20.0,114.0,179908.45,193061.58049086036,31577.600000000006,29370.13501823704,14.400000000000002,14.232653338454908,7.699999999999999,7.116326669227454,7.699999999999999,7.116326669227454,3.15,2.641271623569542,0.0,0.0,0.0,0.0,1.0,0.0
132000.0,11.390625,3.269051731978024E-6,132000.0,53.7,48.2424800683244,44.28399518652226,36.57534246575343,132000.0,1107792.0,20.0,114.0,185940.95,193086.86222376293,33485.2,30476.960011406027,15.399999999999997,14.791178025039827,8.2,7.395589012519913,8.2,7.395589012519913,3.3000000000000003,2.677390717215472,0.0,0.0,0.0,0.0,1.0,0.0
133000.0,11.484375,3.2970835713462683E-6,133000.0,52.900000000000006,46.10428991543752,41.417910447761194,32.13256484149857,133000.0,1155800.0,20.0,114.0,191926.10000000003,193096.668659672,35913.59999999999,30972.15337142637,16.5,14.950796493480665,8.75,7.475398246740332,8.75,7.475398246740332,3.5000000000000004,2.5853840191189756,0.0,0.0,0.0,0.0,1.0,0.0
134000.0,11.578125,3.325663144803708E-6,134000.0,50.6,43.90112061486188,38.40399002493765,30.12729844413013,134000.0,1178384.0,20.0,114.0,197930.80000000002,193098.1449654962,36970.8,31073.718015813876,16.900000000000002,14.959242874170506,8.950000000000001,7.479621437085253,8.950000000000001,7.479621437085253,3.6,2.479388719231543,0.0,0.0,0.0,0.0,1.0,0.0
135000.0,11.671875,3.3547079914973825E-6,135000.0,55.1,48.95581096597434,44.63625154130704,36.03988603988605,135000.0,1197568.0,20.0,114.0,203890.0,193113.49623581735,37949.6,30370.15555546527,17.5,14.978932573872932,9.25,7.489466286936466,9.25,7.489466286936466,3.75,2.3141441523584345,0.0,0.0,0.0,0.0,1.0,0.0
136000.0,11.765625,3.3842146189676373E-6,136000.0,50.4,44.43921695141568,39.732685297691376,31.206657420249652,136000.0,1216608.0,20.0,114.0,209896.0,193127.19803552434,38864.0,31269.517586705155,17.7,15.08257970396032,9.35,7.54128985198016,9.35,7.54128985198016,3.7999999999999994,2.3530495331087184,0.0,0.0,0.0,0.0,1.0,0.0
137000.0,11.84375,3.4091177965617826E-6,137000.0,52.7,46.83893997071085,42.38733252131547,34.48753462603879,137000.0,1232160.0,20.0,114.0,215908.75000000003,193137.75469879553,39629.600000000006,30826.20414756524,18.0,14.789754633031041,9.5,7.394877316515521,9.5,7.394877316515521,3.8999999999999995,2.221900561515559,0.0,0.0,0.0,0.0,1.0,0.0
138000.0,11.90625,3.4293359042041817E-6,138000.0,54.0,47.97156985608485,42.92803970223325,34.09742120343841,138000.0,1250440.0,20.0,114.0,221912.05,193144.24932444308,40546.000000000015,31052.958757241595,18.5,15.035046776746233,9.75,7.5175233883731165,9.75,7.5175233883731165,3.9999999999999996,2.2242680641174144,0.0,0.0,0.0,0.0,1.0,0.0
139000.0,12.0,3.459787630062135E-6,139000.0,53.7,48.342439419516296,43.39853300733497,35.78363384188627,139000.0,1255576.0,20.0,114.0,227866.09999999998,193114.2604279162,40744.00000000001,31200.166261365375,18.5,15.035046776746233,9.75,7.5175233883731165,9.75,7.5175233883731165,3.9999999999999996,2.2242680641174144,0.0,0.0,0.0,0.0,1.0,0.0
140000.0,12.09375,3.4903161900324942E-6,140000.0,52.5,47.27711260609787,40.176322418136024,33.936022253129345,140000.0,1258744.0,20.0,114.0,233860.6,193109.6055190583,40860.4,31372.407585748275,18.5,15.035046776746233,9.75,7.5175233883731165,9.75,7.5175233883731165,3.9999999999999996,2.2242680641174144,0.0,0.0,0.0,0.0,1.0,0.0
141000.0,12.1875,3.520919061783286E-6,141000.0,52.6,47.974632694321336,42.545454545454554,35.51020408163266,141000.0,1261808.0,20.0,114.0,239868.25,193129.48141647707,40980.0,31357.573858890762,18.5,15.035046776746233,9.75,7.5175233883731165,9.75,7.5175233883731165,3.9999999999999996,2.2242680641174144,0.0,0.0,0.0,0.0,1.0,0.0
142000.0,12.296875,3.5570921156451923E-6,142000.0,51.9,46.93145772996829,40.248447204968954,33.6551724137931,142000.0,1278408.0,20.0,114.0,245880.44999999995,193125.95845157496,41805.2,31194.395963647734,18.900000000000006,14.902843246914504,9.950000000000003,7.451421623457252,9.950000000000003,7.451421623457252,4.1499999999999995,2.1343062474478063,0.0,0.0,0.0,0.0,1.0,0.0
143000.0,12.390625,3.5882440796639346E-6,143000.0,52.7,47.12366132313815,43.69047619047619,34.122562674094716,143000.0,1284448.0,20.0,114.0,251864.99999999997,193095.7288873224,42104.8,31311.549457533696,19.1,14.987363098009567,10.05,7.4936815490047834,10.05,7.4936815490047834,4.1499999999999995,2.1343062474478063,0.0,0.0,0.0,0.0,1.0,0.0
144000.0,12.5,3.624791538135872E-6,144000.0,54.50000000000001,49.82001376365337,45.18072289156627,36.98060941828255,144000.0,1291640.0,20.0,114.0,257849.8999999999,193088.7952395014,42454.799999999996,31554.3282235909,19.200000000000003,15.049392364023065,10.100000000000001,7.524696182011533,10.100000000000001,7.524696182011533,4.1499999999999995,2.1343062474478063,0.0,0.0,0.0,0.0,1.0,0.0
145000.0,12.609375,3.6615144280302846E-6,145000.0,53.900000000000006,48.00660011661861,41.93954659949623,33.76436781609196,145000.0,1297840.0,20.0,114.0,263869.35,193101.56545258634,42745.6,32015.246851921565,19.400000000000002,15.418375912834454,10.200000000000001,7.709187956417227,10.200000000000001,7.709187956417227,4.1499999999999995,2.1343062474478063,0.0,0.0,0.0,0.0,1.0,0.0
146000.0,12.703125,3.6930437717172824E-6,146000.0,57.99999999999999,52.90128108515448,47.95539033457249,40.340909090909086,146000.0,1300008.0,20.0,114.0,269848.75,193087.44608620237,42853.6,32121.5293442035,19.5,15.503819563340887,10.25,7.751909781670443,10.25,7.751909781670443,4.1499999999999995,2.1343062474478063,0.0,0.0,0.0,0.0,1.0,0.0
147000.0,12.8125,3.7299617866261127E-6,147000.0,55.00000000000001,49.66228989599111,43.538268506900884,35.89743589743591,147000.0,1304736.0,20.0,114.0,275850.99999999994,193081.43799961716,43088.40000000001,32417.8869378587,19.700000000000003,16.108513603877785,10.350000000000001,8.054256801938893,10.350000000000001,8.054256801938893,4.1499999999999995,2.1343062474478063,0.0,0.0,0.0,0.0,1.0,0.0
148000.0,12.90625,3.761804869605434E-6,148000.0,55.800000000000004,50.231614409861805,46.424242424242436,36.494252873563234,148000.0,1312944.0,20.0,114.0,281818.19999999995,193088.81223323662,43497.20000000001,33493.792973435666,19.700000000000003,16.108513603877785,10.350000000000001,8.054256801938893,10.350000000000001,8.054256801938893,4.1499999999999995,2.1343062474478063,0.0,0.0,0.0,0.0,1.0,0.0
149000.0,12.984375,3.7883973628696457E-6,149000.0,54.400000000000006,48.73962427043896,44.186046511627914,36.40167364016737,149000.0,1315744.0,20.0,114.0,287813.44999999995,193057.89219148338,43611.99999999999,33629.60034505942,19.700000000000003,16.108513603877785,10.350000000000001,8.054256801938893,10.350000000000001,8.054256801938893,4.1499999999999995,2.1343062474478063,0.0,0.0,0.0,0.0,1.0,0.0
150000.0,13.0625,3.8151639940527566E-6,150000.0,56.599999999999994,52.35899800215152,46.87882496940024,41.50943396226414,150000.0,1324360.0,20.0,114.0,293805.75,193054.91235584678,43997.59999999999,33571.602546136965,20.1,16.47294432506958,10.55,8.23647216253479,10.55,8.23647216253479,4.199999999999998,2.0925934551223877,0.0,0.0,0.0,0.0,1.0,0.0
151000.0,13.109375,3.831548577484984E-6,151000.0,54.800000000000004,50.092747990460204,44.810744810744815,38.918918918918926,151000.0,1351128.0,20.0,114.0,299818.35,193050.19509560202,45292.799999999996,34459.04908972998,20.9,17.136909995986045,10.95,8.568454997993022,10.95,8.568454997993022,4.3,2.02874085917453,0.0,0.0,0.0,0.0,1.0,0.0
152000.0,13.21875,3.8708302761531524E-6,152000.0,53.6,48.74553594605911,43.552311435523116,36.698499317871764,152000.0,1388272.0,20.0,114.0,305866.1500000001,193036.7957182952,47132.799999999996,35335.284184210934,21.5,17.28857243505389,11.25,8.644286217526945,11.25,8.644286217526945,4.3999999999999995,1.9841477024816367,0.0,0.0,0.0,0.0,1.0,0.0
153000.0,13.328125,3.910463290392523E-6,153000.0,59.099999999999994,54.57281788475934,49.38118811881188,43.35180055401661,153000.0,1400688.0,20.0,114.0,311858.14999999997,193052.04373221964,47758.399999999994,35462.00629346703,21.8,17.294964280786598,11.4,8.647482140393299,11.4,8.647482140393299,4.45,1.9324105480761042,0.0,0.0,0.0,0.0,1.0,0.0
154000.0,13.40625,3.939082218696258E-6,154000.0,52.5,47.05869240543011,41.21287128712871,33.00423131170663,154000.0,1416008.0,20.0,114.0,317838.5,193059.76066479355,48512.399999999994,35456.97409596743,22.1,17.234909493906777,11.55,8.617454746953388,11.55,8.617454746953388,4.5,1.9056702094980709,0.0,0.0,0.0,0.0,1.0,0.0
155000.0,13.5,3.9742479889860565E-6,155000.0,56.00000000000001,50.73753743667254,45.0,38.02816901408452,155000.0,1449944.0,20.0,114.0,323838.4,193051.03854636883,50190.00000000001,35623.052110735975,23.0,17.555925675275272,12.0,8.777962837637636,12.0,8.777962837637636,4.7,1.8666040089734592,0.0,0.0,0.0,0.0,1.0,0.0
156000.0,13.5625,3.997924149088145E-6,156000.0,54.6,49.574661156161945,45.102781136638455,37.37931034482759,156000.0,1464312.0,20.0,114.0,329826.75,193026.79700712272,50904.799999999996,35816.92367053671,23.3,17.583185748112644,12.15,8.791592874056322,12.15,8.791592874056322,4.7,1.8666040089734592,0.0,0.0,0.0,0.0,1.0,0.0
157000.0,13.671875,4.039744510211876E-6,157000.0,56.2,50.46980184528259,46.973365617433416,37.695590327169285,157000.0,1477992.0,20.0,114.0,335818.7,193015.49036121153,51600.8,36347.15552412233,23.700000000000003,17.950516778955944,12.350000000000001,8.975258389477972,12.350000000000001,8.975258389477972,4.75,1.8027756377319948,0.0,0.0,0.0,0.0,1.0,0.0
158000.0,13.734375,4.064016070009932E-6,158000.0,55.60000000000001,49.64227870957206,45.38745387453875,35.930735930735935,158000.0,1501136.0,20.0,114.0,341821.69999999995,193028.67167725164,52760.00000000001,36637.83942147359,24.299999999999997,18.447935271717366,12.649999999999999,9.223967635858683,12.649999999999999,9.223967635858683,4.899999999999999,1.6511558949637928,0.0,0.0,0.0,0.0,1.0,0.0
159000.0,13.84375,4.107134850023105E-6,159000.0,55.50000000000001,50.17561695462175,46.12590799031477,38.95747599451303,159000.0,1523880.0,20.0,114.0,347807.39999999997,193058.881231226,53881.99999999999,36889.800901147675,24.8,18.29466416314072,12.900000000000002,9.14733208157036,12.900000000000002,9.14733208157036,4.949999999999999,1.6375527311718607,0.0,0.0,0.0,0.0,1.0,0.0
160000.0,13.96875,4.157373752807161E-6,160000.0,55.400000000000006,50.113363466651464,44.25,38.22714681440444,160000.0,1553576.0,20.0,114.0,353812.5,193040.6460353281,55382.4,36694.832388799725,25.599999999999998,18.15836765211768,13.299999999999999,9.07918382605884,13.299999999999999,9.07918382605884,4.999999999999999,1.6222142113076252,0.0,0.0,0.0,0.0,1.0,0.0
161000.0,14.046875,4.1892686406046956E-6,161000.0,55.60000000000001,50.62359947287357,45.25277435265106,38.84297520661158,161000.0,1578096.0,20.0,114.0,359827.2,193030.692704445,56592.399999999994,37043.553993416426,26.299999999999997,18.356412904945294,13.649999999999999,9.178206452472645,13.649999999999999,9.178206452472645,5.1,1.6511558949637928,0.0,0.0,0.0,0.0,1.0,0.0
162000.0,14.125,4.221395873982043E-6,162000.0,55.00000000000001,49.49829360345387,44.71744471744472,37.23849372384938,162000.0,1589592.0,20.0,114.0,365846.19999999995,193032.34199551554,57140.0,37102.29981806348,26.400000000000006,18.365872240596,13.700000000000003,9.182936120298,13.700000000000003,9.182936120298,5.1,1.6511558949637928,0.0,0.0,0.0,0.0,1.0,0.0
163000.0,14.25,4.273945232853291E-6,163000.0,55.7,51.04106803412759,46.432889963724314,38.896551724137936,163000.0,1625024.0,20.0,114.0,371862.0000000001,193021.23930119304,58892.0,36321.47685381344,27.4,17.765726909743346,14.2,8.882863454871673,14.2,8.882863454871673,5.3,1.4179302929937965,0.0,0.0,0.0,0.0,1.0,0.0
164000.0,14.34375,4.313804092817007E-6,164000.0,56.699999999999996,51.83221145770411,47.38760631834751,40.60356652949245,164000.0,1643448.0,20.0,114.0,377819.75,193052.1102641992,59817.99999999999,36374.55627799537,27.7,18.275954867414985,14.35,9.137977433707492,14.35,9.137977433707492,5.3,1.4179302929937965,0.0,0.0,0.0,0.0,1.0,0.0
164860.0,14.4375,4.353973005587854E-6,164860.0,59.4,54.48063072355615,49.565217391304344,42.97752808988764,164860.0,1656232.0,20.0,114.0,382953.6,193039.45021117208,60469.600000000006,37264.15955311484,28.199999999999996,18.334896265117823,14.599999999999998,9.167448132558912,14.599999999999998,9.167448132558912,5.4,1.353358395757909,0.0,0.0,0.0,0.0,1.0,0.0
