learning evaluation instances,evaluation time (cpu seconds),model cost (RAM-Hours),classified instances,classifications correct (percent),Kappa Statistic (percent),Kappa Temporal Statistic (percent),Kappa M Statistic (percent),model training instances,model serialized size (bytes),ensemble size,[avg] model training instances,[err] model training instances,[avg] model serialized size (bytes),[err] model serialized size (bytes),[avg] Change detected,[err] Change detected,[avg] Warning detected,[err] Warning detected,[avg] tree size (nodes),[err] tree size (nodes),[avg] tree size (leaves),[err] tree size (leaves),[avg] active learning leaves,[err] active learning leaves,[avg] tree depth,[err] tree depth,[avg] active leaf byte size estimate,[err] active leaf byte size estimate,[avg] inactive leaf byte size estimate,[err] inactive leaf byte size estimate,[avg] byte size estimate overhead,[err] byte size estimate overhead
1000.0,0.390625,1.2928810772589512E-7,1000.0,47.699999999999996,32.00400955324164,32.077922077922075,14.402618657937802,1000.0,1299104.0,40.0,962.5874999999997,154.4645052627818,172223.09999999995,168972.6749608732,0.32499999999999996,0.9167249398727055,31.275000000000002,7.001785486574122,1.0,0.0,1.0,0.0,1.0,0.0,0.0,0.0,0.0,0.0,0.0,0.0,1.0,0.0
2000.0,0.796875,2.6557138577724496E-7,2000.0,44.6,27.700686060457365,25.935828877005346,7.666666666666664,2000.0,1296736.0,40.0,1941.0875,221.78665731003636,172199.30000000008,168937.2901413833,0.09999999999999999,0.4414428557263045,21.850000000000005,7.556793513463777,1.0,0.0,1.0,0.0,1.0,0.0,0.0,0.0,0.0,0.0,0.0,0.0,1.0,0.0
3000.0,1.171875,3.931711156231662E-7,3000.0,38.9,25.108047881820255,22.066326530612244,0.0,3000.0,1315288.0,40.0,2886.4500000000003,410.29010730445196,172431.19999999998,169170.26503110313,0.12500000000000003,0.6479751498875517,13.8,8.400854657376176,1.0,0.0,1.0,0.0,1.0,0.0,0.0,0.0,0.0,0.0,0.0,0.0,1.0,0.0
4000.0,1.578125,5.302379981407689E-7,4000.0,45.5,26.73638136872571,30.484693877551024,10.509031198686372,4000.0,1304192.0,40.0,3852.2125000000005,556.6456885906709,172290.3,169033.50637904587,0.07500000000000001,0.47434164902525694,10.45,10.570762774796608,1.0,0.0,1.0,0.0,1.0,0.0,0.0,0.0,0.0,0.0,0.0,0.0,1.0,0.0
5000.0,1.984375,6.665515441757937E-7,5000.0,46.300000000000004,31.40106615773156,31.85279187817259,12.254901960784316,5000.0,1297024.0,40.0,4854.937500000001,557.439247839301,172202.89999999994,168940.83665416008,0.0,0.0,12.725,6.979778484472677,1.0,0.0,1.0,0.0,1.0,0.0,0.0,0.0,0.0,0.0,0.0,0.0,1.0,0.0
6000.0,2.34375,7.881979561514325E-7,6000.0,46.5,32.87159025320586,32.53467843631778,15.615141955835968,6000.0,1308440.0,40.0,5845.612500000003,560.3526803933847,172345.59999999995,169084.61334586004,0.0,0.0,12.25,7.1171515477644665,1.0,0.0,1.0,0.0,1.0,0.0,0.0,0.0,0.0,0.0,0.0,0.0,1.0,0.0
7000.0,2.703125,9.084282404122253E-7,7000.0,47.4,32.31139845165541,31.510416666666664,14.610389610389603,7000.0,1293208.0,40.0,6800.512499999999,839.1928912368903,172155.79999999996,168892.17908089663,0.049999999999999996,0.31622776601683794,10.250000000000002,5.709865506521508,1.0,0.0,1.0,0.0,1.0,0.0,0.0,0.0,0.0,0.0,0.0,0.0,1.0,0.0
8000.0,3.125,1.0510829937023422E-6,8000.0,46.5,31.752282471562392,31.84713375796178,13.430420711974115,8000.0,1307088.0,40.0,7795.912499999998,843.1115245800798,172329.2999999999,169066.831135164,0.0,0.0,13.524999999999999,10.205547762281313,1.0,0.0,1.0,0.0,1.0,0.0,0.0,0.0,0.0,0.0,0.0,0.0,1.0,0.0
9000.0,3.46875,1.1676154422780707E-6,9000.0,46.9,32.02121040651571,31.5721649484536,13.376835236541593,9000.0,1310408.0,40.0,8687.549999999994,1279.532647077326,172364.89999999997,169114.6904570828,0.049999999999999996,0.3162277660168379,8.925000000000002,5.984542053469388,1.0,0.0,1.0,0.0,1.0,0.0,0.0,0.0,0.0,0.0,0.0,0.0,1.0,0.0
10000.0,3.890625,1.3104430723211004E-6,10000.0,46.6,33.04427854583208,32.66078184110971,16.16954474097332,10000.0,1308672.0,40.0,9670.100000000002,1335.33250588227,172349.1,169086.86163361068,0.09999999999999999,0.6324555320336758,10.0,8.403296056630673,1.0,0.0,1.0,0.0,1.0,0.0,0.0,0.0,0.0,0.0,0.0,0.0,1.0,0.0
11000.0,4.28125,1.4428946047296955E-6,11000.0,47.5,32.65811873720504,35.02475247524752,14.634146341463412,11000.0,1310688.0,40.0,10563.7875,1661.0222084779484,172373.99999999994,169112.5066014121,0.024999999999999998,0.15811388300841894,9.125000000000002,6.3374649141799235,1.0,0.0,1.0,0.0,1.0,0.0,0.0,0.0,0.0,0.0,0.0,0.0,1.0,0.0
12000.0,4.65625,1.5691260664930774E-6,12000.0,50.0,36.67118412219928,33.244325767690256,16.666666666666664,12000.0,1301184.0,40.0,11562.287499999999,1651.9076903880832,172255.1999999999,168992.80738063937,0.0,0.0,6.275,6.8574776703974765,1.0,0.0,1.0,0.0,1.0,0.0,0.0,0.0,0.0,0.0,0.0,0.0,1.0,0.0
13000.0,5.046875,1.7025921907689836E-6,13000.0,46.1,29.49243711549505,28.419654714475435,7.547169811320761,13000.0,1320728.0,40.0,12520.1375,1874.2393410225682,172499.80000000002,169238.1263994612,0.024999999999999998,0.15811388300841894,8.375000000000004,6.351609931186636,1.0,0.0,1.0,0.0,1.0,0.0,0.0,0.0,0.0,0.0,0.0,0.0,1.0,0.0
14000.0,5.40625,1.8259425673426853E-6,14000.0,46.1,29.686878319164173,28.985507246376812,10.316139767054908,14000.0,1326768.0,40.0,13355.2625,2349.2763967761152,172575.3,169314.35972600742,0.049999999999999996,0.31622776601683794,7.524999999999997,10.590241032583021,1.0,0.0,1.0,0.0,1.0,0.0,0.0,0.0,0.0,0.0,0.0,0.0,1.0,0.0
15000.0,5.75,1.941729440457291E-6,15000.0,49.1,32.54883252497946,34.993614303959134,14.597315436241606,15000.0,1302024.0,40.0,14360.937500000002,2353.4874921679825,172265.99999999994,169003.35081810312,0.0,0.0,4.9,6.180199980168263,1.0,0.0,1.0,0.0,1.0,0.0,0.0,0.0,0.0,0.0,0.0,0.0,1.0,0.0
16000.0,6.125,2.0686873338288733E-6,16000.0,44.6,29.695431472081214,28.7001287001287,12.618296529968456,16000.0,1308672.0,40.0,15367.212499999998,2358.4640018331925,172349.1,169086.80776629935,0.0,0.0,9.35,10.027014792101665,1.0,0.0,1.0,0.0,1.0,0.0,0.0,0.0,0.0,0.0,0.0,0.0,1.0,0.0
17000.0,6.515625,2.2014590083724924E-6,17000.0,45.300000000000004,30.504383178757465,29.781771501925547,12.480000000000002,17000.0,1313856.0,40.0,16257.475,2889.8627884513735,172414.5000000001,169151.42551803932,0.09999999999999999,0.49613893835683376,8.675,8.456184203412985,1.0,0.0,1.0,0.0,1.0,0.0,0.0,0.0,0.0,0.0,0.0,0.0,1.0,0.0
18000.0,6.84375,2.313201807232367E-6,18000.0,46.800000000000004,32.242937090369075,33.24968632371393,15.151515151515154,18000.0,1316384.0,40.0,17220.075000000004,3067.8744910830324,172443.29999999996,169186.17742476793,0.024999999999999998,0.15811388300841894,9.475000000000001,8.539463443181658,1.0,0.0,1.0,0.0,1.0,0.0,0.0,0.0,0.0,0.0,0.0,0.0,1.0,0.0
19000.0,7.25,2.4498752059621945E-6,19000.0,44.800000000000004,28.739436783360144,26.203208556149733,7.070707070707067,19000.0,1300448.0,40.0,18214.699999999993,3066.880113467064,172246.29999999996,168983.55496382675,0.0,0.0,7.3999999999999995,8.002563691781878,1.0,0.0,1.0,0.0,1.0,0.0,0.0,0.0,0.0,0.0,0.0,0.0,1.0,0.0
20000.0,7.578125,2.559865275139196E-6,20000.0,45.5,30.888081808221408,30.038510911424904,11.237785016286646,20000.0,1295736.0,40.0,19218.75,3068.53875049528,172187.4,168924.17823552326,0.0,0.0,7.875000000000002,6.8880703263332625,1.0,0.0,1.0,0.0,1.0,0.0,0.0,0.0,0.0,0.0,0.0,0.0,1.0,0.0
21000.0,7.921875,2.675704793849339E-6,21000.0,45.0,30.78191268452913,30.90452261306533,13.793103448275865,21000.0,1302616.0,40.0,20218.075000000008,3069.7093243621543,172273.39999999997,169010.838428393,0.0,0.0,6.45,7.510505462862823,1.0,0.0,1.0,0.0,1.0,0.0,0.0,0.0,0.0,0.0,0.0,0.0,1.0,0.0
22000.0,8.28125,2.796434144127286E-6,22000.0,46.0,31.679297561963082,31.297709923664126,11.908646003262644,22000.0,1298576.0,40.0,21212.89999999999,3067.231067306988,172222.90000000005,168959.934660247,0.0,0.0,4.8999999999999995,5.610429847785557,1.0,0.0,1.0,0.0,1.0,0.0,0.0,0.0,0.0,0.0,0.0,0.0,1.0,0.0
23000.0,8.65625,2.922092066405134E-6,23000.0,47.099999999999994,32.954124905578105,33.70927318295739,15.62998405103668,23000.0,1295272.0,40.0,22219.324999999997,3063.7477454040427,172181.6,168918.20308872595,0.0,0.0,5.675,7.065218163107753,1.0,0.0,1.0,0.0,1.0,0.0,0.0,0.0,0.0,0.0,0.0,0.0,1.0,0.0
24000.0,9.0,3.0381585303176608E-6,24000.0,45.6,31.841531560879048,30.434782608695656,14.465408805031451,24000.0,1305168.0,40.0,23216.1,3057.5742292033738,172305.29999999993,169042.7934061129,0.0,0.0,5.675,5.322364521767004,1.0,0.0,1.0,0.0,1.0,0.0,0.0,0.0,0.0,0.0,0.0,0.0,1.0,0.0
25000.0,9.4375,3.1870755871447423E-6,25000.0,45.4,29.78611771241628,30.445859872611464,10.197368421052632,25000.0,1315736.0,40.0,24204.450000000004,3057.0187094411795,172437.39999999994,169175.76256974036,0.0,0.0,7.874999999999998,9.679975365512203,1.0,0.0,1.0,0.0,1.0,0.0,0.0,0.0,0.0,0.0,0.0,0.0,1.0,0.0
26000.0,9.734375,3.2865437161591316E-6,26000.0,48.9,33.74632752392782,34.904458598726116,15.39735099337748,26000.0,1295128.0,40.0,25215.45,3052.9150663802693,172179.8,168916.4777421677,0.0,0.0,4.000000000000001,5.978594294948416,1.0,0.0,1.0,0.0,1.0,0.0,0.0,0.0,0.0,0.0,0.0,0.0,1.0,0.0
27000.0,10.109375,3.41280001319117E-6,27000.0,46.1,31.092585229778745,30.897435897435898,11.348684210526317,27000.0,1301440.0,40.0,26211.874999999996,3052.7624152436183,172258.70000000004,168996.04555544254,0.0,0.0,4.949999999999999,4.771442828607157,1.0,0.0,1.0,0.0,1.0,0.0,0.0,0.0,0.0,0.0,0.0,0.0,1.0,0.0
28000.0,10.484375,3.542530143426524E-6,28000.0,40.2,23.66801970845779,24.590163934426233,7.286821705426363,28000.0,1337248.0,40.0,27077.212499999994,3862.3019524622455,172704.1,169447.94726103122,0.09999999999999999,0.6324555320336758,6.150000000000001,5.613856483326289,1.0,0.0,1.0,0.0,1.0,0.0,0.0,0.0,0.0,0.0,0.0,0.0,1.0,0.0
29000.0,10.78125,3.6445382607376406E-6,29000.0,45.2,29.9510424256369,30.01277139208174,14.641744548286608,29000.0,1328200.0,40.0,25273.324999999997,9037.473370971149,172592.00000000006,169333.6609739347,0.47499999999999987,1.1764243957749088,3.925,8.965425040333903,1.0,0.0,1.0,0.0,1.0,0.0,0.0,0.0,0.0,0.0,0.0,0.0,1.0,0.0
30000.0,11.203125,3.7879578626921604E-6,30000.0,46.5,31.96569545047612,34.51652386780906,18.93939393939394,30000.0,1314096.0,40.0,22680.274999999994,12423.886992377513,172417.49999999997,169154.69388264592,0.6499999999999999,0.9753368911725071,12.449999999999998,14.778622814988285,1.0,0.0,1.0,0.0,1.0,0.0,0.0,0.0,0.0,0.0,0.0,0.0,1.0,0.0
31000.0,11.671875,3.945593909722649E-6,31000.0,46.1,32.188804484848795,33.209417596034704,18.702865761689292,31000.0,1299920.0,40.0,18262.487500000003,14610.730352822193,172239.50000000012,168977.02292623295,0.9249999999999999,1.2065526224617105,19.6,11.694399273112507,1.0,0.0,1.0,0.0,1.0,0.0,0.0,0.0,0.0,0.0,0.0,0.0,1.0,0.0
32000.0,12.171875,4.1138890729699695E-6,32000.0,45.800000000000004,34.95825688128442,32.33458177278402,22.7920227920228,32000.0,1301080.0,40.0,18321.774999999998,14952.839362031174,172268.59999999998,168976.81177280293,0.6750000000000002,1.0714835150747413,21.674999999999997,14.70284727352896,1.0,0.0,1.0,0.0,1.0,0.0,0.0,0.0,0.0,0.0,0.0,0.0,1.0,0.0
33000.0,12.53125,4.234984355409526E-6,33000.0,46.300000000000004,34.89709619226815,35.14492753623188,23.93767705382437,33000.0,1302512.0,40.0,18786.612499999996,15141.381195876058,172282.9,168998.49567329875,0.25000000000000006,0.7071067811865476,16.474999999999998,11.024419282339569,1.0,0.0,1.0,0.0,1.0,0.0,0.0,0.0,0.0,0.0,0.0,0.0,1.0,0.0
34000.0,12.96875,4.3831815774966444E-6,34000.0,45.7,33.25720803715963,31.439393939393938,18.955223880597018,34000.0,1309376.0,40.0,19731.837499999994,15195.639035836457,172371.69999999992,169081.76307235408,0.075,0.34990841292529307,15.850000000000001,11.221659459529192,1.0,0.0,1.0,0.0,1.0,0.0,0.0,0.0,0.0,0.0,0.0,0.0,1.0,0.0
35000.0,13.375,4.519628807126234E-6,35000.0,50.2,37.55070869913612,38.21339950372209,23.384615384615387,35000.0,1298296.0,40.0,20732.312500000004,15196.84062318297,172233.19999999995,168942.34138206948,0.0,0.0,12.299999999999997,8.63564467624502,1.0,0.0,1.0,0.0,1.0,0.0,0.0,0.0,0.0,0.0,0.0,0.0,1.0,0.0
36000.0,13.75,4.6480442203270895E-6,36000.0,47.3,34.67519814363523,35.257985257985254,20.870870870870867,36000.0,1323696.0,40.0,21579.187500000004,15389.490360199625,172550.1,169262.66108345683,0.175,0.5943106327545623,11.475,7.860930655414204,1.0,0.0,1.0,0.0,1.0,0.0,0.0,0.0,0.0,0.0,0.0,0.0,1.0,0.0
37000.0,14.171875,4.791245543553183E-6,37000.0,47.3,36.16678516792254,36.65865384615384,23.06569343065693,37000.0,1312096.0,40.0,22514.95000000001,15469.316172934983,172404.80000000005,169117.15210516652,0.049999999999999996,0.31622776601683794,9.675,10.356188537567332,1.0,0.0,1.0,0.0,1.0,0.0,0.0,0.0,0.0,0.0,0.0,0.0,1.0,0.0
38000.0,14.5625,4.924697115913862E-6,38000.0,45.300000000000004,31.28900322577404,33.211233211233214,16.360856269113157,38000.0,1320584.0,40.0,23231.900000000005,15837.157669644022,172510.9,169223.73009758937,0.25000000000000006,0.5883484054145521,9.975000000000003,10.513696805254588,1.0,0.0,1.0,0.0,1.0,0.0,0.0,0.0,0.0,0.0,0.0,0.0,1.0,0.0
39000.0,14.953125,5.058556950340668E-6,39000.0,45.4,31.83350395765187,32.25806451612903,17.272727272727273,39000.0,1324624.0,40.0,23791.037499999995,16339.834274327879,172553.00000000006,169283.27946561328,0.19999999999999998,0.563869415688347,9.45,9.548660800181514,1.0,0.0,1.0,0.0,1.0,0.0,0.0,0.0,0.0,0.0,0.0,0.0,1.0,0.0
40000.0,15.34375,5.191494355029944E-6,40000.0,47.5,32.10791350160225,34.62017434620174,16.53418124006359,40000.0,1315496.0,40.0,23665.700000000004,16800.838107786487,172444.5,169162.65743158697,0.5000000000000001,1.1094003924504583,12.525000000000002,15.638524915683755,1.0,0.0,1.0,0.0,1.0,0.0,0.0,0.0,0.0,0.0,0.0,0.0,1.0,0.0
41000.0,15.765625,5.336215771320793E-6,41000.0,44.800000000000004,30.031371803403367,31.5136476426799,16.992481203007518,41000.0,1326024.0,40.0,24143.6125,17379.671948873915,172574.00000000003,169297.07484175466,0.25000000000000006,0.6304251719561152,10.075000000000005,12.371156486784605,1.0,0.0,1.0,0.0,1.0,0.0,0.0,0.0,0.0,0.0,0.0,0.0,1.0,0.0
42000.0,16.1875,5.482536734133544E-6,42000.0,47.0,34.26413662144949,33.249370277078086,19.452887537993917,42000.0,1341728.0,40.0,24909.1,17654.29842132978,173515.49999999994,169767.4912714669,0.15000000000000002,0.6998168258505862,9.775,10.899276616786581,1.25,0.9268086959962984,1.1250000000000004,0.46340434799814917,1.1250000000000004,0.46340434799814917,0.12500000000000003,0.4634043479981492,0.0,0.0,0.0,0.0,1.0,0.0
43000.0,16.609375,5.630828317306521E-6,43000.0,53.1,45.18120591996223,42.80487804878049,31.332357247437777,43000.0,1358736.0,40.0,25904.725,17656.26194004749,173980.7000000001,169735.83526549704,0.0,0.0,8.350000000000001,9.838568793144454,1.6,1.3737465148925718,1.2999999999999998,0.6868732574462859,1.2999999999999998,0.6868732574462859,0.30000000000000004,0.6868732574462859,0.0,0.0,0.0,0.0,1.0,0.0
44000.0,16.984375,5.765412190359913E-6,44000.0,54.400000000000006,47.271898928555736,43.91143911439116,31.013615733736767,44000.0,1387280.0,40.0,26886.412500000002,17686.21328813094,174661.60000000003,169782.41509587303,0.025000000000000005,0.15811388300841897,7.824999999999999,7.0815306906824125,1.8000000000000003,1.6203829873338667,1.4000000000000001,0.8101914936669333,1.4000000000000001,0.8101914936669333,0.37499999999999994,0.7403221751892368,0.0,0.0,0.0,0.0,1.0,0.0
45000.0,17.375,5.906800215598195E-6,45000.0,55.00000000000001,47.654271585924356,43.9601494396015,30.4482225656878,45000.0,1399120.0,40.0,27868.912500000002,17714.266587671143,174913.2000000001,169835.07443193605,0.05000000000000001,0.31622776601683794,6.675000000000002,6.79512457197938,1.8999999999999997,1.7511900715418263,1.4499999999999997,0.8755950357709131,1.4499999999999997,0.8755950357709131,0.42499999999999993,0.812955986445414,0.0,0.0,0.0,0.0,1.0,0.0
46000.0,17.75,6.045470266447712E-6,46000.0,53.6,47.799301815661785,42.786683107274975,33.997155049786635,46000.0,1429400.0,40.0,28426.16249999999,18212.134960899533,175686.00000000006,169830.72257375592,0.15000000000000002,0.5795665931516721,5.375000000000001,8.804682611964834,2.300000000000001,1.8973665961010275,1.6500000000000004,0.9486832980505138,1.6500000000000004,0.9486832980505138,0.6249999999999998,0.8969320930188525,0.0,0.0,0.0,0.0,1.0,0.0
47000.0,18.0625,6.162944967703272E-6,47000.0,55.900000000000006,48.51613219562936,44.52830188679246,32.77439024390245,47000.0,1453104.0,40.0,29324.374999999993,18341.07966493021,176310.99999999994,169805.28849303405,0.025000000000000012,0.15811388300841894,5.599999999999998,8.640394103072513,2.6,2.035580935160708,1.8000000000000003,1.017790467580354,1.8000000000000003,1.017790467580354,0.7500000000000001,0.9268086959962983,0.0,0.0,0.0,0.0,1.0,0.0
48000.0,18.40625,6.291939482455038E-6,48000.0,55.900000000000006,48.68453205180419,44.94382022471911,31.093750000000007,48000.0,1450544.0,40.0,30124.387500000008,18547.595481330787,176318.99999999997,169736.80762308437,0.025,0.15811388300841897,5.1499999999999995,6.486870368635955,2.600000000000001,2.085357990542139,1.7999999999999998,1.0426789952710693,1.7999999999999998,1.0426789952710693,0.75,0.9540735874430285,0.0,0.0,0.0,0.0,1.0,0.0
49000.0,18.765625,6.428584650469322E-6,49000.0,58.199999999999996,51.10493489236067,47.288776796973515,33.965244865718795,49000.0,1469768.0,40.0,31104.012500000008,18551.199023307723,176710.59999999992,169824.53234490915,0.0,0.0,5.0,6.512315748660871,2.75,2.0847431127488694,1.875,1.0423715563744347,1.875,1.0423715563744347,0.8250000000000001,0.9577618139744831,0.0,0.0,0.0,0.0,1.0,0.0
50000.0,19.125,6.567092948696678E-6,50000.0,53.800000000000004,47.26701608926713,42.67990074441688,32.75109170305677,50000.0,1489808.0,40.0,31907.187499999993,18817.38752573036,177120.99999999997,169912.47157927285,0.09999999999999999,0.44144285572630454,5.299999999999998,6.520972084212363,2.9000000000000004,2.02294530136326,1.9500000000000002,1.01147265068163,1.9500000000000002,1.01147265068163,0.9000000000000002,0.9281909617845142,0.0,0.0,0.0,0.0,1.0,0.0
51000.0,19.484375,6.706482607923033E-6,51000.0,51.7,43.96043119141516,40.0,25.80645161290323,51000.0,1499288.0,40.0,32355.41249999999,19534.869073371487,177346.19999999998,169928.15384367295,0.275,0.876692502300404,8.925000000000002,12.63569932516192,3.0000000000000004,2.1243400181751775,1.9999999999999996,1.0621700090875887,1.9999999999999996,1.0621700090875887,0.9250000000000002,0.9442810316143531,0.0,0.0,0.0,0.0,1.0,0.0
52000.0,19.796875,6.828474223665478E-6,52000.0,55.900000000000006,49.09296594077007,44.38839848675915,33.18181818181819,52000.0,1508976.0,40.0,32896.9,20158.285687609725,177622.69999999995,169893.1148076581,0.22499999999999998,0.6597396533909496,7.000000000000001,10.775089981181786,3.1499999999999995,2.094559497168673,2.0749999999999997,1.0472797485843368,2.0749999999999997,1.0472797485843368,1.0000000000000002,0.9336995618478526,0.0,0.0,0.0,0.0,1.0,0.0
53000.0,20.203125,6.987097796000953E-6,53000.0,53.5,46.87450730389839,43.63636363636365,31.91800878477306,53000.0,1509304.0,40.0,33566.3375,20557.14630490107,177666.4,169858.5592435473,0.075,0.3499084129252931,7.525,12.072404429853597,3.1499999999999995,2.094559497168673,2.0749999999999997,1.0472797485843368,2.0749999999999997,1.0472797485843368,1.0000000000000002,0.9336995618478526,0.0,0.0,0.0,0.0,1.0,0.0
54000.0,20.59375,7.137572683859616E-6,54000.0,54.1,47.33859106063979,43.05210918114144,30.45454545454546,54000.0,1489040.0,40.0,33905.07499999999,21399.447374134557,177314.7,169705.9267915002,0.27499999999999997,0.8469401940560456,9.700000000000003,11.129079488278004,3.0500000000000003,2.0994504775517586,2.025,1.0497252387758793,2.025,1.0497252387758793,0.9500000000000002,0.9323254631461962,0.0,0.0,0.0,0.0,1.0,0.0
55000.0,21.0,7.2940808604471375E-6,55000.0,57.099999999999994,50.92094726003889,45.90163934426229,36.350148367952514,55000.0,1489176.0,40.0,34886.79999999997,21399.392890595653,177360.20000000004,169664.62195654018,0.0,0.0,5.9,7.030337191461091,3.1,2.1219246222625587,2.0499999999999994,1.0609623111312791,2.0499999999999994,1.0609623111312791,0.9750000000000002,0.946992540517016,0.0,0.0,0.0,0.0,1.0,0.0
56000.0,21.359375,7.434339236675036E-6,56000.0,54.0,47.20035628281325,43.279901356350194,32.45227606461087,56000.0,1508632.0,40.0,35833.6125,21455.269848943426,177688.89999999997,169820.532888612,0.07500000000000001,0.47434164902525694,6.2250000000000005,7.74758026741253,3.1999999999999993,2.1626194942529944,2.1000000000000005,1.0813097471264972,2.1000000000000005,1.0813097471264972,1.0000000000000002,0.9336995618478525,0.0,0.0,0.0,0.0,1.0,0.0
57000.0,21.75,7.587818286588621E-6,57000.0,55.7,48.971481623973965,44.48621553884712,33.97913561847988,57000.0,1518768.0,40.0,36600.03749999999,21801.74343594285,178019.9,169744.783020938,0.20000000000000004,0.6484695987575828,6.95,9.747978094101203,3.3999999999999995,2.181507359367453,2.1999999999999997,1.0907536796837265,2.1999999999999997,1.0907536796837265,1.075,0.9167249398727055,0.0,0.0,0.0,0.0,1.0,0.0
58000.0,22.125,7.735599000524315E-6,58000.0,56.3,49.106510639883716,45.98269468479604,31.82527301092043,58000.0,1523312.0,40.0,37591.93750000001,21807.95996201628,178221.59999999995,169662.99381544653,0.07500000000000001,0.474341649025257,7.1499999999999995,12.321650738560843,3.5499999999999994,2.3528487915498175,2.275000000000001,1.1764243957749088,2.275000000000001,1.1764243957749088,1.15,1.0012812305062462,0.0,0.0,0.0,0.0,1.0,0.0
59000.0,22.484375,7.877697450264045E-6,59000.0,51.800000000000004,43.80509461613167,40.049751243781095,26.969696969696972,59000.0,1528424.0,40.0,38583.6875,21805.23093587707,178314.40000000002,169703.37094058405,0.0,0.0,7.124999999999998,7.1689769681057545,3.5499999999999994,2.3528487915498175,2.275000000000001,1.1764243957749088,2.275000000000001,1.1764243957749088,1.15,1.0012812305062462,0.0,0.0,0.0,0.0,1.0,0.0
60000.0,22.859375,8.02752241725102E-6,60000.0,50.1,42.968430340337896,36.91529709228825,26.183431952662723,60000.0,1544384.0,40.0,39588.88750000001,21804.631787586943,178513.9,169907.08030333836,0.0,0.0,6.775,7.836428739203553,3.5499999999999994,2.3528487915498175,2.275000000000001,1.1764243957749088,2.275000000000001,1.1764243957749088,1.15,1.0012812305062462,0.0,0.0,0.0,0.0,1.0,0.0
61000.0,23.21875,8.171931743466603E-6,61000.0,51.6,44.71477851643708,39.34837092731829,28.296296296296298,61000.0,1553280.0,40.0,40534.98749999999,21883.931421666355,178631.40000000002,170010.3269692533,0.049999999999999996,0.31622776601683794,5.124999999999999,7.324659789071505,3.5499999999999994,2.3528487915498175,2.275000000000001,1.1764243957749088,2.275000000000001,1.1764243957749088,1.15,1.0012812305062462,0.0,0.0,0.0,0.0,1.0,0.0
62000.0,23.640625,8.335603245844442E-6,62000.0,51.300000000000004,42.98071530517026,38.11944091486659,27.3134328358209,62000.0,1499656.0,40.0,39502.987499999974,24185.038403307568,177424.9,169881.06477564332,0.425,0.9841695705465312,8.7,9.411395166199268,3.05,2.374544490731125,2.025,1.1872722453655624,2.025,1.1872722453655624,0.9250000000000002,1.0225032129596565,0.0,0.0,0.0,0.0,1.0,0.0
63000.0,24.03125,8.48625356512558E-6,63000.0,50.4,42.083003463342976,36.410256410256416,28.633093525179852,63000.0,1490776.0,40.0,39633.149999999994,25011.22049724934,177097.90000000002,169984.37015383932,0.22499999999999998,0.83166499665831,11.350000000000005,12.718954157940614,2.849999999999999,2.4131052449234205,1.9249999999999996,1.2065526224617102,1.9249999999999996,1.2065526224617102,0.8249999999999998,1.0098870208452997,0.0,0.0,0.0,0.0,1.0,0.0
64000.0,24.46875,8.654760992309699E-6,64000.0,50.2,42.79990995005903,38.36633663366336,28.448275862068968,64000.0,1488824.0,40.0,40139.6875,25698.21370711495,177079.40000000005,169956.69307399483,0.325,0.7970297423913427,9.649999999999999,10.016780792045788,2.849999999999999,2.4131052449234205,1.9249999999999996,1.2065526224617102,1.9249999999999996,1.2065526224617102,0.8249999999999998,1.0098870208452997,0.0,0.0,0.0,0.0,1.0,0.0
65000.0,24.84375,8.799171870729574E-6,65000.0,51.7,43.9621216428032,41.80722891566265,30.303030303030305,65000.0,1488576.0,40.0,41066.45,25816.03525477817,177080.0,169950.85491631046,0.07500000000000001,0.3499084129252931,9.750000000000002,11.233534959767013,2.849999999999999,2.4131052449234205,1.9249999999999996,1.2065526224617102,1.9249999999999996,1.2065526224617102,0.8249999999999998,1.0098870208452997,0.0,0.0,0.0,0.0,1.0,0.0
66000.0,25.234375,8.948342745295829E-6,66000.0,53.2,45.448568957438226,40.83438685208598,31.4787701317716,66000.0,1476136.0,40.0,41634.76249999998,26215.83208878629,176826.1,169892.86313018613,0.07500000000000001,0.3499084129252931,7.799999999999999,9.070097390142328,2.75,2.4045896286167587,1.875,1.2022948143083791,1.875,1.2022948143083791,0.775,0.9996794357987836,0.0,0.0,0.0,0.0,1.0,0.0
67000.0,25.640625,9.102288232598867E-6,67000.0,54.50000000000001,46.539143921324424,44.1717791411043,33.08823529411766,67000.0,1464792.0,40.0,42633.5375,26214.509803765937,176684.30000000005,169750.53975689432,0.0,0.0,7.125000000000001,7.710091622056953,2.75,2.4045896286167587,1.875,1.2022948143083791,1.875,1.2022948143083791,0.775,0.9996794357987836,0.0,0.0,0.0,0.0,1.0,0.0
68000.0,26.03125,9.251281250423441E-6,68000.0,51.2,43.39213359456472,38.149556400506974,28.34067547723935,68000.0,1474376.0,40.0,43568.950000000004,26300.010888913373,176803.79999999996,169868.6891608495,0.075,0.47434164902525683,7.450000000000001,9.734817238483044,2.75,2.4045896286167587,1.875,1.2022948143083791,1.875,1.2022948143083791,0.775,0.9996794357987836,0.0,0.0,0.0,0.0,1.0,0.0
69000.0,26.40625,9.395594339972983E-6,69000.0,54.800000000000004,47.30817026455495,43.28732747804267,32.838038632986624,69000.0,1487568.0,40.0,44571.400000000016,26295.803574147085,176968.7,170030.28213243498,0.0,0.0,4.45,4.1875884988734775,2.75,2.4045896286167587,1.875,1.2022948143083791,1.875,1.2022948143083791,0.775,0.9996794357987836,0.0,0.0,0.0,0.0,1.0,0.0
70000.0,26.71875,9.514229960687873E-6,70000.0,55.900000000000006,49.3832445914103,45.08094645080947,36.728837876614065,70000.0,1467464.0,40.0,45559.27500000001,26293.49414116097,176717.40000000008,169781.96191359783,0.0,0.0,3.1749999999999994,4.950459704113475,2.75,2.4045896286167587,1.875,1.2022948143083791,1.875,1.2022948143083791,0.775,0.9996794357987836,0.0,0.0,0.0,0.0,1.0,0.0
71000.0,27.125,9.668722794029033E-6,71000.0,55.7,48.94584110286203,46.882494004796165,35.61046511627908,71000.0,1470000.0,40.0,46569.325,26294.306156418508,176749.09999999995,169811.44165411266,0.0,0.0,5.299999999999999,8.099382692526635,2.75,2.4045896286167587,1.875,1.2022948143083791,1.875,1.2022948143083791,0.775,0.9996794357987836,0.0,0.0,0.0,0.0,1.0,0.0
72000.0,27.484375,9.80502657411206E-6,72000.0,53.0,44.91436527870402,42.47246022031824,28.67981790591806,72000.0,1466096.0,40.0,47464.150000000016,26461.275717259174,176707.80000000008,169759.8607855643,0.09999999999999999,0.6324555320336759,6.075,7.525639933604078,2.75,2.4045896286167587,1.875,1.2022948143083791,1.875,1.2022948143083791,0.775,0.9996794357987836,0.0,0.0,0.0,0.0,1.0,0.0
73000.0,27.859375,9.948356342243236E-6,73000.0,51.5,44.542463892570176,40.417690417690416,29.60812772133527,73000.0,1477432.0,40.0,48465.92499999999,26463.545959561005,176851.59999999995,169900.8484708923,0.0,0.0,5.975,6.289949247685671,2.75,2.4045896286167587,1.875,1.2022948143083791,1.875,1.2022948143083791,0.775,0.9996794357987836,0.0,0.0,0.0,0.0,1.0,0.0
74000.0,28.265625,1.010530256381672E-5,74000.0,52.900000000000006,45.44285689464448,41.49068322981367,30.0148588410104,74000.0,1493344.0,40.0,49371.15,26614.753176301354,177053.50000000006,170094.66347160627,0.025000000000000005,0.15811388300841894,5.399999999999999,6.412327870434318,2.75,2.4045896286167587,1.875,1.2022948143083791,1.875,1.2022948143083791,0.775,0.9996794357987836,0.0,0.0,0.0,0.0,1.0,0.0
75000.0,28.65625,1.0255549471670138E-5,75000.0,50.9,44.331255109109605,38.70162297128589,29.555236728837876,75000.0,1486784.0,40.0,49783.349999999984,27559.870942313242,176971.49999999997,170015.66649167248,0.19999999999999996,0.563869415688347,5.425000000000001,8.167752413435382,2.75,2.4045896286167587,1.875,1.2022948143083791,1.875,1.2022948143083791,0.775,0.9996794357987836,0.0,0.0,0.0,0.0,1.0,0.0
76000.0,29.0625,1.0412367895090329E-5,76000.0,52.1,45.57764388691512,41.299019607843135,30.780346820809257,76000.0,1492128.0,40.0,50765.6,27628.08301398865,177061.09999999998,170062.62273180502,0.09999999999999999,0.4414428557263045,5.8500000000000005,9.244679689643258,2.75,2.4045896286167587,1.875,1.2022948143083791,1.875,1.2022948143083791,0.775,0.9996794357987836,0.0,0.0,0.0,0.0,1.0,0.0
77000.0,29.46875,1.0570121262895147E-5,77000.0,52.5,46.149581723961624,41.06699751861042,32.814710042432814,77000.0,1501024.0,40.0,51455.312500000015,28114.172915972627,177245.4,170095.90351012742,0.10000000000000005,0.49613893835683376,5.35,8.639652177234321,2.85,2.3702212381861565,1.9249999999999996,1.1851106190930782,1.9249999999999996,1.1851106190930782,0.8250000000000001,0.9841695705465312,0.0,0.0,0.0,0.0,1.0,0.0
78000.0,29.84375,1.071717399301835E-5,78000.0,53.800000000000004,46.84535218981042,41.37055837563452,31.85840707964602,78000.0,1515808.0,40.0,52406.25000000001,28211.46061555997,177710.8,170002.92518037316,0.05000000000000001,0.22072142786315227,5.95,8.808358501286122,3.149999999999999,2.496664441476534,2.075,1.248332220738267,2.075,1.248332220738267,0.9250000000000002,0.997111212067525,0.0,0.0,0.0,0.0,1.0,0.0
79000.0,30.203125,1.0858538347141193E-5,79000.0,51.9,46.049923449215704,41.34146341463414,31.773049645390074,79000.0,1520528.0,40.0,53226.350000000006,28507.864588920955,177814.49999999997,170020.16563806465,0.050000000000000024,0.3162277660168379,5.55,7.7491107843879705,3.149999999999999,2.496664441476534,2.075,1.248332220738267,2.075,1.248332220738267,0.9250000000000002,0.997111212067525,0.0,0.0,0.0,0.0,1.0,0.0
80000.0,30.578125,1.1005768028553572E-5,80000.0,55.900000000000006,49.40560186683005,46.610169491525426,34.95575221238939,80000.0,1517632.0,40.0,53974.32500000001,28928.10706604709,177813.1,169952.17353629638,0.09999999999999999,0.4414428557263045,5.374999999999999,7.973312859076706,3.1999999999999997,2.6331223544175333,2.0999999999999996,1.3165611772087669,2.0999999999999996,1.3165611772087669,0.95,1.0609623111312794,0.0,0.0,0.0,0.0,1.0,0.0
81000.0,30.921875,1.1140230570971548E-5,81000.0,54.6,48.25043143638109,43.81188118811881,35.419630156472266,81000.0,1512032.0,40.0,54981.52499999999,28924.037047294958,177762.30000000002,169866.9243012142,0.0,0.0,5.65,8.272754168864294,3.1999999999999997,2.6331223544175333,2.0999999999999996,1.3165611772087669,2.0999999999999996,1.3165611772087669,0.95,1.0609623111312794,0.0,0.0,0.0,0.0,1.0,0.0
82000.0,31.3125,1.1293627968471907E-5,82000.0,52.5,46.35471841309352,41.78921568627451,32.14285714285715,82000.0,1517960.0,40.0,55915.71249999998,29035.709137958824,177835.39999999994,169943.12214739688,0.07500000000000001,0.474341649025257,7.725,9.21533699315635,3.1999999999999997,2.6331223544175333,2.0999999999999996,1.3165611772087669,2.0999999999999996,1.3165611772087669,0.95,1.0609623111312794,0.0,0.0,0.0,0.0,1.0,0.0
83000.0,31.703125,1.144640205893665E-5,83000.0,54.300000000000004,47.83760030133203,42.29797979797981,31.89269746646796,83000.0,1511792.0,40.0,56912.4125,29036.110013678215,177764.99999999997,169861.3371447652,0.0,0.0,4.7749999999999995,7.021897982885489,3.1999999999999997,2.6331223544175333,2.0999999999999996,1.3165611772087669,2.0999999999999996,1.3165611772087669,0.95,1.0609623111312794,0.0,0.0,0.0,0.0,1.0,0.0
84000.0,32.0625,1.1586737786678385E-5,84000.0,55.60000000000001,48.07242259691686,45.45454545454546,32.5227963525836,84000.0,1509464.0,40.0,57916.4375,29037.068838037096,177735.90000000005,169830.1999640758,0.0,0.0,3.0,5.002563445438851,3.1999999999999997,2.6331223544175333,2.0999999999999996,1.3165611772087669,2.0999999999999996,1.3165611772087669,0.95,1.0609623111312794,0.0,0.0,0.0,0.0,1.0,0.0
85000.0,32.40625,1.1721212423354795E-5,85000.0,58.699999999999996,52.08116267575075,49.012345679012334,37.8012048192771,85000.0,1512168.0,40.0,58913.46249999999,29038.067835059424,177775.70000000004,169859.28396491442,0.0,0.0,2.55,5.0836590900246,3.1999999999999997,2.6331223544175333,2.0999999999999996,1.3165611772087669,2.0999999999999996,1.3165611772087669,0.95,1.0609623111312794,0.0,0.0,0.0,0.0,1.0,0.0
86000.0,32.75,1.185588554815492E-5,86000.0,53.7,47.027353564384086,43.605359317905,32.99565846599132,86000.0,1514400.0,40.0,59922.4625,29038.879762254553,177805.1,169885.83780281554,0.0,0.0,4.624999999999999,8.129362734036318,3.1999999999999997,2.6331223544175333,2.0999999999999996,1.3165611772087669,2.0999999999999996,1.3165611772087669,0.95,1.0609623111312794,0.0,0.0,0.0,0.0,1.0,0.0
87000.0,33.140625,1.2011181970592582E-5,87000.0,51.7,44.42705792472456,40.0,29.79651162790698,87000.0,1536752.0,40.0,60927.5375,29042.48971697505,178194.79999999996,170054.8525610323,0.0,0.0,7.199999999999999,7.602968381173778,3.2999999999999994,2.662175705542271,2.1499999999999995,1.3310878527711354,2.1499999999999995,1.3310878527711354,1.0000000000000002,1.086041978694737,0.0,0.0,0.0,0.0,1.0,0.0
88000.0,33.515625,1.2161216485158844E-5,88000.0,51.800000000000004,44.23658496516522,41.2911084043849,28.908554572271388,88000.0,1546544.0,40.0,61838.450000000004,29214.597331436464,178362.69999999995,170133.961212282,0.024999999999999998,0.15811388300841897,5.749999999999999,6.5818320261544825,3.349999999999999,2.750757471437034,2.1749999999999994,1.375378735718517,2.1749999999999994,1.375378735718517,1.025,1.1432634351063984,0.0,0.0,0.0,0.0,1.0,0.0
89000.0,33.921875,1.2323494075745752E-5,89000.0,50.3,44.07429454279892,39.16768665850673,29.802259887005654,89000.0,1544072.0,40.0,61109.77499999999,31840.17373488595,178236.60000000003,170211.19973277577,0.32499999999999996,0.6558416006386033,8.1,12.553066843583968,3.2499999999999996,2.798809270624444,2.1249999999999996,1.399404635312222,2.1249999999999996,1.399404635312222,0.9750000000000003,1.165475582469806,0.0,0.0,0.0,0.0,1.0,0.0
90000.0,34.265625,1.2459769334074932E-5,90000.0,45.6,37.6915640791867,30.612244897959183,15.396578538102649,90000.0,1532416.0,40.0,60558.525000000016,33844.43744582976,178072.20000000004,170096.91449038504,0.17500000000000004,0.549475274168981,6.175,8.81981306854644,3.2000000000000006,2.8211654256662015,2.099999999999999,1.4105827128331005,2.099999999999999,1.4105827128331005,0.95,1.1756067718634842,0.0,0.0,0.0,0.0,1.0,0.0
91000.0,34.71875,1.2631494642442293E-5,91000.0,45.300000000000004,35.13516077467828,30.67173637515843,13.993710691823901,91000.0,1464936.0,40.0,57852.912500000006,36822.849396479236,176407.49999999997,170036.54813605608,0.39999999999999997,1.0327955589886446,9.725000000000001,10.912207936585615,2.4499999999999997,2.2639878589871074,1.7249999999999999,1.1319939294935537,1.7249999999999999,1.1319939294935537,0.6499999999999998,1.0012812305062462,0.0,0.0,0.0,0.0,1.0,0.0
92000.0,35.0625,1.2759785555923971E-5,92000.0,49.2,34.63673852765393,34.955185659411015,20.125786163522015,92000.0,1442632.0,40.0,56957.200000000004,38615.24451196687,175971.39999999997,169907.3553462279,0.17500000000000002,0.549475274168981,9.9,11.877148928369413,2.3000000000000007,2.1507303470312187,1.6500000000000004,1.0753651735156093,1.6500000000000004,1.0753651735156093,0.6,0.9818872461248104,0.0,0.0,0.0,0.0,1.0,0.0
93000.0,35.46875,1.2910076184198253E-5,93000.0,50.6,35.70638380946183,37.38910012674271,22.082018927444796,93000.0,1430016.0,40.0,57189.65,39152.31124208976,175703.49999999997,169858.09076171552,0.09999999999999999,0.6324555320336757,9.274999999999997,9.745446010764102,2.2,2.1146618811987112,1.6,1.0573309405993556,1.6,1.0573309405993556,0.55,0.95943359359198,0.0,0.0,0.0,0.0,1.0,0.0
94000.0,35.84375,1.3049332192167632E-5,94000.0,50.7,35.93392227342311,38.681592039801,22.116903633491315,94000.0,1435440.0,40.0,58186.80000000002,39168.87010401649,175775.49999999997,169920.07546945213,0.049999999999999996,0.31622776601683783,8.549999999999997,8.958451102386292,2.2,2.1146618811987112,1.6,1.0573309405993556,1.6,1.0573309405993556,0.55,0.95943359359198,0.0,0.0,0.0,0.0,1.0,0.0
95000.0,36.25,1.320059055514219E-5,95000.0,47.9,29.66056158143579,32.774193548387096,17.693522906793046,95000.0,1439224.0,40.0,58692.337500000016,39879.59541932068,175817.7,169973.18485255705,0.525,1.1764243957749085,10.65,11.490352698164017,2.2,2.1146618811987112,1.6,1.0573309405993556,1.6,1.0573309405993556,0.55,0.95943359359198,0.0,0.0,0.0,0.0,1.0,0.0
96000.0,36.609375,1.3333157662095287E-5,96000.0,48.4,32.32609379918161,34.517766497461935,20.98009188361409,96000.0,1425904.0,40.0,58825.21249999997,40498.85716333919,175549.8,169905.27988386704,0.09999999999999999,0.44144285572630443,9.975000000000001,10.78814044953876,2.1,2.073025783109293,1.55,1.0365128915546464,1.55,1.0365128915546464,0.5000000000000001,0.9336995618478526,0.0,0.0,0.0,0.0,1.0,0.0
97000.0,36.96875,1.3464553339872502E-5,97000.0,51.4,36.964980544747085,39.925834363411624,25.230769230769234,97000.0,1413304.0,40.0,59041.3125,41032.68857738242,175279.7999999999,169857.4841586881,0.050000000000000024,0.3162277660168379,7.75,9.071652098425723,2.0000000000000004,2.025478734167333,1.5000000000000004,1.0127393670836664,1.5000000000000004,1.0127393670836664,0.45000000000000007,0.9044051735526052,0.0,0.0,0.0,0.0,1.0,0.0
98000.0,37.359375,1.360570530070819E-5,98000.0,50.5,33.76588447967415,34.0878828229028,20.926517571884983,98000.0,1396784.0,40.0,59188.69999999999,41545.96050567661,174960.80000000005,169760.58608376625,0.049999999999999996,0.31622776601683794,9.125,11.133657679906156,1.9000000000000004,1.971593134290005,1.4500000000000004,0.9857965671450024,1.4500000000000004,0.9857965671450024,0.4000000000000001,0.8711913446392584,0.0,0.0,0.0,0.0,1.0,0.0
99000.0,37.75,1.3748459589098469E-5,99000.0,47.599999999999994,30.911636774522737,33.921815889029006,17.739403453689164,99000.0,1412640.0,40.0,60075.06249999999,41710.06920968912,175156.90000000002,169961.85377168862,0.17500000000000002,0.6359930655967716,9.0,8.202563701797827,1.9000000000000004,1.971593134290005,1.4500000000000004,0.9857965671450024,1.4500000000000004,0.9857965671450024,0.4000000000000001,0.8711913446392584,0.0,0.0,0.0,0.0,1.0,0.0
100000.0,38.140625,1.3892099118998474E-5,100000.0,49.3,33.060293267212224,34.66494845360825,21.27329192546584,100000.0,1421400.0,40.0,61012.787500000006,41803.685780415224,175266.9,170069.08056565005,0.07500000000000001,0.47434164902525694,6.8500000000000005,8.562140877739422,1.9000000000000004,1.971593134290005,1.4500000000000004,0.9857965671450024,1.4500000000000004,0.9857965671450024,0.4000000000000001,0.8711913446392584,0.0,0.0,0.0,0.0,1.0,0.0
101000.0,38.515625,1.4030437774231858E-5,101000.0,48.199999999999996,32.40756930833892,35.33083645443196,20.43010752688172,101000.0,1425984.0,40.0,61703.825,42224.56024750962,175327.60000000003,170122.15470972165,0.12500000000000003,0.4634043479981492,6.750000000000002,6.686189363540956,1.9000000000000004,1.971593134290005,1.4500000000000004,0.9857965671450024,1.4500000000000004,0.9857965671450024,0.4000000000000001,0.8711913446392584,0.0,0.0,0.0,0.0,1.0,0.0
102000.0,38.890625,1.4167776033799675E-5,102000.0,49.0,31.475467545572172,32.98291721419185,18.918918918918916,102000.0,1415672.0,40.0,62395.7,42636.55910855989,175191.29999999996,169999.71644208665,0.2,0.7909747313543118,7.85,12.031049573755142,1.9000000000000004,1.971593134290005,1.4500000000000004,0.9857965671450024,1.4500000000000004,0.9857965671450024,0.4000000000000001,0.8711913446392584,0.0,0.0,0.0,0.0,1.0,0.0
103000.0,39.25,1.4299822505563492E-5,103000.0,46.400000000000006,30.53287505767327,32.32323232323232,19.398496240601503,103000.0,1420304.0,40.0,62683.3625,43568.07022081269,175248.10000000003,170061.0813893986,0.4,0.9001424388708769,8.875000000000002,9.798449641888016,1.9000000000000004,1.971593134290005,1.4500000000000004,0.9857965671450024,1.4500000000000004,0.9857965671450024,0.4000000000000001,0.8711913446392584,0.0,0.0,0.0,0.0,1.0,0.0
104000.0,39.671875,1.4453660987783217E-5,104000.0,48.699999999999996,30.636682242990652,34.06169665809769,18.82911392405063,104000.0,1409560.0,40.0,63443.98749999998,43909.31984070421,175141.19999999998,169903.6362718287,0.15000000000000002,0.42667467941194037,11.075,13.510466028516275,1.9500000000000004,2.0748802869390333,1.4750000000000003,1.0374401434695164,1.4750000000000003,1.0374401434695164,0.42500000000000004,0.9306049865682223,0.0,0.0,0.0,0.0,1.0,0.0
105000.0,40.109375,1.4612619512869659E-5,105000.0,50.3,34.66518206329195,36.200256739409504,22.826086956521742,105000.0,1404456.0,40.0,64428.912499999984,43941.0832504172,175096.9,169820.6321719508,0.049999999999999996,0.22072142786315224,8.375,11.643612753296031,1.9500000000000004,2.0748802869390333,1.4750000000000003,1.0374401434695164,1.4750000000000003,1.0374401434695164,0.42500000000000004,0.9306049865682223,0.0,0.0,0.0,0.0,1.0,0.0
106000.0,40.46875,1.4742988795559432E-5,106000.0,51.4,33.29453619114547,38.403041825095066,20.58823529411765,106000.0,1402264.0,40.0,65426.08749999999,43940.51039994229,175077.6000000001,169785.36146421512,0.0,0.0,3.6750000000000007,6.244536073178757,1.9500000000000004,2.0748802869390333,1.4750000000000003,1.0374401434695164,1.4750000000000003,1.0374401434695164,0.42500000000000004,0.9306049865682223,0.0,0.0,0.0,0.0,1.0,0.0
107000.0,40.8125,1.486875556616319E-5,107000.0,48.3,30.866363477114362,33.632862644415916,19.59564541213064,107000.0,1414248.0,40.0,66423.73750000002,43938.362241893374,175236.00000000003,169926.50790178735,0.0,0.0,5.3,7.602968381173778,1.9500000000000004,2.0748802869390333,1.4750000000000003,1.0374401434695164,1.4750000000000003,1.0374401434695164,0.42500000000000004,0.9306049865682223,0.0,0.0,0.0,0.0,1.0,0.0
108000.0,41.203125,1.5011943986691115E-5,108000.0,48.8,32.70975958195938,35.10773130544994,22.070015220700146,108000.0,1416936.0,40.0,67333.54999999999,44083.52509420777,175268.99999999994,169961.1632534945,0.12500000000000003,0.563300712149108,8.3,8.552102755373179,1.9500000000000004,2.0748802869390333,1.4750000000000003,1.0374401434695164,1.4750000000000003,1.0374401434695164,0.42500000000000004,0.9306049865682223,0.0,0.0,0.0,0.0,1.0,0.0
109000.0,41.671875,1.5183621661789295E-5,109000.0,48.6,30.933751493188105,34.85424588086185,19.309262166405023,109000.0,1415712.0,40.0,67984.73750000005,44557.912158136925,175244.90000000008,169954.96542912535,0.25000000000000006,0.9540735874430284,8.600000000000001,10.645331226555466,1.9500000000000004,2.0748802869390333,1.4750000000000003,1.0374401434695164,1.4750000000000003,1.0374401434695164,0.42500000000000004,0.9306049865682223,0.0,0.0,0.0,0.0,1.0,0.0
110000.0,42.03125,1.5314157547739638E-5,110000.0,50.9,34.559247871176346,37.61118170266837,23.040752351097183,110000.0,1404056.0,40.0,68992.6125,44562.436207774765,175113.10000000003,169796.03526313114,0.09999999999999999,0.6324555320336759,6.349999999999999,10.545505787191637,1.9500000000000004,2.0748802869390333,1.4750000000000003,1.0374401434695164,1.4750000000000003,1.0374401434695164,0.42500000000000004,0.9306049865682223,0.0,0.0,0.0,0.0,1.0,0.0
111000.0,42.390625,1.5444677070869748E-5,111000.0,50.1,33.593900752824254,35.6958762886598,22.395023328149303,111000.0,1403880.0,40.0,70001.66249999995,44563.59669226076,175110.89999999997,169792.24117291553,0.0,0.0,5.749999999999999,7.263360810011455,1.9500000000000004,2.0748802869390333,1.4750000000000003,1.0374401434695164,1.4750000000000003,1.0374401434695164,0.42500000000000004,0.9306049865682223,0.0,0.0,0.0,0.0,1.0,0.0
112000.0,42.765625,1.5581926854792977E-5,112000.0,48.1,31.189832535409394,33.204633204633204,20.03081664098613,112000.0,1414760.0,40.0,70827.42499999999,44785.834068480784,175268.99999999994,169909.04001638977,0.024999999999999998,0.15811388300841897,7.5249999999999995,7.38323638299489,1.9999999999999998,2.218800784900916,1.5000000000000002,1.109400392450458,1.5000000000000002,1.109400392450458,0.45,0.9857965671450027,0.0,0.0,0.0,0.0,1.0,0.0
113000.0,43.09375,1.570223161252215E-5,113000.0,50.1,33.28413205196083,36.7553865652725,21.044303797468356,113000.0,1417248.0,40.0,71832.725,44788.611416656786,175321.70000000007,169921.94000033799,0.0,0.0,3.2000000000000006,5.625947213694956,1.9999999999999998,2.218800784900916,1.5000000000000002,1.109400392450458,1.5000000000000002,1.109400392450458,0.45,0.9857965671450027,0.0,0.0,0.0,0.0,1.0,0.0
114000.0,43.46875,1.5840691339690232E-5,114000.0,47.9,32.73861010340954,36.3080684596577,21.65413533834586,114000.0,1427232.0,40.0,72429.43749999999,45384.66436490449,175450.1000000001,170043.56316772092,0.17500000000000004,0.5943106327545623,7.575,8.90084265673762,1.9999999999999998,2.218800784900916,1.5000000000000002,1.109400392450458,1.5000000000000002,1.109400392450458,0.45,0.9857965671450027,0.0,0.0,0.0,0.0,1.0,0.0
115000.0,43.84375,1.5978804925301415E-5,115000.0,49.6,33.67286509534525,36.68341708542714,21.61741835147745,115000.0,1423664.0,40.0,73385.44999999998,45459.32970984455,175401.69999999998,170003.34000802322,0.049999999999999996,0.31622776601683794,7.650000000000001,9.216901976872817,1.9999999999999998,2.218800784900916,1.5000000000000002,1.109400392450458,1.5000000000000002,1.109400392450458,0.45,0.9857965671450027,0.0,0.0,0.0,0.0,1.0,0.0
116000.0,44.234375,1.6124328119783758E-5,116000.0,48.8,32.44776576262778,37.63702801461633,20.496894409937887,116000.0,1440040.0,40.0,74298.83749999998,45604.43053966004,175737.80000000005,170084.22143670951,0.12500000000000003,0.4634043479981492,7.124999999999999,11.314133434983669,2.1500000000000004,2.3484856004209633,1.5750000000000004,1.1742428002104817,1.5750000000000004,1.1742428002104817,0.5249999999999999,1.061868213369297,0.0,0.0,0.0,0.0,1.0,0.0
117000.0,44.609375,1.626416853266871E-5,117000.0,50.3,36.37626335362379,36.68789808917198,24.810892586989404,117000.0,1441464.0,40.0,75127.55000000002,45863.62446410892,175818.00000000003,170048.4079045907,0.049999999999999996,0.3162277660168379,5.074999999999999,8.330935552474715,2.2,2.430574481000799,1.6000000000000003,1.2152872405003996,1.6000000000000003,1.2152872405003996,0.5249999999999999,1.061868213369297,0.0,0.0,0.0,0.0,1.0,0.0
118000.0,44.984375,1.640387390378034E-5,118000.0,50.5,34.06136688788301,35.37859007832898,21.303656597774246,118000.0,1440072.0,40.0,76126.22500000005,45873.880073378445,175814.7,170016.0880355039,0.049999999999999996,0.3162277660168379,5.424999999999999,7.142819596970918,2.2,2.430574481000799,1.6000000000000003,1.2152872405003996,1.6000000000000003,1.2152872405003996,0.5249999999999999,1.061868213369297,0.0,0.0,0.0,0.0,1.0,0.0
119000.0,45.328125,1.6531432758913264E-5,119000.0,51.2,34.9527607754484,38.46153846153847,21.290322580645164,119000.0,1434400.0,40.0,77095.09999999999,45924.54488672876,175797.80000000002,169896.22079661497,0.050000000000000024,0.3162277660168379,4.275000000000001,6.842504789539559,2.2500000000000004,2.467740583964123,1.6250000000000004,1.2338702919820614,1.6250000000000004,1.2338702919820614,0.55,1.0848608560193684,0.0,0.0,0.0,0.0,1.0,0.0
120000.0,45.671875,1.66596069983724E-5,120000.0,52.0,37.22519675977391,37.98449612403101,24.646781789638936,120000.0,1441320.0,40.0,78094.67500000002,45923.34258436428,175926.59999999995,169945.385916383,0.0,0.0,2.3749999999999996,4.234700970280229,2.3000000000000007,2.5839742794623706,1.6500000000000004,1.2919871397311853,1.6500000000000004,1.2919871397311853,0.575,1.1297265382746617,0.0,0.0,0.0,0.0,1.0,0.0
121000.0,46.03125,1.679314323054212E-5,121000.0,51.6,36.70902628667673,36.566186107470514,24.13793103448276,121000.0,1436328.0,40.0,79024.85000000002,46061.1652273778,175879.19999999995,169872.28982202252,0.07500000000000001,0.3499084129252931,4.200000000000002,5.684887748931259,2.3000000000000007,2.5839742794623706,1.6500000000000004,1.2919871397311853,1.6500000000000004,1.2919871397311853,0.575,1.1297265382746617,0.0,0.0,0.0,0.0,1.0,0.0
122000.0,46.40625,1.693574268655437E-5,122000.0,45.2,32.49876514620546,33.007334963325185,22.159090909090914,122000.0,1469904.0,40.0,79801.91249999999,46443.22320152507,176306.59999999998,170286.7850996806,0.15000000000000002,0.5334935656738369,5.350000000000001,4.666025596993106,2.3000000000000007,2.5839742794623706,1.6500000000000004,1.2919871397311853,1.6500000000000004,1.2919871397311853,0.575,1.1297265382746617,0.0,0.0,0.0,0.0,1.0,0.0
123000.0,46.84375,1.7100430009627914E-5,123000.0,40.400000000000006,30.047851494875065,27.405602923264315,18.467852257181942,123000.0,1455072.0,40.0,73787.8625,55034.46762579131,176141.40000000002,170096.06483914325,1.2750000000000006,1.4320059446947226,17.525,16.325200748755876,2.3499999999999996,2.7320509812414855,1.6749999999999998,1.3660254906207427,1.6749999999999998,1.3660254906207427,0.575,1.1297265382746617,0.0,0.0,0.0,0.0,1.0,0.0
124000.0,47.265625,1.725070269054008E-5,124000.0,42.9,33.65001603554778,27.168367346938776,19.121813031161476,124000.0,1376888.0,40.0,67189.59999999999,59862.45720248197,174304.2,169921.18273194425,0.8750000000000001,1.3240865259510528,19.099999999999994,11.417036303205746,1.55,1.8109354432135836,1.275,0.9054677216067918,1.275,0.9054677216067918,0.275,0.9054677216067918,0.0,0.0,0.0,0.0,1.0,0.0
125000.0,47.671875,1.7393575140482014E-5,125000.0,44.0,35.958867295337114,32.6923076923077,23.913043478260867,125000.0,1359432.0,40.0,67082.55,60340.48564979538,173884.69999999995,169881.7909349046,0.15000000000000002,0.6621642835894568,18.174999999999994,9.950872916225581,1.3500000000000003,1.3502136583063153,1.1750000000000003,0.6751068291531577,1.1750000000000003,0.6751068291531577,0.175,0.6751068291531578,0.0,0.0,0.0,0.0,1.0,0.0
126000.0,48.0,1.7507706296681938E-5,126000.0,45.0,37.90846352799595,31.846344485749693,25.775978407557353,126000.0,1344520.0,40.0,66959.97500000003,60773.00608957832,173526.4,169854.80818789566,0.125,0.563300712149108,12.675000000000004,7.505169158824075,1.2000000000000004,0.9922778767136677,1.1000000000000003,0.49613893835683387,1.1000000000000003,0.49613893835683387,0.1,0.49613893835683387,0.0,0.0,0.0,0.0,1.0,0.0
127000.0,48.390625,1.7642529791272757E-5,127000.0,47.3,39.445820095484855,35.416666666666664,27.80821917808219,127000.0,1334160.0,40.0,67960.02500000004,60772.11634656039,173403.59999999998,169718.52194883206,0.0,0.0,10.8,7.7994082615778755,1.2000000000000004,0.9922778767136677,1.1000000000000003,0.49613893835683387,1.1000000000000003,0.49613893835683387,0.1,0.49613893835683387,0.0,0.0,0.0,0.0,1.0,0.0
128000.0,48.796875,1.7785899140613354E-5,128000.0,42.0,33.83715956081563,28.834355828220858,21.832884097035038,128000.0,1364160.0,40.0,68691.28749999999,61061.46805778577,173762.3999999999,170110.9978511499,0.2250000000000001,0.7333624702836333,9.975000000000003,6.677507211834562,1.2000000000000004,0.9922778767136677,1.1000000000000003,0.49613893835683387,1.1000000000000003,0.49613893835683387,0.1,0.49613893835683387,0.0,0.0,0.0,0.0,1.0,0.0
129000.0,49.234375,1.793891518092196E-5,129000.0,43.7,34.74877117912332,29.536921151439298,20.141843971631207,129000.0,1351952.0,40.0,69612.38749999994,61140.60805039474,173624.4999999999,169942.70484720668,0.10000000000000002,0.3789323733725367,8.975,10.378694893497338,1.2000000000000004,0.9922778767136677,1.1000000000000003,0.49613893835683387,1.1000000000000003,0.49613893835683387,0.1,0.49613893835683387,0.0,0.0,0.0,0.0,1.0,0.0
130000.0,49.578125,1.805795754383628E-5,130000.0,45.7,38.59730461390936,33.8611449451888,26.422764227642276,130000.0,1338632.0,40.0,70626.81249999999,61141.75820093094,173459.49999999997,169774.709306037,0.0,0.0,11.625000000000005,7.957217333484595,1.2000000000000004,0.9922778767136677,1.1000000000000003,0.49613893835683387,1.1000000000000003,0.49613893835683387,0.1,0.49613893835683387,0.0,0.0,0.0,0.0,1.0,0.0
131000.0,49.953125,1.8187194073107086E-5,131000.0,45.6,37.57466082041125,34.45783132530121,23.48804500703235,131000.0,1332160.0,40.0,71620.53749999999,61143.06492505063,173378.59999999998,169693.60294855185,0.0,0.0,6.675000000000001,7.01788009484638,1.2000000000000004,0.9922778767136677,1.1000000000000003,0.49613893835683387,1.1000000000000003,0.49613893835683387,0.1,0.49613893835683387,0.0,0.0,0.0,0.0,1.0,0.0
132000.0,50.3125,1.8311187806021827E-5,132000.0,45.6,37.69199227563963,34.5367027677497,25.47945205479452,132000.0,1333688.0,40.0,72156.28749999999,61553.534699107826,173397.7,169716.1404499446,0.09999999999999999,0.6324555320336759,7.999999999999997,8.079730891685148,1.2000000000000004,0.9922778767136677,1.1000000000000003,0.49613893835683387,1.1000000000000003,0.49613893835683387,0.1,0.49613893835683387,0.0,0.0,0.0,0.0,1.0,0.0
133000.0,50.625,1.8418928246117292E-5,133000.0,46.5,37.245168464465515,33.45771144278607,22.9106628242075,133000.0,1332696.0,40.0,73159.23750000002,61553.39309000152,173385.30000000002,169703.9528015356,0.0,0.0,6.5,6.381061723408473,1.2000000000000004,0.9922778767136677,1.1000000000000003,0.49613893835683387,1.1000000000000003,0.49613893835683387,0.1,0.49613893835683387,0.0,0.0,0.0,0.0,1.0,0.0
134000.0,51.0,1.8551831858025648E-5,134000.0,44.2,34.70980967558497,30.423940149625935,21.074964639321074,134000.0,1369960.0,40.0,74127.73750000002,61585.278068325766,173851.10000000003,170169.68948979472,0.049999999999999996,0.31622776601683794,9.924999999999999,7.559634708309451,1.2000000000000004,0.9922778767136677,1.1000000000000003,0.49613893835683387,1.1000000000000003,0.49613893835683387,0.1,0.49613893835683387,0.0,0.0,0.0,0.0,1.0,0.0
135000.0,51.375,1.8681895712183572E-5,135000.0,46.800000000000004,37.868613138686136,34.4019728729963,24.216524216524224,135000.0,1340688.0,40.0,75130.41249999998,61585.8115070313,173519.1,169774.52710599964,0.0,0.0,6.175000000000001,5.674447900400441,1.2500000000000007,1.1266014242982163,1.1250000000000002,0.5633007121491082,1.1250000000000002,0.5633007121491082,0.12500000000000003,0.5633007121491082,0.0,0.0,0.0,0.0,1.0,0.0
136000.0,51.75,1.8816342991259354E-5,136000.0,42.4,33.142045296264314,30.012150668286758,20.110957004160884,136000.0,1385872.0,40.0,76042.73749999999,61684.572076179305,174116.10000000003,170311.16842568349,0.024999999999999998,0.15811388300841892,8.425,7.337600739709447,1.3500000000000005,1.5615574079941918,1.175,0.7807787039970959,1.175,0.7807787039970959,0.15000000000000002,0.6621642835894568,0.0,0.0,0.0,0.0,1.0,0.0
137000.0,52.109375,1.8944981533827045E-5,137000.0,43.3,34.18425622405675,30.937880633373936,21.468144044321328,137000.0,1383648.0,40.0,76888.25000000003,61856.77993835254,174169.59999999998,170219.59428194177,0.10000000000000002,0.49613893835683376,4.6000000000000005,8.69954316513524,1.3500000000000005,1.5615574079941918,1.175,0.7807787039970959,1.175,0.7807787039970959,0.15000000000000002,0.6621642835894568,0.0,0.0,0.0,0.0,1.0,0.0
138000.0,52.5,1.9081791364846536E-5,138000.0,47.5,38.86591023419596,34.863523573200986,24.785100286532952,138000.0,1353816.0,40.0,77855.3875,61929.36194466452,173800.49999999997,169845.03666384183,0.05000000000000001,0.3162277660168379,5.8999999999999995,7.34777133488404,1.3500000000000005,1.5615574079941918,1.175,0.7807787039970959,1.175,0.7807787039970959,0.15000000000000002,0.6621642835894568,0.0,0.0,0.0,0.0,1.0,0.0
139000.0,52.84375,1.920308397125659E-5,139000.0,45.2,36.771297861416066,33.007334963325185,23.994452149791957,139000.0,1363936.0,40.0,78851.97499999999,61936.716026736365,173935.49999999997,169963.85445832036,0.07500000000000001,0.47434164902525694,7.5,7.686151382644183,1.3500000000000005,1.5615574079941918,1.175,0.7807787039970959,1.175,0.7807787039970959,0.15000000000000002,0.6621642835894568,0.0,0.0,0.0,0.0,1.0,0.0
140000.0,53.21875,1.9334661224598263E-5,140000.0,44.5,36.56207600892017,30.100755667506295,22.809457579972182,140000.0,1356288.0,40.0,79857.475,61935.53682414943,173841.40000000005,169867.43533079932,0.0,0.0,7.7749999999999995,7.051050112735528,1.3500000000000005,1.5615574079941918,1.175,0.7807787039970959,1.175,0.7807787039970959,0.15000000000000002,0.6621642835894568,0.0,0.0,0.0,0.0,1.0,0.0
141000.0,53.53125,1.9446983901111192E-5,141000.0,41.6,33.6470705863372,29.21212121212121,20.544217687074827,141000.0,1389376.0,40.0,80520.46250000002,62336.96806322097,174252.30000000008,170282.5141781903,0.15000000000000005,0.5334935656738369,4.25,5.280588545286916,1.3500000000000005,1.5615574079941918,1.175,0.7807787039970959,1.175,0.7807787039970959,0.15000000000000002,0.6621642835894568,0.0,0.0,0.0,0.0,1.0,0.0
142000.0,53.828125,1.9553949726590256E-5,142000.0,43.2,35.386113474725505,29.440993788819874,21.6551724137931,142000.0,1392752.0,40.0,81309.60000000003,62580.49369879411,174341.00000000003,170304.8365368644,0.17500000000000007,0.6359930655967716,5.499999999999999,12.804246090602833,1.4,1.765771422905218,1.1999999999999997,0.882885711452609,1.1999999999999997,0.882885711452609,0.15000000000000002,0.6621642835894568,0.0,0.0,0.0,0.0,1.0,0.0
143000.0,54.25,1.9706557989896575E-5,143000.0,43.8,35.24196689274364,33.0952380952381,21.72701949860725,143000.0,1398288.0,40.0,82122.07499999995,62806.519087536115,174436.80000000002,170370.0414080399,0.07500000000000001,0.3499084129252931,6.324999999999998,9.22479240263947,1.45,1.9993588715975672,1.2250000000000003,0.9996794357987836,1.2250000000000003,0.9996794357987836,0.17500000000000002,0.7807787039970959,0.0,0.0,0.0,0.0,1.0,0.0
144000.0,54.578125,1.9824749421483514E-5,144000.0,44.5,36.75631696138603,33.13253012048193,23.130193905817173,144000.0,1392352.0,40.0,83123.35000000002,62804.30443345122,174389.90000000005,170274.78474807282,0.0,0.0,5.024999999999999,7.447207358191218,1.45,1.9993588715975672,1.2250000000000003,0.9996794357987836,1.2250000000000003,0.9996794357987836,0.17500000000000002,0.7807787039970959,0.0,0.0,0.0,0.0,1.0,0.0
145000.0,54.9375,1.9953427383572678E-5,145000.0,44.2,34.733407021422174,29.72292191435768,19.827586206896555,145000.0,1384072.0,40.0,83874.6875,63096.950916641414,174285.40000000002,170174.6048889311,0.3,1.0907536796837267,6.124999999999999,8.32724136301745,1.45,1.9993588715975672,1.2250000000000003,0.9996794357987836,1.2250000000000003,0.9996794357987836,0.17500000000000002,0.7807787039970959,0.0,0.0,0.0,0.0,1.0,0.0
146000.0,55.265625,2.0070454855966886E-5,146000.0,47.099999999999994,38.57122950438943,34.44857496902106,24.857954545454543,146000.0,1378640.0,40.0,84883.7375,63096.237441382626,174221.8,170104.39095370713,0.0,0.0,4.775,7.276542923880607,1.45,1.9993588715975672,1.2250000000000003,0.9996794357987836,1.2250000000000003,0.9996794357987836,0.17500000000000002,0.7807787039970959,0.0,0.0,0.0,0.0,1.0,0.0
147000.0,55.609375,2.0192904954051795E-5,147000.0,45.6,36.95502018830052,31.744040150564622,22.507122507122514,147000.0,1376952.0,40.0,85863.24999999994,63127.23423001869,174199.79999999996,170084.23550687905,0.049999999999999996,0.3162277660168379,3.6000000000000005,7.768443727589068,1.45,1.9993588715975672,1.2250000000000003,0.9996794357987836,1.2250000000000003,0.9996794357987836,0.17500000000000002,0.7807787039970959,0.0,0.0,0.0,0.0,1.0,0.0
148000.0,55.921875,2.0304489686774698E-5,148000.0,45.4,36.40588420280233,33.81818181818183,21.55172413793104,148000.0,1380248.0,40.0,86858.025,63125.141670220764,174242.5,170123.830881724,0.0,0.0,4.375,5.614484472989118,1.45,1.9993588715975672,1.2250000000000003,0.9996794357987836,1.2250000000000003,0.9996794357987836,0.17500000000000002,0.7807787039970959,0.0,0.0,0.0,0.0,1.0,0.0
149000.0,56.265625,2.042694903341017E-5,149000.0,45.4,36.74713450617585,33.170134638922896,23.849372384937244,149000.0,1377056.0,40.0,87852.625,63125.87787711414,174202.59999999998,170084.4756464835,0.0,0.0,3.7999999999999994,5.862527677481,1.45,1.9993588715975672,1.2250000000000003,0.9996794357987836,1.2250000000000003,0.9996794357987836,0.17500000000000002,0.7807787039970959,0.0,0.0,0.0,0.0,1.0,0.0
150000.0,56.578125,2.0537890248104086E-5,150000.0,45.5,37.93926474540296,33.29253365973073,26.549865229110516,150000.0,1372288.0,40.0,88847.675,63124.23943821052,174145.1,170023.9118718082,0.0,0.0,5.7749999999999995,8.707460697291248,1.45,1.9993588715975672,1.2250000000000003,0.9996794357987836,1.2250000000000003,0.9996794357987836,0.17500000000000002,0.7807787039970959,0.0,0.0,0.0,0.0,1.0,0.0
151000.0,56.9375,2.0667268836405113E-5,151000.0,33.7,26.365241728584284,19.04761904761905,10.405405405405407,151000.0,1391608.0,40.0,89840.47499999998,63123.106399265846,174390.19999999995,170261.7481110567,0.0,0.0,6.924999999999999,8.704220903588185,1.45,1.9993588715975672,1.2250000000000003,0.9996794357987836,1.2250000000000003,0.9996794357987836,0.17500000000000002,0.7807787039970959,0.0,0.0,0.0,0.0,1.0,0.0
152000.0,57.296875,2.0795648548907276E-5,152000.0,47.4,40.8623306537748,36.00973236009732,28.24010914051841,152000.0,1380864.0,40.0,90846.9,63121.68654205878,174255.89999999994,170128.50428311573,0.0,0.0,6.299999999999998,6.405926742938716,1.45,1.9993588715975672,1.2250000000000003,0.9996794357987836,1.2250000000000003,0.9996794357987836,0.17500000000000002,0.7807787039970959,0.0,0.0,0.0,0.0,1.0,0.0
153000.0,57.640625,2.0917735819239157E-5,153000.0,52.400000000000006,46.03676302203196,41.089108910891085,34.07202216066482,153000.0,1372872.0,40.0,91845.77500000001,63120.5525859752,174156.00000000006,170028.9918724585,0.0,0.0,3.35,6.494771072335905,1.45,1.9993588715975672,1.2250000000000003,0.9996794357987836,1.2250000000000003,0.9996794357987836,0.17500000000000002,0.7807787039970959,0.0,0.0,0.0,0.0,1.0,0.0
154000.0,58.0,2.1045252764856225E-5,154000.0,48.6,41.270768038957826,36.38613861386138,27.503526093088855,154000.0,1371584.0,40.0,92846.79999999999,63116.667012522295,174139.9,170013.13615722518,0.0,0.0,6.450000000000001,7.899853942174645,1.45,1.9993588715975672,1.2250000000000003,0.9996794357987836,1.2250000000000003,0.9996794357987836,0.17500000000000002,0.7807787039970959,0.0,0.0,0.0,0.0,1.0,0.0
155000.0,58.34375,2.1167233321143096E-5,155000.0,48.6,41.51847174340945,35.74999999999999,27.605633802816904,155000.0,1371672.0,40.0,93852.50000000001,63115.90760305171,174140.99999999994,170014.47050073583,0.0,0.0,2.1000000000000005,4.313366226641114,1.45,1.9993588715975672,1.2250000000000003,0.9996794357987836,1.2250000000000003,0.9996794357987836,0.17500000000000002,0.7807787039970959,0.0,0.0,0.0,0.0,1.0,0.0
156000.0,58.71875,2.1303730285985177E-5,156000.0,48.5,41.97170021791598,37.726723095526,28.965517241379306,156000.0,1407000.0,40.0,94692.00000000001,63323.58633702199,174574.4,170463.62582931278,0.07500000000000001,0.47434164902525683,6.574999999999998,7.462341352520565,1.45,1.9993588715975672,1.2250000000000003,0.9996794357987836,1.2250000000000003,0.9996794357987836,0.17500000000000002,0.7807787039970959,0.0,0.0,0.0,0.0,1.0,0.0
157000.0,58.96875,2.1393456489830782E-5,157000.0,50.8,43.25102424980622,40.43583535108959,30.014224751066855,157000.0,1387336.0,40.0,95690.74999999999,63321.72230169648,174339.49999999994,170208.24086476682,0.0,0.0,6.4750000000000005,8.761768642436854,1.45,1.9993588715975672,1.2250000000000003,0.9996794357987836,1.2250000000000003,0.9996794357987836,0.17500000000000002,0.7807787039970959,0.0,0.0,0.0,0.0,1.0,0.0
158000.0,59.390625,2.154464419517251E-5,158000.0,50.0,42.33585902270814,38.49938499384994,27.849927849927848,158000.0,1385272.0,40.0,96695.50000000003,63320.24666983786,174313.70000000007,170182.88209835108,0.0,0.0,5.375,6.266260897937912,1.45,1.9993588715975672,1.2250000000000003,0.9996794357987836,1.2250000000000003,0.9996794357987836,0.17500000000000002,0.7807787039970959,0.0,0.0,0.0,0.0,1.0,0.0
159000.0,59.78125,2.1685113832871934E-5,159000.0,50.1,43.32153951874421,39.58837772397094,31.550068587105624,159000.0,1390032.0,40.0,97694.07499999998,63320.0832247498,174373.19999999992,170241.8509421601,0.0,0.0,4.775,4.492087059913928,1.45,1.9993588715975672,1.2250000000000003,0.9996794357987836,1.2250000000000003,0.9996794357987836,0.17500000000000002,0.7807787039970959,0.0,0.0,0.0,0.0,1.0,0.0
160000.0,60.125,2.1808059795552646E-5,160000.0,48.8,41.725207034860155,35.99999999999999,29.08587257617728,160000.0,1382528.0,40.0,98693.27500000002,63318.022514435856,174279.4,170148.68292646325,0.0,0.0,4.1000000000000005,5.843251641302961,1.45,1.9993588715975672,1.2250000000000003,0.9996794357987836,1.2250000000000003,0.9996794357987836,0.17500000000000002,0.7807787039970959,0.0,0.0,0.0,0.0,1.0,0.0
161000.0,60.5,2.1942523372773483E-5,161000.0,47.9,41.157602753959715,35.75832305795315,28.23691460055096,161000.0,1386040.0,40.0,99696.75,63317.7172814543,174324.80000000002,170191.50071791987,0.0,0.0,3.2999999999999994,4.0837388600304845,1.45,1.9993588715975672,1.2250000000000003,0.9996794357987836,1.2250000000000003,0.9996794357987836,0.17500000000000002,0.7807787039970959,0.0,0.0,0.0,0.0,1.0,0.0
162000.0,60.828125,2.2060828891375814E-5,162000.0,47.3,40.226391125830816,35.257985257985254,26.49930264993026,162000.0,1393696.0,40.0,100693.34999999999,63316.99730462128,174420.5,170286.60610180383,0.0,0.0,3.774999999999999,5.081325791058058,1.45,1.9993588715975672,1.2250000000000003,0.9996794357987836,1.2250000000000003,0.9996794357987836,0.17500000000000002,0.7807787039970959,0.0,0.0,0.0,0.0,1.0,0.0
163000.0,61.15625,2.2180397516219968E-5,163000.0,46.9,40.200413078879144,35.79201934703748,26.758620689655167,163000.0,1408576.0,40.0,101687.92499999999,63316.368008531346,174606.49999999997,170471.09970930926,0.0,0.0,3.7250000000000005,4.379365953405374,1.45,1.9993588715975672,1.2250000000000003,0.9996794357987836,1.2250000000000003,0.9996794357987836,0.17500000000000002,0.7807787039970959,0.0,0.0,0.0,0.0,1.0,0.0
164000.0,61.46875,2.2293844247340316E-5,164000.0,49.1,42.531590689440264,38.15309842041312,30.178326474622768,164000.0,1403280.0,40.0,102687.75,63315.538683623854,174611.70000000004,170358.8674332042,0.0,0.0,3.7000000000000006,5.800972509095527,1.55,2.4384736714087865,1.2750000000000004,1.2192368357043932,1.2750000000000004,1.2192368357043932,0.17500000000000002,0.7807787039970959,0.0,0.0,0.0,0.0,1.0,0.0
164860.0,61.8125,2.2419851480258822E-5,164860.0,51.7,44.96027567722791,40.0,32.16292134831462,164860.0,1416952.0,40.0,103551.90000000001,63313.319627613535,174939.70000000004,170399.40730838268,0.0,0.0,3.8500000000000005,7.556793513463777,1.7000000000000004,2.7004273166126307,1.35,1.3502136583063153,1.35,1.3502136583063153,0.22500000000000006,0.8002403485107555,0.0,0.0,0.0,0.0,1.0,0.0
