learning evaluation instances,evaluation time (cpu seconds),model cost (RAM-Hours),classified instances,classifications correct (percent),Kappa Statistic (percent),Kappa Temporal Statistic (percent),Kappa M Statistic (percent),model training instances,model serialized size (bytes),ensemble size,change detections,[avg] model training instances,[err] model training instances,[avg] model serialized size (bytes),[err] model serialized size (bytes),[avg] tree size (nodes),[err] tree size (nodes),[avg] tree size (leaves),[err] tree size (leaves),[avg] active learning leaves,[err] active learning leaves,[avg] tree depth,[err] tree depth,[avg] active leaf byte size estimate,[err] active leaf byte size estimate,[avg] inactive leaf byte size estimate,[err] inactive leaf byte size estimate,[avg] byte size estimate overhead,[err] byte size estimate overhead
1000.0,0.171875,3.115196401874225E-8,1000.0,48.4,34.374606533796445,32.98701298701299,15.548281505728308,1000.0,716816.0,40.0,0.0,5986.399999999999,75.03394103798816,4272.0,0.0,1.0,0.0,1.0,0.0,1.0,0.0,0.0,0.0,0.0,0.0,0.0,0.0,1.0,0.0
2000.0,0.25,4.577534531967508E-8,2000.0,45.6,31.118663296883625,27.272727272727277,9.333333333333332,2000.0,723536.0,40.0,0.0,11981.8,103.53079561669385,4272.0,0.0,1.0,0.0,1.0,0.0,1.0,0.0,0.0,0.0,0.0,0.0,0.0,0.0,1.0,0.0
3000.0,0.453125,8.408998837694526E-8,3000.0,44.3,29.425329591313105,28.95408163265306,8.8379705400982,3000.0,729128.0,40.0,6.0,16894.45,3905.413540268537,4277.4000000000015,19.959959919799473,1.0,0.0,1.0,0.0,1.0,0.0,0.0,0.0,0.0,0.0,0.0,0.0,1.0,0.0
4000.0,0.609375,1.1419628410496646E-7,4000.0,42.699999999999996,26.380557272200498,26.913265306122447,5.91133004926108,4000.0,745848.0,40.0,10.0,21381.025,6452.803256814347,4679.2,1463.5126553288471,1.2500000000000004,0.9268086959962983,1.125,0.46340434799814917,1.125,0.46340434799814917,0.125,0.46340434799814917,0.0,0.0,0.0,0.0,1.0,0.0
5000.0,0.71875,1.4293602564268642E-7,5000.0,51.5,36.935589782265254,38.4517766497462,20.751633986928105,5000.0,1015704.0,40.0,10.0,27385.375,6450.867286900664,11462.599999999997,4292.532196316092,4.8500000000000005,2.190304978179043,2.9250000000000003,1.0951524890895215,2.9250000000000003,1.0951524890895215,1.5999999999999999,0.8412444993533734,0.0,0.0,0.0,0.0,1.0,0.0
6000.0,0.875,1.8672370869252416E-7,6000.0,56.8,47.10303398385173,45.523329129886505,31.861198738170337,6000.0,1083264.0,40.0,10.0,33366.024999999994,6442.589065830121,13133.2,4895.723320487916,5.300000000000001,2.4200021190921,3.1500000000000004,1.21000105954605,3.1500000000000004,1.21000105954605,1.65,0.8929926637077695,0.0,0.0,0.0,0.0,1.0,0.0
7000.0,1.046875,2.3641617089096042E-7,7000.0,54.2,43.4310896802498,40.364583333333336,25.649350649350655,7000.0,1117584.0,40.0,10.0,39363.15,6452.568367791669,13891.0,4576.9673309646805,5.6000000000000005,2.2280266075840665,3.3000000000000003,1.1140133037920332,3.3000000000000003,1.1140133037920332,1.7499999999999998,0.8086075400626398,0.0,0.0,0.0,0.0,1.0,0.0
8000.0,1.203125,2.8247071895748374E-7,8000.0,54.1,43.129794164546944,41.528662420382176,25.72815533980583,8000.0,1139344.0,40.0,10.0,45354.674999999996,6441.482929230204,14408.0,4807.563954799476,5.750000000000001,2.2954805094425805,3.3750000000000004,1.1477402547212903,3.3750000000000004,1.1477402547212903,1.825,0.9026314805852884,0.0,0.0,0.0,0.0,1.0,0.0
9000.0,1.359375,3.2966419692254723E-7,9000.0,55.900000000000006,45.62483354540882,43.17010309278351,28.058727569331165,9000.0,1167520.0,40.0,10.0,51347.8,6458.592016126211,14986.999999999998,5278.045228671069,6.050000000000001,2.521192229166641,3.5250000000000004,1.2605961145833204,3.5250000000000004,1.2605961145833204,1.9499999999999995,1.01147265068163,0.0,0.0,0.0,0.0,1.0,0.0
10000.0,1.515625,3.797379839751455E-7,10000.0,55.800000000000004,46.36716408492918,44.262295081967224,30.612244897959194,10000.0,1238776.0,40.0,10.0,57340.69999999998,6473.181662117111,16740.800000000003,5445.953243299572,6.949999999999999,2.698052479009106,3.975,1.349026239504553,3.975,1.349026239504553,2.3250000000000006,1.0472797485843368,0.0,0.0,0.0,0.0,1.0,0.0
11000.0,1.671875,4.321759721885124E-7,11000.0,56.49999999999999,45.60915866746189,46.16336633663366,29.268292682926823,11000.0,1297264.0,40.0,10.0,63348.24999999999,6481.071238416988,18232.39999999999,4648.066533792745,7.6499999999999995,2.3265469075048784,4.325,1.1632734537524392,4.325,1.1632734537524392,2.6,0.9001424388708767,0.0,0.0,0.0,0.0,1.0,0.0
12000.0,1.796875,4.746587688310278E-7,12000.0,59.0,48.51186738666332,45.260347129506,31.66666666666666,12000.0,1313728.0,40.0,10.0,69349.77500000001,6502.235092988192,18625.399999999998,4232.165723089339,7.800000000000001,2.114661881198711,4.399999999999999,1.0573309405993554,4.399999999999999,1.0573309405993554,2.6750000000000003,0.7970297423913427,0.0,0.0,0.0,0.0,1.0,0.0
13000.0,1.984375,5.395269383572869E-7,13000.0,59.099999999999994,48.167551873635276,45.68393094289508,29.845626072041163,13000.0,1337312.0,40.0,10.0,75336.275,6503.3447015402235,19203.999999999993,4103.715089825504,8.05,2.0748802869390333,4.5249999999999995,1.0374401434695166,4.5249999999999995,1.0374401434695166,2.7500000000000004,0.8086075400626401,0.0,0.0,0.0,0.0,1.0,0.0
14000.0,2.140625,5.944930793096621E-7,14000.0,56.49999999999999,45.33438391850675,42.68774703557312,27.620632279534096,14000.0,1359808.0,40.0,10.0,81330.19999999998,6511.552117937426,19709.000000000004,4408.344790833833,8.249999999999996,2.2043081361221617,4.624999999999997,1.1021540680610813,4.624999999999997,1.1021540680610813,2.825,0.8129559864454139,0.0,0.0,0.0,0.0,1.0,0.0
15000.0,2.25,6.331565802813403E-7,15000.0,60.099999999999994,49.18433858768121,49.042145593869726,33.05369127516778,15000.0,1366424.0,40.0,10.0,87342.05,6512.248971292679,19773.199999999997,4640.002316533462,8.349999999999998,2.1429670301494825,4.674999999999999,1.0714835150747413,4.674999999999999,1.0714835150747413,2.85,0.8022404524765275,0.0,0.0,0.0,0.0,1.0,0.0
16000.0,2.4375,7.007678828409147E-7,16000.0,57.199999999999996,47.72659543804624,44.91634491634491,32.49211356466876,16000.0,1393864.0,40.0,10.0,93360.825,6492.635500150963,20447.6,4405.042499867739,8.549999999999995,2.1477477768165687,4.774999999999998,1.0738738884082843,4.774999999999998,1.0738738884082843,2.9250000000000003,0.8285761652005577,0.0,0.0,0.0,0.0,1.0,0.0
17000.0,2.609375,7.654451312393777E-7,17000.0,58.5,49.41676925514669,46.72657252888318,33.599999999999994,17000.0,1454592.0,40.0,10.0,99366.27500000001,6482.778238661775,21946.600000000006,5378.933689010231,9.45,2.8818619337380142,5.225,1.4409309668690071,5.225,1.4409309668690071,3.0749999999999997,0.8589647913741942,0.0,0.0,0.0,0.0,1.0,0.0
18000.0,2.78125,8.323875630998776E-7,18000.0,59.4,49.894049363000335,49.05897114178168,35.24720893141946,18000.0,1505536.0,40.0,10.0,105363.82500000001,6482.239292917302,23211.199999999997,6277.127626631917,10.200000000000001,3.3527638808937383,5.6000000000000005,1.6763819404468692,5.6000000000000005,1.6763819404468692,3.1500000000000004,0.8638019716079873,0.0,0.0,0.0,0.0,1.0,0.0
19000.0,2.96875,9.07439744979557E-7,19000.0,59.5,48.85872886792166,45.85561497326203,31.818181818181813,19000.0,1547264.0,40.0,10.0,111351.27499999997,6494.610530899981,24248.40000000001,6498.83327122488,10.699999999999998,3.4358591654967765,5.849999999999999,1.7179295827483883,5.849999999999999,1.7179295827483883,3.225,0.8002403485107555,0.0,0.0,0.0,0.0,1.0,0.0
20000.0,3.109375,9.644716111425725E-7,20000.0,57.699999999999996,47.81836349505939,45.69961489088575,31.107491856677516,20000.0,1567680.0,40.0,10.0,117366.24999999999,6487.243350982894,24747.2,6487.879173050509,11.000000000000002,3.3892741829452935,6.000000000000001,1.6946370914726467,6.000000000000001,1.6946370914726467,3.3249999999999997,0.764182150389787,0.0,0.0,0.0,0.0,1.0,0.0
21000.0,3.3125,1.0480221761907969E-6,21000.0,56.99999999999999,48.22458489361958,45.97989949748744,32.60188087774294,21000.0,1589968.0,40.0,10.0,123366.1,6510.532003154774,25280.599999999995,6693.8137870263945,11.2,3.5023801430836525,6.1,1.7511900715418263,6.1,1.7511900715418263,3.3749999999999996,0.7741827783921407,0.0,0.0,0.0,0.0,1.0,0.0
22000.0,3.484375,1.1199680739082395E-6,22000.0,59.099999999999994,49.207121931470596,47.96437659033079,33.278955954322996,22000.0,1618064.0,40.0,10.0,129345.62500000001,6516.204234445081,25979.4,7280.584904651971,11.5,3.8095695967944354,6.25,1.9047847983972177,6.25,1.9047847983972177,3.4,0.8101914936669332,0.0,0.0,0.0,0.0,1.0,0.0
23000.0,3.609375,1.1732756845756537E-6,23000.0,57.099999999999994,47.565652935956756,46.240601503759386,31.578947368421044,23000.0,1648472.0,40.0,10.0,135364.27499999997,6516.009743218466,26735.4,7221.266231745205,11.849999999999998,3.7041210591060367,6.424999999999999,1.8520605295530184,6.424999999999999,1.8520605295530184,3.5000000000000004,0.7161148740394329,0.0,0.0,0.0,0.0,1.0,0.0
24000.0,3.796875,1.2536876278722452E-6,24000.0,59.4,50.76746966621314,48.08184143222506,36.16352201257861,24000.0,1657760.0,40.0,10.0,141358.8,6523.676583346432,26957.8,7175.779429477527,12.0,3.6794648440311994,6.5,1.8397324220155997,6.5,1.8397324220155997,3.5500000000000003,0.7143223433831607,0.0,0.0,0.0,0.0,1.0,0.0
25000.0,3.9375,1.3145932138690517E-6,25000.0,56.8,45.961903141714906,44.968152866242036,28.947368421052623,25000.0,1674160.0,40.0,10.0,147333.69999999995,6546.864836678977,27282.800000000003,7349.281504041128,12.049999999999999,3.7344549597168593,6.5249999999999995,1.8672274798584296,6.5249999999999995,1.8672274798584296,3.5500000000000003,0.7143223433831607,0.0,0.0,0.0,0.0,1.0,0.0
26000.0,4.109375,1.3908026933980483E-6,26000.0,60.199999999999996,50.26765498248121,49.29936305732484,34.10596026490066,26000.0,1713952.0,40.0,10.0,153346.74999999997,6544.744667014159,28279.4,7725.634163000006,12.599999999999998,3.97943431104189,6.799999999999999,1.9897171555209447,6.799999999999999,1.9897171555209447,3.625,0.7403221751892368,0.0,0.0,0.0,0.0,1.0,0.0
27000.0,4.265625,1.4611628204066718E-6,27000.0,59.9,50.267698684264374,48.58974358974359,34.046052631578945,27000.0,1740640.0,40.0,10.0,159344.54999999996,6530.478636991718,28925.199999999997,8233.927869741305,13.049999999999997,4.1630240487858385,7.024999999999999,2.0815120243929193,7.024999999999999,2.0815120243929193,3.6750000000000003,0.7298577311314224,0.0,0.0,0.0,0.0,1.0,0.0
28000.0,4.421875,1.5305499093503585E-6,28000.0,54.300000000000004,44.536479098019946,42.37074401008828,29.147286821705432,28000.0,1716568.0,40.0,20.0,136974.42500000002,63715.68108034859,28663.400000000005,14167.566327029115,12.975,7.032844192494061,6.974999999999999,3.540878494501119,6.974999999999999,3.540878494501119,3.3000000000000007,1.66717940830829,0.0,0.0,0.0,0.0,1.0,0.0
29000.0,4.59375,1.6037151928887597E-6,29000.0,52.7,42.437673265037404,39.591315453384425,26.323987538940813,29000.0,1645488.0,40.0,40.0,117337.175,80091.32067573848,27065.599999999995,17470.166730157078,12.099999999999996,8.508818954473059,6.549999999999998,4.254409477236529,6.549999999999998,4.254409477236529,2.85,2.057506581601462,0.0,0.0,0.0,0.0,1.0,0.0
30000.0,4.765625,1.6789044861474798E-6,30000.0,56.10000000000001,47.18949467925137,46.26682986536109,33.4848484848485,30000.0,1691008.0,40.0,47.0,122976.94999999998,80635.13303254929,28063.199999999997,17446.25019030061,12.6,8.43922465754484,6.8,4.21961232877242,6.8,4.21961232877242,2.975,1.9675248019158096,0.0,0.0,0.0,0.0,1.0,0.0
31000.0,4.9375,1.7580539376164475E-6,31000.0,57.199999999999996,49.370861984733175,46.96406443618339,35.44494720965308,31000.0,1780072.0,40.0,48.0,128703.52500000004,81061.38913510044,30251.8,15535.04953521354,13.700000000000001,7.5589987126908245,7.3500000000000005,3.7794993563454122,7.3500000000000005,3.7794993563454122,3.4,1.6763819404468692,0.0,0.0,0.0,0.0,1.0,0.0
32000.0,5.09375,1.833100751456287E-6,32000.0,60.9,55.50953529652723,51.186017478152316,44.3019943019943,32000.0,1856584.0,40.0,48.0,134696.67500000002,81041.68010205281,32082.0,14330.464447534536,14.599999999999998,7.0339834430373145,7.799999999999999,3.5169917215186572,7.799999999999999,3.5169917215186572,3.7,1.4535544409551753,0.0,0.0,0.0,0.0,1.0,0.0
33000.0,5.234375,1.902882714704093E-6,33000.0,59.5,54.20028610685469,51.086956521739125,42.63456090651558,33000.0,1918152.0,40.0,48.0,140677.67500000002,81033.54524639386,33597.99999999999,14225.967473746825,15.450000000000001,7.139453401472332,8.225,3.5697267007361666,8.225,3.5697267007361666,3.975,1.4760915126936245,0.0,0.0,0.0,0.0,1.0,0.0
34000.0,5.421875,1.997293988501446E-6,34000.0,60.5,54.32290353691056,50.12626262626263,41.04477611940299,34000.0,1946368.0,40.0,48.0,146670.25000000006,81023.08770035859,34275.200000000004,14675.295639707585,15.699999999999998,7.504528547347174,8.350000000000001,3.7522642736735876,8.350000000000001,3.7522642736735876,3.999999999999999,1.4849674087764368,0.0,0.0,0.0,0.0,1.0,0.0
35000.0,5.59375,2.085542946588248E-6,35000.0,61.1,54.68814611616841,51.73697270471463,40.15384615384615,35000.0,1984720.0,40.0,48.0,152669.02499999997,81042.12532918391,35220.19999999999,14972.854369123288,16.15,7.671291804430199,8.574999999999998,3.8356459022150995,8.574999999999998,3.8356459022150995,4.075,1.4916433890176297,0.0,0.0,0.0,0.0,1.0,0.0
36000.0,5.71875,2.1509665465499796E-6,36000.0,61.7,55.67242500769656,52.948402948402936,42.492492492492495,36000.0,2023144.0,40.0,48.0,158672.80000000002,81017.630038697,36171.79999999999,15613.128780547117,16.549999999999994,7.980585416480647,8.774999999999995,3.9902927082403234,8.774999999999995,3.9902927082403234,4.150000000000001,1.528364300779574,0.0,0.0,0.0,0.0,1.0,0.0
37000.0,5.90625,2.25126339096783E-6,37000.0,59.8,53.82245538180903,51.6826923076923,41.31386861313867,37000.0,2067704.0,40.0,48.0,164671.15,81033.1877637577,37224.19999999999,16052.828119233101,17.2,8.274768569077619,9.1,4.137384284538809,9.1,4.137384284538809,4.2250000000000005,1.5768761719102937,0.0,0.0,0.0,0.0,1.0,0.0
38000.0,6.0625,2.3365954984910794E-6,38000.0,59.0,52.434318755032095,49.93894993894994,37.308868501529055,38000.0,2111032.0,40.0,48.0,170692.47500000003,81046.81543024362,38298.200000000004,16561.50539299044,17.549999999999994,8.460920723371629,9.274999999999997,4.2304603616858145,9.274999999999997,4.2304603616858145,4.2250000000000005,1.5768761719102937,0.0,0.0,0.0,0.0,1.0,0.0
39000.0,6.265625,2.448851882945747E-6,39000.0,62.1,55.60241316698882,52.977667493796524,42.57575757575758,39000.0,2136240.0,40.0,48.0,176679.49999999997,81057.69456001457,38915.8,17052.247721905485,17.9,8.699543165135239,9.45,4.3497715825676195,9.45,4.3497715825676195,4.25,1.5811388300841898,0.0,0.0,0.0,0.0,1.0,0.0
40000.0,6.453125,2.5541790334197392E-6,40000.0,60.0,52.5259742263514,50.186799501867995,36.40699523052464,40000.0,2171408.0,40.0,48.0,182668.35,81055.92291825915,39761.2,17004.225699845378,18.300000000000004,8.71838611270781,9.650000000000002,4.359193056353905,9.650000000000002,4.359193056353905,4.300000000000001,1.5224811059414558,0.0,0.0,0.0,0.0,1.0,0.0
41000.0,6.625,2.652137902461821E-6,41000.0,57.199999999999996,50.03811344850247,46.89826302729528,35.639097744360896,41000.0,2203096.0,40.0,48.0,188651.35,81055.74047927506,40531.4,17426.675021283776,18.699999999999996,8.927629254318534,9.849999999999998,4.463814627159267,9.849999999999998,4.463814627159267,4.3999999999999995,1.5819494627086232,0.0,0.0,0.0,0.0,1.0,0.0
42000.0,6.8125,2.760017264841332E-6,42000.0,62.4,56.13103752429711,52.64483627204031,42.85714285714286,42000.0,2224024.0,40.0,48.0,194660.17499999996,81041.01531335767,41015.599999999984,17711.416194950903,18.799999999999997,8.953440822616887,9.899999999999999,4.476720411308444,9.899999999999999,4.476720411308444,4.3999999999999995,1.5819494627086232,0.0,0.0,0.0,0.0,1.0,0.0
43000.0,7.015625,2.8778353912962815E-6,43000.0,63.5,58.340514363391705,55.48780487804878,46.559297218155194,43000.0,2242080.0,40.0,48.0,200635.52499999997,81023.83219737312,41486.00000000001,18010.409730671498,19.000000000000007,9.14834999834985,10.000000000000004,4.574174999174925,10.000000000000004,4.574174999174925,4.424999999999999,1.5994790818680102,0.0,0.0,0.0,0.0,1.0,0.0
44000.0,7.171875,2.9693294264790093E-6,44000.0,61.9,56.08777834124752,53.13653136531366,42.36006051437216,44000.0,2263472.0,40.0,48.0,206637.65,81009.44958952279,42034.6,18319.86432712051,19.249999999999996,9.295022103117125,10.124999999999998,4.6475110515585625,10.124999999999998,4.6475110515585625,4.424999999999999,1.5994790818680102,0.0,0.0,0.0,0.0,1.0,0.0
45000.0,7.34375,3.07099340716377E-6,45000.0,61.0,54.484183253680655,51.4321295143213,39.721792890262755,45000.0,2286424.0,40.0,48.0,212649.075,81007.84609304987,42601.4,18557.897218414346,19.449999999999996,9.342349125326413,10.224999999999998,4.671174562663206,10.224999999999998,4.671174562663206,4.424999999999999,1.5994790818680102,0.0,0.0,0.0,0.0,1.0,0.0
46000.0,7.5625,3.2011309263503395E-6,46000.0,61.0,55.97776764388498,51.911220715166465,44.52347083926031,46000.0,2299624.0,40.0,48.0,218666.30000000005,80994.53072677983,42928.99999999999,18640.020793429583,19.650000000000006,9.363184862493679,10.325000000000003,4.681592431246839,10.325000000000003,4.681592431246839,4.475,1.5849856425783446,0.0,0.0,0.0,0.0,1.0,0.0
47000.0,7.78125,3.332579088035144E-6,47000.0,61.0,54.45606528431093,50.943396226415096,40.54878048780488,47000.0,2322784.0,40.0,48.0,224666.5,80992.05904886207,43488.2,18396.916975824635,19.9,9.23704914586238,10.45,4.61852457293119,10.45,4.61852457293119,4.499999999999998,1.5689290811054724,0.0,0.0,0.0,0.0,1.0,0.0
48000.0,7.890625,3.3989614328472988E-6,48000.0,61.199999999999996,54.37891835707668,51.56054931335831,39.375,48000.0,2346048.0,40.0,48.0,230650.95,80983.098266354,44062.0,18788.272414133568,20.2,9.508970124072997,10.6,4.7544850620364985,10.6,4.7544850620364985,4.499999999999998,1.5689290811054724,0.0,0.0,0.0,0.0,1.0,0.0
49000.0,8.078125,3.5141260660667397E-6,49000.0,64.8,58.43566975250331,55.61160151324086,44.391785150078995,49000.0,2374216.0,40.0,48.0,236642.95,80992.29356025967,44770.399999999994,19097.112807424244,20.550000000000004,9.612891984605481,10.775000000000002,4.8064459923027405,10.775000000000002,4.8064459923027405,4.574999999999999,1.5670894137761353,0.0,0.0,0.0,0.0,1.0,0.0
50000.0,8.25,3.620286265181172E-6,50000.0,58.8,52.7691926741808,48.88337468982629,40.029112081513816,50000.0,2387544.0,40.0,48.0,242635.825,80993.05837520021,45077.19999999999,19206.97877869209,20.65,9.627817602908346,10.825,4.813908801454173,10.825,4.813908801454173,4.6,1.5491933384829668,0.0,0.0,0.0,0.0,1.0,0.0
51000.0,8.4375,3.7376899530904175E-6,51000.0,58.199999999999996,51.121115561142446,48.07453416149068,35.7910906298003,51000.0,2420376.0,40.0,48.0,248610.92500000002,80987.65134373089,45851.2,19421.546907151,21.049999999999997,9.708442004453968,11.024999999999999,4.854221002226984,11.024999999999999,4.854221002226984,4.6499999999999995,1.4944341180973264,0.0,0.0,0.0,0.0,1.0,0.0
52000.0,8.65625,3.87542059696797E-6,52000.0,60.9,54.674812062759734,50.69356872635561,40.75757575757576,52000.0,2433800.0,40.0,48.0,254625.10000000003,81005.37967282458,46135.0,19596.847737092037,21.2,9.837656589833129,11.1,4.9188282949165645,11.1,4.9188282949165645,4.6499999999999995,1.4944341180973264,0.0,0.0,0.0,0.0,1.0,0.0
53000.0,8.890625,4.024900295512959E-6,53000.0,61.4,55.81602985279641,53.21212121212121,43.48462664714494,53000.0,2465320.0,40.0,48.0,260620.4,81007.89369032864,46905.2,19862.012730399812,21.6,9.966096373358875,11.3,4.983048186679437,11.3,4.983048186679437,4.6499999999999995,1.4944341180973264,0.0,0.0,0.0,0.0,1.0,0.0
54000.0,9.109375,4.1670681093819455E-6,54000.0,60.199999999999996,54.10188459045734,50.62034739454093,39.696969696969695,54000.0,2512208.0,40.0,48.0,266623.725,81011.70021827567,48070.79999999999,20357.062227224164,22.15,10.21700442826465,11.575,5.108502214132325,11.575,5.108502214132325,4.675,1.5087352489028854,0.0,0.0,0.0,0.0,1.0,0.0
55000.0,9.28125,4.279583129876605E-6,55000.0,62.4,57.090263369920734,52.58511979823456,44.21364985163205,55000.0,2530464.0,40.0,48.0,272610.64999999997,81026.14710540143,48533.200000000004,20602.94224843402,22.349999999999998,10.311929859919404,11.674999999999999,5.155964929959702,11.674999999999999,5.155964929959702,4.725000000000001,1.5356865999719258,0.0,0.0,0.0,0.0,1.0,0.0
56000.0,9.4375,4.3822915176861E-6,56000.0,61.9,56.56535716728608,53.0209617755857,44.05286343612334,56000.0,2540904.0,40.0,48.0,278589.8499999999,81020.77653437626,48793.6,20762.38351615235,22.400000000000002,10.349780128966447,11.700000000000001,5.174890064483224,11.700000000000001,5.174890064483224,4.725000000000001,1.5356865999719258,0.0,0.0,0.0,0.0,1.0,0.0
57000.0,9.640625,4.516543057333266E-6,57000.0,61.7,55.85416428936154,52.00501253132832,42.921013412816684,57000.0,2554808.0,40.0,48.0,284581.55,81016.3859823336,49138.39999999999,20786.720984123367,22.699999999999996,10.451843169557494,11.849999999999998,5.225921584778747,11.849999999999998,5.225921584778747,4.750000000000001,1.5317159809030676,0.0,0.0,0.0,0.0,1.0,0.0
58000.0,9.84375,4.652183981508846E-6,58000.0,60.5,54.07291825328262,51.1742892459827,38.37753510140406,58000.0,2581248.0,40.0,48.0,290589.4,81016.34375529991,49795.39999999998,21246.831902360864,22.999999999999996,10.71782603291334,11.999999999999998,5.35891301645667,11.999999999999998,5.35891301645667,4.775,1.5768761719102933,0.0,0.0,0.0,0.0,1.0,0.0
59000.0,10.046875,4.76286390848044E-6,59000.0,54.50000000000001,46.51029647402928,43.407960199004975,31.060606060606066,59000.0,2106240.0,40.0,66.0,217653.45,144574.71990793885,38457.39999999999,27453.996453554722,17.400000000000002,13.421758072010897,9.2,6.7108790360054495,9.2,6.7108790360054495,3.5500000000000007,2.396043747727833,0.0,0.0,0.0,0.0,1.0,0.0
60000.0,10.21875,4.8528295398379376E-6,60000.0,55.300000000000004,48.2828039744723,43.489254108723145,33.87573964497042,60000.0,2023328.0,40.0,83.0,209374.27500000002,152052.0756680872,36450.99999999999,28470.644772178763,16.449999999999996,13.966902268375726,8.725,6.983451134187863,8.725,6.983451134187863,3.3249999999999993,2.515464987346097,0.0,0.0,0.0,0.0,1.0,0.0
61000.0,10.421875,4.961364223466566E-6,61000.0,55.900000000000006,49.48337877156408,44.73684210526316,34.66666666666667,61000.0,2065416.0,40.0,91.0,214293.47500000003,153501.20429578322,37484.80000000001,28583.002662242183,16.900000000000002,13.841224193671858,8.950000000000001,6.920612096835929,8.950000000000001,6.920612096835929,3.425,2.500128201841062,0.0,0.0,0.0,0.0,1.0,0.0
62000.0,10.625,5.07117899057145E-6,62000.0,55.7,48.60860405655607,43.71029224904702,33.880597014925385,62000.0,2089776.0,40.0,95.0,219888.59999999998,154095.09164328966,38044.600000000006,28851.895516808258,17.149999999999995,13.925718689735229,9.075,6.9628593448676135,9.075,6.9628593448676135,3.45,2.500769112462434,0.0,0.0,0.0,0.0,1.0,0.0
63000.0,10.796875,5.165785260032863E-6,63000.0,53.0,46.18602004399007,39.743589743589745,32.37410071942446,63000.0,2127696.0,40.0,100.0,224248.84999999995,156380.80361462658,38912.2,29022.685379296676,17.549999999999997,14.003570973148245,9.274999999999997,7.001785486574122,9.274999999999997,7.001785486574122,3.525000000000001,2.521573582771943,0.0,0.0,0.0,0.0,1.0,0.0
64000.0,11.0,5.279128769567858E-6,64000.0,53.800000000000004,47.66485570453074,42.82178217821782,33.62068965517242,64000.0,2156928.0,40.0,102.0,229810.95,157005.45612370552,39629.79999999999,29439.379479943233,17.95,14.264803377005075,9.475000000000001,7.132401688502537,9.475000000000001,7.132401688502537,3.575000000000001,2.5808714489291082,0.0,0.0,0.0,0.0,1.0,0.0
65000.0,11.140625,5.358480072269838E-6,65000.0,55.60000000000001,49.46799127298553,46.506024096385545,35.930735930735935,65000.0,2181192.0,40.0,102.0,235824.425,157044.2716213207,40183.600000000006,29857.461032764943,18.15,14.456920975870489,9.575000000000001,7.228460487935244,9.575000000000001,7.228460487935244,3.575000000000001,2.5808714489291082,0.0,0.0,0.0,0.0,1.0,0.0
66000.0,11.359375,5.484605078688927E-6,66000.0,57.099999999999994,50.75593654977036,45.76485461441213,37.18887262079062,66000.0,2228720.0,40.0,102.0,241834.82499999995,157037.03165746958,41352.6,29579.975174483778,18.7,14.225653966311384,9.85,7.112826983155691,9.85,7.112826983155691,3.675,2.5154649873460975,0.0,0.0,0.0,0.0,1.0,0.0
67000.0,11.5625,5.603515374888149E-6,67000.0,58.699999999999996,52.38561884284372,49.325153374233125,39.26470588235294,67000.0,2262864.0,40.0,102.0,247829.74999999994,157022.1853735145,42181.0,29729.260754778974,19.05,14.28994625961078,10.025,7.14497312980539,10.025,7.14497312980539,3.7249999999999996,2.4598050787899894,0.0,0.0,0.0,0.0,1.0,0.0
68000.0,11.75,5.714639232286977E-6,68000.0,53.400000000000006,46.52682551794967,40.937896070975924,31.5712187958884,68000.0,2290912.0,40.0,102.0,253812.34999999998,157028.69860822355,42760.399999999994,29921.143921639883,19.400000000000002,14.41651474649464,10.200000000000001,7.208257373247321,10.200000000000001,7.208257373247321,3.75,2.467740583964123,0.0,0.0,0.0,0.0,1.0,0.0
69000.0,11.9375,5.827196162297494E-6,69000.0,58.699999999999996,52.159095911166496,48.180677540777914,38.63298662704308,69000.0,2320456.0,40.0,102.0,259820.37499999997,157033.33342542886,43502.600000000006,29963.409227820626,19.8,14.449203686691083,10.4,7.224601843345542,10.4,7.224601843345542,3.8249999999999993,2.469168862551703,0.0,0.0,0.0,0.0,1.0,0.0
70000.0,12.078125,5.913661023239709E-6,70000.0,60.4,54.65885944131929,50.68493150684932,43.18507890961262,70000.0,2376728.0,40.0,102.0,265794.64999999997,157052.71431977127,44924.799999999996,30083.88839024841,20.65,14.584062252845458,10.825,7.292031126422729,10.825,7.292031126422729,3.8999999999999995,2.4889499382012077,0.0,0.0,0.0,0.0,1.0,0.0
71000.0,12.296875,6.052570113550044E-6,71000.0,58.5,52.504446270511785,50.23980815347721,39.68023255813954,71000.0,2454624.0,40.0,102.0,271804.575,157057.51560885264,46880.39999999999,29619.482871574364,21.750000000000004,14.32005944694723,11.375000000000002,7.160029723473615,11.375000000000002,7.160029723473615,4.1000000000000005,2.3402826916684822,0.0,0.0,0.0,0.0,1.0,0.0
72000.0,12.46875,6.166758765983913E-6,72000.0,58.699999999999996,52.04917223867669,49.44920440636475,37.32928679817905,72000.0,2568104.0,40.0,102.0,277789.3,157048.4193504404,49696.8,28555.544853980504,23.05,13.852612453789058,12.025,6.926306226894529,12.025,6.926306226894529,4.2749999999999995,2.1241891363952243,0.0,0.0,0.0,0.0,1.0,0.0
73000.0,12.625,6.274148019858533E-6,73000.0,57.49999999999999,51.56573726064927,47.78869778869778,38.316400580551516,73000.0,2656704.0,40.0,102.0,283788.7250000001,157041.6869339994,51891.60000000001,27722.87309341956,24.099999999999998,13.41220263369069,12.549999999999999,6.706101316845345,12.549999999999999,6.706101316845345,4.474999999999999,1.9609979144590697,0.0,0.0,0.0,0.0,1.0,0.0
74000.0,12.8125,6.404819561996394E-6,74000.0,56.00000000000001,49.48735404428352,45.341614906832305,34.621099554234775,74000.0,2693904.0,40.0,102.0,289773.45000000007,157055.63775266032,52784.20000000001,27440.121251881315,24.349999999999998,13.269494609045482,12.674999999999999,6.634747304522741,12.674999999999999,6.634747304522741,4.5249999999999995,1.8809094908635324,0.0,0.0,0.0,0.0,1.0,0.0
75000.0,13.015625,6.547486021493872E-6,75000.0,55.7,49.65817560319279,44.69413233458178,36.44189383070302,75000.0,2714944.0,40.0,102.0,295767.2250000001,157075.15372609466,53274.00000000001,27008.43296226057,24.600000000000005,13.073363014650074,12.800000000000002,6.536681507325037,12.800000000000002,6.536681507325037,4.6,1.751190071541826,0.0,0.0,0.0,0.0,1.0,0.0
76000.0,13.203125,6.680851414178809E-6,76000.0,58.099999999999994,52.44305367805876,48.65196078431372,39.45086705202312,76000.0,2749440.0,40.0,102.0,301797.425,157082.74997231882,54131.8,27149.799284520384,24.950000000000003,13.22381301929329,12.975000000000001,6.611906509646645,12.975000000000001,6.611906509646645,4.6,1.751190071541826,0.0,0.0,0.0,0.0,1.0,0.0
77000.0,13.375,6.8050829253883825E-6,77000.0,56.89999999999999,51.14912890169413,46.52605459057071,39.038189533239034,77000.0,2793968.0,40.0,102.0,307783.60000000003,157080.75862872053,55225.799999999996,26982.865840837138,25.5,13.140268896284681,13.25,6.5701344481423405,13.25,6.5701344481423405,4.750000000000001,1.5972733176516944,0.0,0.0,0.0,0.0,1.0,0.0
78000.0,13.578125,6.9538668806975085E-6,78000.0,59.9,54.071593337746734,49.111675126903556,40.85545722713864,78000.0,2831360.0,40.0,102.0,313777.7250000001,157092.69690740042,56117.4,27125.928488232767,25.950000000000003,13.212173873422135,13.475000000000001,6.606086936711067,13.475000000000001,6.606086936711067,4.824999999999999,1.5994790818680102,0.0,0.0,0.0,0.0,1.0,0.0
79000.0,13.765625,7.093022771490117E-6,79000.0,55.900000000000006,50.51032718172587,46.21951219512195,37.4468085106383,79000.0,2868816.0,40.0,102.0,319775.19999999995,157089.28457004382,57046.799999999996,27665.119198490123,26.6,13.724019744547075,13.8,6.862009872273537,13.8,6.862009872273537,4.875,1.6201851746019649,0.0,0.0,0.0,0.0,1.0,0.0
80000.0,13.953125,7.233742120054861E-6,80000.0,60.4,54.663686987104334,52.05811138014528,41.5929203539823,80000.0,2901048.0,40.0,102.0,325770.60000000003,157065.60770873053,57840.0,28080.860414898714,26.95,13.770928129158962,13.975,6.885464064579481,13.975,6.885464064579481,4.924999999999998,1.6233472857821922,0.0,0.0,0.0,0.0,1.0,0.0
81000.0,14.140625,7.376884459517896E-6,81000.0,59.8,54.45708770069469,50.247524752475236,42.81650071123755,81000.0,2951000.0,40.0,102.0,331787.45000000007,157060.80565573383,59076.19999999999,28423.9784356944,27.65,13.977179202598014,14.325,6.988589601299007,14.325,6.988589601299007,5.099999999999999,1.565657066947309,0.0,0.0,0.0,0.0,1.0,0.0
82000.0,14.328125,7.52179475966841E-6,82000.0,57.3,51.74192440095566,47.671568627450974,38.99999999999999,82000.0,2987448.0,40.0,102.0,337774.22500000003,157075.16046760045,59962.0,28612.41718608844,27.95,14.062042015334246,14.475,7.031021007667123,14.475,7.031021007667123,5.124999999999999,1.539022333687768,0.0,0.0,0.0,0.0,1.0,0.0
83000.0,14.53125,7.680987538252439E-6,83000.0,59.699999999999996,54.2303948792557,49.11616161616161,39.94038748137108,83000.0,3029440.0,40.0,102.0,343766.62499999994,157080.58886651348,61005.00000000001,29109.088611546602,28.550000000000008,14.39720414453748,14.775000000000004,7.19860207226874,14.775000000000004,7.19860207226874,5.1499999999999995,1.561557407994192,0.0,0.0,0.0,0.0,1.0,0.0
84000.0,14.71875,7.829431431471473E-6,84000.0,60.9,54.59406982294009,51.96560196560196,40.577507598784194,84000.0,3060296.0,40.0,102.0,349772.89999999985,157083.48948916406,61756.00000000001,29244.09495335811,28.849999999999994,14.396491737884421,14.924999999999997,7.198245868942211,14.924999999999997,7.198245868942211,5.1499999999999995,1.561557407994192,0.0,0.0,0.0,0.0,1.0,0.0
85000.0,14.9375,8.004377984131375E-6,85000.0,62.4,56.68512156965747,53.58024691358024,43.373493975903614,85000.0,3091432.0,40.0,102.0,355773.72500000003,157082.22368849517,62572.399999999994,29300.954415889788,29.149999999999995,14.289228505488017,15.074999999999998,7.144614252744009,15.074999999999998,7.144614252744009,5.1499999999999995,1.561557407994192,0.0,0.0,0.0,0.0,1.0,0.0
86000.0,15.125,8.156753222768504E-6,86000.0,58.5,52.7623227733411,49.451887941534714,39.94211287988422,86000.0,3141344.0,40.0,102.0,361797.77499999997,157062.5816840401,63782.4,29514.23251003506,29.849999999999998,14.534750577804022,15.424999999999999,7.267375288902011,15.424999999999999,7.267375288902011,5.174999999999999,1.5994790818680105,0.0,0.0,0.0,0.0,1.0,0.0
87000.0,15.296875,8.29822509937609E-6,87000.0,58.9,53.08583351977244,48.94409937888199,40.26162790697674,87000.0,3181704.0,40.0,102.0,367819.29999999993,157053.24251090692,64777.2,29803.105124062116,30.4,14.733182502998687,15.7,7.366591251499344,15.7,7.366591251499344,5.225000000000001,1.5273153923444582,0.0,0.0,0.0,0.0,1.0,0.0
88000.0,15.546875,8.507517082357983E-6,88000.0,58.699999999999996,52.78138237362159,49.69549330085262,39.08554572271386,88000.0,3236048.0,40.0,102.0,373829.62499999994,157028.15349152626,66111.0,30236.558110323575,31.000000000000004,15.075876468121225,16.0,7.537938234060612,16.0,7.537938234060612,5.3,1.55579973663477,0.0,0.0,0.0,0.0,1.0,0.0
89000.0,15.75,8.680156833078296E-6,89000.0,57.9,52.729559183490146,48.470012239902076,40.536723163841806,89000.0,3285336.0,40.0,102.0,379830.9999999999,157026.17844544104,67331.8,29628.534326185436,31.699999999999996,14.860375810549654,16.349999999999998,7.430187905274827,16.349999999999998,7.430187905274827,5.425000000000001,1.5340160130210918,0.0,0.0,0.0,0.0,1.0,0.0
90000.0,15.96875,8.836337429885233E-6,90000.0,49.5,42.04328964583286,35.58673469387755,21.46189735614308,90000.0,2759824.0,40.0,120.0,302228.8499999999,220133.21498683124,54828.0,38029.81308232954,25.349999999999998,18.673373337318345,13.174999999999999,9.336686668659173,13.174999999999999,9.336686668659173,4.3,2.775349365857225,0.0,0.0,0.0,0.0,1.0,0.0
91000.0,16.203125,8.96815352866219E-6,91000.0,49.0,39.602084320227384,35.361216730038024,19.81132075471698,91000.0,2174000.0,40.0,137.0,203081.72500000003,215319.37952296168,40287.00000000001,39845.26844734549,18.35,19.42975513523999,9.675,9.714877567619995,9.675,9.714877567619995,3.05,2.995295456510905,0.0,0.0,0.0,0.0,1.0,0.0
92000.0,16.421875,9.07072183003442E-6,92000.0,50.5,36.47615931009259,36.61971830985916,22.169811320754718,92000.0,1812456.0,40.0,145.0,153459.62500000003,201306.40774682927,31238.600000000002,38127.50632420856,13.95,18.508418043191547,7.4750000000000005,9.254209021595774,7.4750000000000005,9.254209021595774,2.25,2.8170724939016814,0.0,0.0,0.0,0.0,1.0,0.0
93000.0,16.5625,9.137602141385688E-6,93000.0,53.7,40.16557207140845,41.318124207858055,26.971608832807576,93000.0,1838392.0,40.0,145.0,159452.025,201317.68900937712,31791.000000000007,38768.144054570075,14.25,18.85810714595198,7.624999999999998,9.42905357297599,7.624999999999998,9.42905357297599,2.25,2.8170724939016814,0.0,0.0,0.0,0.0,1.0,0.0
94000.0,16.734375,9.220240430699452E-6,94000.0,54.0,40.095118533528506,42.78606965174129,27.330173775671412,94000.0,1858536.0,40.0,145.0,165460.82500000004,201323.08293054948,32216.4,38910.01065891557,14.499999999999998,18.988525550028957,7.75,9.494262775014478,7.75,9.494262775014478,2.2749999999999995,2.8373651554992048,0.0,0.0,0.0,0.0,1.0,0.0
95000.0,16.859375,9.281452124317484E-6,95000.0,50.3,33.45526506762927,35.87096774193548,21.484992101105846,95000.0,1892896.0,40.0,145.0,171471.2,201328.61081227378,33036.2,39651.95481144947,14.999999999999998,19.57497093687465,8.0,9.787485468437325,8.0,9.787485468437325,2.3250000000000006,2.8768528032004097,0.0,0.0,0.0,0.0,1.0,0.0
96000.0,17.03125,9.366641235020423E-6,96000.0,52.1,37.96035938955066,39.21319796954315,26.646248085758046,96000.0,1915904.0,40.0,145.0,177476.44999999998,201342.753652463,33550.0,40433.06904515481,15.15,19.764705657904184,8.075,9.882352828952092,8.075,9.882352828952092,2.35,2.904903017049199,0.0,0.0,0.0,0.0,1.0,0.0
97000.0,17.21875,9.460874781426454E-6,97000.0,54.50000000000001,41.18103314545738,43.75772558714463,30.00000000000001,97000.0,1942704.0,40.0,145.0,183459.57499999995,201332.54339752754,34195.6,41205.538127158565,15.399999999999999,20.036889056860176,8.2,10.018444528430088,8.2,10.018444528430088,2.3749999999999996,2.9237094457344632,0.0,0.0,0.0,0.0,1.0,0.0
98000.0,17.359375,9.531810420513565E-6,98000.0,54.400000000000006,39.273762136924354,39.2809587217044,27.15654952076678,98000.0,1949864.0,40.0,145.0,189458.94999999998,201321.67767835682,34365.600000000006,41419.443795743064,15.45,20.10478958115613,8.225,10.052394790578065,8.225,10.052394790578065,2.3749999999999996,2.9237094457344632,0.0,0.0,0.0,0.0,1.0,0.0
99000.0,17.546875,9.627409518644626E-6,99000.0,50.8,35.0457320293192,37.957124842370746,22.762951334379906,99000.0,1970856.0,40.0,145.0,195464.02500000002,201341.4793874388,34858.00000000001,42166.9499550634,15.699999999999998,20.514160212662112,8.35,10.257080106331056,8.35,10.257080106331056,2.4250000000000007,2.986186144952738,0.0,0.0,0.0,0.0,1.0,0.0
100000.0,17.65625,9.683788876928802E-6,100000.0,54.0,39.800031408679274,40.72164948453609,28.57142857142858,100000.0,1992528.0,40.0,145.0,201467.0249999999,201331.14301395856,35379.4,42800.82648183567,15.999999999999995,20.853579905421395,8.499999999999998,10.426789952710697,8.499999999999998,10.426789952710697,2.45,3.0208675948543364,0.0,0.0,0.0,0.0,1.0,0.0
101000.0,17.796875,9.75997630222183E-6,101000.0,53.400000000000006,39.12467553843964,41.8227215980025,28.41781874039939,101000.0,2094224.0,40.0,145.0,207482.72500000003,201340.3625128848,37864.2,42366.24547019744,17.299999999999997,20.608935079916314,9.15,10.304467539958157,9.15,10.304467539958157,2.85,2.8783007807759398,0.0,0.0,0.0,0.0,1.0,0.0
102000.0,17.96875,9.861178922518673E-6,102000.0,51.2,33.838223610534904,35.87385019710907,22.416534181240067,102000.0,2276048.0,40.0,145.0,213476.925,201350.2633646011,42346.00000000001,40164.29086281521,19.6,19.565537467962805,10.3,9.782768733981403,10.3,9.782768733981403,3.5250000000000004,2.32033927669519,0.0,0.0,0.0,0.0,1.0,0.0
103000.0,18.125,9.956901744266764E-6,103000.0,51.300000000000004,38.69671995981928,38.51010101010102,26.766917293233078,103000.0,2368088.0,40.0,145.0,219476.15,201367.19898395467,44622.6,39867.45135545395,20.450000000000003,19.632456120754057,10.725000000000001,9.816228060377028,10.725000000000001,9.816228060377028,3.75,2.157277486520024,0.0,0.0,0.0,0.0,1.0,0.0
104000.0,18.3125,1.0072532426824584E-5,104000.0,55.900000000000006,43.21225482116368,43.31619537275065,30.221518987341785,104000.0,2383824.0,40.0,145.0,225480.07499999995,201328.67585418466,45010.799999999996,39826.28607751676,20.6,19.64401128810456,10.8,9.82200564405228,10.8,9.82200564405228,3.775,2.142219074721949,0.0,0.0,0.0,0.0,1.0,0.0
105000.0,18.484375,1.017910276358533E-5,105000.0,57.4,47.57258612371885,45.31450577663671,33.85093167701863,105000.0,2396768.0,40.0,145.0,231483.32499999998,201323.36658825804,45341.4,40169.774329488726,20.649999999999995,19.699733175337354,10.824999999999998,9.849866587668677,10.824999999999998,9.849866587668677,3.775,2.142219074721949,0.0,0.0,0.0,0.0,1.0,0.0
106000.0,18.578125,1.023776036971766E-5,106000.0,58.5,46.95048370932444,47.40177439797211,32.18954248366012,106000.0,2418552.0,40.0,145.0,237476.34999999998,201329.80541129844,45887.19999999999,40547.221000097765,20.900000000000002,19.94839496146147,10.950000000000001,9.974197480730735,10.950000000000001,9.974197480730735,3.8,2.1267526708757,0.0,0.0,0.0,0.0,1.0,0.0
107000.0,18.796875,1.0377529187179686E-5,107000.0,56.699999999999996,45.19681053031262,44.41591784338896,32.65940902021772,107000.0,2469816.0,40.0,145.0,243463.52499999994,201328.08867833408,47165.2,40821.22780298982,21.55,20.020438274871726,11.275,10.010219137435863,11.275,10.010219137435863,3.9499999999999993,2.062485431183976,0.0,0.0,0.0,0.0,1.0,0.0
108000.0,18.96875,1.0488428912746408E-5,108000.0,56.49999999999999,46.71696911421554,44.86692015209125,33.78995433789953,108000.0,2494136.0,40.0,145.0,249483.5,201325.44307165945,47761.399999999994,40877.14616512664,21.900000000000002,20.045844892044272,11.450000000000001,10.022922446022136,11.450000000000001,10.022922446022136,4.075,2.0303782646186637,0.0,0.0,0.0,0.0,1.0,0.0
109000.0,19.234375,1.0663630188597985E-5,109000.0,56.699999999999996,45.77536222809411,45.12040557667933,32.02511773940345,109000.0,2549592.0,40.0,145.0,255487.30000000002,201329.78086051648,49136.2,40809.089404325794,22.449999999999996,19.93830227065227,11.724999999999998,9.969151135326134,11.724999999999998,9.969151135326134,4.274999999999999,1.9213710382606133,0.0,0.0,0.0,0.0,1.0,0.0
110000.0,19.375,1.075737071611608E-5,110000.0,59.9,50.12623907068144,49.04701397712834,37.14733542319749,110000.0,2576720.0,40.0,145.0,261502.34999999998,201303.20209912595,49818.39999999999,41213.81333584714,22.850000000000005,20.28204966125314,11.925000000000002,10.14102483062657,11.925000000000002,10.14102483062657,4.299999999999999,1.8973665961010275,0.0,0.0,0.0,0.0,1.0,0.0
111000.0,19.5,1.0841433443905164E-5,111000.0,58.9,48.643167479504115,47.0360824742268,36.08087091757387,111000.0,2599536.0,40.0,145.0,267509.7,201302.47971904345,50344.59999999999,41723.75849087817,23.0,20.386018335853215,12.0,10.193009167926608,12.0,10.193009167926608,4.325,1.8727122795697375,0.0,0.0,0.0,0.0,1.0,0.0
112000.0,19.703125,1.0978968639392405E-5,112000.0,57.099999999999994,47.15824688553909,44.78764478764478,33.89830508474576,112000.0,2617296.0,40.0,145.0,273504.575,201303.04425276365,50757.2,42268.99119904113,23.200000000000003,20.79842203087433,12.100000000000001,10.399211015437166,12.100000000000001,10.399211015437166,4.325,1.8727122795697375,0.0,0.0,0.0,0.0,1.0,0.0
113000.0,19.921875,1.112853264203295E-5,113000.0,59.099999999999994,48.75958095610361,48.162230671736374,35.28481012658227,113000.0,2642904.0,40.0,145.0,279505.2750000001,201305.53060651012,51386.00000000001,42402.569007803504,23.450000000000003,20.80674200398786,12.225000000000001,10.40337100199393,12.225000000000001,10.40337100199393,4.375000000000001,1.8353718270665875,0.0,0.0,0.0,0.0,1.0,0.0
114000.0,20.09375,1.1246624182806246E-5,114000.0,57.199999999999996,47.769335718696375,47.677261613691925,35.639097744360896,114000.0,2655880.0,40.0,145.0,285495.70000000007,201310.33535279904,51701.0,42612.673696797574,23.500000000000007,20.76856599126029,12.250000000000004,10.384282995630144,12.250000000000004,10.384282995630144,4.375000000000001,1.8353718270665875,0.0,0.0,0.0,0.0,1.0,0.0
115000.0,20.28125,1.1376700066547427E-5,115000.0,57.9,47.900037373369855,47.11055276381909,34.52566096423016,115000.0,2681624.0,40.0,145.0,291499.0749999999,201318.3957431212,52344.39999999999,42420.90511057019,23.900000000000006,20.695348170481115,12.450000000000003,10.347674085240557,12.450000000000003,10.347674085240557,4.425000000000001,1.8381637995146556,0.0,0.0,0.0,0.0,1.0,0.0
116000.0,20.421875,1.1475629515997652E-5,116000.0,54.400000000000006,43.660858134087164,44.457978075517666,29.19254658385094,116000.0,2719352.0,40.0,145.0,297502.67500000005,201321.66173186983,53274.60000000001,42733.95194768051,24.249999999999996,20.8323589515729,12.624999999999998,10.41617947578645,12.624999999999998,10.41617947578645,4.45,1.8250395148514544,0.0,0.0,0.0,0.0,1.0,0.0
117000.0,20.65625,1.1641769702287598E-5,117000.0,58.3,49.51286574417673,46.87898089171974,36.91376701966716,117000.0,2740096.0,40.0,145.0,303501.6000000001,201329.5881353731,53773.40000000002,42588.402644803406,24.5,20.65963486658254,12.75,10.32981743329127,12.75,10.32981743329127,4.475000000000001,1.8114663277053362,0.0,0.0,0.0,0.0,1.0,0.0
118000.0,20.90625,1.1821364395372155E-5,118000.0,58.099999999999994,47.32819437530484,45.30026109660574,33.386327503974556,118000.0,2776872.0,40.0,145.0,309508.875,201323.9939750374,54674.8,42434.289900310454,24.95,20.653366274327738,12.975,10.326683137163869,12.975,10.326683137163869,4.525000000000001,1.7829318982636868,0.0,0.0,0.0,0.0,1.0,0.0
119000.0,21.125,1.1982586551716345E-5,119000.0,59.199999999999996,48.84166495302962,48.54981084489281,34.19354838709677,119000.0,2848912.0,40.0,145.0,315496.04999999993,201315.91949546646,56471.799999999996,41643.73273202596,26.049999999999997,20.219246986916914,13.524999999999999,10.109623493458457,13.524999999999999,10.109623493458457,4.7250000000000005,1.648425822506943,0.0,0.0,0.0,0.0,1.0,0.0
120000.0,21.34375,1.2146075055675788E-5,120000.0,61.1,52.751123527268305,49.74160206718346,38.93249607535322,120000.0,2888960.0,40.0,145.0,321490.85000000015,201325.95827809267,57506.60000000001,41357.970426323096,26.4,20.144096291087756,13.7,10.072048145543876,13.7,10.072048145543876,4.800000000000001,1.6361305195255902,0.0,0.0,0.0,0.0,1.0,0.0
121000.0,21.5625,1.2312140024732798E-5,121000.0,59.699999999999996,50.922606289700326,47.182175622542594,36.83385579937304,121000.0,2934488.0,40.0,145.0,327519.8,201336.0467495282,58654.0,41015.5175337835,27.0,19.77825794096859,14.0,9.889128970484295,14.0,9.889128970484295,4.8999999999999995,1.5819494627086237,0.0,0.0,0.0,0.0,1.0,0.0
122000.0,21.75,1.24298021546565E-5,122000.0,47.699999999999996,38.210709749830166,36.06356968215159,25.71022727272727,122000.0,2425704.0,40.0,158.0,250450.62500000003,228534.47274560612,46593.4,43271.76568476173,21.049999999999997,20.757389786994676,11.024999999999999,10.378694893497338,11.024999999999999,10.378694893497338,3.774999999999999,2.5266527974722526,0.0,0.0,0.0,0.0,1.0,0.0
123000.0,21.96875,1.2552088947914954E-5,123000.0,47.099999999999994,38.56181215941874,35.56638246041413,27.633378932968533,123000.0,2160896.0,40.0,167.0,205063.14999999997,246987.1372301732,39984.600000000006,46846.110771332984,18.000000000000004,22.495583612151115,9.500000000000002,11.247791806075558,9.500000000000002,11.247791806075558,2.949999999999999,2.9260106735175215,0.0,0.0,0.0,0.0,1.0,0.0
124000.0,22.15625,1.26578953414638E-5,124000.0,47.5,38.584567296106606,33.035714285714285,25.637393767705387,124000.0,2181288.0,40.0,169.0,210694.55000000002,247290.1603106338,40366.6,47082.27316953012,18.15000000000001,22.517856162473507,9.575000000000005,11.258928081236753,9.575000000000005,11.258928081236753,2.974999999999999,2.9394531150172503,0.0,0.0,0.0,0.0,1.0,0.0
125000.0,22.3125,1.2747406759040636E-5,125000.0,48.4,40.79302918238157,37.980769230769226,29.891304347826086,125000.0,2214424.0,40.0,169.0,216711.35,247283.1644786849,41106.80000000001,47150.22214984239,18.5,22.5354421710814,9.75,11.2677210855407,9.75,11.2677210855407,3.025,2.982749548955606,0.0,0.0,0.0,0.0,1.0,0.0
126000.0,22.515625,1.286531568944661E-5,126000.0,49.6,43.02889587965532,37.54646840148699,31.983805668016192,126000.0,2243808.0,40.0,169.0,222720.02500000002,247285.35766283303,41803.6,47258.37679689098,18.850000000000005,22.59288519730186,9.925000000000002,11.29644259865093,9.925000000000002,11.29644259865093,3.025,2.982749548955606,0.0,0.0,0.0,0.0,1.0,0.0
127000.0,22.71875,1.2985778901363826E-5,127000.0,51.0,43.95285634545172,39.95098039215686,32.87671232876712,127000.0,2292416.0,40.0,169.0,228718.575,247265.38796458405,42919.8,46943.16243768929,19.400000000000002,22.382227381654904,10.200000000000001,11.191113690827452,10.200000000000001,11.191113690827452,3.2250000000000005,2.9043512890586105,0.0,0.0,0.0,0.0,1.0,0.0
128000.0,22.890625,1.3090652484808945E-5,128000.0,46.2,39.164358003053096,33.987730061349694,27.49326145552561,128000.0,2358608.0,40.0,170.0,233887.9499999999,247995.124569731,44555.200000000004,46101.511816358536,20.35,22.10180407997826,10.675,11.05090203998913,10.675,11.05090203998913,3.5749999999999997,2.6974584429203072,0.0,0.0,0.0,0.0,1.0,0.0
129000.0,23.078125,1.3206703038627489E-5,129000.0,50.7,43.20335388227542,38.297872340425535,30.070921985815602,129000.0,2392480.0,40.0,170.0,239878.15,247980.13058127285,45384.8,46775.49467742644,20.700000000000003,22.47528557190012,10.850000000000001,11.23764278595006,10.850000000000001,11.23764278595006,3.6500000000000004,2.787793907697424,0.0,0.0,0.0,0.0,1.0,0.0
130000.0,23.28125,1.3334940918462557E-5,130000.0,52.1,46.48236040722566,41.65651644336176,35.09485094850949,130000.0,2440368.0,40.0,170.0,245907.52500000002,248005.9763658506,46566.999999999985,46473.36661920542,21.25,22.31332820053108,11.125,11.15666410026554,11.125,11.15666410026554,3.850000000000001,2.6559077833852127,0.0,0.0,0.0,0.0,1.0,0.0
131000.0,23.46875,1.3455064068289681E-5,131000.0,54.7,48.48502767934716,45.42168674698795,36.286919831223635,131000.0,2476440.0,40.0,170.0,251892.32499999995,248015.84215119923,47463.999999999985,46371.59045397051,21.65,22.226745266192374,11.325,11.113372633096187,11.325,11.113372633096187,3.950000000000001,2.541451230886471,0.0,0.0,0.0,0.0,1.0,0.0
132000.0,23.640625,1.3567471307598882E-5,132000.0,54.0,48.62642701267141,44.64500601684717,36.986301369863014,132000.0,2528040.0,40.0,170.0,257896.375,248011.72278431823,48712.599999999984,46087.80337728833,22.300000000000004,22.09791729367156,11.650000000000002,11.04895864683578,11.650000000000002,11.04895864683578,4.099999999999999,2.4263510642896438,0.0,0.0,0.0,0.0,1.0,0.0
133000.0,23.78125,1.3660474926129812E-5,133000.0,55.400000000000006,48.80847713254014,44.527363184079604,35.734870317002894,133000.0,2556464.0,40.0,170.0,263903.32500000007,248019.96311570832,49419.60000000002,45916.46343747663,22.6,21.928555320894684,11.8,10.964277660447342,11.8,10.964277660447342,4.15,2.4024560082954425,0.0,0.0,0.0,0.0,1.0,0.0
134000.0,23.953125,1.3775291768575294E-5,134000.0,51.800000000000004,45.18023986488407,39.9002493765586,31.824611032531823,134000.0,2582232.0,40.0,170.0,269900.74999999994,248038.62806588752,50035.0,45779.864638932406,23.000000000000004,22.03493729372656,12.000000000000002,11.01746864686328,12.000000000000002,11.01746864686328,4.25,2.2954805094425805,0.0,0.0,0.0,0.0,1.0,0.0
135000.0,24.09375,1.3870589933099432E-5,135000.0,55.1,48.76534757405633,44.63625154130704,36.03988603988605,135000.0,2619536.0,40.0,170.0,275897.1999999999,248035.2661432003,50966.200000000004,46053.280768013,23.400000000000002,22.14729247792073,12.200000000000001,11.073646238960364,12.200000000000001,11.073646238960364,4.35,2.24807610054601,0.0,0.0,0.0,0.0,1.0,0.0
136000.0,24.21875,1.3956494351279818E-5,136000.0,51.1,45.13410168031021,40.58323207776428,32.17753120665742,136000.0,2656488.0,40.0,170.0,281893.47500000003,248051.02766268112,51868.6,46636.796860144226,23.750000000000004,22.453084991622546,12.375000000000002,11.226542495811273,12.375000000000002,11.226542495811273,4.375000000000001,2.2723251392486814,0.0,0.0,0.0,0.0,1.0,0.0
137000.0,24.390625,1.4076868505475835E-5,137000.0,53.300000000000004,47.29464662584165,43.11814859926919,35.3185595567867,137000.0,2707216.0,40.0,170.0,287879.6749999999,248046.6528397314,53116.399999999994,46329.26300188075,24.4,22.281186728971193,12.7,11.140593364485596,12.7,11.140593364485596,4.45,2.171493636966182,0.0,0.0,0.0,0.0,1.0,0.0
138000.0,24.625,1.4245168195985671E-5,138000.0,55.300000000000004,49.517650752491946,44.540942928039705,35.959885386819494,138000.0,2775712.0,40.0,170.0,293915.0,248040.50242445155,54802.99999999999,45726.49275969637,25.149999999999995,21.929432277193133,13.074999999999998,10.964716138596566,13.074999999999998,10.964716138596566,4.575000000000002,2.098687013226884,0.0,0.0,0.0,0.0,1.0,0.0
139000.0,24.828125,1.4391919151724626E-5,139000.0,54.400000000000006,49.14999080016281,44.25427872860636,36.75450762829404,139000.0,2792672.0,40.0,170.0,299922.52499999997,248029.9041070102,55229.99999999999,45562.31521548122,25.249999999999996,21.85822616961521,13.124999999999998,10.929113084807605,13.124999999999998,10.929113084807605,4.575000000000002,2.098687013226884,0.0,0.0,0.0,0.0,1.0,0.0
140000.0,25.046875,1.4551024812842822E-5,140000.0,55.400000000000006,50.20693150773635,43.828715365239304,37.969401947148825,140000.0,2811512.0,40.0,170.0,305939.125,248036.07669700065,55690.8,45520.87377107398,25.400000000000002,21.825414496607344,13.200000000000001,10.912707248303672,13.200000000000001,10.912707248303672,4.625000000000001,2.083974260385362,0.0,0.0,0.0,0.0,1.0,0.0
141000.0,25.203125,1.4666126258412582E-5,141000.0,51.7,46.50937691730106,41.45454545454546,34.285714285714285,141000.0,2847496.0,40.0,170.0,311934.775,248027.46097667862,56559.99999999999,45015.0605817596,25.900000000000006,21.597483234193795,13.450000000000003,10.798741617096898,13.450000000000003,10.798741617096898,4.8,1.9767883821219479,0.0,0.0,0.0,0.0,1.0,0.0
142000.0,25.328125,1.4759430293149004E-5,142000.0,53.2,48.257733976205195,41.86335403726709,35.44827586206897,142000.0,2885312.0,40.0,170.0,317918.2999999999,248010.13006401414,57492.0,44989.43064480356,26.25,21.54393245535795,13.625,10.771966227678975,13.625,10.771966227678975,4.875000000000001,1.9636112728259714,0.0,0.0,0.0,0.0,1.0,0.0
143000.0,25.546875,1.4924847410940047E-5,143000.0,53.900000000000006,48.307258961570206,45.11904761904762,35.79387186629528,143000.0,2923040.0,40.0,170.0,323911.9,248013.72206751912,58429.99999999999,44613.49680108602,26.75,21.43176410892283,13.875,10.715882054461416,13.875,10.715882054461416,4.950000000000001,1.9074751737471023,0.0,0.0,0.0,0.0,1.0,0.0
144000.0,25.703125,1.504445089570557E-5,144000.0,54.900000000000006,49.89022514955157,45.66265060240964,37.53462603878116,144000.0,2958872.0,40.0,170.0,329909.99999999994,248012.00560828936,59312.00000000001,44563.626018283525,27.2,21.32916625968613,14.1,10.664583129843066,14.1,10.664583129843066,5.000000000000001,1.867399123695705,0.0,0.0,0.0,0.0,1.0,0.0
145000.0,25.890625,1.5189831125705193E-5,145000.0,54.300000000000004,48.10751396384786,42.44332493702772,34.33908045977012,145000.0,2997136.0,40.0,170.0,335916.02499999997,248010.50903690144,60255.0,44550.99065346502,27.59999999999999,21.32147106100159,14.299999999999999,10.660735530500794,14.299999999999999,10.660735530500794,5.050000000000002,1.8390354216412699,0.0,0.0,0.0,0.0,1.0,0.0
146000.0,26.0,1.5275238612149325E-5,146000.0,59.3,54.08849301964606,49.566294919454776,42.1875,146000.0,3018424.0,40.0,170.0,341916.9499999999,248007.72259894526,60792.8,44799.82153078005,27.8,21.44904516433164,14.400000000000002,10.724522582165818,14.400000000000002,10.724522582165818,5.050000000000002,1.8390354216412699,0.0,0.0,0.0,0.0,1.0,0.0
147000.0,26.203125,1.5436197023114396E-5,147000.0,57.699999999999996,52.28275681578211,46.92597239648682,39.743589743589745,147000.0,3063040.0,40.0,170.0,347907.1499999999,247987.82956805435,61895.600000000006,45126.18338972482,28.5,21.729101365538476,14.75,10.864550682769238,14.75,10.864550682769238,5.125000000000002,1.785805858457902,0.0,0.0,0.0,0.0,1.0,0.0
148000.0,26.421875,1.561133688988371E-5,148000.0,57.3,51.447423927664616,48.24242424242424,38.64942528735632,148000.0,3094848.0,40.0,170.0,353892.27499999997,247965.65748599317,62673.599999999984,45816.59799836288,28.950000000000003,22.153254087530044,14.975000000000001,11.076627043765022,14.975000000000001,11.076627043765022,5.175000000000001,1.7958284996067975,0.0,0.0,0.0,0.0,1.0,0.0
149000.0,26.609375,1.5763201841360166E-5,149000.0,55.400000000000006,49.48121970005891,45.410036719706255,37.796373779637385,149000.0,3130824.0,40.0,170.0,359881.27499999997,247980.40850375994,63539.00000000001,46000.3180256565,29.300000000000004,22.181304208956167,15.150000000000004,11.090652104478082,15.150000000000004,11.090652104478082,5.225000000000001,1.7757266479402536,0.0,0.0,0.0,0.0,1.0,0.0
150000.0,26.8125,1.5930110433449347E-5,150000.0,58.5,54.129251610450126,49.20440636474908,44.070080862533686,150000.0,3176272.0,40.0,170.0,365866.1999999999,247990.56964154597,64660.399999999994,45919.4437543367,29.800000000000004,22.108357858047423,15.400000000000002,11.054178929023712,15.400000000000002,11.054178929023712,5.275000000000001,1.7972557428279943,0.0,0.0,0.0,0.0,1.0,0.0
151000.0,27.015625,1.6099320653463816E-5,151000.0,57.8,53.38149842027352,48.47374847374847,42.97297297297297,151000.0,3220072.0,40.0,170.0,371854.55,247993.07342580543,65741.59999999999,46048.74628143863,30.24999999999999,22.18656327022258,15.624999999999993,11.093281635111289,15.624999999999993,11.093281635111289,5.275000000000001,1.7972557428279943,0.0,0.0,0.0,0.0,1.0,0.0
152000.0,27.15625,1.621738383417121E-5,152000.0,57.599999999999994,52.812340018251824,48.418491484184905,42.15552523874488,152000.0,3245296.0,40.0,170.0,377872.3749999999,248004.23904510777,66355.2,46175.91555334602,30.65,22.389958830025936,15.825000000000003,11.194979415012968,15.825000000000003,11.194979415012968,5.3,1.785985327415539,0.0,0.0,0.0,0.0,1.0,0.0
153000.0,27.390625,1.641647537730427E-5,153000.0,60.8,56.36842855107565,51.485148514851474,45.70637119113573,153000.0,3283552.0,40.0,170.0,383858.65,248011.3072624476,67318.39999999998,46363.333671870816,31.099999999999994,22.440576801399004,16.049999999999997,11.2202884006995,16.049999999999997,11.2202884006995,5.375000000000001,1.7199806200458578,0.0,0.0,0.0,0.0,1.0,0.0
154000.0,27.59375,1.659107750229951E-5,154000.0,55.400000000000006,49.92674259987987,44.801980198019805,37.094499294781386,154000.0,3322680.0,40.0,170.0,389857.25,248026.9210879056,68279.20000000003,46566.69211929631,31.499999999999993,22.45793789195647,16.25,11.228968945978234,16.25,11.228968945978234,5.425000000000001,1.7080127904403095,0.0,0.0,0.0,0.0,1.0,0.0
155000.0,27.78125,1.6752763638376357E-5,155000.0,56.3,50.95123183119142,45.374999999999986,38.45070422535211,155000.0,3333296.0,40.0,170.0,395870.50000000006,248037.96127071622,68540.40000000001,46650.14032177209,31.499999999999993,22.45793789195647,16.25,11.228968945978234,16.25,11.228968945978234,5.425000000000001,1.7080127904403095,0.0,0.0,0.0,0.0,1.0,0.0
156000.0,27.921875,1.6874496230027736E-5,156000.0,57.599999999999994,52.68929026124661,48.73035066505441,41.517241379310335,156000.0,3346160.0,40.0,170.0,401848.17499999993,248056.3544312821,68860.20000000001,46860.0868528475,31.64999999999999,22.529240259419907,16.324999999999992,11.264620129709954,16.324999999999992,11.264620129709954,5.4750000000000005,1.7392527130926088,0.0,0.0,0.0,0.0,1.0,0.0
157000.0,28.09375,1.7024730396870933E-5,157000.0,56.8,50.93306679690605,47.69975786924939,38.549075391180644,157000.0,3378768.0,40.0,170.0,407835.07499999995,248077.03768968952,69648.80000000002,46585.93193790456,32.150000000000006,22.490510819522903,16.575000000000003,11.245255409761452,16.575000000000003,11.245255409761452,5.575000000000002,1.692934033276442,0.0,0.0,0.0,0.0,1.0,0.0
158000.0,28.265625,1.7176773011063532E-5,158000.0,57.99999999999999,52.35740116429436,48.33948339483395,39.393939393939384,158000.0,3419440.0,40.0,170.0,413837.32499999995,248068.992924,70659.8,46861.40529054937,32.6,22.551138466912178,16.8,11.275569233456089,16.8,11.275569233456089,5.6,1.6916082470650413,0.0,0.0,0.0,0.0,1.0,0.0
159000.0,28.4375,1.733076351229101E-5,159000.0,56.39999999999999,51.10528960022967,47.215496368038735,40.192043895747595,159000.0,3463248.0,40.0,170.0,419830.49999999994,248058.31411203003,71744.00000000001,46833.36327328179,33.2,22.662744758744473,17.1,11.331372379372237,17.1,11.331372379372237,5.7,1.6361305195255902,0.0,0.0,0.0,0.0,1.0,0.0
160000.0,28.640625,1.7514121912730232E-5,160000.0,57.9,53.056407019906985,47.374999999999986,41.68975069252077,160000.0,3489312.0,40.0,170.0,425821.22500000003,248066.41831331028,72392.19999999998,47576.242827697104,33.449999999999996,22.931279723198827,17.224999999999998,11.465639861599414,17.224999999999998,11.465639861599414,5.725000000000001,1.6327968768421994,0.0,0.0,0.0,0.0,1.0,0.0
161000.0,28.875,1.772760627015183E-5,161000.0,57.3,52.56778252717077,47.34895191122071,41.18457300275482,161000.0,3520928.0,40.0,170.0,431833.95000000007,248046.97162752697,73166.20000000001,47824.97935833994,33.800000000000004,23.057564529916906,17.400000000000002,11.528782264958453,17.400000000000002,11.528782264958453,5.75,1.6290629680421056,0.0,0.0,0.0,0.0,1.0,0.0
162000.0,29.078125,1.7913421421932676E-5,162000.0,56.699999999999996,51.271608453306825,46.80589680589679,39.60948396094839,162000.0,3536064.0,40.0,170.0,437829.0500000001,248036.88678159376,73525.59999999999,47982.48412718316,33.94999999999998,23.125022522511554,17.47499999999999,11.562511261255777,17.47499999999999,11.562511261255777,5.75,1.6290629680421056,0.0,0.0,0.0,0.0,1.0,0.0
163000.0,29.328125,1.8143719902986452E-5,163000.0,55.7,50.849210258868226,46.432889963724314,38.896551724137936,163000.0,3560848.0,40.0,170.0,443830.925,248015.5583516514,74137.59999999998,48057.53834130126,34.300000000000004,23.07423916016545,17.650000000000002,11.537119580082726,17.650000000000002,11.537119580082726,5.75,1.6290629680421056,0.0,0.0,0.0,0.0,1.0,0.0
164000.0,29.546875,1.83474213635135E-5,164000.0,56.89999999999999,52.04381259478579,47.63061968408262,40.87791495198902,164000.0,3599552.0,40.0,170.0,449828.1750000001,247986.09504410726,75074.19999999998,47856.85513856762,34.75,22.912039159829018,17.875,11.456019579914509,17.875,11.456019579914509,5.775,1.6249260338195755,0.0,0.0,0.0,0.0,1.0,0.0
164860.0,29.796875,1.8582302469035816E-5,164860.0,59.199999999999996,54.1065627615251,49.316770186335404,42.69662921348314,164860.0,3631704.0,40.0,170.0,454993.89999999997,247984.11554266317,75874.00000000001,47610.90197929515,35.149999999999984,23.04683080721534,18.074999999999992,11.52341540360767,18.074999999999992,11.52341540360767,5.8500000000000005,1.6100644994246947,0.0,0.0,0.0,0.0,1.0,0.0
