learning evaluation instances,evaluation time (cpu seconds),model cost (RAM-Hours),classified instances,classifications correct (percent),Kappa Statistic (percent),Kappa Temporal Statistic (percent),Kappa M Statistic (percent),model training instances,model serialized size (bytes),ensemble size,[avg] model training instances,[err] model training instances,[avg] model serialized size (bytes),[err] model serialized size (bytes),[avg] Change detected,[err] Change detected,[avg] Warning detected,[err] Warning detected,[avg] tree size (nodes),[err] tree size (nodes),[avg] tree size (leaves),[err] tree size (leaves),[avg] active learning leaves,[err] active learning leaves,[avg] tree depth,[err] tree depth,[avg] active leaf byte size estimate,[err] active leaf byte size estimate,[avg] inactive leaf byte size estimate,[err] inactive leaf byte size estimate,[avg] byte size estimate overhead,[err] byte size estimate overhead
1000.0,0.15625,3.221502993255854E-8,1000.0,49.0,32.3345380439109,33.76623376623377,16.53027823240589,1000.0,815944.0,20.0,987.1749999999998,63.16152979586425,172236.4,170057.4273073658,0.25,0.4442616583193193,30.95,7.549660152685857,1.0,0.0,1.0,0.0,1.0,0.0,0.0,0.0,0.0,0.0,0.0,0.0,1.0,0.0
2000.0,0.390625,8.183948618049424E-8,2000.0,46.0,30.572430312076925,27.807486631016044,10.0,2000.0,818440.0,20.0,1946.1000000000001,191.1017717853165,172295.8,170123.71131849752,0.05000000000000001,0.22360679774997896,17.650000000000006,7.741038961956356,1.0,0.0,1.0,0.0,1.0,0.0,0.0,0.0,0.0,0.0,0.0,0.0,1.0,0.0
3000.0,0.609375,1.2832677586831982E-7,3000.0,42.699999999999996,25.013348409183706,26.913265306122447,6.219312602291322,3000.0,821464.0,20.0,2832.150000000001,537.3202525925798,172377.39999999997,170193.86331532308,0.3,0.9233805168766387,13.450000000000001,10.942312850870048,1.0,0.0,1.0,0.0,1.0,0.0,0.0,0.0,0.0,0.0,0.0,0.0,1.0,0.0
4000.0,0.859375,1.8099824147712854E-7,4000.0,42.699999999999996,26.322814082757606,26.913265306122447,5.91133004926108,4000.0,814400.0,20.0,3733.474999999999,782.6873819223822,172199.59999999998,170016.4228128927,0.19999999999999998,0.6958523739384593,17.999999999999996,12.777447237016352,1.0,0.0,1.0,0.0,1.0,0.0,0.0,0.0,0.0,0.0,0.0,0.0,1.0,0.0
5000.0,1.09375,2.3013084299034544E-7,5000.0,44.6,30.35450062039809,29.695431472081218,9.477124183006536,5000.0,810328.0,20.0,4737.474999999999,779.8616243957181,172097.8,169913.23552605705,0.0,0.0,14.650000000000002,8.591764722839631,1.0,0.0,1.0,0.0,1.0,0.0,0.0,0.0,0.0,0.0,0.0,0.0,1.0,0.0
6000.0,1.28125,2.696107710815138E-7,6000.0,44.800000000000004,31.693143823055546,30.390920554854983,12.933753943217669,6000.0,813912.0,20.0,5740.525000000001,772.5154379836542,172187.4,170004.27493279584,0.0,0.0,11.45,5.77175518319487,1.0,0.0,1.0,0.0,1.0,0.0,0.0,0.0,0.0,0.0,0.0,0.0,1.0,0.0
7000.0,1.515625,3.19034895963139E-7,7000.0,45.5,30.949726332860333,29.036458333333332,11.525974025974026,7000.0,815136.0,20.0,6747.774999999999,775.868429485177,172217.99999999994,170034.94718198222,0.0,0.0,10.250000000000002,6.6163672653106005,1.0,0.0,1.0,0.0,1.0,0.0,0.0,0.0,0.0,0.0,0.0,0.0,1.0,0.0
8000.0,1.703125,3.587538635151254E-7,8000.0,45.800000000000004,31.597007937018766,30.955414012738856,12.297734627831717,8000.0,818840.0,20.0,7748.374999999999,771.0749635145564,172310.6,170128.79975203102,0.0,0.0,11.299999999999999,7.512095509734179,1.0,0.0,1.0,0.0,1.0,0.0,0.0,0.0,0.0,0.0,0.0,0.0,1.0,0.0
9000.0,1.890625,3.987677498824067E-7,9000.0,44.800000000000004,30.234586203889425,28.865979381443296,9.9510603588907,9000.0,824920.0,20.0,8747.324999999999,771.0394378652688,172462.60000000003,170282.76536197984,0.0,0.0,10.050000000000002,7.192649756961323,1.0,0.0,1.0,0.0,1.0,0.0,0.0,0.0,0.0,0.0,0.0,0.0,1.0,0.0
10000.0,2.109375,4.451513652586275E-7,10000.0,45.800000000000004,32.98589860098791,31.651954602774275,14.913657770800631,10000.0,819632.0,20.0,9369.300000000003,2109.4332961175214,172334.0,170145.47974405118,0.20000000000000004,0.6155870112510924,12.049999999999999,8.325452413817333,1.0,0.0,1.0,0.0,1.0,0.0,0.0,0.0,0.0,0.0,0.0,0.0,1.0,0.0
11000.0,2.328125,4.914331172282498E-7,11000.0,49.4,35.91805616415108,37.37623762376237,17.723577235772357,11000.0,817832.0,20.0,10351.699999999997,2103.518361563763,172289.00000000003,170099.69778775968,0.0,0.0,8.499999999999998,6.253420116855635,1.0,0.0,1.0,0.0,1.0,0.0,0.0,0.0,0.0,0.0,0.0,0.0,1.0,0.0
12000.0,2.53125,5.339722459514936E-7,12000.0,49.5,36.485177778616254,32.576769025367156,15.83333333333333,12000.0,809520.0,20.0,11348.850000000002,2098.6970994844905,172081.19999999995,169889.14729365177,0.0,0.0,6.5,6.992477160642376,1.0,0.0,1.0,0.0,1.0,0.0,0.0,0.0,0.0,0.0,0.0,0.0,1.0,0.0
13000.0,2.75,5.807352459265126E-7,13000.0,44.6,28.35666483463192,26.42762284196547,4.974271012006866,13000.0,826336.0,20.0,12345.0,2100.0308544741883,172501.59999999998,170314.63853685174,0.0,0.0,9.900000000000002,9.130054476115797,1.0,0.0,1.0,0.0,1.0,0.0,0.0,0.0,0.0,0.0,0.0,0.0,1.0,0.0
14000.0,2.921875,6.175779142520494E-7,14000.0,45.5,26.938019309812294,28.19499341238472,9.317803660565724,14000.0,828592.0,20.0,13228.149999999998,2613.3377474125464,172552.40000000005,170377.71744956286,0.15,0.6708203932499369,6.799999999999999,8.023649255072224,1.0,0.0,1.0,0.0,1.0,0.0,0.0,0.0,0.0,0.0,0.0,0.0,1.0,0.0
15000.0,3.125,6.604588189576236E-7,15000.0,48.8,31.514453526805003,34.61047254150703,14.093959731543618,15000.0,816024.0,20.0,14219.249999999996,2612.3748086799574,172242.60000000003,170055.44539819798,0.0,0.0,6.1499999999999995,9.033708802969137,1.0,0.0,1.0,0.0,1.0,0.0,0.0,0.0,0.0,0.0,0.0,0.0,1.0,0.0
16000.0,3.296875,6.970809449234771E-7,16000.0,44.7,29.75690554399657,28.82882882882883,12.77602523659306,16000.0,823632.0,20.0,15216.8,2608.43564671949,172432.80000000002,170247.96449270015,0.0,0.0,5.4,6.652265146470589,1.0,0.0,1.0,0.0,1.0,0.0,0.0,0.0,0.0,0.0,0.0,0.0,1.0,0.0
17000.0,3.5,7.403700470200016E-7,17000.0,44.5,29.78905088712483,28.754813863928113,11.200000000000001,17000.0,823792.0,20.0,15784.900000000001,3654.7096191079254,172412.40000000002,170278.0979343603,0.10000000000000002,0.4472135954999579,6.199999999999999,6.638008578989398,1.0,0.0,1.0,0.0,1.0,0.0,0.0,0.0,0.0,0.0,0.0,0.0,1.0,0.0
18000.0,3.71875,7.871434596988063E-7,18000.0,45.300000000000004,30.088877868976084,31.367628607277293,12.759170653907498,18000.0,826520.0,20.0,16325.349999999995,4482.201556984682,172505.6,170320.1395160272,0.15000000000000005,0.48936048492959283,11.550000000000002,14.058056315452044,1.0,0.0,1.0,0.0,1.0,0.0,0.0,0.0,0.0,0.0,0.0,0.0,1.0,0.0
19000.0,3.90625,8.266346412710846E-7,19000.0,46.6,31.326807236662745,28.6096256684492,10.1010101010101,19000.0,814144.0,20.0,17318.55,4479.244304109504,172196.2,170007.20559076162,0.0,0.0,5.900000000000001,6.439189226504905,1.0,0.0,1.0,0.0,1.0,0.0,0.0,0.0,0.0,0.0,0.0,0.0,1.0,0.0
20000.0,4.046875,8.563126903027296E-7,20000.0,45.1,30.89080369337672,29.52503209242619,10.586319218241043,20000.0,815784.0,20.0,18314.14999999999,4483.91917943358,172237.19999999992,170048.56926986537,0.0,0.0,5.95,7.052248614896939,1.0,0.0,1.0,0.0,1.0,0.0,0.0,0.0,0.0,0.0,0.0,0.0,1.0,0.0
21000.0,4.25,8.993983242867722E-7,21000.0,44.3,30.607119186321757,30.025125628140703,12.695924764890284,21000.0,819920.0,20.0,19314.1,4486.7353661826155,172340.6,170153.28630095682,0.0,0.0,4.750000000000001,6.120500495530531,1.0,0.0,1.0,0.0,1.0,0.0,0.0,0.0,0.0,0.0,0.0,0.0,1.0,0.0
22000.0,4.4375,9.390761584250464E-7,22000.0,45.7,31.718297107144426,30.916030534351147,11.419249592169658,22000.0,817992.0,20.0,20315.899999999998,4485.892763673635,172292.4,170104.48132127352,0.0,0.0,4.75,5.199949392466289,1.0,0.0,1.0,0.0,1.0,0.0,0.0,0.0,0.0,0.0,0.0,0.0,1.0,0.0
23000.0,4.5625,9.655958274379373E-7,23000.0,46.0,31.909828437986242,32.33082706766917,13.875598086124405,23000.0,820088.0,20.0,21318.600000000002,4483.6469462326695,172344.79999999996,170157.43108303996,0.0,0.0,1.7,3.278317925560703,1.0,0.0,1.0,0.0,1.0,0.0,0.0,0.0,0.0,0.0,0.0,0.0,1.0,0.0
24000.0,4.75,1.0052934521809221E-6,24000.0,44.7,30.919211704509113,29.283887468030688,13.050314465408807,24000.0,818400.0,20.0,22320.050000000003,4470.579627136071,172302.6,170114.6190677152,0.0,0.0,5.5,5.633546139445665,1.0,0.0,1.0,0.0,1.0,0.0,0.0,0.0,0.0,0.0,0.0,0.0,1.0,0.0
25000.0,4.875,1.0320963984769252E-6,25000.0,44.9,29.435328951749646,29.808917197452228,9.375,25000.0,828848.0,20.0,23314.349999999995,4465.853704529113,172563.8,170379.09530600373,0.0,0.0,8.149999999999999,7.271248354414732,1.0,0.0,1.0,0.0,1.0,0.0,0.0,0.0,0.0,0.0,0.0,0.0,1.0,0.0
26000.0,5.046875,1.0685829976056185E-6,26000.0,48.9,33.98563961585068,34.904458598726116,15.39735099337748,26000.0,820584.0,20.0,24318.2,4471.524321061684,172357.19999999995,170170.0696312896,0.0,0.0,2.3999999999999995,5.585696017507575,1.0,0.0,1.0,0.0,1.0,0.0,0.0,0.0,0.0,0.0,0.0,0.0,1.0,0.0
27000.0,5.21875,1.1048878271443147E-6,27000.0,45.6,30.76748820883784,30.25641025641026,10.526315789473685,27000.0,816496.0,20.0,25313.1,4467.870678522376,172255.0,170066.5444390398,0.0,0.0,6.95,6.443887352408197,1.0,0.0,1.0,0.0,1.0,0.0,0.0,0.0,0.0,0.0,0.0,0.0,1.0,0.0
28000.0,5.4375,1.1520868024995755E-6,28000.0,41.9,28.114966562942705,26.733921815889026,9.922480620155039,28000.0,834040.0,20.0,26303.149999999998,4457.420592214452,172693.60000000003,170510.23728959457,0.0,0.0,5.85,5.976048685773639,1.0,0.0,1.0,0.0,1.0,0.0,0.0,0.0,0.0,0.0,0.0,0.0,1.0,0.0
29000.0,5.59375,1.1854439960896138E-6,29000.0,42.6,28.467280635070974,26.69220945083014,10.59190031152648,29000.0,825224.0,20.0,23814.8,10355.154698543582,172445.39999999997,170316.2690768153,0.55,0.998683343734455,3.4,5.325213116565582,1.0,0.0,1.0,0.0,1.0,0.0,0.0,0.0,0.0,0.0,0.0,0.0,1.0,0.0
30000.0,5.828125,1.2352134864259922E-6,30000.0,45.9,31.909259333843494,33.78212974296206,18.03030303030303,30000.0,820832.0,20.0,19116.099999999995,13715.155031140011,172361.8,170178.0393363645,1.1,1.3726654823065194,17.75,13.95434284409432,1.0,0.0,1.0,0.0,1.0,0.0,0.0,0.0,0.0,0.0,0.0,0.0,1.0,0.0
31000.0,6.046875,1.2816174744835328E-6,31000.0,44.800000000000004,30.34287206938456,31.59851301115242,16.7420814479638,31000.0,819992.0,20.0,17318.800000000003,14704.619991253752,172348.4,170149.0530438925,0.9999999999999999,1.4142135623730951,18.900000000000002,14.512789278135989,1.0,0.0,1.0,0.0,1.0,0.0,0.0,0.0,0.0,0.0,0.0,0.0,1.0,0.0
32000.0,6.25,1.3243319052788945E-6,32000.0,46.0,36.06130536765341,32.58426966292135,23.076923076923084,32000.0,812856.0,20.0,17052.049999999996,15085.1798863177,172173.6,169964.3641172602,0.35000000000000003,0.7451598203705946,23.050000000000004,12.206447821583994,1.0,0.0,1.0,0.0,1.0,0.0,0.0,0.0,0.0,0.0,0.0,0.0,1.0,0.0
33000.0,6.5,1.3772232664955986E-6,33000.0,48.1,37.99209070598215,37.31884057971014,26.487252124645895,33000.0,817800.0,20.0,18048.9,15085.299167205885,172300.2,170086.8110654689,0.0,0.0,13.65,6.830851068189781,1.0,0.0,1.0,0.0,1.0,0.0,0.0,0.0,0.0,0.0,0.0,0.0,1.0,0.0
34000.0,6.71875,1.4237906887299484E-6,34000.0,46.300000000000004,34.59666114128218,32.196969696969695,19.850746268656717,34000.0,822880.0,20.0,18940.550000000003,15212.06960236442,172422.8,170219.93170272998,0.25,0.9104654680003259,14.0,9.586174254732972,1.0,0.0,1.0,0.0,1.0,0.0,0.0,0.0,0.0,0.0,0.0,0.0,1.0,0.0
35000.0,6.921875,1.4665576681080791E-6,35000.0,50.1,37.435978449891735,38.0893300248139,23.230769230769234,35000.0,813856.0,20.0,19944.550000000003,15211.986348406394,172201.6,169986.79960043955,0.0,0.0,11.900000000000002,7.114847337194169,1.0,0.0,1.0,0.0,1.0,0.0,0.0,0.0,0.0,0.0,0.0,0.0,1.0,0.0
36000.0,7.140625,1.5135592548176646E-6,36000.0,47.4,34.84890147320754,35.38083538083537,21.021021021021017,36000.0,830552.0,20.0,20939.099999999995,15212.838850365155,172618.99999999994,170409.6736648601,0.0,0.0,8.500000000000002,4.872047013860104,1.0,0.0,1.0,0.0,1.0,0.0,0.0,0.0,0.0,0.0,0.0,0.0,1.0,0.0
37000.0,7.34375,1.5569299123146469E-6,37000.0,47.5,36.46852105977767,36.89903846153846,23.357664233576635,37000.0,825344.0,20.0,21787.599999999995,15391.91540503967,172487.59999999998,170279.24974518953,0.15,0.6708203932499369,7.5,9.69264506835222,1.0,0.0,1.0,0.0,1.0,0.0,0.0,0.0,0.0,0.0,0.0,0.0,1.0,0.0
38000.0,7.546875,1.6003800232687759E-6,38000.0,46.7,33.15742742627252,34.920634920634924,18.501529051987774,38000.0,826856.0,20.0,22357.000000000004,15872.739900493483,172518.20000000004,170324.69813695888,0.35000000000000003,0.9880869341680844,8.75,10.462338472625968,1.0,0.0,1.0,0.0,1.0,0.0,0.0,0.0,0.0,0.0,0.0,0.0,1.0,0.0
39000.0,7.765625,1.6474680806924072E-6,39000.0,46.0,33.043187144291934,33.002481389578165,18.181818181818183,39000.0,833128.0,20.0,23088.125000000004,16210.371019002554,173249.8,170896.646865006,0.15,0.48936048492959283,7.700000000000001,9.291195606027983,1.1,0.4472135954999579,1.05,0.22360679774997896,1.05,0.22360679774997896,0.049999999999999996,0.22360679774997896,0.0,0.0,0.0,0.0,1.0,0.0
40000.0,8.0,1.6974752523108489E-6,40000.0,47.8,32.812393410466086,34.99377334993773,17.011128775834656,40000.0,824752.0,20.0,23072.550000000003,17356.78715092641,172957.40000000002,170766.39326746782,0.85,1.4244112357114613,12.3,16.056151469141042,1.0,0.0,1.0,0.0,1.0,0.0,0.0,0.0,0.0,0.0,0.0,0.0,1.0,0.0
41000.0,8.1875,1.7376560006394154E-6,41000.0,45.6,31.424739281648932,32.50620347394541,18.19548872180451,41000.0,828360.0,20.0,23590.225000000006,17850.28941730106,173049.6,170855.53732707372,0.39999999999999997,0.9947229183096801,12.450000000000001,14.177354069820385,1.0,0.0,1.0,0.0,1.0,0.0,0.0,0.0,0.0,0.0,0.0,0.0,1.0,0.0
42000.0,8.40625,1.784893457726058E-6,42000.0,46.5,33.72864916690099,32.61964735516373,18.693009118541035,42000.0,834720.0,20.0,24250.6,18251.09369648703,173295.00000000003,170930.89685871033,0.35000000000000003,0.9880869341680842,12.949999999999998,15.278037212044994,1.1,0.4472135954999579,1.05,0.22360679774997896,1.05,0.22360679774997896,0.049999999999999996,0.22360679774997896,0.0,0.0,0.0,0.0,1.0,0.0
43000.0,8.625,1.8318950444356435E-6,43000.0,50.1,39.551567116537065,39.14634146341463,26.93997071742313,43000.0,830552.0,20.0,24621.65,18858.457360775963,173388.8,170633.01219586993,0.30000000000000004,0.8013147091860318,13.549999999999999,12.525657877459286,1.3000000000000003,0.9787209698591858,1.1500000000000004,0.48936048492959283,1.1500000000000004,0.48936048492959283,0.15000000000000002,0.4893604849295929,0.0,0.0,0.0,0.0,1.0,0.0
44000.0,8.8125,1.872849954654359E-6,44000.0,51.1,41.426393099573936,39.852398523985244,26.021180030257185,44000.0,844320.0,20.0,25553.099999999995,18945.80987272208,173859.6,170860.8048659073,0.05000000000000001,0.22360679774997896,8.849999999999998,7.278483069257885,1.4000000000000001,1.231174022502185,1.2000000000000002,0.6155870112510924,1.2000000000000002,0.6155870112510924,0.19999999999999998,0.6155870112510924,0.0,0.0,0.0,0.0,1.0,0.0
45000.0,9.046875,1.9246838766978018E-6,45000.0,50.7,40.78689768984825,38.605230386052305,23.80216383307574,45000.0,854880.0,20.0,26576.7,18948.823847134776,174482.0,170779.40110698814,0.0,0.0,9.649999999999999,9.126450857981864,1.8000000000000003,1.7651599003161755,1.4000000000000001,0.8825799501580878,1.4000000000000001,0.8825799501580878,0.35000000000000003,0.7451598203705946,0.0,0.0,0.0,0.0,1.0,0.0
46000.0,9.25,1.969501932358576E-6,46000.0,51.7,44.386745853185616,40.4438964241677,31.29445234708393,46000.0,852888.0,20.0,26881.550000000003,19613.168906669278,174369.99999999997,170793.3619391033,0.20000000000000004,0.5231483637805968,9.75,10.982641806625198,1.7,1.750187959830841,1.3500000000000005,0.8750939799154206,1.3500000000000005,0.8750939799154206,0.30000000000000004,0.7326950970650465,0.0,0.0,0.0,0.0,1.0,0.0
47000.0,9.46875,2.0183474730907214E-6,47000.0,54.400000000000006,46.4278161816191,42.64150943396227,30.48780487804879,47000.0,863136.0,20.0,27840.375,19659.670615295745,174844.20000000004,170840.43589796041,0.049999999999999996,0.22360679774997894,8.399999999999999,9.99684160649068,1.9000000000000004,1.7740824166460338,1.4500000000000002,0.8870412083230168,1.4500000000000002,0.8870412083230168,0.4,0.7539370349250519,0.0,0.0,0.0,0.0,1.0,0.0
48000.0,9.625,2.053437961472405E-6,48000.0,55.7,47.951791374801154,44.69413233458178,30.78125000000001,48000.0,868104.0,20.0,28836.775,19661.185178935288,175186.80000000002,170762.23137138181,0.0,0.0,8.5,10.713984958184819,2.1000000000000005,2.100125309544522,1.5500000000000003,1.050062654772261,1.5500000000000003,1.050062654772261,0.45,0.8255779474818965,0.0,0.0,0.0,0.0,1.0,0.0
49000.0,9.78125,2.0887176247520577E-6,49000.0,57.199999999999996,49.4719344929603,46.02774274905423,32.385466034755126,49000.0,872784.0,20.0,29827.225,19663.9824597879,175309.80000000002,170870.18325770905,0.0,0.0,8.549999999999999,7.923814870708626,2.1000000000000005,2.100125309544522,1.5500000000000003,1.050062654772261,1.5500000000000003,1.050062654772261,0.45,0.8255779474818965,0.0,0.0,0.0,0.0,1.0,0.0
50000.0,9.984375,2.135382027417007E-6,50000.0,53.6,46.80424190312411,42.4317617866005,32.45997088791849,50000.0,888024.0,20.0,30535.249999999993,20016.056678615256,175879.19999999998,171072.22092515975,0.049999999999999996,0.22360679774997894,5.25,5.856844848461274,2.3,2.178845662513211,1.65,1.0894228312566054,1.65,1.0894228312566054,0.5500000000000002,0.887041208323017,0.0,0.0,0.0,0.0,1.0,0.0
51000.0,10.171875,2.178687751034481E-6,51000.0,51.0,43.014310385932674,39.130434782608695,24.731182795698928,51000.0,892784.0,20.0,30905.700000000008,20829.060341940658,176116.19999999998,171078.56352568037,0.3000000000000001,0.6569466853317862,7.100000000000001,10.036250086036802,2.4,2.1618705350983247,1.7,1.0809352675491624,1.7,1.0809352675491624,0.6000000000000001,0.8825799501580878,0.0,0.0,0.0,0.0,1.0,0.0
52000.0,10.359375,2.22203072755494E-6,52000.0,55.800000000000004,48.86626561776956,44.262295081967224,33.03030303030304,52000.0,893552.0,20.0,30789.025000000005,22212.09479319596,176240.99999999997,170992.1217984273,0.6,0.9947229183096801,8.7,11.934470199693342,2.4999999999999996,2.1398475105532757,1.7499999999999998,1.0699237552766379,1.7499999999999998,1.0699237552766379,0.6500000000000001,0.8750939799154206,0.0,0.0,0.0,0.0,1.0,0.0
53000.0,10.53125,2.261455164342704E-6,53000.0,53.900000000000006,47.36980305346475,44.121212121212125,32.503660322108345,53000.0,886656.0,20.0,30666.4,23455.54003313831,176066.8,170825.7967000751,0.5000000000000001,1.1002392084403618,11.45,14.558321910237638,2.4999999999999996,2.1398475105532757,1.7499999999999998,1.0699237552766379,1.7499999999999998,1.0699237552766379,0.6500000000000001,0.8750939799154206,0.0,0.0,0.0,0.0,1.0,0.0
54000.0,10.765625,2.315291914985411E-6,54000.0,54.2,47.32192971963305,43.17617866004963,30.606060606060616,54000.0,887912.0,20.0,31615.274999999998,23503.5121652472,176142.2,170814.02895835173,0.15000000000000002,0.4893604849295929,10.649999999999999,10.9172726495798,2.4999999999999996,2.1398475105532757,1.7499999999999998,1.0699237552766379,1.7499999999999998,1.0699237552766379,0.6500000000000001,0.8750939799154206,0.0,0.0,0.0,0.0,1.0,0.0
55000.0,10.9375,2.3550051911216634E-6,55000.0,57.4,51.11449764982373,46.27994955863808,36.795252225519285,55000.0,893152.0,20.0,32599.125,23508.149504753037,176276.2,170941.0835603293,0.0,0.0,5.35,6.166761497611291,2.4999999999999996,2.1398475105532757,1.7499999999999998,1.0699237552766379,1.7499999999999998,1.0699237552766379,0.6500000000000001,0.8750939799154206,0.0,0.0,0.0,0.0,1.0,0.0
56000.0,11.09375,2.3912873196726036E-6,56000.0,54.1,47.36697260330522,43.403205918619,32.59911894273128,56000.0,897584.0,20.0,33581.424999999996,23509.69800096962,176387.00000000003,171050.59564396096,0.0,0.0,8.75,8.168456660258798,2.4999999999999996,2.1398475105532757,1.7499999999999998,1.0699237552766379,1.7499999999999998,1.0699237552766379,0.6500000000000001,0.8750939799154206,0.0,0.0,0.0,0.0,1.0,0.0
57000.0,11.296875,2.438322925526234E-6,57000.0,55.00000000000001,47.93058800251322,43.60902255639098,32.93591654247392,57000.0,895088.0,20.0,34139.825,24096.633221460947,176323.99999999997,170988.6162628588,0.55,1.050062654772261,9.05,11.170803109233603,2.4999999999999996,2.1398475105532757,1.7499999999999998,1.0699237552766379,1.7499999999999998,1.0699237552766379,0.6500000000000001,0.8750939799154206,0.0,0.0,0.0,0.0,1.0,0.0
58000.0,11.484375,2.4814008631640003E-6,58000.0,56.10000000000001,48.955090944819176,45.73547589616812,31.513260530421228,58000.0,888088.0,20.0,35102.3,24129.284322326934,176281.6,170668.41499937826,0.15,0.6708203932499369,7.799999999999999,11.204322474173221,2.6999999999999997,2.2734161635370636,1.8499999999999999,1.1367080817685318,1.8499999999999999,1.1367080817685318,0.75,0.9665456669582609,0.0,0.0,0.0,0.0,1.0,0.0
59000.0,11.6875,2.527913925910575E-6,59000.0,51.4,43.14672356673592,39.55223880597015,26.363636363636367,59000.0,885144.0,20.0,36057.55000000001,24181.807036197635,176282.39999999997,170520.59585429134,0.25,1.118033988749895,9.850000000000001,9.18393907003445,2.6999999999999997,2.2734161635370636,1.8499999999999999,1.1367080817685318,1.8499999999999999,1.1367080817685318,0.75,0.9665456669582609,0.0,0.0,0.0,0.0,1.0,0.0
60000.0,11.84375,2.5640133470814254E-6,60000.0,50.4,43.28226450132989,37.29456384323641,26.627218934911244,60000.0,893064.0,20.0,37049.45,24183.6736090323,176480.4,170723.32395725953,0.0,0.0,7.1499999999999995,6.7533617359684,2.6999999999999997,2.2734161635370636,1.8499999999999999,1.1367080817685318,1.8499999999999999,1.1367080817685318,0.75,0.9665456669582609,0.0,0.0,0.0,0.0,1.0,0.0
61000.0,12.03125,2.607622914688868E-6,61000.0,50.7,43.71857001786621,38.22055137844611,26.962962962962962,61000.0,899048.0,20.0,38043.6,24183.024678586593,176639.60000000003,170865.10781117095,0.0,0.0,6.200000000000001,6.379242654273723,2.6999999999999997,2.2734161635370636,1.8499999999999999,1.1367080817685318,1.8499999999999999,1.1367080817685318,0.75,0.9665456669582609,0.0,0.0,0.0,0.0,1.0,0.0
62000.0,12.21875,2.6505999590477172E-6,62000.0,50.1,42.00149471097799,36.59466327827192,25.522388059701495,62000.0,886008.0,20.0,38198.92499999998,24945.264175572534,176097.59999999998,170756.712119274,0.09999999999999999,0.4472135954999579,4.800000000000001,6.254261704924428,2.4999999999999996,2.23606797749979,1.7499999999999998,1.118033988749895,1.7499999999999998,1.118033988749895,0.65,0.9333020044867296,0.0,0.0,0.0,0.0,1.0,0.0
63000.0,12.421875,2.6969990964668484E-6,63000.0,49.7,41.98345086586528,35.51282051282051,27.62589928057554,63000.0,882976.0,20.0,38449.075000000004,25553.33101913952,175814.2,170884.67950461467,0.049999999999999996,0.22360679774997894,8.350000000000001,9.869010508711227,2.3,2.1788456625132104,1.65,1.0894228312566052,1.65,1.0894228312566052,0.5500000000000002,0.887041208323017,0.0,0.0,0.0,0.0,1.0,0.0
64000.0,12.609375,2.7398185920901587E-6,64000.0,49.3,41.90396852043044,37.25247524752475,27.155172413793103,64000.0,882760.0,20.0,39097.07499999999,25984.77948021219,175808.19999999998,170877.94419667523,0.15,0.48936048492959283,6.3999999999999995,7.936590809926546,2.3,2.1788456625132104,1.65,1.0894228312566052,1.65,1.0894228312566052,0.5500000000000002,0.887041208323017,0.0,0.0,0.0,0.0,1.0,0.0
65000.0,12.828125,2.789650170598178E-6,65000.0,51.5,43.62896936321657,41.566265060240966,30.014430014430015,65000.0,880560.0,20.0,39948.450000000004,26179.296650705517,175751.39999999997,170825.3219482044,0.19999999999999998,0.6155870112510924,9.399999999999999,12.132600710482484,2.3,2.1788456625132104,1.65,1.0894228312566052,1.65,1.0894228312566052,0.5500000000000002,0.887041208323017,0.0,0.0,0.0,0.0,1.0,0.0
66000.0,13.03125,2.835911840924785E-6,66000.0,52.2,44.58594221867222,39.57016434892542,30.01464128843338,66000.0,880360.0,20.0,40932.25000000001,26176.91441019093,175749.39999999997,170814.201039489,0.0,0.0,5.3,7.934601107607244,2.3,2.1788456625132104,1.65,1.0894228312566052,1.65,1.0894228312566052,0.5500000000000002,0.887041208323017,0.0,0.0,0.0,0.0,1.0,0.0
67000.0,13.203125,2.874819070307744E-6,67000.0,52.5,43.89388266143797,41.717791411042946,30.147058823529417,67000.0,875024.0,20.0,41921.250000000015,26176.53483340786,175616.0,170681.5168026441,0.0,0.0,5.9,7.254036988572566,2.3,2.1788456625132104,1.65,1.0894228312566052,1.65,1.0894228312566052,0.5500000000000002,0.887041208323017,0.0,0.0,0.0,0.0,1.0,0.0
68000.0,13.390625,2.917380900018744E-6,68000.0,49.6,40.99707912127793,36.121673003802286,25.991189427312772,68000.0,877448.0,20.0,42907.05000000001,26178.3777258334,175676.60000000003,170738.94271076456,0.0,0.0,6.75,10.527532824381078,2.3,2.1788456625132104,1.65,1.0894228312566052,1.65,1.0894228312566052,0.5500000000000002,0.887041208323017,0.0,0.0,0.0,0.0,1.0,0.0
69000.0,13.53125,2.9495246255666834E-6,69000.0,53.900000000000006,46.058843833917415,42.15809284818069,31.50074294205052,69000.0,883560.0,20.0,43898.799999999996,26178.925679902262,175829.4,170890.18792627307,0.0,0.0,4.1,5.118593556827891,2.3,2.1788456625132104,1.65,1.0894228312566052,1.65,1.0894228312566052,0.5500000000000002,0.887041208323017,0.0,0.0,0.0,0.0,1.0,0.0
70000.0,13.71875,2.991781059083424E-6,70000.0,55.1,48.30869265891336,44.084682440846834,35.581061692969875,70000.0,871152.0,20.0,44894.94999999999,26178.169778878637,175519.19999999998,170580.23340610732,0.0,0.0,3.25,3.891623933797466,2.3,2.1788456625132104,1.65,1.0894228312566052,1.65,1.0894228312566052,0.5500000000000002,0.887041208323017,0.0,0.0,0.0,0.0,1.0,0.0
71000.0,13.890625,3.030638844292196E-6,71000.0,54.0,46.771888614391266,44.84412470023981,33.13953488372094,71000.0,873912.0,20.0,45889.05000000001,26178.427684807924,175588.19999999998,170649.97632478972,0.0,0.0,4.549999999999999,8.641850435373689,2.3,2.1788456625132104,1.65,1.0894228312566052,1.65,1.0894228312566052,0.5500000000000002,0.887041208323017,0.0,0.0,0.0,0.0,1.0,0.0
72000.0,14.09375,3.0764729793493935E-6,72000.0,52.0,43.517583682229926,41.248470012239906,27.16236722306525,72000.0,872224.0,20.0,46885.1,26178.84479322364,175552.0,170603.4030309583,0.0,0.0,4.3,6.432646995477137,2.3,2.1788456625132104,1.65,1.0894228312566052,1.65,1.0894228312566052,0.5500000000000002,0.887041208323017,0.0,0.0,0.0,0.0,1.0,0.0
73000.0,14.234375,3.1083958068241664E-6,73000.0,50.4,42.725768438896125,39.06633906633906,28.011611030478957,73000.0,877488.0,20.0,47883.75000000001,26177.741434328593,175683.60000000003,170737.9805392026,0.0,0.0,6.45,6.931810730249348,2.3,2.1788456625132104,1.65,1.0894228312566052,1.65,1.0894228312566052,0.5500000000000002,0.887041208323017,0.0,0.0,0.0,0.0,1.0,0.0
74000.0,14.4375,3.154755007320393E-6,74000.0,49.5,41.08698594020504,37.267080745341616,24.96285289747399,74000.0,882216.0,20.0,48876.2,26179.62147989862,175804.8,170853.4900573573,0.0,0.0,6.0,6.71212571239152,2.3,2.1788456625132104,1.65,1.0894228312566052,1.65,1.0894228312566052,0.5500000000000002,0.887041208323017,0.0,0.0,0.0,0.0,1.0,0.0
75000.0,14.625,3.197425491331765E-6,75000.0,49.1,41.784460682780214,36.45443196004994,26.97274031563845,75000.0,879688.0,20.0,48653.45,27772.903774159407,175632.40000000002,170904.96887538827,0.15000000000000005,0.48936048492959283,6.6,7.570023986612905,2.1999999999999997,2.1908902300206643,1.5999999999999999,1.0954451150103321,1.5999999999999999,1.0954451150103321,0.5000000000000001,0.8885233166386386,0.0,0.0,0.0,0.0,1.0,0.0
76000.0,14.84375,3.2474517421279506E-6,76000.0,50.5,43.172490434035886,39.338235294117645,28.468208092485554,76000.0,884000.0,20.0,49279.825,28377.891331183986,175747.80000000002,171007.64650458147,0.20000000000000004,0.6958523739384592,7.2,10.768374749090139,2.1999999999999997,2.1908902300206643,1.5999999999999999,1.0954451150103321,1.5999999999999999,1.0954451150103321,0.5000000000000001,0.8885233166386386,0.0,0.0,0.0,0.0,1.0,0.0
77000.0,15.0625,3.297438153014E-6,77000.0,51.7,44.90710059644052,40.074441687344915,31.683168316831683,77000.0,883296.0,20.0,49537.424999999996,29445.58706294392,175734.00000000003,170984.8036696499,0.4000000000000001,0.8825799501580878,11.950000000000003,13.743802431028971,2.1999999999999997,2.1908902300206643,1.5999999999999999,1.0954451150103321,1.5999999999999999,1.0954451150103321,0.5000000000000001,0.8885233166386386,0.0,0.0,0.0,0.0,1.0,0.0
78000.0,15.25,3.339936342349068E-6,78000.0,52.900000000000006,45.28803352879407,40.228426395939096,30.530973451327437,78000.0,876136.0,20.0,50432.100000000006,29617.524338446343,175540.2,170822.7504981519,0.09999999999999999,0.44721359549995787,8.350000000000001,12.938213494182751,2.1999999999999997,2.1908902300206643,1.5999999999999999,1.0954451150103321,1.5999999999999999,1.0954451150103321,0.5000000000000001,0.8885233166386386,0.0,0.0,0.0,0.0,1.0,0.0
79000.0,15.4375,3.3824849783235947E-6,79000.0,50.6,43.94517066085694,39.756097560975604,29.929078014184395,79000.0,877176.0,20.0,51419.274999999994,29632.842769716568,175581.0,170828.7069054097,0.15,0.6708203932499369,6.6,10.73312629199899,2.1999999999999997,2.1908902300206643,1.5999999999999999,1.0954451150103321,1.5999999999999999,1.0954451150103321,0.5000000000000001,0.8885233166386386,0.0,0.0,0.0,0.0,1.0,0.0
80000.0,15.640625,3.4284603639712755E-6,80000.0,53.800000000000004,46.512177162783594,44.067796610169495,31.85840707964602,80000.0,874912.0,20.0,52401.924999999996,29635.644074529235,175524.40000000002,170772.37892989125,0.0,0.0,5.85,8.827439278212358,2.1999999999999997,2.1908902300206643,1.5999999999999999,1.0954451150103321,1.5999999999999999,1.0954451150103321,0.5000000000000001,0.8885233166386386,0.0,0.0,0.0,0.0,1.0,0.0
81000.0,15.78125,3.4602734700052264E-6,81000.0,51.4,44.087931506565646,39.85148514851485,30.867709815078236,81000.0,874472.0,20.0,53391.675,29636.292819297654,175616.6,170654.11676986454,0.0,0.0,6.550000000000001,10.303167627380171,2.3,2.1788456625132104,1.65,1.0894228312566052,1.65,1.0894228312566052,0.5500000000000002,0.887041208323017,0.0,0.0,0.0,0.0,1.0,0.0
82000.0,15.96875,3.5030654140023713E-6,82000.0,50.2,43.54771974730236,38.970588235294116,28.857142857142858,82000.0,882192.0,20.0,54385.975,29636.15277852676,175809.6,170850.88046519787,0.0,0.0,6.1,7.13700512156627,2.3,2.1788456625132104,1.65,1.0894228312566052,1.65,1.0894228312566052,0.5500000000000002,0.887041208323017,0.0,0.0,0.0,0.0,1.0,0.0
83000.0,16.140625,3.5422291128068326E-6,83000.0,52.400000000000006,45.222063540104706,39.8989898989899,29.06110283159463,83000.0,880792.0,20.0,55389.475,29633.076715730764,175867.60000000006,170717.7595887885,0.0,0.0,4.649999999999999,7.64525996941896,2.4,2.1618705350983247,1.7,1.0809352675491624,1.7,1.0809352675491624,0.6000000000000001,0.8825799501580878,0.0,0.0,0.0,0.0,1.0,0.0
84000.0,16.34375,3.588782532864974E-6,84000.0,52.900000000000006,44.52224940488039,42.13759213759214,28.419452887538,84000.0,885912.0,20.0,56395.62500000001,29632.358421580284,176184.80000000002,170672.5618642092,0.0,0.0,3.5500000000000003,4.968055851876911,2.6,2.4793887192315434,1.8,1.2396943596157717,1.8,1.2396943596157717,0.7000000000000001,1.0310954828418375,0.0,0.0,0.0,0.0,1.0,0.0
85000.0,16.515625,3.6281906068325036E-6,85000.0,56.3,49.020303218370415,46.04938271604937,34.1867469879518,85000.0,886288.0,20.0,57384.275,29632.81913428948,176286.19999999995,170603.90927062754,0.0,0.0,1.9499999999999997,2.781044862334261,2.6999999999999997,2.773938867766423,1.8499999999999999,1.3869694338832115,1.8499999999999999,1.3869694338832115,0.75,1.164157703189193,0.0,0.0,0.0,0.0,1.0,0.0
86000.0,16.71875,3.674975661043491E-6,86000.0,51.2,43.7683069881706,40.56029232643119,29.377713458755427,86000.0,890320.0,20.0,58381.075,29633.719827932244,176485.39999999997,170607.4632029732,0.0,0.0,4.200000000000001,6.833354728250631,2.8,2.745330964613039,1.9,1.3726654823065194,1.9,1.3726654823065194,0.8,1.1516578439248717,0.0,0.0,0.0,0.0,1.0,0.0
87000.0,16.84375,3.70453351125535E-6,87000.0,50.7,43.26172571820528,38.757763975155285,28.34302325581396,87000.0,914040.0,20.0,59385.275,29634.70393097056,177267.59999999998,171023.46157791425,0.0,0.0,5.8500000000000005,6.002411795971771,2.9999999999999996,2.9019050004400464,1.9999999999999998,1.4509525002200232,1.9999999999999998,1.4509525002200232,0.85,1.1821033884786185,0.0,0.0,0.0,0.0,1.0,0.0
88000.0,17.046875,3.7526734781244556E-6,88000.0,50.3,42.245768078991986,39.46406820950061,26.696165191740413,88000.0,916104.0,20.0,60373.775,29634.49009177244,177364.6,171034.28452120954,0.0,0.0,6.1499999999999995,8.585636720403258,2.9999999999999996,2.9019050004400464,1.9999999999999998,1.4509525002200232,1.9999999999999998,1.4509525002200232,0.85,1.1821033884786185,0.0,0.0,0.0,0.0,1.0,0.0
89000.0,17.234375,3.797210487795786E-6,89000.0,48.699999999999996,42.208839005992026,37.2093023255814,27.542372881355938,89000.0,918168.0,20.0,59955.37500000001,31820.56368071335,177314.6,171191.11193211479,0.30000000000000004,0.8013147091860318,4.449999999999999,7.910519312249587,2.9,2.8635642126552705,1.95,1.4317821063276353,1.95,1.4317821063276353,0.7999999999999999,1.1516578439248717,0.0,0.0,0.0,0.0,1.0,0.0
90000.0,17.453125,3.847713459334853E-6,90000.0,46.5,37.4485558216103,31.760204081632654,16.79626749611198,90000.0,892424.0,20.0,58056.24999999999,35191.117250973926,176260.8,170953.88468766984,0.45,1.0990426455975697,5.300000000000001,7.954475734485983,2.5,2.7434131641941364,1.75,1.3717065820970682,1.75,1.3717065820970682,0.65,1.1367080817685318,0.0,0.0,0.0,0.0,1.0,0.0
91000.0,17.671875,3.896958304620865E-6,91000.0,46.2,34.85736426599506,31.81242078580481,15.408805031446546,91000.0,870192.0,20.0,57415.74999999999,36519.031971576485,175186.80000000005,170861.6083980519,0.4000000000000001,0.9947229183096801,10.450000000000001,14.869520220200359,1.9999999999999998,1.8918106058538346,1.4999999999999998,0.9459053029269173,1.4999999999999998,0.9459053029269173,0.45,0.8255779474818966,0.0,0.0,0.0,0.0,1.0,0.0
92000.0,17.875,3.942106785770091E-6,92000.0,49.2,33.628347489570636,34.955185659411015,20.125786163522015,92000.0,859176.0,20.0,56885.525,37647.21557993945,174701.4,170787.53472930283,0.20000000000000004,0.6958523739384593,9.950000000000001,12.35643876476424,1.8,1.7651599003161755,1.4000000000000001,0.8825799501580878,1.4000000000000001,0.8825799501580878,0.3499999999999999,0.7451598203705946,0.0,0.0,0.0,0.0,1.0,0.0
93000.0,18.109375,3.99412842751998E-6,93000.0,50.8,35.21345979876669,37.642585551330804,22.39747634069401,93000.0,857976.0,20.0,57890.87500000001,37646.911106434345,174671.4,170757.07629393073,0.0,0.0,7.3,10.964536133899095,1.8,1.7651599003161755,1.4000000000000001,0.8825799501580878,1.4000000000000001,0.8825799501580878,0.3499999999999999,0.7451598203705946,0.0,0.0,0.0,0.0,1.0,0.0
94000.0,18.28125,4.032352687014888E-6,94000.0,50.4,35.15602427988542,38.308457711442784,21.642969984202214,94000.0,859664.0,20.0,58895.92500000001,37645.62536875284,174713.6,170799.27633498286,0.0,0.0,7.4,8.586402959882193,1.8,1.7651599003161755,1.4000000000000001,0.8825799501580878,1.4000000000000001,0.8825799501580878,0.3499999999999999,0.7451598203705946,0.0,0.0,0.0,0.0,1.0,0.0
95000.0,18.484375,4.077602902220355E-6,95000.0,47.699999999999996,28.85534645949924,32.516129032258064,17.377567140600313,95000.0,861112.0,20.0,58755.325,39042.96051746832,174736.8,170848.30078399813,0.4999999999999999,1.0,7.0,8.11755731991498,1.8,1.7651599003161755,1.4000000000000001,0.8825799501580878,1.4000000000000001,0.8825799501580878,0.3499999999999999,0.7451598203705946,0.0,0.0,0.0,0.0,1.0,0.0
96000.0,18.671875,4.1194169575141535E-6,96000.0,49.1,33.49760774302117,35.40609137055838,22.052067381317002,96000.0,862032.0,20.0,59735.77499999999,39084.33815152751,174761.79999999996,170869.2724807852,0.10000000000000002,0.4472135954999579,8.05,12.210758845335835,1.8,1.7651599003161755,1.4000000000000001,0.8825799501580878,1.4000000000000001,0.8825799501580878,0.3499999999999999,0.7451598203705946,0.0,0.0,0.0,0.0,1.0,0.0
97000.0,18.859375,4.161026897943682E-6,97000.0,51.6,37.34708935806657,40.173053152039564,25.538461538461544,97000.0,857824.0,20.0,60729.62500000001,39087.4932615428,174666.99999999997,170753.25696965077,0.0,0.0,5.800000000000001,8.727452151265659,1.8,1.7651599003161755,1.4000000000000001,0.8825799501580878,1.4000000000000001,0.8825799501580878,0.3499999999999999,0.7451598203705946,0.0,0.0,0.0,0.0,1.0,0.0
98000.0,19.03125,4.199039863629474E-6,98000.0,50.3,33.58216634393212,33.82157123834887,20.60702875399361,98000.0,854912.0,20.0,61484.25,39453.79951853456,174584.79999999996,170688.1651312018,0.09999999999999999,0.4472135954999579,7.0,9.80332918746967,1.8,1.7651599003161755,1.4000000000000001,0.8825799501580878,1.4000000000000001,0.8825799501580878,0.3499999999999999,0.7451598203705946,0.0,0.0,0.0,0.0,1.0,0.0
99000.0,19.25,4.247854166250262E-6,99000.0,47.5,30.62529732015434,33.79571248423707,17.58241758241758,99000.0,862584.0,20.0,62475.425,39461.741258765025,174785.99999999997,170870.83189416828,0.049999999999999996,0.22360679774997896,8.55,9.991970460535326,1.8,1.7651599003161755,1.4000000000000001,0.8825799501580878,1.4000000000000001,0.8825799501580878,0.3499999999999999,0.7451598203705946,0.0,0.0,0.0,0.0,1.0,0.0
100000.0,19.46875,4.296598749028312E-6,100000.0,48.5,32.110889940547594,33.634020618556704,20.031055900621116,100000.0,861352.0,20.0,63225.32499999999,39837.971621201636,174761.79999999996,170834.17942752826,0.09999999999999999,0.3077935056255462,6.149999999999999,8.79159287405632,1.8,1.7651599003161755,1.4000000000000001,0.8825799501580878,1.4000000000000001,0.8825799501580878,0.3499999999999999,0.7451598203705946,0.0,0.0,0.0,0.0,1.0,0.0
101000.0,19.578125,4.3210063530649576E-6,101000.0,47.5,31.51623065333516,34.45692883895131,19.35483870967742,101000.0,862600.0,20.0,64050.025,40088.16905623666,174793.00000000003,170866.12731729556,0.25,0.7163503994113789,7.65,11.01804739602497,1.8,1.7651599003161755,1.4000000000000001,0.8825799501580878,1.4000000000000001,0.8825799501580878,0.3499999999999999,0.7451598203705946,0.0,0.0,0.0,0.0,1.0,0.0
102000.0,19.796875,4.369942891773664E-6,102000.0,48.199999999999996,31.695340118966147,31.93166885676741,17.64705882352941,102000.0,864744.0,20.0,64534.65,40833.0589141276,174846.6,170920.80304059252,0.35000000000000003,1.348488432516786,5.750000000000001,10.973053118291286,1.8,1.7651599003161755,1.4000000000000001,0.8825799501580878,1.4000000000000001,0.8825799501580878,0.3499999999999999,0.7451598203705946,0.0,0.0,0.0,0.0,1.0,0.0
103000.0,19.984375,4.411915271905147E-6,103000.0,46.0,30.728822582403836,31.818181818181817,18.796992481203006,103000.0,865296.0,20.0,65183.44999999998,41343.033063252995,174861.00000000003,170933.0271866133,0.1,0.30779350562554625,5.9,8.02561688070079,1.8,1.7651599003161755,1.4000000000000001,0.8825799501580878,1.4000000000000001,0.8825799501580878,0.3499999999999999,0.7451598203705946,0.0,0.0,0.0,0.0,1.0,0.0
104000.0,20.203125,4.460512718651443E-6,104000.0,48.5,30.50757804741138,33.804627249357324,18.5126582278481,104000.0,858752.0,20.0,65724.15,41999.53850451583,174687.39999999997,170780.4394913584,0.3,0.8013147091860318,8.350000000000001,12.700082884105832,1.8,1.7651599003161755,1.4000000000000001,0.8825799501580878,1.4000000000000001,0.8825799501580878,0.3499999999999999,0.7451598203705946,0.0,0.0,0.0,0.0,1.0,0.0
105000.0,20.40625,4.505451005469594E-6,105000.0,50.1,34.64086530779044,35.943517329910144,22.51552795031056,105000.0,855176.0,20.0,66639.275,42136.80653506762,174602.99999999994,170683.62390136486,0.05000000000000001,0.22360679774997894,5.899999999999999,9.295726239288111,1.8,1.7651599003161755,1.4000000000000001,0.8825799501580878,1.4000000000000001,0.8825799501580878,0.3499999999999999,0.7451598203705946,0.0,0.0,0.0,0.0,1.0,0.0
106000.0,20.609375,4.550488083623349E-6,106000.0,51.300000000000004,32.860183745271264,38.27629911280101,20.424836601307188,106000.0,857056.0,20.0,67634.57500000001,42138.67273041962,174722.2,170664.81456354808,0.0,0.0,3.55,6.443887352408196,1.9,1.9973666874689098,1.45,0.998683343734455,1.45,0.998683343734455,0.39999999999999997,0.8825799501580878,0.0,0.0,0.0,0.0,1.0,0.0
107000.0,20.78125,4.588723014522757E-6,107000.0,48.5,31.029402902122015,33.889602053915276,19.906687402799378,107000.0,859904.0,20.0,68633.275,42135.90086301491,174826.4,170708.50460132476,0.0,0.0,3.85,5.94956875925076,1.9,1.9973666874689098,1.45,0.998683343734455,1.45,0.998683343734455,0.39999999999999997,0.8825799501580878,0.0,0.0,0.0,0.0,1.0,0.0
108000.0,20.953125,4.627199119163883E-6,108000.0,48.3,31.846434329359685,34.47401774397972,21.308980213089797,108000.0,865328.0,20.0,69633.725,42137.125624522545,175040.79999999996,170777.0772612873,0.0,0.0,9.049999999999999,11.771844196619053,2.099999999999999,2.468752081944492,1.5499999999999996,1.234376040972246,1.5499999999999996,1.234376040972246,0.5,1.1002392084403616,0.0,0.0,0.0,0.0,1.0,0.0
109000.0,21.15625,4.673142975661903E-6,109000.0,48.4,30.51628019713986,34.60076045627377,18.995290423861853,109000.0,874312.0,20.0,70624.92499999999,42133.41936338233,175408.0,170873.90841922458,0.0,0.0,3.2999999999999994,4.846051023907589,2.099999999999999,2.468752081944492,1.5499999999999996,1.234376040972246,1.5499999999999996,1.234376040972246,0.5,1.1002392084403616,0.0,0.0,0.0,0.0,1.0,0.0
110000.0,21.359375,4.71882661157805E-6,110000.0,51.300000000000004,34.609192577941954,38.11944091486659,23.667711598746084,110000.0,869360.0,20.0,71624.47499999999,42129.5164895158,175284.20000000007,170749.44890059356,0.0,0.0,3.3000000000000003,5.232489595634286,2.099999999999999,2.468752081944492,1.5499999999999996,1.234376040972246,1.5499999999999996,1.234376040972246,0.5,1.1002392084403616,0.0,0.0,0.0,0.0,1.0,0.0
111000.0,21.546875,4.7610038826759485E-6,111000.0,49.6,32.44203285140196,35.05154639175258,21.61741835147745,111000.0,869520.0,20.0,72620.57499999998,42130.05523308685,175294.2,170748.3048026674,0.0,0.0,3.1,5.457009013041948,2.099999999999999,2.468752081944492,1.5499999999999996,1.234376040972246,1.5499999999999996,1.234376040972246,0.5,1.1002392084403616,0.0,0.0,0.0,0.0,1.0,0.0
112000.0,21.734375,4.803479176997724E-6,112000.0,48.4,31.26158961570433,33.59073359073359,20.49306625577812,112000.0,875664.0,20.0,73605.225,42132.63112678848,175459.8,170891.34666052036,0.0,0.0,4.2,6.014018710698494,2.099999999999999,2.468752081944492,1.5499999999999996,1.234376040972246,1.5499999999999996,1.234376040972246,0.5,1.1002392084403616,0.0,0.0,0.0,0.0,1.0,0.0
113000.0,21.953125,4.853037308849808E-6,113000.0,50.1,32.67728539704212,36.7553865652725,21.044303797468356,113000.0,875728.0,20.0,74598.37500000001,42129.27372321428,175464.40000000002,170890.29755729408,0.0,0.0,0.4000000000000001,1.187655806953123,2.099999999999999,2.468752081944492,1.5499999999999996,1.234376040972246,1.5499999999999996,1.234376040972246,0.5,1.1002392084403616,0.0,0.0,0.0,0.0,1.0,0.0
114000.0,22.125,4.892376018688082E-6,114000.0,47.0,30.772707205124384,35.20782396088019,20.300751879699238,114000.0,884728.0,20.0,75593.92499999997,42122.347266630815,175850.0,170957.12487653526,0.0,0.0,2.650000000000001,8.21599851381117,2.3,2.53605578553951,1.65,1.268027892769755,1.65,1.268027892769755,0.6,1.142481141154959,0.0,0.0,0.0,0.0,1.0,0.0
115000.0,22.3125,4.935994899521271E-6,115000.0,50.0,33.593822631756495,37.18592964824121,22.23950233281493,115000.0,899240.0,20.0,76604.325,42118.97536642253,176441.59999999995,171125.73461531368,0.0,0.0,2.9,6.5926593947159775,2.5,2.665569949915916,1.75,1.332784974957958,1.75,1.332784974957958,0.65,1.1367080817685318,0.0,0.0,0.0,0.0,1.0,0.0
116000.0,22.484375,4.9764516168377465E-6,116000.0,49.0,31.89939270281963,37.88063337393423,20.80745341614907,116000.0,909872.0,20.0,77216.95,42775.07169077899,176845.6,171265.62061055322,0.20000000000000004,0.8944271909999159,3.4,9.805476450486873,2.6,2.722228189514882,1.8,1.361114094757441,1.8,1.361114094757441,0.6999999999999998,1.1742858972247996,0.0,0.0,0.0,0.0,1.0,0.0
117000.0,22.671875,5.0207751984190605E-6,117000.0,49.6,34.00662290677256,35.796178343949045,23.751891074130103,117000.0,913768.0,20.0,78184.85,42820.154685135996,177070.80000000002,171254.7221486619,0.10000000000000002,0.4472135954999579,2.850000000000001,7.421696500623589,2.8000000000000007,3.1051739505473592,1.9,1.5525869752736794,1.9,1.5525869752736794,0.6999999999999998,1.1742858972247996,0.0,0.0,0.0,0.0,1.0,0.0
118000.0,22.78125,5.0466444291588325E-6,118000.0,50.6,32.37286372173761,35.50913838120104,21.462639109697935,118000.0,914256.0,20.0,79191.49999999999,42819.864555648724,177134.19999999998,171220.62402002024,0.0,0.0,3.15,6.166761497611291,2.8000000000000007,3.1051739505473592,1.9,1.5525869752736794,1.9,1.5525869752736794,0.6999999999999998,1.1742858972247996,0.0,0.0,0.0,0.0,1.0,0.0
119000.0,23.0,5.0982810272317786E-6,119000.0,52.1,34.54406318752648,39.59646910466583,22.74193548387097,119000.0,912456.0,20.0,80202.15000000001,42817.946635487875,177105.8,171162.0452103046,0.0,0.0,2.3500000000000005,5.214100315995384,2.8000000000000007,3.1051739505473592,1.9,1.5525869752736794,1.9,1.5525869752736794,0.6999999999999998,1.1742858972247996,0.0,0.0,0.0,0.0,1.0,0.0
120000.0,23.15625,5.1353285865237306E-6,120000.0,52.6,37.33002090321455,38.759689922480625,25.58869701726845,120000.0,916520.0,20.0,81209.75000000003,42815.86592443243,177213.40000000002,171258.64879328743,0.0,0.0,1.9,3.8919620271853415,2.8000000000000007,3.1051739505473592,1.9,1.5525869752736794,1.9,1.5525869752736794,0.6999999999999998,1.1742858972247996,0.0,0.0,0.0,0.0,1.0,0.0
121000.0,23.359375,5.183378590219136E-6,121000.0,52.2,36.982046475081546,37.352555701179554,25.078369905956116,121000.0,914392.0,20.0,82204.44999999998,42817.836479283564,177214.40000000002,171149.6431590698,0.0,0.0,2.4999999999999996,4.594046490610944,3.0,3.043543641010729,2.0,1.5217718205053645,2.0,1.5217718205053645,0.7999999999999999,1.1516578439248717,0.0,0.0,0.0,0.0,1.0,0.0
122000.0,23.53125,5.225973501284088E-6,122000.0,44.0,30.24023519006422,31.54034229828851,20.45454545454546,122000.0,957960.0,20.0,83091.65000000002,43028.862035609156,178884.59999999998,171677.31685132952,0.05000000000000001,0.22360679774997896,3.1500000000000004,3.42244910769128,3.4000000000000004,3.152275702609649,2.1999999999999997,1.5761378513048245,2.1999999999999997,1.5761378513048245,0.95,1.190974832912761,0.0,0.0,0.0,0.0,1.0,0.0
123000.0,23.734375,5.276305374637659E-6,123000.0,41.5,30.485744230316765,28.745432399512787,19.972640218878244,123000.0,957816.0,20.0,79549.70000000001,49716.63260932157,178898.39999999997,171681.76025288244,0.7500000000000001,1.2085223687584246,8.750000000000002,14.653452979094256,3.4000000000000004,3.152275702609649,2.1999999999999997,1.5761378513048245,2.1999999999999997,1.5761378513048245,0.95,1.190974832912761,0.0,0.0,0.0,0.0,1.0,0.0
124000.0,23.921875,5.321129930153902E-6,124000.0,44.5,35.20246020497038,29.209183673469386,21.388101983002837,124000.0,924096.0,20.0,75942.65000000002,53690.1798147578,177189.59999999998,171657.8483111397,1.1500000000000004,1.5985190514644287,14.950000000000003,16.621086797071648,2.6000000000000005,2.479388719231543,1.8000000000000003,1.2396943596157715,1.8000000000000003,1.2396943596157715,0.6500000000000001,0.9880869341680844,0.0,0.0,0.0,0.0,1.0,0.0
125000.0,24.125,5.36973905076997E-6,125000.0,41.6,33.60422204385305,29.807692307692307,20.652173913043477,125000.0,925032.0,20.0,74311.40000000001,55938.44010952736,177197.8,171700.8778376377,0.6500000000000001,1.2258187382102494,13.450000000000001,13.705454158261611,2.6,2.5628931020687493,1.8,1.2814465510343747,1.8,1.2814465510343747,0.6500000000000001,1.0399898784932577,0.0,0.0,0.0,0.0,1.0,0.0
126000.0,24.328125,5.41703613837146E-6,126000.0,44.9,38.45727695230606,31.722428748451055,25.641025641025646,126000.0,900064.0,20.0,71371.47500000003,58277.21621476912,176014.00000000003,171616.2843483638,0.3,0.9787209698591857,11.5,12.567711343798942,2.0999999999999996,2.291862033139728,1.5499999999999996,1.145931016569864,1.5499999999999996,1.145931016569864,0.4,0.8207826816681233,0.0,0.0,0.0,0.0,1.0,0.0
127000.0,24.5,5.456734474541412E-6,127000.0,47.9,40.814420833323865,36.15196078431372,28.630136986301363,127000.0,892816.0,20.0,72366.475,58281.013293017626,175849.80000000002,171422.38163045226,0.0,0.0,7.0,7.546348018813645,2.0999999999999996,2.291862033139728,1.5499999999999996,1.145931016569864,1.5499999999999996,1.145931016569864,0.4,0.8207826816681233,0.0,0.0,0.0,0.0,1.0,0.0
128000.0,24.71875,5.507745857660968E-6,128000.0,39.7,31.85809306625021,26.012269938650313,18.733153638814017,128000.0,901408.0,20.0,72861.75,58903.54787484019,176062.7999999999,171636.7981922949,0.5,0.8885233166386386,7.2,7.522597535706036,2.0999999999999996,2.291862033139728,1.5499999999999996,1.145931016569864,1.5499999999999996,1.145931016569864,0.4,0.8207826816681233,0.0,0.0,0.0,0.0,1.0,0.0
129000.0,24.90625,5.551407812163233E-6,129000.0,43.1,32.4528059982858,28.785982478097623,19.29078014184397,129000.0,900128.0,20.0,73850.6,58929.975108141305,176036.19999999998,171600.78304274153,0.05,0.22360679774997896,9.649999999999999,10.534529689999154,2.0999999999999996,2.291862033139728,1.5499999999999996,1.145931016569864,1.5499999999999996,1.145931016569864,0.4,0.8207826816681233,0.0,0.0,0.0,0.0,1.0,0.0
130000.0,25.109375,5.598435851020945E-6,130000.0,45.0,36.68088084953535,33.00852618757613,25.474254742547426,130000.0,894944.0,20.0,74854.7,58929.774171531426,175906.59999999995,171472.76419405127,0.0,0.0,9.950000000000003,9.173617779147696,2.0999999999999996,2.291862033139728,1.5499999999999996,1.145931016569864,1.5499999999999996,1.145931016569864,0.4,0.8207826816681233,0.0,0.0,0.0,0.0,1.0,0.0
131000.0,25.296875,5.641968972567054E-6,131000.0,45.5,36.86247024137072,34.337349397590366,23.347398030942337,131000.0,897472.0,20.0,75851.0,58931.84294916132,176061.00000000003,171461.53145897307,0.0,0.0,6.500000000000001,6.969859924591099,2.1999999999999997,2.4623480450043695,1.5999999999999996,1.231174022502185,1.5999999999999996,1.231174022502185,0.4,0.8207826816681233,0.0,0.0,0.0,0.0,1.0,0.0
132000.0,25.46875,5.681995276568663E-6,132000.0,45.6,37.514214367595606,34.5367027677497,25.47945205479452,132000.0,900192.0,20.0,76865.04999999997,58932.74078609903,176139.20000000004,171518.88361481306,0.0,0.0,6.800000000000001,6.296197682979617,2.1999999999999997,2.4623480450043695,1.5999999999999996,1.231174022502185,1.5999999999999996,1.231174022502185,0.4,0.8207826816681233,0.0,0.0,0.0,0.0,1.0,0.0
133000.0,25.671875,5.729099826162887E-6,133000.0,47.099999999999994,37.944739145021614,34.20398009950248,23.775216138328528,133000.0,896400.0,20.0,77855.54999999999,58932.49531931886,176050.4,171417.5590390693,0.0,0.0,6.1000000000000005,5.447355708096023,2.1999999999999997,2.4623480450043695,1.5999999999999996,1.231174022502185,1.5999999999999996,1.231174022502185,0.4,0.8207826816681233,0.0,0.0,0.0,0.0,1.0,0.0
134000.0,25.828125,5.765971792344417E-6,134000.0,45.5,36.29776644774138,32.04488778054863,22.913719943422915,134000.0,912176.0,20.0,78855.65000000004,58936.108706932675,176450.8,171804.26296540833,0.0,0.0,7.049999999999999,7.769542423700652,2.1999999999999997,2.4623480450043695,1.5999999999999996,1.231174022502185,1.5999999999999996,1.231174022502185,0.4,0.8207826816681233,0.0,0.0,0.0,0.0,1.0,0.0
135000.0,26.015625,5.809454855302141E-6,135000.0,48.199999999999996,39.63435667471541,36.128236744759555,26.21082621082621,135000.0,896440.0,20.0,79839.09999999999,58939.39482335724,176063.4,171409.02078778011,0.0,0.0,6.5,5.365582324800406,2.1999999999999997,2.4623480450043695,1.5999999999999996,1.231174022502185,1.5999999999999996,1.231174022502185,0.4,0.8207826816681233,0.0,0.0,0.0,0.0,1.0,0.0
136000.0,26.234375,5.861231345786816E-6,136000.0,45.2,36.912366902938295,33.41433778857837,23.994452149791957,136000.0,914928.0,20.0,80835.95,58941.68714835766,176529.8,171861.920890774,0.0,0.0,5.15,5.714938872445572,2.1999999999999997,2.4623480450043695,1.5999999999999996,1.231174022502185,1.5999999999999996,1.231174022502185,0.4,0.8207826816681233,0.0,0.0,0.0,0.0,1.0,0.0
137000.0,26.421875,5.905295321200457E-6,137000.0,46.6,38.74587337602004,34.95736906211937,26.038781163434905,137000.0,908416.0,20.0,81600.4,59252.815667728784,176368.0,171701.28955386893,0.10000000000000002,0.4472135954999579,4.149999999999999,7.15449803307424,2.1999999999999997,2.4623480450043695,1.5999999999999996,1.231174022502185,1.5999999999999996,1.231174022502185,0.4,0.8207826816681233,0.0,0.0,0.0,0.0,1.0,0.0
138000.0,26.625,5.952656728267255E-6,138000.0,50.2,42.76375221531863,38.21339950372209,28.65329512893983,138000.0,901288.0,20.0,82602.2,59252.65780004497,176201.2,171514.71152916687,0.0,0.0,3.0500000000000003,6.047835628509896,2.1999999999999997,2.4623480450043695,1.5999999999999996,1.231174022502185,1.5999999999999996,1.231174022502185,0.4,0.8207826816681233,0.0,0.0,0.0,0.0,1.0,0.0
139000.0,26.859375,6.007386481441143E-6,139000.0,48.5,41.16639058662249,37.04156479217603,28.571428571428566,139000.0,902640.0,20.0,83530.02500000002,59322.98432137606,176234.40000000002,171549.1673458856,0.10000000000000002,0.4472135954999579,7.000000000000001,9.497922210451582,2.1999999999999997,2.4623480450043695,1.5999999999999996,1.231174022502185,1.5999999999999996,1.231174022502185,0.4,0.8207826816681233,0.0,0.0,0.0,0.0,1.0,0.0
140000.0,27.0625,6.054731493350118E-6,140000.0,49.0,42.08046953432697,35.76826196473552,29.068150208623084,140000.0,900976.0,20.0,84522.025,59323.728849332314,176192.8,171508.1246348226,0.0,0.0,6.300000000000001,9.825316387031165,2.1999999999999997,2.4623480450043695,1.5999999999999996,1.231174022502185,1.5999999999999996,1.231174022502185,0.4,0.8207826816681233,0.0,0.0,0.0,0.0,1.0,0.0
141000.0,27.265625,6.102741560122619E-6,141000.0,45.800000000000004,39.35284336696901,34.303030303030305,26.258503401360546,141000.0,913632.0,20.0,85130.35,59846.826298283544,176509.19999999998,171820.9238282397,0.19999999999999998,0.6958523739384592,5.65,6.293480335779409,2.1999999999999997,2.4623480450043695,1.5999999999999996,1.231174022502185,1.5999999999999996,1.231174022502185,0.4,0.8207826816681233,0.0,0.0,0.0,0.0,1.0,0.0
142000.0,27.453125,6.147108215373009E-6,142000.0,46.0,39.11060896156526,32.9192546583851,25.517241379310345,142000.0,914656.0,20.0,86134.0,59845.349608761346,176607.99999999997,171783.4783518679,0.0,0.0,4.35,8.916424820461808,2.3,2.6969768650335726,1.6499999999999997,1.3484884325167863,1.6499999999999997,1.3484884325167863,0.45000000000000007,0.9445132413883327,0.0,0.0,0.0,0.0,1.0,0.0
143000.0,27.640625,6.191399588715285E-6,143000.0,47.9,40.49794426678849,37.97619047619047,27.437325905292482,143000.0,913104.0,20.0,87125.75000000001,59843.338268048705,176585.40000000002,171732.72575672905,0.0,0.0,3.5999999999999996,5.66986493851949,2.3,2.6969768650335726,1.6499999999999997,1.3484884325167863,1.6499999999999997,1.3484884325167863,0.45000000000000007,0.9445132413883327,0.0,0.0,0.0,0.0,1.0,0.0
144000.0,27.8125,6.23162971654286E-6,144000.0,49.6,43.41529134388683,39.27710843373494,30.19390581717451,144000.0,904776.0,20.0,88118.95000000001,59842.56232557012,176377.19999999998,171527.45383296665,0.0,0.0,2.95,4.2608993367474355,2.3,2.6969768650335726,1.6499999999999997,1.3484884325167863,1.6499999999999997,1.3484884325167863,0.45000000000000007,0.9445132413883327,0.0,0.0,0.0,0.0,1.0,0.0
145000.0,28.015625,6.279202999495383E-6,145000.0,47.5,39.278349203852414,33.87909319899244,24.568965517241377,145000.0,905320.0,20.0,89124.05,59840.19386878561,176398.00000000003,171534.7910456562,0.0,0.0,5.450000000000001,6.159929938084139,2.3,2.6969768650335726,1.6499999999999997,1.3484884325167863,1.6499999999999997,1.3484884325167863,0.45000000000000007,0.9445132413883327,0.0,0.0,0.0,0.0,1.0,0.0
146000.0,28.1875,6.319374790311687E-6,146000.0,53.0,46.36221708922589,41.75960346964065,33.23863636363637,146000.0,903464.0,20.0,90119.04999999999,59839.66536737557,176351.60000000003,171489.09158891052,0.0,0.0,2.7000000000000006,4.231461113834645,2.3,2.6969768650335726,1.6499999999999997,1.3484884325167863,1.6499999999999997,1.3484884325167863,0.45000000000000007,0.9445132413883327,0.0,0.0,0.0,0.0,1.0,0.0
147000.0,28.375,6.363159757004016E-6,147000.0,50.3,43.31389049201718,37.64115432873275,29.202279202279207,147000.0,902664.0,20.0,91117.15,59840.646116742675,176331.59999999998,171469.21168219333,0.0,0.0,1.9500000000000002,3.5165024489802663,2.3,2.6969768650335726,1.6499999999999997,1.3484884325167863,1.6499999999999997,1.3484884325167863,0.45000000000000007,0.9445132413883327,0.0,0.0,0.0,0.0,1.0,0.0
148000.0,28.53125,6.399678273333443E-6,148000.0,50.9,43.971645772997306,40.48484848484849,29.454022988505752,148000.0,903432.0,20.0,92097.0,59842.955609683624,176350.79999999993,171488.20948738648,0.0,0.0,4.6499999999999995,5.869412236331675,2.3,2.6969768650335726,1.6499999999999997,1.3484884325167863,1.6499999999999997,1.3484884325167863,0.45000000000000007,0.9445132413883327,0.0,0.0,0.0,0.0,1.0,0.0
149000.0,28.71875,6.443474493506881E-6,149000.0,50.8,44.12697259041891,39.779681762545906,31.380753138075313,149000.0,902896.0,20.0,93091.30000000002,59840.52344579439,176337.4,171474.9528568875,0.0,0.0,1.4000000000000001,5.807436249281922,2.3,2.6969768650335726,1.6499999999999997,1.3484884325167863,1.6499999999999997,1.3484884325167863,0.45000000000000007,0.9445132413883327,0.0,0.0,0.0,0.0,1.0,0.0
150000.0,28.890625,6.483708178469289E-6,150000.0,51.9,46.23728025466317,41.12607099143207,35.17520215633424,150000.0,904856.0,20.0,94086.6,59838.625466610894,176389.40000000005,171532.62019575317,0.0,0.0,1.8000000000000003,3.5777087639996634,2.3,2.6969768650335726,1.6499999999999997,1.3484884325167863,1.6499999999999997,1.3484884325167863,0.45000000000000007,0.9445132413883327,0.0,0.0,0.0,0.0,1.0,0.0
151000.0,29.078125,6.528079490332553E-6,151000.0,48.9,42.88524516871766,37.60683760683761,30.945945945945947,151000.0,914752.0,20.0,95088.15,59835.82941020951,176636.79999999996,171779.92684189015,0.0,0.0,3.85,5.769931131578426,2.3,2.6969768650335726,1.6499999999999997,1.3484884325167863,1.6499999999999997,1.3484884325167863,0.45000000000000007,0.9445132413883327,0.0,0.0,0.0,0.0,1.0,0.0
152000.0,29.25,6.568541187637795E-6,152000.0,49.6,43.523210391729286,38.68613138686131,31.241473396998632,152000.0,909984.0,20.0,96108.35000000002,59832.75049136166,176520.60000000003,171660.59039454896,0.0,0.0,3.7500000000000004,5.38882860037416,2.3,2.6969768650335726,1.6499999999999997,1.3484884325167863,1.6499999999999997,1.3484884325167863,0.45000000000000007,0.9445132413883327,0.0,0.0,0.0,0.0,1.0,0.0
153000.0,29.40625,6.605326489079742E-6,153000.0,52.2,46.192379129847474,40.84158415841584,33.795013850415515,153000.0,910032.0,20.0,97105.54999999999,59832.6056392932,176521.80000000002,171676.91189888775,0.0,0.0,0.8500000000000002,2.5396850198400585,2.3,2.6969768650335726,1.6499999999999997,1.3484884325167863,1.6499999999999997,1.3484884325167863,0.45000000000000007,0.9445132413883327,0.0,0.0,0.0,0.0,1.0,0.0
154000.0,29.578125,6.645882450458074E-6,154000.0,49.3,42.59595363745778,37.25247524752475,28.49083215796897,154000.0,912104.0,20.0,98094.04999999999,59830.30892789784,176573.6,171728.5080914729,0.0,0.0,2.55,4.524494737711488,2.3,2.6969768650335726,1.6499999999999997,1.3484884325167863,1.6499999999999997,1.3484884325167863,0.45000000000000007,0.9445132413883327,0.0,0.0,0.0,0.0,1.0,0.0
155000.0,29.734375,6.682721108922526E-6,155000.0,49.5,42.75706893522481,36.875,28.873239436619723,155000.0,911352.0,20.0,99093.9,59829.86291648283,176560.80000000002,171706.8979315983,0.0,0.0,1.6,4.070432538764348,2.3,2.6969768650335726,1.6499999999999997,1.3484884325167863,1.6499999999999997,1.3484884325167863,0.45000000000000007,0.9445132413883327,0.0,0.0,0.0,0.0,1.0,0.0
156000.0,29.921875,6.727601931844318E-6,156000.0,49.3,43.30038716777046,38.694074969770256,30.068965517241374,156000.0,925256.0,20.0,100080.84999999999,59829.763514341685,176908.39999999997,172048.71652555946,0.0,0.0,4.200000000000001,6.262671365446134,2.3,2.6969768650335726,1.6499999999999997,1.3484884325167863,1.6499999999999997,1.3484884325167863,0.45000000000000007,0.9445132413883327,0.0,0.0,0.0,0.0,1.0,0.0
157000.0,30.046875,6.757415895764196E-6,157000.0,50.7,43.506709294464116,40.31476997578692,29.871977240398294,157000.0,921960.0,20.0,101074.55000000002,59826.58545048432,176914.79999999996,171903.54317244605,0.0,0.0,3.0,4.495611895592131,2.4,2.9091507170885533,1.6999999999999995,1.4545753585442767,1.6999999999999995,1.4545753585442767,0.5000000000000001,1.0513149660756935,0.0,0.0,0.0,0.0,1.0,0.0
158000.0,30.234375,6.801962218661273E-6,158000.0,50.4,43.48325463528469,38.99138991389914,28.42712842712843,158000.0,918360.0,20.0,102075.64999999998,59821.23375548355,176830.79999999996,171811.5728628313,0.0,0.0,1.1999999999999997,2.015727634065883,2.4,2.9091507170885533,1.6999999999999995,1.4545753585442767,1.6999999999999995,1.4545753585442767,0.5000000000000001,1.0513149660756935,0.0,0.0,0.0,0.0,1.0,0.0
159000.0,30.4375,6.850520051860559E-6,159000.0,49.6,43.005316111288906,38.983050847457626,30.864197530864196,159000.0,924056.0,20.0,103068.04999999999,59816.79751046266,176982.19999999995,171946.25875265765,0.0,0.0,2.5999999999999996,4.070432538764348,2.4,2.9091507170885533,1.6999999999999995,1.4545753585442767,1.6999999999999995,1.4545753585442767,0.5000000000000001,1.0513149660756935,0.0,0.0,0.0,0.0,1.0,0.0
160000.0,30.625,6.895160283117243E-6,160000.0,51.4,44.969274511602315,39.24999999999999,32.686980609418285,160000.0,920296.0,20.0,104069.3,59814.841585577175,176891.20000000004,171852.61358280538,0.0,0.0,4.7,7.678404439520108,2.4,2.9091507170885533,1.6999999999999995,1.4545753585442767,1.6999999999999995,1.4545753585442767,0.5000000000000001,1.0513149660756935,0.0,0.0,0.0,0.0,1.0,0.0
161000.0,30.828125,6.943735352251677E-6,161000.0,49.9,43.68793449366911,38.224414303329226,30.99173553719008,161000.0,924384.0,20.0,105071.65,59814.25488213598,177082.2,171863.70025157754,0.0,0.0,3.999999999999999,6.282808624375432,2.5,2.892822333402378,1.7499999999999998,1.4464111667011892,1.7499999999999998,1.4464111667011892,0.55,1.050062654772261,0.0,0.0,0.0,0.0,1.0,0.0
162000.0,30.984375,6.981483343729955E-6,162000.0,50.1,43.66712350108263,38.697788697788695,30.404463040446306,162000.0,933848.0,20.0,106074.49999999999,59815.45247312021,177497.99999999997,171919.19247403147,0.0,0.0,3.3499999999999996,5.470254492299816,2.7,2.921787484616764,1.8499999999999999,1.460893742308382,1.8499999999999999,1.460893742308382,0.6500000000000001,1.0894228312566052,0.0,0.0,0.0,0.0,1.0,0.0
163000.0,31.140625,7.019458991837583E-6,163000.0,49.4,43.37479506935469,38.81499395405079,30.20689655172413,163000.0,939480.0,20.0,106512.6,60734.208876770426,177752.00000000006,171948.2568991808,0.15,0.6708203932499369,4.300000000000001,7.211832382674287,2.8000000000000003,2.966479394838265,1.9,1.4832396974191324,1.9,1.4832396974191324,0.7000000000000001,1.1285761872936697,0.0,0.0,0.0,0.0,1.0,0.0
164000.0,31.3125,7.061544876907847E-6,164000.0,50.1,44.02987167249736,39.368165249088705,31.550068587105624,164000.0,946512.0,20.0,106915.24999999999,61653.52269377056,177942.40000000002,172128.574857583,0.19999999999999998,0.8944271909999157,7.05,9.213691185575838,2.8000000000000003,2.966479394838265,1.9,1.4832396974191324,1.9,1.4832396974191324,0.7000000000000001,1.1285761872936697,0.0,0.0,0.0,0.0,1.0,0.0
164860.0,31.484375,7.103753483129871E-6,164860.0,52.400000000000006,46.19255829516321,40.869565217391305,33.14606741573034,164860.0,949272.0,20.0,107767.15,61649.995630232544,178024.80000000002,172194.01322378436,0.0,0.0,4.95,9.052333226417666,2.8000000000000003,2.966479394838265,1.9,1.4832396974191324,1.9,1.4832396974191324,0.7000000000000001,1.1285761872936697,0.0,0.0,0.0,0.0,1.0,0.0
