learning evaluation instances,evaluation time (cpu seconds),model cost (RAM-Hours),classified instances,classifications correct (percent),Kappa Statistic (percent),Kappa Temporal Statistic (percent),Kappa M Statistic (percent),model training instances,model serialized size (bytes),[avg] model training instances,[err] model training instances,[avg] model serialized size (bytes),[err] model serialized size (bytes),[avg] tree size (nodes),[err] tree size (nodes),[avg] tree size (leaves),[err] tree size (leaves),[avg] active learning leaves,[err] active learning leaves,[avg] tree depth,[err] tree depth,[avg] active leaf byte size estimate,[err] active leaf byte size estimate,[avg] inactive leaf byte size estimate,[err] inactive leaf byte size estimate,[avg] byte size estimate overhead,[err] byte size estimate overhead
1000.0,0.140625,5.174195393919945E-8,1000.0,49.6,30.578321152399873,34.54545454545455,17.512274959083467,1000.0,1442896.0,5988.816666666668,77.67522381995602,6117.599999999998,4496.716343198273,3.2333333333333343,3.274796754809486,2.1166666666666663,1.637398377404743,2.1166666666666663,1.637398377404743,0.8833333333333333,1.249971751093229,0.0,0.0,0.0,0.0,1.0,0.0
2000.0,0.46875,2.0446100582679115E-7,2000.0,50.6,31.10315837626601,33.9572192513369,17.666666666666664,2000.0,1799104.0,11995.466666666665,110.20758020419136,11671.199999999999,7440.799184341352,7.533333333333333,5.69110714755677,4.266666666666666,2.845553573778385,4.266666666666666,2.845553573778385,2.1166666666666663,1.7378309748577798,0.0,0.0,0.0,0.0,1.0,0.0
3000.0,0.765625,3.6231753054178426E-7,3000.0,55.00000000000001,38.122981262263686,42.602040816326536,26.350245499181675,3000.0,2055376.0,18002.916666666668,112.15595855570072,15584.133333333333,7958.393977039922,10.000000000000002,5.781325869864049,5.500000000000001,2.8906629349320245,5.500000000000001,2.8906629349320245,2.8500000000000005,1.665451534437229,0.0,0.0,0.0,0.0,1.0,0.0
4000.0,1.046875,5.322047379902667E-7,4000.0,55.50000000000001,38.67507851657082,43.239795918367356,26.92939244663383,4000.0,2334912.0,23992.166666666668,121.12917417434221,20190.666666666664,6674.755707245953,13.499999999999998,5.2156868992021055,7.25,2.607843449601053,7.25,2.607843449601053,3.8000000000000003,1.190356733312486,0.0,0.0,0.0,0.0,1.0,0.0
5000.0,1.390625,7.530202856287361E-7,5000.0,58.099999999999994,43.43311066589624,46.827411167512686,31.535947712418295,5000.0,2483072.0,29983.783333333333,148.736724707908,22640.399999999998,7361.700529412058,15.13333333333333,5.667231610256791,8.066666666666666,2.8336158051283955,8.066666666666666,2.8336158051283955,4.066666666666666,1.1478301809474194,0.0,0.0,0.0,0.0,1.0,0.0
6000.0,1.703125,9.690185672500067E-7,6000.0,59.199999999999996,46.89007547336823,48.54981084489281,35.64668769716088,6000.0,2671792.0,35980.30000000001,170.1538984347479,25470.933333333334,9916.773610551862,17.03333333333333,7.884691597134341,9.016666666666666,3.9423457985671706,9.016666666666666,3.9423457985671706,4.38333333333333,1.3911544610370472,0.0,0.0,0.0,0.0,1.0,0.0
7000.0,2.0625,1.2353413169168763E-6,7000.0,58.099999999999994,44.155968780654234,45.44270833333333,31.980519480519476,7000.0,2864592.0,41977.98333333334,186.57451745876728,28617.466666666664,10761.186097229665,19.766666666666666,8.753433547474756,10.383333333333333,4.376716773737378,10.383333333333333,4.376716773737378,4.8999999999999995,1.3238362334070466,0.0,0.0,0.0,0.0,1.0,0.0
8000.0,2.421875,1.5253269359365934E-6,8000.0,58.4,45.56470080213553,47.00636942675159,32.68608414239482,8000.0,3119112.0,47981.25000000001,208.0968341250821,32820.66666666666,11228.227314797665,22.63333333333333,8.802862913860805,11.816666666666665,4.4014314569304025,11.816666666666665,4.4014314569304025,5.183333333333333,1.2418093233182887,0.0,0.0,0.0,0.0,1.0,0.0
9000.0,2.75,1.8024191700129045E-6,9000.0,59.599999999999994,46.60146052935928,47.9381443298969,34.09461663947797,9000.0,3264280.0,53969.46666666666,229.1416900616147,35216.933333333334,12203.65420942747,24.233333333333334,9.35978897825769,12.616666666666667,4.679894489128845,12.616666666666667,4.679894489128845,5.333333333333333,1.1884567213538209,0.0,0.0,0.0,0.0,1.0,0.0
10000.0,3.046875,2.066533100636055E-6,10000.0,56.599999999999994,43.59578190022431,45.271122320302645,31.86813186813186,10000.0,3438904.0,59976.26666666665,236.39752978911162,38102.799999999996,12198.721028820319,26.23333333333334,9.352542782429554,13.616666666666669,4.676271391214778,13.616666666666669,4.676271391214778,5.466666666666665,1.0651118611846166,0.0,0.0,0.0,0.0,1.0,0.0
11000.0,3.4375,2.4432967378137012E-6,11000.0,58.8,45.97259814103774,49.009900990099005,33.008130081300806,11000.0,3728304.0,65989.51666666665,231.4623000138073,42607.33333333336,12331.702853898005,29.83333333333333,9.827610131865978,15.416666666666668,4.913805065932989,15.416666666666668,4.913805065932989,5.699999999999999,1.0463819829475696,0.0,0.0,0.0,0.0,1.0,0.0
12000.0,3.828125,2.8495514480811024E-6,12000.0,63.0,50.22265272900943,50.60080106809078,38.33333333333333,12000.0,4020136.0,71990.85000000003,253.66338464955248,47466.000000000015,13334.802473863236,33.16666666666668,10.488357817957686,17.08333333333334,5.244178908978843,17.08333333333334,5.244178908978843,5.933333333333331,1.1026419224025308,0.0,0.0,0.0,0.0,1.0,0.0
13000.0,4.25,3.3079795604054297E-6,13000.0,60.6,45.66311684084809,47.67596281540504,32.41852487135507,13000.0,4200392.0,77988.18333333329,273.8994923706541,50437.33333333333,14011.96510815276,34.933333333333344,10.854768016893082,17.966666666666672,5.427384008446541,17.966666666666672,5.427384008446541,6.066666666666667,1.1179076500875618,0.0,0.0,0.0,0.0,1.0,0.0
14000.0,4.625,3.738823353261169E-6,14000.0,60.699999999999996,46.94802661508161,48.22134387351779,34.6089850249584,14000.0,4441104.0,83992.35000000002,270.5053541247758,54403.73333333333,13736.457152924266,37.966666666666654,10.700810466164157,19.483333333333327,5.350405233082078,19.483333333333327,5.350405233082078,6.283333333333334,1.1657785158522176,0.0,0.0,0.0,0.0,1.0,0.0
15000.0,5.078125,4.288350529451336E-6,15000.0,61.6,48.00390512337563,50.95785440613027,35.57046979865772,15000.0,4687848.0,89993.51666666666,284.78505076854566,58465.59999999999,14259.206837475158,40.66666666666667,10.967852356351925,20.833333333333336,5.483926178175962,20.833333333333336,5.483926178175962,6.466666666666666,1.1712179184205551,0.0,0.0,0.0,0.0,1.0,0.0
16000.0,5.390625,4.682589723314675E-6,16000.0,61.0,50.029982010793525,49.80694980694981,38.48580441640379,16000.0,4876544.0,95987.1,293.8373065352074,61577.60000000001,14816.802540771183,42.66666666666669,11.569490366677037,21.833333333333346,5.784745183338519,21.833333333333346,5.784745183338519,6.6499999999999995,1.2048630275903716,0.0,0.0,0.0,0.0,1.0,0.0
17000.0,5.828125,5.259676254354417E-6,17000.0,61.9,51.230127236885906,51.09114249037228,39.04,17000.0,5098768.0,101967.54999999997,292.9716492907368,65246.26666666665,15377.724243552244,45.466666666666676,12.319842980876272,23.233333333333338,6.159921490438136,23.233333333333338,6.159921490438136,6.8,1.1615302589140246,0.0,0.0,0.0,0.0,1.0,0.0
18000.0,6.296875,5.896354559808969E-6,18000.0,62.8,52.11190366768751,53.324968632371395,40.66985645933015,18000.0,5250264.0,107977.65000000001,295.94369740526497,67732.93333333333,16577.02883343794,47.233333333333334,13.205503047383816,24.116666666666667,6.602751523691908,24.116666666666667,6.602751523691908,6.883333333333334,1.1657785158522176,0.0,0.0,0.0,0.0,1.0,0.0
19000.0,6.671875,6.424750511844952E-6,19000.0,65.7,54.63263011705576,54.14438502673797,42.255892255892256,19000.0,5446664.0,113976.24999999999,293.0802877792121,70961.73333333335,17900.01913252142,49.86666666666666,14.59680330300668,25.43333333333333,7.29840165150334,25.43333333333333,7.29840165150334,7.016666666666667,1.2142050013530397,0.0,0.0,0.0,0.0,1.0,0.0
20000.0,7.125,7.09086469012416E-6,20000.0,63.1,52.660687459187486,52.63157894736842,39.902280130293164,20000.0,5682416.0,119981.76666666665,305.8704925161799,74850.53333333337,18654.806397940258,52.699999999999974,15.051662445486924,26.849999999999987,7.525831222743462,26.849999999999987,7.525831222743462,7.149999999999999,1.1763920711585685,0.0,0.0,0.0,0.0,1.0,0.0
21000.0,7.578125,7.780611178734236E-6,21000.0,62.2,52.16316158474081,52.51256281407035,40.75235109717868,21000.0,5884016.0,125990.31666666668,305.23908337989474,78041.06666666665,18955.244055823157,54.833333333333336,14.986057550401796,27.916666666666668,7.493028775200898,27.916666666666668,7.493028775200898,7.266666666666666,1.1026419224025303,0.0,0.0,0.0,0.0,1.0,0.0
22000.0,8.0,8.442342352484249E-6,22000.0,63.800000000000004,53.29104581606479,53.9440203562341,40.94616639477977,22000.0,6063176.0,131967.69999999998,311.13419089801664,80990.66666666669,19465.48771602189,57.06666666666666,15.652872879396009,29.03333333333333,7.826436439698004,29.03333333333333,7.826436439698004,7.383333333333332,1.121313797635774,0.0,0.0,0.0,0.0,1.0,0.0
23000.0,8.5,9.24878595267526E-6,23000.0,62.8,52.801641284861134,53.38345864661653,40.66985645933015,23000.0,6234568.0,137957.43333333338,328.1966838297397,83766.66666666669,20263.376018907013,58.83333333333332,16.144649810823534,29.91666666666666,8.072324905411767,29.91666666666666,8.072324905411767,7.433333333333333,1.1551897146513024,0.0,0.0,0.0,0.0,1.0,0.0
24000.0,8.953125,9.993569466233667E-6,24000.0,62.6,52.745917070347936,52.17391304347826,41.19496855345912,24000.0,6353520.0,143964.3666666667,321.04331861818804,85743.33333333333,20828.322687837837,60.16666666666666,16.689758014988417,30.583333333333332,8.344879007494209,30.583333333333332,8.344879007494209,7.483333333333333,1.2001647721150577,0.0,0.0,0.0,0.0,1.0,0.0
25000.0,9.421875,1.0786677950010117E-5,25000.0,62.0,50.360150173608844,51.59235668789809,37.5,25000.0,6540240.0,149970.41666666666,314.1509564625383,88783.59999999999,21197.446212668714,62.56666666666667,16.769996075180874,31.783333333333342,8.384998037590437,31.783333333333342,8.384998037590437,7.566666666666666,1.1103010229581527,0.0,0.0,0.0,0.0,1.0,0.0
26000.0,9.890625,1.1598579747240162E-5,26000.0,63.9,52.57805901075992,54.01273885350319,40.2317880794702,26000.0,6695216.0,155968.76666666663,328.19952419772915,91337.06666666668,21072.326958670397,64.16666666666666,16.4936214344394,32.583333333333336,8.2468107172197,32.583333333333336,8.2468107172197,7.616666666666667,1.0430019690032388,0.0,0.0,0.0,0.0,1.0,0.0
27000.0,10.390625,1.2485135715299596E-5,27000.0,64.5,54.325914832627,54.487179487179496,41.61184210526316,27000.0,6853912.0,161954.23333333328,348.6082433687336,93938.66666666664,20397.81213481009,66.10000000000001,16.073665165867016,33.55000000000001,8.036832582933508,33.55000000000001,8.036832582933508,7.666666666666667,1.0523044392039604,0.0,0.0,0.0,0.0,1.0,0.0
28000.0,10.84375,1.323154535687839E-5,28000.0,55.800000000000004,44.17747017851843,44.262295081967224,31.472868217054273,28000.0,6367392.0,148537.16666666657,53915.96989043218,84091.46666666669,34951.843360358056,58.76666666666667,25.541170929097564,29.883333333333336,12.770585464548782,29.883333333333336,12.770585464548782,6.716666666666667,2.636713842457245,0.0,0.0,0.0,0.0,1.0,0.0
29000.0,11.59375,1.3914414351650824E-5,29000.0,50.3,34.12314862188808,36.52618135376756,22.58566978193147,29000.0,3519480.0,70020.16666666664,79809.50613978785,38548.799999999996,36598.78366266344,26.333333333333336,25.521454362327425,13.666666666666666,12.760727181163713,13.666666666666666,12.760727181163713,4.0166666666666675,2.7152530029550643,0.0,0.0,0.0,0.0,1.0,0.0
30000.0,12.1875,1.446010263559098E-5,30000.0,52.0,39.14544998136329,41.248470012239906,27.272727272727277,30000.0,3552576.0,59574.966666666674,70258.53982811295,37915.06666666668,32553.135130781764,26.433333333333337,22.69351185308234,13.716666666666669,11.34675592654117,13.716666666666669,11.34675592654117,4.583333333333333,2.479007911643023,0.0,0.0,0.0,0.0,1.0,0.0
31000.0,12.84375,1.5045589049501964E-5,31000.0,55.60000000000001,44.890314348625864,44.981412639405214,33.0316742081448,31000.0,3448656.0,49505.81666666665,54678.965862070574,36538.0,29390.82280380639,26.099999999999994,21.444212209548187,13.549999999999997,10.722106104774094,13.549999999999997,10.722106104774094,4.883333333333335,2.450123944749075,0.0,0.0,0.0,0.0,1.0,0.0
32000.0,13.515625,1.5707198116514415E-5,32000.0,59.599999999999994,52.90222548642441,49.56304619225968,42.45014245014245,32000.0,3806408.0,54867.333333333336,47119.96033050136,42089.2,26146.08654308794,30.700000000000003,19.743525005961246,15.850000000000003,9.871762502980623,15.850000000000003,9.871762502980623,5.750000000000002,2.144168283302093,0.0,0.0,0.0,0.0,1.0,0.0
33000.0,14.296875,1.6585367395439078E-5,33000.0,58.699999999999996,52.42976767758209,50.120772946859894,41.5014164305949,33000.0,4345008.0,63263.03333333335,42400.4715455737,50673.86666666665,25052.24624420385,37.73333333333334,18.994974060209262,19.36666666666667,9.497487030104631,19.36666666666667,9.497487030104631,6.450000000000001,1.908278130600677,0.0,0.0,0.0,0.0,1.0,0.0
34000.0,14.921875,1.7361225068776142E-5,34000.0,60.9,54.23228461666319,50.63131313131313,41.64179104477612,34000.0,4798488.0,68529.73333333334,34253.38616039452,58029.599999999984,24886.780842821834,43.5,19.224366600396504,22.25,9.612183300198252,22.25,9.612183300198252,7.049999999999999,1.8450575297631215,0.0,0.0,0.0,0.0,1.0,0.0
35000.0,15.609375,1.832079776148829E-5,35000.0,63.1,55.83387792914748,54.21836228287841,43.23076923076923,35000.0,5395200.0,80240.36666666667,33032.88252633836,67821.59999999998,23738.956305645705,50.466666666666654,18.666989504875747,25.733333333333327,9.333494752437874,25.733333333333327,9.333494752437874,7.550000000000001,1.3457402978110384,0.0,0.0,0.0,0.0,1.0,0.0
36000.0,16.34375,1.9455613833593407E-5,36000.0,62.4,55.609705418449366,53.8083538083538,43.54354354354354,36000.0,5973240.0,91951.78333333333,31821.191967091632,77201.06666666668,23130.566465446303,58.06666666666666,18.81746994527274,29.53333333333333,9.40873497263637,29.53333333333333,9.40873497263637,7.766666666666666,1.253695103455931,0.0,0.0,0.0,0.0,1.0,0.0
37000.0,17.03125,2.0618024314495006E-5,37000.0,62.0,55.77945117644115,54.32692307692307,44.52554744525547,37000.0,6535656.0,103658.41666666667,30631.837155179124,86413.73333333334,23441.91789882264,65.13333333333335,19.92823281871316,33.06666666666668,9.96411640935658,33.06666666666668,9.96411640935658,8.08333333333334,1.1686826810728177,0.0,0.0,0.0,0.0,1.0,0.0
38000.0,17.78125,2.198262143388597E-5,38000.0,60.6,52.83798050796128,51.8925518925519,39.75535168195719,38000.0,7033080.0,115364.3,29453.433083140764,94403.33333333331,24588.504732328707,71.5,21.180819593303465,36.25,10.590409796651732,36.25,10.590409796651732,8.3,1.0938967819184433,0.0,0.0,0.0,0.0,1.0,0.0
39000.0,18.546875,2.3477847442134382E-5,39000.0,62.6,55.07561470733084,53.59801488833747,43.333333333333336,39000.0,7549064.0,127072.41666666666,28303.132056598908,102813.73333333335,26422.244807613268,78.13333333333334,22.852116073561948,39.56666666666667,11.426058036780974,39.56666666666667,11.426058036780974,8.5,1.11233454301897,0.0,0.0,0.0,0.0,1.0,0.0
40000.0,19.28125,2.5003641623900164E-5,40000.0,62.5,53.951569330517216,53.300124533001245,40.38155802861685,40000.0,8031200.0,138790.66666666666,27148.728051278205,110660.6666666667,27037.90718173952,84.36666666666665,23.226202814389215,42.68333333333332,11.613101407194607,42.68333333333332,11.613101407194607,8.750000000000002,1.0353906983864036,0.0,0.0,0.0,0.0,1.0,0.0
41000.0,19.9375,2.6456720402671225E-5,41000.0,58.5,50.00421651186044,48.51116625310173,37.593984962406005,41000.0,8558984.0,150464.53333333333,26032.532490065725,119139.06666666667,28380.46595206811,90.39999999999998,24.074179148932892,45.69999999999999,12.037089574466446,45.69999999999999,12.037089574466446,9.066666666666666,1.022901600162899,0.0,0.0,0.0,0.0,1.0,0.0
42000.0,20.59375,2.7989459081759877E-5,42000.0,62.0,54.53441445709903,52.141057934508815,42.24924012158055,42000.0,9028200.0,162182.99999999997,24927.30861076404,126818.40000000001,28901.30774309386,95.99999999999999,24.66452884307437,48.49999999999999,12.332264421537184,48.49999999999999,12.332264421537184,9.200000000000001,1.0382514636131825,0.0,0.0,0.0,0.0,1.0,0.0
43000.0,21.265625,2.9642402013349857E-5,43000.0,63.5,57.078012182788875,55.48780487804878,46.559297218155194,43000.0,9509808.0,173863.66666666663,23815.4090665193,134663.20000000007,29651.99774377116,102.26666666666668,26.115692189392057,51.63333333333334,13.057846094696028,51.63333333333334,13.057846094696028,9.316666666666668,1.0655096125625885,0.0,0.0,0.0,0.0,1.0,0.0
44000.0,21.890625,3.125442308373749E-5,44000.0,64.0,57.02241758451662,55.71955719557196,45.53706505295007,44000.0,9969952.0,185557.64999999997,22756.34999017689,142003.86666666667,31363.44763102352,107.86666666666667,27.287214779003747,54.43333333333334,13.643607389501874,54.43333333333334,13.643607389501874,9.549999999999999,1.048404760754586,0.0,0.0,0.0,0.0,1.0,0.0
45000.0,22.640625,3.3287740855788184E-5,45000.0,62.6,54.863244077611085,53.42465753424658,42.19474497681608,45000.0,1.047964E7,197227.00000000006,21707.624509936748,150282.93333333332,32747.196188876514,113.36666666666665,28.30461821734006,57.18333333333332,14.15230910867003,57.18333333333332,14.15230910867003,9.633333333333331,1.0571254061339108,0.0,0.0,0.0,0.0,1.0,0.0
46000.0,23.375,3.5371233405183165E-5,46000.0,63.6,58.06190707716839,55.117139334155375,48.22190611664296,46000.0,1.0966712E7,208925.26666666666,20704.69180093612,158259.7333333334,32891.34364811707,120.13333333333335,29.21890882234246,60.56666666666668,14.60945441117123,60.56666666666668,14.60945441117123,9.766666666666667,0.9977375536626355,0.0,0.0,0.0,0.0,1.0,0.0
47000.0,24.21875,3.786670409479281E-5,47000.0,64.2,57.145918148703664,54.9685534591195,45.42682926829269,47000.0,1.1432496E7,220616.30000000005,19741.760475908308,165813.73333333334,33997.962374568844,125.39999999999999,30.19888874372586,63.2,15.09944437186293,63.2,15.09944437186293,9.883333333333331,1.0099784637184805,0.0,0.0,0.0,0.0,1.0,0.0
48000.0,24.921875,4.002657793332925E-5,48000.0,64.3,56.73702656128437,55.430711610486895,44.21875,48000.0,1.1874032E7,232319.33333333326,18820.150896085095,172935.73333333337,34864.5997091152,131.0333333333334,30.475311856786007,66.0166666666667,15.237655928393004,66.0166666666667,15.237655928393004,10.016666666666666,1.0166689821220278,0.0,0.0,0.0,0.0,1.0,0.0
49000.0,25.828125,4.2912658827845E-5,49000.0,65.60000000000001,57.99053077254681,56.6204287515763,45.65560821484993,49000.0,1.2310136E7,243999.95,17955.5628681674,179847.73333333328,35934.2151772132,136.9666666666666,31.965005582995047,68.9833333333333,15.982502791497524,68.9833333333333,15.982502791497524,10.100000000000003,1.0201362487931178,0.0,0.0,0.0,0.0,1.0,0.0
50000.0,26.734375,4.5914164802525184E-5,50000.0,61.0,54.30563903563809,51.61290322580645,43.23144104803493,50000.0,1.2802464E7,255728.33333333334,17129.58591588593,187853.6,37483.024281146485,143.00000000000003,33.18157544711436,72.00000000000001,16.59078772355718,72.00000000000001,16.59078772355718,10.199999999999998,0.9880643635111425,0.0,0.0,0.0,0.0,1.0,0.0
51000.0,27.734375,4.9366979090134707E-5,51000.0,62.2,54.24316007873081,53.04347826086957,41.935483870967744,51000.0,1.3346752E7,267402.4166666666,16387.253884476606,196500.26666666666,38544.71196946528,149.3333333333333,33.70091115132316,75.16666666666664,16.85045557566158,75.16666666666664,16.85045557566158,10.283333333333337,0.9930549793895578,0.0,0.0,0.0,0.0,1.0,0.0
52000.0,28.53125,5.222105641021496E-5,52000.0,63.3,56.351613325245886,53.72005044136192,44.3939393939394,52000.0,1.384452E7,279103.9333333333,15729.725955640422,204246.80000000002,38707.13345055821,155.23333333333332,33.706794902495105,78.11666666666666,16.853397451247552,78.11666666666666,16.853397451247552,10.416666666666664,1.0462469920442223,0.0,0.0,0.0,0.0,1.0,0.0
53000.0,29.609375,5.620032545670659E-5,53000.0,64.7,58.65551966380964,57.21212121212121,48.31625183016106,53000.0,1.4267128E7,290816.8833333332,15119.897091941597,211020.13333333333,39329.111746409704,160.89999999999998,35.1277088948794,80.94999999999999,17.5638544474397,80.94999999999999,17.5638544474397,10.500000000000002,1.0496165562976976,0.0,0.0,0.0,0.0,1.0,0.0
54000.0,30.59375,5.9953631393404465E-5,54000.0,64.8,58.039140422254995,56.32754342431762,46.66666666666667,54000.0,1.4738584E7,302522.3333333334,14628.896269250708,218594.00000000003,40153.02784032311,166.79999999999995,36.0577690916175,83.89999999999998,18.02888454580875,83.89999999999998,18.02888454580875,10.600000000000001,1.0447609409471688,0.0,0.0,0.0,0.0,1.0,0.0
55000.0,31.390625,6.308538738974474E-5,55000.0,66.3,60.41627513625259,57.50315258511981,50.000000000000014,55000.0,1.519148E7,314240.7499999998,14194.328568576684,225981.60000000003,41135.12829406871,172.63333333333335,36.89011013793129,86.81666666666668,18.445055068965644,86.81666666666668,18.445055068965644,10.666666666666666,1.0995633442519805,0.0,0.0,0.0,0.0,1.0,0.0
56000.0,32.484375,6.752491155768642E-5,56000.0,64.7,58.680297876424824,56.47348951911222,48.16446402349486,56000.0,1.568992E7,325981.31666666665,13937.830889882818,234075.3333333333,42950.81827940018,178.6666666666667,38.83064780607643,89.83333333333336,19.415323903038214,89.83333333333336,19.415323903038214,10.716666666666663,1.0906640282868367,0.0,0.0,0.0,0.0,1.0,0.0
57000.0,33.484375,7.171495044733295E-5,57000.0,64.3,57.94513076472716,55.263157894736835,46.79582712369597,57000.0,1.6196472E7,337683.55,13788.965048151833,242317.46666666665,44524.01011355661,185.0,40.46174171205289,93.0,20.230870856026446,93.0,20.230870856026446,10.8,1.0544498123569759,0.0,0.0,0.0,0.0,1.0,0.0
58000.0,34.328125,7.530728746334919E-5,58000.0,61.7,53.865093341877724,52.65760197775031,40.24960998439938,58000.0,1.6457568E7,343923.5499999999,47033.08604586197,245759.7333333333,56581.72217720007,187.0666666666667,48.40362315429783,94.03333333333335,24.201811577148916,94.03333333333335,24.201811577148916,10.716666666666663,1.7953958693512737,0.0,0.0,0.0,0.0,1.0,0.0
59000.0,35.25,7.728890046968849E-5,59000.0,52.400000000000006,40.29124325924514,40.79601990049751,27.878787878787882,59000.0,8309008.0,172397.80000000005,176357.21731025627,112856.93333333332,114524.36178073037,82.50000000000001,85.355984370146,41.75000000000001,42.677992185073,41.75000000000001,42.677992185073,5.95,4.6702266485849,0.0,0.0,0.0,0.0,1.0,0.0
60000.0,36.03125,7.902464968436915E-5,60000.0,54.0,45.16119033597116,41.84576485461442,31.9526627218935,60000.0,8588144.0,178007.3833333333,175657.25406579516,117136.79999999999,110997.31156872559,85.66666666666667,81.86360435208142,43.333333333333336,40.93180217604071,43.333333333333336,40.93180217604071,7.099999999999999,3.54964786985977,0.0,0.0,0.0,0.0,1.0,0.0
61000.0,36.8125,8.088327527123814E-5,61000.0,55.2,46.434869943146836,43.85964912280702,33.62962962962963,61000.0,9196112.0,189659.85,175307.3247133832,126589.33333333334,109477.62495932428,92.99999999999999,81.18361694958503,46.99999999999999,40.591808474792515,46.99999999999999,40.591808474792515,7.883333333333332,2.864698444014874,0.0,0.0,0.0,0.0,1.0,0.0
62000.0,37.75,8.323269750690088E-5,62000.0,54.7,45.718469380663315,42.43964421855147,32.388059701492544,62000.0,9687064.0,201010.4,174671.66919052266,134141.2,108965.38572343803,98.16666666666666,80.62324320338872,49.58333333333333,40.31162160169436,49.58333333333333,40.31162160169436,8.250000000000004,2.734741954796107,0.0,0.0,0.0,0.0,1.0,0.0
63000.0,38.5625,8.507847950871412E-5,63000.0,54.0,45.79517883466705,41.02564102564103,33.81294964028777,63000.0,8781312.0,180299.8833333334,172274.40914258518,120152.79999999999,105873.77212011658,87.6,77.59896906531685,44.3,38.799484532658425,44.3,38.799484532658425,7.916666666666664,2.9359932726719826,0.0,0.0,0.0,0.0,1.0,0.0
64000.0,39.390625,8.703307077262756E-5,64000.0,55.800000000000004,48.73049990082484,45.2970297029703,36.494252873563234,64000.0,9123520.0,188708.54999999996,169997.98833210804,127298.13333333332,103256.7511058288,92.76666666666664,75.55273535226264,46.88333333333332,37.77636767613132,46.88333333333332,37.77636767613132,8.48333333333333,2.3178867250270225,0.0,0.0,0.0,0.0,1.0,0.0
65000.0,40.21875,8.903063445662457E-5,65000.0,55.400000000000006,47.78624202598747,46.265060240963855,35.64213564213565,65000.0,9324104.0,193289.08333333334,168582.69360332415,130547.06666666667,102744.95474996205,95.23333333333333,75.09640508371339,48.11666666666667,37.548202541856696,48.11666666666667,37.548202541856696,8.716666666666667,2.1240484742359245,0.0,0.0,0.0,0.0,1.0,0.0
66000.0,40.859375,9.065108415800042E-5,66000.0,57.9,50.57913970138531,46.776232616940575,38.36017569546119,66000.0,9777640.0,205078.98333333337,168324.22405488073,137843.6,101981.19058661949,99.93333333333332,73.84130181075726,50.46666666666666,36.92065090537863,50.46666666666666,36.92065090537863,8.900000000000002,1.9458778682039894,0.0,0.0,0.0,0.0,1.0,0.0
67000.0,41.75,9.299821029546566E-5,67000.0,59.3,52.36841335322858,50.061349693251536,40.147058823529406,67000.0,1.0186944E7,216864.55,168009.19016988276,144250.9333333334,101372.44291575173,104.66666666666667,73.28899532779933,52.833333333333336,36.644497663899664,52.833333333333336,36.644497663899664,9.06666666666667,1.7453732218685547,0.0,0.0,0.0,0.0,1.0,0.0
68000.0,42.75,9.575870214676898E-5,68000.0,56.8,49.10162002945507,45.247148288973385,36.56387665198237,68000.0,1.06706E7,228562.23333333337,167640.8127433969,152111.2,99954.53689481846,111.23333333333333,72.22947580552723,56.11666666666667,36.114737902763615,56.11666666666667,36.114737902763615,9.283333333333337,1.6270141797916016,0.0,0.0,0.0,0.0,1.0,0.0
69000.0,43.609375,9.823989795727862E-5,69000.0,60.0,53.00801565772918,49.81179422835634,40.56463595839524,69000.0,1.1160424E7,240265.93333333332,167282.43080986268,160046.6666666667,99340.64714135538,117.56666666666669,72.20694521895456,59.283333333333346,36.10347260947728,59.283333333333346,36.10347260947728,9.400000000000002,1.6176987211908072,0.0,0.0,0.0,0.0,1.0,0.0
70000.0,44.5625,1.0111357137146923E-4,70000.0,60.0,53.64549231384319,50.186799501867995,42.61119081779052,70000.0,1.16544E7,251971.91666666663,166958.8951967877,167973.2,98761.9250680431,123.60000000000002,71.69927782535864,62.3,35.84963891267932,62.3,35.84963891267932,9.56666666666667,1.5983748808984097,0.0,0.0,0.0,0.0,1.0,0.0
71000.0,45.421875,1.0381443804362788E-4,71000.0,59.5,53.175455614378485,51.4388489208633,41.133720930232556,71000.0,1.2148504E7,263653.86666666676,166654.74002244286,175971.4666666667,98297.3287192376,130.03333333333336,71.18702192391167,65.51666666666668,35.593510961955836,65.51666666666668,35.593510961955836,9.649999999999999,1.5819425946858363,0.0,0.0,0.0,0.0,1.0,0.0
72000.0,46.3125,1.067147692083381E-4,72000.0,57.8,49.730067137758674,48.34761321909424,35.963581183611524,72000.0,1.2587952E7,275369.0833333333,166331.3202890383,183128.53333333333,97740.41089616626,135.39999999999998,70.37699932434109,68.19999999999999,35.18849966217054,68.19999999999999,35.18849966217054,9.783333333333337,1.5954561184779419,0.0,0.0,0.0,0.0,1.0,0.0
73000.0,47.15625,1.0955791600281372E-4,73000.0,57.99999999999999,51.30101653330489,48.40294840294839,39.04208998548621,73000.0,1.3025304E7,287082.91666666657,165937.07494570134,190107.06666666665,95760.88864792112,140.43333333333334,69.15871372152479,70.71666666666667,34.579356860762395,70.71666666666667,34.579356860762395,9.966666666666665,1.4840013096374445,0.0,0.0,0.0,0.0,1.0,0.0
74000.0,48.140625,1.1297548218863084E-4,74000.0,54.900000000000006,46.79765532194497,43.97515527950311,32.98662704309064,74000.0,1.3420192E7,298803.5333333333,165633.02286215904,196557.06666666668,95265.65207504547,144.63333333333333,68.32771645648778,72.81666666666666,34.16385822824389,72.81666666666666,34.16385822824389,10.06666666666667,1.4828587446203956,0.0,0.0,0.0,0.0,1.0,0.0
75000.0,48.984375,1.1598420998780056E-4,75000.0,58.4,51.825869045109975,48.064918851435706,40.31563845050214,75000.0,1.378388E7,310502.9833333333,165333.932763874,202509.0666666667,94029.63613270936,150.03333333333333,67.3009851255541,75.51666666666667,33.65049256277705,75.51666666666667,33.65049256277705,10.216666666666667,1.42723706850597,0.0,0.0,0.0,0.0,1.0,0.0
76000.0,49.890625,1.1932428069283357E-4,76000.0,59.4,52.933320658562536,50.24509803921568,41.32947976878613,76000.0,1.424656E7,322184.5166666667,165022.69965022136,209734.53333333327,92358.63685810333,155.20000000000002,66.12848305523453,78.10000000000001,33.06424152761726,78.10000000000001,33.06424152761726,10.349999999999998,1.4000605313790628,0.0,0.0,0.0,0.0,1.0,0.0
77000.0,50.703125,1.224049947470323E-4,77000.0,56.39999999999999,49.77913184705671,45.905707196029766,38.33097595473832,77000.0,1.4656504E7,333893.2333333332,164718.5560665722,216378.5333333333,91491.06180507039,159.39999999999995,65.06091018344506,80.19999999999997,32.53045509172253,80.19999999999997,32.53045509172253,10.45,1.3457402978110382,0.0,0.0,0.0,0.0,1.0,0.0
78000.0,51.625,1.2598899348328511E-4,78000.0,59.5,52.5846627189008,48.60406091370558,40.26548672566371,78000.0,1.5027896E7,345591.8000000001,164461.82948499793,222340.66666666663,90300.5025964703,164.13333333333335,64.28893113644578,82.56666666666668,32.14446556822289,82.56666666666668,32.14446556822289,10.533333333333333,1.2817713731814049,0.0,0.0,0.0,0.0,1.0,0.0
79000.0,52.65625,1.3012100399161379E-4,79000.0,56.00000000000001,49.52623488654876,46.34146341463415,37.58865248226951,79000.0,1.548816E7,357278.4666666667,164219.47707853664,229618.00000000003,89604.7375336515,169.2666666666667,63.84670907640429,85.13333333333335,31.923354538202144,85.13333333333335,31.923354538202144,10.616666666666669,1.2363377667313769,0.0,0.0,0.0,0.0,1.0,0.0
80000.0,53.515625,1.3365445364292504E-4,80000.0,58.9,51.921952132512914,50.24213075060532,39.38053097345133,80000.0,1.5893464E7,368971.48333333334,163984.24268807893,236023.73333333334,88029.88028877751,174.4,62.526794256542516,87.7,31.263397128271258,87.7,31.263397128271258,10.733333333333329,1.2194284110670515,0.0,0.0,0.0,0.0,1.0,0.0
81000.0,54.453125,1.3761926070502442E-4,81000.0,61.1,55.03040938511887,51.856435643564346,44.66571834992887,81000.0,1.6347568E7,380709.05,163752.74095337527,243249.06666666668,86617.5985997183,180.00000000000006,61.691963050990246,90.50000000000003,30.845981525495123,90.50000000000003,30.845981525495123,10.766666666666664,1.2124588641166927,0.0,0.0,0.0,0.0,1.0,0.0
82000.0,55.4375,1.418831243710075E-4,82000.0,58.099999999999994,51.964139338389124,48.65196078431372,40.14285714285714,82000.0,1.6743456E7,392429.4500000001,163529.7804699706,249708.26666666672,85721.4444759672,185.0666666666667,61.05620269068205,93.03333333333335,30.528101345341025,93.03333333333335,30.528101345341025,10.849999999999998,1.204863027590372,0.0,0.0,0.0,0.0,1.0,0.0
83000.0,56.46875,1.4645870888165924E-4,83000.0,59.599999999999994,53.042693954595535,48.98989898989899,39.7913561847988,83000.0,1.7150824E7,404105.1,163290.93461948546,256201.0666666667,84398.65600300828,190.1,59.96544202528767,95.55,29.982721012643836,95.55,29.982721012643836,10.999999999999996,1.1789107296460473,0.0,0.0,0.0,0.0,1.0,0.0
84000.0,57.359375,1.5049434292854536E-4,84000.0,63.2,56.49830248810797,54.79115479115478,44.07294832826748,84000.0,1.7515368E7,415836.88333333336,163064.82226227346,262169.86666666664,83219.28269856259,194.6,59.04643389682567,97.8,29.523216948412834,97.8,29.523216948412834,11.083333333333334,1.2253213575950312,0.0,0.0,0.0,0.0,1.0,0.0
85000.0,58.3125,1.549085088643349E-4,85000.0,63.5,56.812808965897496,54.93827160493827,45.03012048192772,85000.0,1.7901984E7,427537.48333333334,162854.03706714648,268463.19999999995,82005.5014171073,199.6,58.249376224200674,100.3,29.124688112100337,100.3,29.124688112100337,11.183333333333334,1.241809323318289,0.0,0.0,0.0,0.0,1.0,0.0
86000.0,59.375,1.59939975451885E-4,86000.0,58.9,52.528026944676085,49.93909866017052,40.52098408104196,86000.0,1.8304928E7,439223.01666666666,162675.02590930462,274869.86666666676,81072.55712735574,203.8333333333333,57.483134347939625,102.41666666666664,28.741567173969813,102.41666666666664,28.741567173969813,11.23333333333333,1.2401020552134538,0.0,0.0,0.0,0.0,1.0,0.0
87000.0,60.421875,1.6500821608739596E-4,87000.0,59.099999999999994,52.44097564605853,49.192546583850934,40.55232558139535,87000.0,1.871392E7,450943.9833333334,162477.4905702838,281345.2,80034.79943904064,208.5666666666666,57.487615959444376,104.7833333333333,28.743807979722188,104.7833333333333,28.743807979722188,11.283333333333333,1.208608482212845,0.0,0.0,0.0,0.0,1.0,0.0
88000.0,61.484375,1.7026426645720173E-4,88000.0,59.8,52.61574076802575,51.0353227771011,40.70796460176991,88000.0,1.9121984E7,462638.7666666666,162305.68188487462,287936.1333333333,80833.56186329627,213.80000000000007,57.92947202256861,107.40000000000003,28.964736011284305,107.40000000000003,28.964736011284305,11.383333333333333,1.2900094161614908,0.0,0.0,0.0,0.0,1.0,0.0
89000.0,62.578125,1.7579921159065434E-4,89000.0,55.7,49.22164693799654,45.77723378212975,37.42937853107346,89000.0,1.9561296E7,474340.56666666653,162169.9661058058,295130.13333333336,81163.49361032192,219.3333333333333,58.88588984297401,110.16666666666664,29.442944921487005,110.16666666666664,29.442944921487005,11.466666666666667,1.281771373181405,0.0,0.0,0.0,0.0,1.0,0.0
90000.0,63.6875,1.8021329894610166E-4,90000.0,49.9,40.22720819304822,36.0969387755102,22.083981337480562,90000.0,1.5380304E7,382913.71666666656,279413.58112625754,225799.7333333333,161219.64914667982,164.19999999999996,118.25235870367682,82.59999999999998,59.12617935183841,82.59999999999998,59.12617935183841,8.333333333333336,5.429569595161348,0.0,0.0,0.0,0.0,1.0,0.0
91000.0,64.71875,1.8339750732088256E-4,91000.0,47.8,34.17302657795578,33.840304182509506,17.92452830188679,91000.0,1.193548E7,310517.6666666668,311095.69416682905,171146.66666666666,177479.7565686961,122.49999999999999,128.57478203859102,61.74999999999999,64.28739101929551,61.74999999999999,64.28739101929551,6.233333333333333,5.93286356294304,0.0,0.0,0.0,0.0,1.0,0.0
92000.0,65.703125,1.8599764819050003E-4,92000.0,50.9,36.37564029300896,37.13188220230474,22.798742138364783,92000.0,1.0210304E7,261278.48333333342,299675.79762031604,146976.13333333333,165253.49787682045,105.46666666666668,119.37257821366902,53.233333333333356,59.686289106834515,53.233333333333356,59.686289106834515,7.099999999999999,4.54245509665035,0.0,0.0,0.0,0.0,1.0,0.0
93000.0,66.671875,1.8819611467834978E-4,93000.0,54.300000000000004,39.802441360069665,42.07858048162231,27.917981072555214,93000.0,8772240.0,215319.64999999997,273413.796833374,123102.79999999999,146965.21963973632,88.23333333333333,105.27709469142216,44.61666666666667,52.63854734571108,44.61666666666667,52.63854734571108,6.999999999999999,4.234643242332287,0.0,0.0,0.0,0.0,1.0,0.0
94000.0,67.5625,1.9034267205926076E-4,94000.0,54.7,39.694157522055576,43.65671641791045,28.436018957345976,94000.0,9316440.0,226517.23333333334,272473.430989019,131931.19999999998,144654.71547462276,95.03333333333335,103.5135243217722,48.01666666666667,51.7567621608861,48.01666666666667,51.7567621608861,7.866666666666666,3.3621354526937015,0.0,0.0,0.0,0.0,1.0,0.0
95000.0,68.40625,1.9223670452548608E-4,95000.0,53.300000000000004,37.13494179934066,39.741935483870975,26.224328593996848,95000.0,8677128.0,205769.43333333323,254410.3037264448,121576.26666666668,132928.29544671203,87.53333333333332,95.67803826192151,44.26666666666666,47.83901913096076,44.26666666666666,47.83901913096076,7.783333333333332,3.008979029880382,0.0,0.0,0.0,0.0,1.0,0.0
96000.0,69.1875,1.9383593575589156E-4,96000.0,53.5,38.926204467186956,40.98984771573605,28.790199081163863,96000.0,7912680.0,178092.29999999996,229374.73215467113,108876.26666666665,119677.98580256182,78.13333333333334,86.29187102879226,39.56666666666667,43.14593551439613,39.56666666666667,43.14593551439613,7.683333333333333,2.6134701048032984,0.0,0.0,0.0,0.0,1.0,0.0
97000.0,70.046875,1.957079864546864E-4,97000.0,55.800000000000004,42.95522888891758,45.36464771322621,32.000000000000014,97000.0,8420488.0,189435.1666666666,228016.04862192966,116865.46666666669,118703.71997190469,84.06666666666668,85.31375128425717,42.53333333333334,42.65687564212858,42.53333333333334,42.65687564212858,8.250000000000002,2.304196613550655,0.0,0.0,0.0,0.0,1.0,0.0
98000.0,70.859375,1.9755611926989842E-4,98000.0,58.099999999999994,45.02481099818673,44.20772303595206,33.067092651757186,98000.0,8792496.0,200720.86666666664,226595.91820642404,122758.66666666663,118401.47131625141,88.59999999999997,84.44659329211609,44.79999999999998,42.223296646058046,44.79999999999998,42.223296646058046,8.483333333333334,2.1112424381790835,0.0,0.0,0.0,0.0,1.0,0.0
99000.0,71.671875,1.9941561603142575E-4,99000.0,54.1,39.97912999814315,42.11853720050442,27.943485086342235,99000.0,8846560.0,198625.33333333337,211948.42857276218,123362.9333333333,108726.05669730064,88.76666666666665,76.67593409966715,44.883333333333326,38.33796704983357,44.883333333333326,38.33796704983357,8.533333333333333,2.258443041511433,0.0,0.0,0.0,0.0,1.0,0.0
100000.0,72.46875,2.0134855284898858E-4,100000.0,56.2,43.39666531404513,43.55670103092784,31.987577639751564,100000.0,9376264.0,209991.08333333328,210725.39308378327,131350.2666666667,107221.78571538288,95.16666666666669,75.31834509164837,48.08333333333334,37.659172545824184,48.08333333333334,37.659172545824184,8.883333333333336,1.9751993391499834,0.0,0.0,0.0,0.0,1.0,0.0
101000.0,73.25,2.033454830719469E-4,101000.0,54.6,42.450201677817475,43.32084893882647,30.261136712749625,101000.0,9880416.0,221386.6,209466.62679664776,139292.8,105317.90682464889,100.86666666666665,74.03239480272126,50.93333333333332,37.01619740136063,50.93333333333332,37.01619740136063,9.216666666666667,1.7475568094513803,0.0,0.0,0.0,0.0,1.0,0.0
102000.0,74.109375,2.0564955313198482E-4,102000.0,55.800000000000004,42.83622838090731,41.918528252299616,29.729729729729737,102000.0,1.0363712E7,232783.2833333333,208207.97838773663,146592.93333333332,104218.35693045451,106.06666666666666,73.07805593943372,53.53333333333333,36.53902796971686,53.53333333333333,36.53902796971686,9.333333333333334,1.6739951872707548,0.0,0.0,0.0,0.0,1.0,0.0
103000.0,74.96875,2.0804257646280658E-4,103000.0,55.00000000000001,43.391598055186904,43.18181818181819,32.330827067669176,103000.0,1.0763824E7,244184.7,206970.66402813577,152697.3333333334,103488.13482970439,110.93333333333332,72.44304990974626,55.96666666666666,36.22152495487313,55.96666666666666,36.22152495487313,9.483333333333334,1.610260181805209,0.0,0.0,0.0,0.0,1.0,0.0
104000.0,75.8125,2.1037265997923295E-4,104000.0,56.8,44.02520938717969,44.47300771208226,31.645569620253156,104000.0,1.0674808E7,242248.1833333333,192140.98049719495,152092.26666666666,95348.59626349623,110.69999999999999,67.60285321428279,55.849999999999994,33.801426607141394,55.849999999999994,33.801426607141394,9.566666666666666,1.6089439284735039,0.0,0.0,0.0,0.0,1.0,0.0
105000.0,76.59375,2.1260169163320425E-4,105000.0,59.599999999999994,49.420273706429754,48.138639281129656,37.267080745341616,105000.0,1.1028808E7,253745.48333333334,191120.2098318026,157734.9333333334,95044.45393280614,115.06666666666666,67.52874257267293,58.03333333333333,33.76437128633646,58.03333333333333,33.76437128633646,9.616666666666665,1.6579716693891897,0.0,0.0,0.0,0.0,1.0,0.0
106000.0,77.421875,2.1506348188268025E-4,106000.0,55.60000000000001,41.62902352192594,43.726235741444874,27.450980392156872,106000.0,1.1490992E7,265227.1999999999,190101.6921356585,165163.59999999992,94438.34248525709,121.06666666666666,66.4600980496445,61.03333333333333,33.23004902482225,61.03333333333333,33.23004902482225,9.849999999999998,1.5050761566406312,0.0,0.0,0.0,0.0,1.0,0.0
107000.0,78.28125,2.1771803821644026E-4,107000.0,56.2,43.577786651895565,43.774069319640574,31.88180404354589,107000.0,1.19402E7,276721.06666666653,189124.57772069014,172313.33333333337,92773.74296179519,125.76666666666662,65.51396970103933,63.3833333333333,32.756984850519665,63.3833333333333,32.756984850519665,9.933333333333334,1.4828587446203951,0.0,0.0,0.0,0.0,1.0,0.0
108000.0,79.28125,2.2092033087068967E-4,108000.0,54.900000000000006,43.18324976693795,42.83903675538657,31.354642313546428,108000.0,1.2378368E7,288226.9833333333,188119.01913195592,179169.86666666673,92094.24320024562,130.73333333333335,64.96671029325468,65.86666666666667,32.48335514662734,65.86666666666667,32.48335514662734,10.066666666666666,1.4364110958072527,0.0,0.0,0.0,0.0,1.0,0.0
109000.0,80.25,2.2412715512069154E-4,109000.0,56.49999999999999,44.24878116300887,44.86692015209125,31.711145996860274,109000.0,1.2795752E7,299721.6499999999,187148.4811624658,185960.53333333335,91300.09772795683,135.53333333333333,64.25992416045435,68.26666666666667,32.12996208022717,68.26666666666667,32.12996208022717,10.166666666666663,1.3675000903748193,0.0,0.0,0.0,0.0,1.0,0.0
110000.0,81.21875,2.2744100256305607E-4,110000.0,59.0,47.61782475990438,47.903430749682336,35.73667711598746,110000.0,1.3222792E7,311226.1,186176.7025563872,192808.53333333327,90892.28304277366,140.30000000000007,64.18175990953152,70.65000000000003,32.09087995476576,70.65000000000003,32.09087995476576,10.266666666666666,1.325968359500135,0.0,0.0,0.0,0.0,1.0,0.0
111000.0,82.15625,2.3073938623484642E-4,111000.0,59.3,48.435779740962644,47.551546391752574,36.70295489891135,111000.0,1.3599792E7,322733.45,185222.51875673936,198696.39999999997,90779.71097358406,144.60000000000005,63.84918671422367,72.80000000000003,31.924593357111835,72.80000000000003,31.924593357111835,10.316666666666666,1.333933480752862,0.0,0.0,0.0,0.0,1.0,0.0
112000.0,83.09375,2.3413285600124966E-4,112000.0,55.60000000000001,44.47501375619029,42.85714285714287,31.587057010785834,112000.0,1.3991848E7,334243.2000000002,184293.70277467434,205057.59999999995,90071.4270996607,149.46666666666667,63.25666486400872,75.23333333333333,31.62833243200436,75.23333333333333,31.62833243200436,10.366666666666665,1.3525452048169944,0.0,0.0,0.0,0.0,1.0,0.0
113000.0,84.03125,2.376255310244031E-4,113000.0,57.4,45.42002239572789,46.00760456273764,32.59493670886076,113000.0,1.4400888E7,345725.9333333333,183358.15215313563,211541.86666666658,88862.73963653571,154.73333333333338,62.30865398627962,77.86666666666669,31.15432699313981,77.86666666666669,31.15432699313981,10.483333333333334,1.3082744058124638,0.0,0.0,0.0,0.0,1.0,0.0
114000.0,84.984375,2.4128761828049196E-4,114000.0,55.400000000000006,44.42055940831574,45.47677261613693,32.93233082706767,114000.0,1.4851872E7,357241.43333333323,182433.3355998301,218724.5333333333,88576.72652497509,159.63333333333335,62.65048775404074,80.31666666666668,31.32524387702037,80.31666666666668,31.32524387702037,10.58333333333333,1.2526807412697072,0.0,0.0,0.0,0.0,1.0,0.0
115000.0,86.046875,2.4547284960539813E-4,115000.0,57.8,46.35159031938601,46.984924623115575,34.3701399688958,115000.0,1.5226248E7,368738.9833333334,181527.97440143448,224672.9333333333,88526.95134689288,164.03333333333336,62.856836707743675,82.51666666666668,31.428418353871837,82.51666666666668,31.428418353871837,10.633333333333335,1.2346229324416158,0.0,0.0,0.0,0.0,1.0,0.0
116000.0,87.046875,2.4952540044776274E-4,116000.0,53.6,41.02679467919339,43.48355663824605,27.95031055900622,116000.0,1.5665016E7,380221.04999999993,180627.9325523879,231782.39999999997,87474.60121817054,169.19999999999996,61.60310359780062,85.09999999999998,30.80155179890031,85.09999999999998,30.80155179890031,10.700000000000006,1.2115265618918525,0.0,0.0,0.0,0.0,1.0,0.0
117000.0,88.109375,2.5394216205717796E-4,117000.0,56.10000000000001,45.62174535617138,44.076433121019114,33.58547655068079,117000.0,1.6068576E7,391703.45000000007,179743.50058200164,238199.86666666667,86796.34153648133,173.76666666666668,60.8394293052794,87.38333333333334,30.4197146526397,87.38333333333334,30.4197146526397,10.816666666666663,1.1859583361742698,42.36212121212121,328.13557992913076,0.0,0.0,1.0018211190195165,0.014106327268099317
118000.0,89.109375,2.5820729866003E-4,118000.0,57.199999999999996,44.70534278165715,44.12532637075717,31.955484896661364,118000.0,1.648676E7,403191.2333333333,178886.19705905128,244958.80000000005,86344.43040124392,178.50000000000003,60.68269795014453,89.75000000000001,30.341348975072265,89.75000000000001,30.341348975072265,10.916666666666663,1.1540887764616734,42.36212121212121,328.13557992913076,0.0,0.0,1.0018211190195165,0.014106327268099317
119000.0,90.25,2.6318687893864186E-4,119000.0,58.699999999999996,46.79932913052327,47.91929382093316,33.387096774193544,119000.0,1.6875328E7,414717.99999999994,178008.77707811896,251172.13333333333,85394.72458112975,183.30000000000004,60.38163936894523,92.15000000000002,30.190819684472615,92.15000000000002,30.190819684472615,10.966666666666669,1.163959732931945,42.36212121212121,328.13557992913076,0.0,0.0,1.0018211190195165,0.014106327268099317
120000.0,91.328125,2.6800543571072117E-4,120000.0,58.699999999999996,47.956308501897766,46.64082687338501,35.16483516483516,120000.0,1.727628E7,426199.89999999997,177174.66852259528,257580.13333333333,85398.95778657237,188.0666666666666,60.65458375979055,94.5333333333333,30.327291879895274,94.5333333333333,30.327291879895274,11.01666666666667,1.1715796473379425,42.36212121212121,328.13557992913076,0.0,0.0,1.0018211190195165,0.014106327268099317
121000.0,92.40625,2.7292731699870074E-4,121000.0,59.8,49.16385929770251,47.3132372214941,36.990595611285265,121000.0,1.7646736E7,437716.3666666666,176328.1135152965,263519.0666666667,84944.4440173647,192.9333333333333,60.45473630116121,96.96666666666665,30.227368150580606,96.96666666666665,30.227368150580606,11.033333333333337,1.1639597329319455,42.36212121212121,328.13557992913076,0.0,0.0,1.0018211190195165,0.014106327268099317
122000.0,93.53125,2.7548370200545635E-4,122000.0,45.0,32.39971189986308,32.76283618581907,21.875000000000007,122000.0,8783672.0,199208.7833333333,281118.9282494843,115745.2,155035.1874422302,82.93333333333331,111.50068277767184,41.966666666666654,55.75034138883592,41.966666666666654,55.75034138883592,4.516666666666667,5.488019823389937,42.36212121212121,328.13557992913076,0.0,0.0,1.0018211190195165,0.014106327268099317
123000.0,94.296875,2.759022428977511E-4,123000.0,45.6,36.549999533455875,33.73934226552985,25.581395348837212,123000.0,2113120.0,28390.28333333333,81337.63227417681,15122.799999999997,45845.48660217089,10.299999999999999,33.08094848311294,5.6499999999999995,16.54047424155647,5.6499999999999995,16.54047424155647,1.3833333333333333,2.1946905628508695,0.0,0.0,0.0,0.0,1.0,0.0
124000.0,94.875,2.7627562460515447E-4,124000.0,47.8,39.92722217491075,33.41836734693878,26.062322946175637,124000.0,2496512.0,25144.73333333333,3336.511848849652,21659.06666666666,8023.048167235774,15.9,7.172688312419454,8.449999999999998,3.5863441562097274,8.449999999999998,3.5863441562097274,4.2666666666666675,1.3761487240609074,0.0,0.0,0.0,0.0,1.0,0.0
125000.0,95.515625,2.767957600493295E-4,125000.0,54.400000000000006,48.68996247390896,45.19230769230769,38.04347826086957,125000.0,3138448.0,37152.76666666665,3315.026775292161,31967.599999999995,12196.188472675261,23.400000000000006,10.008809678800006,12.200000000000003,5.004404839400003,12.200000000000003,5.004404839400003,5.55,1.267922363019151,0.0,0.0,0.0,0.0,1.0,0.0
126000.0,96.078125,2.773319597084386E-4,126000.0,52.800000000000004,47.754726149534385,41.511771995043375,36.302294197031046,126000.0,3684736.0,49135.69999999999,3300.0594925299883,40883.86666666667,14642.744171202226,30.666666666666664,11.569490366677037,15.833333333333332,5.784745183338519,15.833333333333332,5.784745183338519,6.283333333333334,1.2634586196689699,0.0,0.0,0.0,0.0,1.0,0.0
127000.0,96.71875,2.780699852155522E-4,127000.0,54.400000000000006,49.1111753421325,44.117647058823536,37.534246575342465,127000.0,4453176.0,61117.2,3301.1683026940404,53490.26666666666,15467.51896210048,40.26666666666668,12.835156521751228,20.63333333333334,6.417578260875614,20.63333333333334,6.417578260875614,7.000000000000001,1.0735652625161434,0.0,0.0,0.0,0.0,1.0,0.0
128000.0,97.296875,2.7882596878852283E-4,128000.0,48.9,43.36469148719222,37.30061349693251,31.132075471698112,128000.0,5054672.0,73082.06666666664,3298.460996378879,63251.46666666667,17725.778748847886,47.56666666666667,14.22860173540017,24.283333333333335,7.114300867700085,24.283333333333335,7.114300867700085,7.449999999999999,1.0484047607545863,0.0,0.0,0.0,0.0,1.0,0.0
129000.0,97.84375,2.796313506809788E-4,129000.0,54.900000000000006,49.240006978092175,43.55444305381727,36.02836879432624,129000.0,5692672.0,85079.49999999997,3280.652934701581,73727.99999999999,19240.94870630458,55.50000000000001,16.040732051429657,28.250000000000004,8.020366025714829,28.250000000000004,8.020366025714829,7.800000000000002,1.0544498123569757,0.0,0.0,0.0,0.0,1.0,0.0
130000.0,98.5,2.8069856272648196E-4,130000.0,56.49999999999999,51.87137375695375,47.01583434835566,41.05691056910568,130000.0,6286136.0,97082.43333333332,3310.019920912282,83528.66666666666,21019.229667597458,63.43333333333333,16.878796915382758,32.21666666666666,8.439398457691379,32.21666666666666,8.439398457691379,8.266666666666666,1.0393392077183294,0.0,0.0,0.0,0.0,1.0,0.0
131000.0,99.125,2.8180147760495963E-4,131000.0,58.099999999999994,52.66419255167115,49.51807228915662,41.068917018284104,131000.0,6821256.0,109076.8,3319.871912987618,92383.06666666665,20691.234221829272,70.00000000000003,16.395534737300704,35.500000000000014,8.197767368650352,35.500000000000014,8.197767368650352,8.56666666666667,0.9454021952240553,0.0,0.0,0.0,0.0,1.0,0.0
132000.0,99.796875,2.830840217454049E-4,132000.0,59.099999999999994,54.49508457906283,50.78219013237063,43.97260273972602,132000.0,7378808.0,121057.90000000001,3314.3643903265106,101588.53333333334,19837.559137260152,77.1,16.386952230046635,39.05,8.193476115023318,39.05,8.193476115023318,8.883333333333333,1.1363287103004605,0.0,0.0,0.0,0.0,1.0,0.0
133000.0,99.9375,2.833716240517485E-4,133000.0,56.99999999999999,50.90147181401934,46.51741293532337,38.040345821325644,133000.0,7905552.0,133056.03333333335,3321.0579586890344,110175.86666666665,20760.482695367,83.46666666666668,17.362990708045768,42.23333333333334,8.681495354022884,42.23333333333334,8.681495354022884,9.1,1.1600701323042528,0.0,0.0,0.0,0.0,1.0,0.0
134000.0,100.65625,2.8493625477292683E-4,134000.0,54.0,47.97615950961876,42.64339152119701,34.93635077793494,134000.0,8414656.0,145046.93333333332,3296.685227164651,118474.13333333332,22517.343004491468,88.89999999999996,18.160956444610807,44.94999999999998,9.080478222305404,44.94999999999998,9.080478222305404,9.266666666666666,1.132967704398073,0.0,0.0,0.0,0.0,1.0,0.0
135000.0,101.296875,2.8640957190267127E-4,135000.0,59.5,54.120541762768084,50.06165228113441,42.30769230769231,135000.0,8889856.0,157037.03333333338,3331.6033497741055,126294.93333333333,22852.463480205457,95.2,18.81470755390535,48.1,9.407353776952675,48.1,9.407353776952675,9.366666666666667,1.2068542476791648,0.0,0.0,0.0,0.0,1.0,0.0
136000.0,101.984375,2.8808469356994874E-4,136000.0,54.50000000000001,48.759991801598694,44.71445929526125,36.893203883495154,136000.0,9418376.0,169001.66666666666,3322.321858440778,135005.60000000003,24261.73856807798,101.8333333333333,19.994208200924604,51.41666666666665,9.997104100462302,51.41666666666665,9.997104100462302,9.6,1.1817826236205733,0.0,0.0,0.0,0.0,1.0,0.0
137000.0,102.4375,2.892440084380926E-4,137000.0,57.49999999999999,52.25126843101038,48.23386114494519,41.13573407202215,137000.0,9889760.0,180995.2333333334,3322.6532402286994,142767.86666666667,25314.0237675474,107.53333333333332,20.415569554288435,54.26666666666666,10.207784777144218,54.26666666666666,10.207784777144218,9.783333333333331,1.1802278818547476,0.0,0.0,0.0,0.0,1.0,0.0
138000.0,103.234375,2.913728458548172E-4,138000.0,59.8,54.47751053132218,50.12406947890818,42.40687679083094,138000.0,1.0326536E7,192976.80000000002,3314.463889466326,149959.0666666667,25629.206140364764,113.06666666666668,20.6568958130879,57.03333333333334,10.32844790654395,57.03333333333334,10.32844790654395,9.88333333333333,1.1945024730791016,0.0,0.0,0.0,0.0,1.0,0.0
139000.0,103.890625,2.932063966808427E-4,139000.0,57.99999999999999,52.832625448370806,48.65525672371637,41.74757281553397,139000.0,1.0800056E7,204970.26666666666,3337.0425039915676,157763.46666666662,25541.32051818052,118.36666666666665,20.93247146377897,59.68333333333332,10.466235731889485,59.68333333333332,10.466235731889485,9.96666666666667,1.2346229324416162,0.0,0.0,0.0,0.0,1.0,0.0
140000.0,104.46875,2.9488966780869913E-4,140000.0,58.8,54.07695231471109,48.11083123425692,42.6981919332406,140000.0,1.125472E7,216982.7666666666,3378.459173249058,165274.13333333327,26189.473258186063,123.56666666666663,21.338567507610165,62.28333333333332,10.66928375380508,62.28333333333332,10.66928375380508,10.183333333333332,1.2001647721150577,0.0,0.0,0.0,0.0,1.0,0.0
141000.0,104.84375,2.960203135929381E-4,141000.0,56.3,51.835752199904775,47.03030303030303,40.54421768707483,141000.0,1.1654608E7,228995.26666666666,3394.968849195181,171881.06666666665,26961.422462767412,128.76666666666668,21.933927490106353,64.88333333333334,10.966963745053176,64.88333333333334,10.966963745053176,10.266666666666666,1.2332493481864322,0.0,0.0,0.0,0.0,1.0,0.0
142000.0,105.328125,2.975395757756714E-4,142000.0,57.199999999999996,52.41816869982646,46.83229813664596,40.9655172413793,142000.0,1.2124208E7,240976.29999999993,3388.1757068279303,179639.60000000003,27592.126469185474,133.9333333333334,22.05837145875528,67.4666666666667,11.02918572937764,67.4666666666667,11.02918572937764,10.466666666666667,1.1566560021651349,0.0,0.0,0.0,0.0,1.0,0.0
143000.0,105.765625,2.989573342104753E-4,143000.0,56.10000000000001,50.659188742652276,47.73809523809524,38.857938718662965,143000.0,1.2526408E7,252984.1333333334,3383.3404387223336,186245.19999999998,28599.843861610054,138.4333333333333,23.01684472821889,69.71666666666665,11.508422364109444,69.71666666666665,11.508422364109444,10.566666666666665,1.1551897146513022,0.0,0.0,0.0,0.0,1.0,0.0
144000.0,106.625,3.0183065433650176E-4,144000.0,58.199999999999996,53.36226806654244,49.63855421686746,42.105263157894726,144000.0,1.29242E7,264949.5333333333,3388.300356219147,192716.80000000005,29579.277554350243,143.43333333333337,24.062324913149787,72.21666666666668,12.031162456574894,72.21666666666668,12.031162456574894,10.699999999999996,1.2927437645094115,0.0,0.0,0.0,0.0,1.0,0.0
145000.0,107.5,3.0484811283208225E-4,145000.0,58.4,52.62503971638798,47.607052896725435,40.229885057471265,145000.0,1.3330168E7,276954.63333333336,3437.146461162265,199370.93333333332,30371.540754332666,148.4666666666666,24.94432218039904,74.7333333333333,12.47216109019952,74.7333333333333,12.47216109019952,10.783333333333331,1.290009416161491,0.0,0.0,0.0,0.0,1.0,0.0
146000.0,108.34375,3.0784677012383733E-4,146000.0,61.1,55.87728213132011,51.79677819083024,44.74431818181818,146000.0,1.3737744E7,288960.73333333334,3466.4978950660266,206104.53333333335,31361.425490488797,153.60000000000002,25.199677156931177,77.30000000000001,12.599838578465588,77.30000000000001,12.599838578465588,10.816666666666663,1.282101911212389,0.0,0.0,0.0,0.0,1.0,0.0
147000.0,109.109375,3.106402683382233E-4,147000.0,61.3,56.15873483398095,51.44291091593476,44.871794871794876,147000.0,1.4103752E7,300931.06666666665,3453.9767592019657,212130.66666666663,32097.597055984752,157.99999999999997,26.251715036791047,79.49999999999999,13.125857518395524,79.49999999999999,13.125857518395524,10.883333333333336,1.3160246593262617,0.0,0.0,0.0,0.0,1.0,0.0
148000.0,109.671875,3.127570492991557E-4,148000.0,59.9,54.27620138995787,51.39393939393939,42.38505747126437,148000.0,1.4546408E7,312947.56666666665,3487.9735186303606,219414.4,32222.25982206521,163.93333333333334,25.93464188527604,82.46666666666667,12.96732094263802,82.46666666666667,12.96732094263802,10.949999999999998,1.2271642935604954,0.0,0.0,0.0,0.0,1.0,0.0
149000.0,110.203125,3.148202759136135E-4,149000.0,58.099999999999994,52.62860373092142,48.71481028151774,41.56206415620641,149000.0,1.5012408E7,324973.06666666665,3480.8471590451572,227075.7333333333,32555.510937508872,169.23333333333326,25.965013400804455,85.11666666666663,12.982506700402228,85.11666666666663,12.982506700402228,11.133333333333335,1.268479226484454,0.0,0.0,0.0,0.0,1.0,0.0
150000.0,111.15625,3.1862295184206834E-4,150000.0,60.199999999999996,55.979684292489566,51.28518971848225,46.36118598382749,150000.0,1.542204E7,336981.99999999994,3457.0397153085037,233830.39999999997,32759.600081994337,174.40000000000003,26.196907567529706,87.70000000000002,13.098453783764853,87.70000000000002,13.098453783764853,11.200000000000001,1.2460105829732568,0.0,0.0,0.0,0.0,1.0,0.0
151000.0,112.0625,3.2233943836116745E-4,151000.0,59.199999999999996,54.81077009979287,50.18315018315018,44.86486486486486,151000.0,1.5852104E7,348992.8000000001,3448.698092845081,240920.66666666663,33321.48862051342,179.43333333333334,27.072011105766315,90.21666666666667,13.536005552883157,90.21666666666667,13.536005552883157,11.350000000000001,1.2326765696741904,0.0,0.0,0.0,0.0,1.0,0.0
152000.0,112.421875,3.238479156021235E-4,152000.0,60.0,55.55427156784529,51.33819951338199,45.42974079126875,152000.0,1.622532E7,360965.6333333334,3471.396397420306,247077.20000000007,34514.82552336713,184.13333333333327,27.6353167968684,92.56666666666663,13.8176583984342,92.56666666666663,13.8176583984342,11.400000000000004,1.1960386593151044,0.0,0.0,0.0,0.0,1.0,0.0
153000.0,113.0625,3.2659338130744994E-4,153000.0,61.5,56.930498129553065,52.35148514851484,46.67590027700831,153000.0,1.656588E7,372977.4666666668,3497.14154202712,252705.7333333334,34821.5327137944,188.33333333333331,28.042743807016972,94.66666666666666,14.021371903508486,94.66666666666666,14.021371903508486,11.466666666666669,1.171217918420555,0.0,0.0,0.0,0.0,1.0,0.0
154000.0,113.6875,3.2933872623188E-4,154000.0,57.49999999999999,52.1147803082456,47.400990099009896,40.05641748942171,154000.0,1.697928E7,385006.10000000015,3505.462699215803,259533.20000000004,35864.13953477055,193.56666666666675,28.733944177968315,97.28333333333337,14.366972088984157,97.28333333333337,14.366972088984157,11.533333333333331,1.1856009942278742,0.0,0.0,0.0,0.0,1.0,0.0
155000.0,114.28125,3.320096191600896E-4,155000.0,58.599999999999994,53.41405230229104,48.24999999999999,41.690140845070424,155000.0,1.7388224E7,397030.5666666667,3511.1538610773305,266289.60000000003,35808.01862437224,198.33333333333331,29.21496404744981,99.66666666666666,14.607482023724906,99.66666666666666,14.607482023724906,11.583333333333332,1.183096578527845,0.0,0.0,0.0,0.0,1.0,0.0
156000.0,114.96875,3.351727771223522E-4,156000.0,59.099999999999994,54.467475416333144,50.5441354292624,43.586206896551715,156000.0,1.7784864E7,409022.70000000007,3510.3176412360417,272836.93333333347,36359.911262905036,203.6666666666666,30.319578429757097,102.3333333333333,15.159789214878549,102.3333333333333,15.159789214878549,11.633333333333333,1.1639597329319453,0.0,0.0,0.0,0.0,1.0,0.0
157000.0,115.953125,3.3980338164838023E-4,157000.0,59.4,53.54627294653931,50.847457627118644,42.247510668563294,157000.0,1.8183584E7,420994.5666666666,3503.879198282692,279423.3333333333,37553.717964693606,208.9666666666667,30.546417397449556,104.98333333333335,15.273208698724778,104.98333333333335,15.273208698724778,11.7,1.1542111547851666,0.0,0.0,0.0,0.0,1.0,0.0
158000.0,116.71875,3.4348734169422333E-4,158000.0,57.99999999999999,52.00921423086767,48.33948339483395,39.393939393939384,158000.0,1.8599496E7,432988.3333333333,3549.4187572226865,286296.5333333333,38388.91379140097,214.1,31.25710766627355,107.55,15.628553833136776,107.55,15.628553833136776,11.766666666666666,1.1841705481076825,0.0,0.0,0.0,0.0,1.0,0.0
159000.0,117.765625,3.486572335694088E-4,159000.0,59.099999999999994,54.270661778435205,50.484261501210646,43.8957475994513,159000.0,1.9089256E7,444985.1666666665,3573.0887135365383,294389.2000000002,39297.91186275528,220.09999999999994,31.600096545658136,110.54999999999997,15.800048272829068,110.54999999999997,15.800048272829068,11.8,1.1615302589140246,0.0,0.0,0.0,0.0,1.0,0.0
160000.0,118.859375,3.541837512036888E-4,160000.0,58.9,53.87003471532423,48.62499999999999,43.074792243767305,160000.0,1.9531512E7,457026.7,3585.9864033130143,301691.86666666664,39413.817127906936,225.1,31.617255533294266,113.05,15.808627766647133,113.05,15.808627766647133,11.816666666666666,1.1715796473379425,0.0,0.0,0.0,0.0,1.0,0.0
161000.0,120.015625,3.601531419553793E-4,161000.0,59.8,54.886559898191756,50.43156596794082,44.628099173553714,161000.0,1.9956328E7,469016.6333333334,3599.204422292017,308710.26666666666,39311.24416101588,230.16666666666669,32.84951134309651,115.58333333333334,16.424755671548255,115.58333333333334,16.424755671548255,11.9,1.100077038904741,0.0,0.0,0.0,0.0,1.0,0.0
162000.0,121.140625,3.660746608511544E-4,162000.0,59.0,53.7844348230902,49.63144963144963,42.817294281729424,162000.0,2.0346184E7,481012.19999999995,3588.8458878558113,315151.20000000007,40539.20225515971,234.53333333333333,33.383984116342766,117.76666666666667,16.691992058171383,117.76666666666667,16.691992058171383,12.000000000000002,1.1497973292302799,0.0,0.0,0.0,0.0,1.0,0.0
163000.0,122.25,3.720301859236011E-4,163000.0,58.8,54.29712415763055,50.181378476420804,43.172413793103445,163000.0,2.075124E7,493029.56666666677,3587.7984863326856,321845.8666666668,40974.62524558119,239.46666666666667,33.54605570119004,120.23333333333333,16.77302785059502,120.23333333333333,16.77302785059502,12.083333333333332,1.1243328216259232,0.0,0.0,0.0,0.0,1.0,0.0
164000.0,123.390625,3.7826152602469333E-4,164000.0,57.699999999999996,52.680646943930476,48.60267314702308,41.9753086419753,164000.0,2.1117424E7,505044.0333333334,3596.5792597621717,327862.8,41235.2253778165,244.00000000000006,33.73777242402932,122.50000000000003,16.86888621201466,122.50000000000003,16.86888621201466,12.083333333333332,1.1243328216259232,0.0,0.0,0.0,0.0,1.0,0.0
164860.0,124.46875,3.842302321249411E-4,164860.0,61.5,56.4808493129626,52.17391304347826,45.926966292134836,164860.0,2.1399984E7,515381.3333333333,3613.535527104956,332482.2666666666,41564.90559042861,247.96666666666667,34.14126518892592,124.48333333333333,17.07063259446296,124.48333333333333,17.07063259446296,12.133333333333333,1.156656002165135,0.0,0.0,0.0,0.0,1.0,0.0
