learning evaluation instances,evaluation time (cpu seconds),model cost (RAM-Hours),classified instances,classifications correct (percent),Kappa Statistic (percent),Kappa Temporal Statistic (percent),Kappa M Statistic (percent),model training instances,model serialized size (bytes),ensemble size,change detections,[avg] model training instances,[err] model training instances,[avg] model serialized size (bytes),[err] model serialized size (bytes),[avg] tree size (nodes),[err] tree size (nodes),[avg] tree size (leaves),[err] tree size (leaves),[avg] active learning leaves,[err] active learning leaves,[avg] tree depth,[err] tree depth,[avg] active leaf byte size estimate,[err] active leaf byte size estimate,[avg] inactive leaf byte size estimate,[err] inactive leaf byte size estimate,[avg] byte size estimate overhead,[err] byte size estimate overhead
1000.0,0.0625,8.80850065085623E-9,1000.0,48.199999999999996,34.05499406113025,32.72727272727273,15.220949263502451,1000.0,560992.0,25.0,0.0,5988.36,73.67206616712562,4273.920000000002,9.600000000000188,1.0,0.0,1.0,0.0,1.0,0.0,0.0,0.0,0.0,0.0,0.0,0.0,1.0,0.0
2000.0,0.265625,3.850853924329082E-8,2000.0,45.4,30.803302684857204,27.00534759358289,9.0,2000.0,565192.0,25.0,0.0,11981.239999999998,91.4313403598571,4273.920000000002,9.600000000000188,1.0,0.0,1.0,0.0,1.0,0.0,0.0,0.0,0.0,0.0,0.0,0.0,1.0,0.0
3000.0,0.359375,5.230414293085535E-8,3000.0,44.6,29.79299070454128,29.336734693877553,9.328968903436987,3000.0,568816.0,25.0,2.0,16927.48,3622.2183709250144,4277.76,15.919798993705925,1.0,0.0,1.0,0.0,1.0,0.0,0.0,0.0,0.0,0.0,0.0,0.0,1.0,0.0
4000.0,0.421875,6.147172017436888E-8,4000.0,43.2,26.802331500384668,27.55102040816326,6.732348111658454,4000.0,566992.0,25.0,8.0,18803.719999999998,8688.873850697415,4285.44,21.996363335788033,1.0,0.0,1.0,0.0,1.0,0.0,0.0,0.0,0.0,0.0,0.0,0.0,1.0,0.0
5000.0,0.5,7.572127894187967E-8,5000.0,49.8,34.691456159363256,36.29441624365482,17.973856209150323,5000.0,706088.0,25.0,8.0,24815.6,8666.495158559388,9779.2,4673.5100299453725,3.9599999999999995,2.4576411454889016,2.48,1.2288205727444508,2.48,1.2288205727444508,1.2800000000000002,0.9797958971132712,0.0,0.0,0.0,0.0,1.0,0.0
6000.0,0.5625,8.812235642431511E-8,6000.0,55.1,44.75586768968793,43.379571248423716,29.17981072555206,6000.0,766976.0,25.0,8.0,30837.04,8694.449031230597,12251.2,5512.070149529424,4.839999999999999,2.7030846576951055,2.9199999999999995,1.3515423288475528,2.9199999999999995,1.3515423288475528,1.5599999999999998,1.0832051206181281,0.0,0.0,0.0,0.0,1.0,0.0
7000.0,0.640625,1.038625163750516E-7,7000.0,52.900000000000006,42.30430010583671,38.67187500000001,23.53896103896104,7000.0,778792.0,25.0,8.0,36831.55999999999,8692.992594996655,12595.2,5936.70930173723,4.919999999999999,2.85657137141714,2.9599999999999995,1.42828568570857,2.9599999999999995,1.42828568570857,1.5599999999999998,1.0832051206181281,0.0,0.0,0.0,0.0,1.0,0.0
8000.0,0.65625,1.0706924108995332E-7,8000.0,53.2,42.20095788327064,40.38216560509555,24.271844660194176,8000.0,793312.0,25.0,8.0,42841.08000000001,8695.399434566918,13126.079999999998,5948.195594183724,5.159999999999999,2.8237091446063163,3.079999999999999,1.411854572303158,3.079999999999999,1.411854572303158,1.68,1.0692676621563626,0.0,0.0,0.0,0.0,1.0,0.0
9000.0,0.6875,1.1362051332576407E-7,9000.0,54.6,44.27936900681044,41.49484536082475,25.93800978792823,9000.0,810360.0,25.0,8.0,48810.68,8699.55177830061,13717.76,5706.944317233172,5.4,2.70801280154532,3.2,1.35400640077266,3.2,1.35400640077266,1.7599999999999998,1.0115993936995678,0.0,0.0,0.0,0.0,1.0,0.0
10000.0,0.75,1.2711550678229993E-7,10000.0,54.6,45.16510858274755,42.74905422446407,28.728414442700164,10000.0,834632.0,25.0,8.0,54810.840000000004,8711.436313260861,14634.88,6302.742209546572,5.96,3.1155523854794462,3.4799999999999995,1.557776192739723,3.4799999999999995,1.557776192739723,1.9599999999999997,1.1357816691600546,0.0,0.0,0.0,0.0,1.0,0.0
11000.0,0.875,1.560762757435441E-7,11000.0,54.900000000000006,43.71695242896917,44.18316831683168,26.66666666666667,11000.0,895576.0,25.0,8.0,60800.87999999999,8725.652904510927,17112.0,6201.403712063906,7.159999999999999,3.2103997674225346,4.08,1.6051998837112675,4.08,1.6051998837112675,2.4800000000000004,1.0847426730181986,0.0,0.0,0.0,0.0,1.0,0.0
12000.0,0.96875,1.781338748211662E-7,12000.0,58.099999999999994,47.41267869021172,44.058744993324424,30.166666666666657,12000.0,909472.0,25.0,8.0,66790.56,8741.956965691375,17664.960000000003,5783.431654879882,7.399999999999999,2.9439202887759484,4.2,1.4719601443879744,4.2,1.4719601443879744,2.6,0.9574271077563381,0.0,0.0,0.0,0.0,1.0,0.0
13000.0,1.09375,2.0806399536215596E-7,13000.0,58.099999999999994,46.78324396135879,44.35590969455511,28.1303602058319,13000.0,925552.0,25.0,8.0,72787.79999999999,8729.969391889834,18272.64,6050.3685485541555,7.559999999999999,3.0287511177601454,4.28,1.514375558880073,4.28,1.514375558880073,2.64,0.9949874371066199,0.0,0.0,0.0,0.0,1.0,0.0
14000.0,1.1875,2.305711516075664E-7,14000.0,55.2,43.97030426125847,40.97496706192359,25.457570715474215,14000.0,928008.0,25.0,8.0,78797.56,8720.717789073711,18337.280000000002,6052.715833409,7.559999999999999,3.0287511177601454,4.28,1.514375558880073,4.28,1.514375558880073,2.64,0.9949874371066199,0.0,0.0,0.0,0.0,1.0,0.0
15000.0,1.28125,2.5398712346537245E-7,15000.0,59.199999999999996,48.12803222164587,47.89272030651341,31.54362416107382,15000.0,965480.0,25.0,8.0,84770.28000000001,8723.431217703275,19752.64,6261.435797003751,8.360000000000001,3.1474857690967672,4.680000000000001,1.5737428845483836,4.680000000000001,1.5737428845483836,2.8000000000000007,1.0,0.0,0.0,0.0,0.0,1.0,0.0
16000.0,1.390625,2.8175644628289675E-7,16000.0,55.7,45.973106070769134,42.98584298584299,30.12618296529969,16000.0,981408.0,25.0,8.0,90769.6,8725.893001101189,20340.800000000007,6573.049216307452,8.519999999999998,3.280243893371345,4.759999999999999,1.6401219466856725,4.759999999999999,1.6401219466856725,2.8400000000000003,0.9865765724632495,0.0,0.0,0.0,0.0,1.0,0.0
17000.0,1.46875,3.0234740633103585E-7,17000.0,58.5,49.681721733858744,46.72657252888318,33.599999999999994,17000.0,1018800.0,25.0,8.0,96772.84,8757.754005641704,21825.919999999995,6090.76821865135,9.4,3.055050463303893,5.2,1.5275252316519465,5.2,1.5275252316519465,3.0399999999999996,0.9345230512584125,0.0,0.0,0.0,0.0,1.0,0.0
18000.0,1.5625,3.2786137631369965E-7,18000.0,58.5,48.978274580484616,47.9297365119197,33.81180223285486,18000.0,1051984.0,25.0,8.0,102772.64,8743.226044010682,23131.2,6609.576083229545,10.120000000000001,3.4195516275285764,5.5600000000000005,1.7097758137642882,5.5600000000000005,1.7097758137642882,3.12,0.9273618495495703,0.0,0.0,0.0,0.0,1.0,0.0
19000.0,1.640625,3.4952060862754787E-7,19000.0,58.4,48.05272648262013,44.385026737967905,29.96632996632996,19000.0,1071656.0,25.0,8.0,108784.8,8742.324023583966,23906.56,6917.25522443693,10.520000000000001,3.57211421989835,5.760000000000001,1.786057109949175,5.760000000000001,1.786057109949175,3.2,0.8660254037844386,0.0,0.0,0.0,0.0,1.0,0.0
20000.0,1.8125,3.981690517523223E-7,20000.0,56.39999999999999,46.669797981280595,44.03080872913992,28.990228013029306,20000.0,1094104.0,25.0,8.0,114770.31999999999,8767.695429434882,24798.719999999998,7057.907406590144,11.000000000000004,3.696845502136473,6.000000000000002,1.8484227510682365,6.000000000000002,1.8484227510682365,3.2800000000000002,0.8426149773176358,0.0,0.0,0.0,0.0,1.0,0.0
21000.0,1.90625,4.252354200515483E-7,21000.0,55.800000000000004,47.06941809890595,44.47236180904524,30.72100313479625,21000.0,1115992.0,25.0,8.0,120754.64,8765.421371693052,25642.56,7467.24571088073,11.4,3.8297084310253524,6.2,1.9148542155126762,6.2,1.9148542155126762,3.4,0.8164965809277259,0.0,0.0,0.0,0.0,1.0,0.0
22000.0,2.015625,4.570095592902767E-7,22000.0,58.099999999999994,48.139328212452995,46.69211195928753,31.647634584013044,22000.0,1122944.0,25.0,8.0,126751.79999999999,8760.332608792127,25920.64,7582.16571347967,11.4,3.8297084310253524,6.2,1.9148542155126762,6.2,1.9148542155126762,3.4,0.8164965809277259,0.0,0.0,0.0,0.0,1.0,0.0
23000.0,2.140625,4.9357276616825E-7,23000.0,56.00000000000001,46.54771102720722,44.86215538847118,29.82456140350878,23000.0,1130672.0,25.0,8.0,132755.24,8752.064933869415,26228.800000000003,7648.830847478152,11.48,3.841874542459709,6.24,1.9209372712298545,6.24,1.9209372712298545,3.4,0.8164965809277259,0.0,0.0,0.0,0.0,1.0,0.0
24000.0,2.234375,5.210498865279887E-7,24000.0,57.9,49.128170426670856,46.163682864450124,33.80503144654087,24000.0,1132928.0,25.0,8.0,138771.76,8739.087749301985,26305.600000000006,7695.064738735687,11.48,3.841874542459709,6.24,1.9209372712298545,6.24,1.9209372712298545,3.4,0.8164965809277259,0.0,0.0,0.0,0.0,1.0,0.0
25000.0,2.3125,5.440380320780807E-7,25000.0,56.00000000000001,45.33265081976176,43.94904458598727,27.63157894736843,25000.0,1137408.0,25.0,8.0,144797.40000000002,8733.177748296059,26410.88,7744.904175865143,11.48,3.841874542459709,6.24,1.9209372712298545,6.24,1.9209372712298545,3.4,0.8164965809277259,0.0,0.0,0.0,0.0,1.0,0.0
26000.0,2.4375,5.812234141760402E-7,26000.0,59.8,49.920583014108196,48.789808917197455,33.44370860927152,26000.0,1149912.0,25.0,8.0,150804.8,8750.492581373157,26881.27999999999,7792.297626074953,11.72,3.8678159211627436,6.36,1.9339079605813718,6.36,1.9339079605813718,3.4400000000000004,0.8205689083394114,0.0,0.0,0.0,0.0,1.0,0.0
27000.0,2.546875,6.142461724165412E-7,27000.0,58.699999999999996,48.86557092890085,47.05128205128205,32.07236842105262,27000.0,1167072.0,25.0,8.0,156809.68,8769.210073319035,27576.32,7958.679783314148,12.120000000000001,3.961481204465488,6.5600000000000005,1.980740602232744,6.5600000000000005,1.980740602232744,3.5200000000000005,0.8225975119502043,0.0,0.0,0.0,0.0,1.0,0.0
28000.0,2.65625,6.447637699440949E-7,28000.0,53.800000000000004,44.36684167429315,41.74022698612863,28.37209302325582,28000.0,1078536.0,25.0,18.0,124832.00000000001,71448.27676659996,24461.120000000006,14230.233707146204,10.72,6.82837218278754,5.84,3.4481879299133333,5.84,3.4481879299133333,2.76,1.7146428199482249,0.0,0.0,0.0,0.0,1.0,0.0
29000.0,2.796875,6.811074692652456E-7,29000.0,50.6,39.21092332946941,36.909323116219674,23.052959501557634,29000.0,999008.0,25.0,36.0,96646.71999999999,84912.31598170355,21540.160000000003,17240.95962062437,9.24,8.353043357563358,5.12,4.176521678781679,5.12,4.176521678781679,2.16,2.055075018906447,0.0,0.0,0.0,0.0,1.0,0.0
30000.0,2.90625,7.097568919157815E-7,30000.0,54.300000000000004,44.17788809193426,44.06364749082008,30.75757575757576,30000.0,1012512.0,25.0,38.0,102494.68,85058.75016702671,21870.08,17157.977235870978,9.399999999999999,8.225975119502044,5.199999999999999,4.112987559751022,5.199999999999999,4.112987559751022,2.24,2.005824851110718,0.0,0.0,0.0,0.0,1.0,0.0
31000.0,3.015625,7.404938353122108E-7,31000.0,54.300000000000004,45.579365410149386,43.37050805452293,31.070889894419306,31000.0,1086288.0,25.0,38.0,108499.36,85081.7177913289,24776.96,14587.962219126655,10.839999999999998,6.950299753727652,5.919999999999999,3.475149876863826,5.919999999999999,3.475149876863826,2.8000000000000003,1.5,0.0,0.0,0.0,0.0,1.0,0.0
32000.0,3.140625,7.768560317344962E-7,32000.0,57.699999999999996,51.7291904882541,47.19101123595505,39.743589743589745,32000.0,1124456.0,25.0,39.0,107874.40000000001,86962.41795310202,26232.64,14119.113460365232,11.72,7.068238818828916,6.36,3.534119409414458,6.36,3.534119409414458,3.0399999999999996,1.42828568570857,0.0,0.0,0.0,0.0,1.0,0.0
33000.0,3.25,8.092940940211215E-7,33000.0,58.699999999999996,53.194503470746554,50.120772946859894,41.5014164305949,33000.0,1146408.0,25.0,39.0,113873.96,86946.43683780263,27072.960000000003,14256.79352823301,12.12,7.166589146867567,6.56,3.5832945734337835,6.56,3.5832945734337835,3.16,1.4341083176199303,0.0,0.0,0.0,0.0,1.0,0.0
34000.0,3.375,8.480536699708963E-7,34000.0,60.3,54.220426914698926,49.87373737373738,40.74626865671642,34000.0,1198592.0,25.0,39.0,119861.44,86922.14502409613,29139.840000000004,14843.172728227613,13.319999999999999,7.9933305532383265,7.159999999999999,3.9966652766191633,7.159999999999999,3.9966652766191633,3.3999999999999995,1.5811388300841898,0.0,0.0,0.0,0.0,1.0,0.0
35000.0,3.515625,8.930490649719203E-7,35000.0,60.699999999999996,54.13165266106442,51.24069478908188,39.53846153846154,35000.0,1236824.0,25.0,39.0,125841.12,86931.71252402659,30662.08,16084.106653049357,13.8,8.286535263104035,7.4,4.143267631552018,7.4,4.143267631552018,3.5199999999999996,1.610382977224155,0.0,0.0,0.0,0.0,1.0,0.0
36000.0,3.671875,9.441809379495678E-7,36000.0,60.099999999999994,53.86131103258155,50.98280098280098,40.09009009009009,36000.0,1264952.0,25.0,39.0,131877.32,86944.72843983507,31715.2,16710.469373020816,14.200000000000001,8.48528137423857,7.600000000000001,4.242640687119285,7.600000000000001,4.242640687119285,3.6,1.6072751268321592,0.0,0.0,0.0,0.0,1.0,0.0
37000.0,3.71875,9.59685712587088E-7,37000.0,58.8,52.759228003228884,50.480769230769226,39.85401459854014,37000.0,1278576.0,25.0,39.0,137881.0,86954.23260974705,32230.08,17066.669627083076,14.520000000000001,8.799242391630466,7.760000000000001,4.399621195815233,7.760000000000001,4.399621195815233,3.64,1.57797338380595,0.0,0.0,0.0,0.0,1.0,0.0
38000.0,3.859375,1.0065795504488048E-6,38000.0,58.099999999999994,51.46856807952205,48.84004884004884,35.932721712538225,38000.0,1289008.0,25.0,39.0,143869.72,86935.74489314892,32625.6,17551.51002050821,14.600000000000001,8.850612031567836,7.8,4.425306015783918,7.8,4.425306015783918,3.64,1.57797338380595,0.0,0.0,0.0,0.0,1.0,0.0
39000.0,4.0,1.0541253141127525E-6,39000.0,60.4,53.70965667995371,50.86848635235731,40.0,39000.0,1306928.0,25.0,39.0,149849.80000000002,86934.05535950798,33323.84,18065.797389173462,15.080000000000002,9.100915704843478,8.040000000000001,4.550457852421739,8.040000000000001,4.550457852421739,3.799999999999999,1.6583123951776997,0.0,0.0,0.0,0.0,1.0,0.0
40000.0,4.09375,1.0862637039584417E-6,40000.0,58.599999999999994,51.148194430186166,48.44333748443337,34.181240063593,40000.0,1325120.0,25.0,39.0,155822.31999999998,86908.32558253553,34034.560000000005,18436.462093001104,15.32,9.267865629870416,8.16,4.633932814935207,8.16,4.633932814935207,3.799999999999999,1.6583123951776997,0.0,0.0,0.0,0.0,1.0,0.0
41000.0,4.171875,1.1135736066434117E-6,41000.0,55.800000000000004,48.51946884204912,45.16129032258065,33.53383458646616,41000.0,1351240.0,25.0,39.0,161818.16000000003,86938.49645998792,35006.399999999994,18885.696033418168,15.8,9.46924847422786,8.4,4.73462423711393,8.4,4.73462423711393,3.880000000000001,1.6411378166788229,0.0,0.0,0.0,0.0,1.0,0.0
42000.0,4.265625,1.1468456876981589E-6,42000.0,61.1,54.605499619573074,51.00755667506297,40.88145896656535,42000.0,1371864.0,25.0,39.0,167841.12,86968.69606086242,35826.24,19674.293009915247,16.28,10.031284397656497,8.64,5.015642198828249,8.64,5.015642198828249,3.9200000000000004,1.6812693617224654,0.0,0.0,0.0,0.0,1.0,0.0
43000.0,4.375,1.1859017023299303E-6,43000.0,62.6,57.36633376688961,54.39024390243902,45.241581259150806,43000.0,1380296.0,25.0,39.0,173843.19999999998,87002.05387613943,36162.880000000005,20002.58621678707,16.28,10.031284397656497,8.64,5.015642198828249,8.64,5.015642198828249,3.9200000000000004,1.6812693617224654,0.0,0.0,0.0,0.0,1.0,0.0
44000.0,4.5,1.2308721650495297E-6,44000.0,60.3,54.25176280518511,51.168511685116854,39.9394856278366,44000.0,1390656.0,25.0,39.0,179839.92000000004,86994.099914362,36581.12000000001,20294.173203820515,16.519999999999996,10.202614044122875,8.759999999999998,5.101307022061437,8.759999999999998,5.101307022061437,3.9200000000000004,1.6812693617224654,0.0,0.0,0.0,0.0,1.0,0.0
45000.0,4.625,1.276200928259641E-6,45000.0,58.099999999999994,51.16681021371221,47.820672478206724,35.23956723338485,45000.0,1401736.0,25.0,39.0,185836.51999999996,87000.67416602778,37015.68,20532.748798606255,16.679999999999996,10.241744643044628,8.839999999999998,5.120872321522314,8.839999999999998,5.120872321522314,3.9200000000000004,1.6812693617224654,0.0,0.0,0.0,0.0,1.0,0.0
46000.0,4.703125,1.304810640350398E-6,46000.0,60.0,55.00365032886707,50.67817509247842,43.100995732574674,46000.0,1415552.0,25.0,39.0,191833.08,86994.32200720537,37551.03999999999,20798.16752440785,16.999999999999993,10.376254944182255,8.999999999999996,5.188127472091128,8.999999999999996,5.188127472091128,3.9200000000000004,1.6812693617224654,0.0,0.0,0.0,0.0,1.0,0.0
47000.0,4.796875,1.3395388830556638E-6,47000.0,61.199999999999996,54.83051547927966,51.19496855345912,40.85365853658537,47000.0,1431904.0,25.0,39.0,197839.24,86990.78556724654,38195.520000000004,20867.044777830906,17.239999999999995,10.397435581270347,9.119999999999997,5.198717790635174,9.119999999999997,5.198717790635174,3.9600000000000004,1.645195023900409,0.0,0.0,0.0,0.0,1.0,0.0
48000.0,4.875,1.3691272922895022E-6,48000.0,61.3,54.503880689660036,51.68539325842697,39.53125,48000.0,1463976.0,25.0,39.0,203849.72000000003,86985.9108052946,39497.59999999999,19924.952262594423,17.88,9.90084171505972,9.44,4.95042085752986,9.44,4.95042085752986,4.08,1.4977761292440648,0.0,0.0,0.0,0.0,1.0,0.0
49000.0,5.015625,1.4231038383311697E-6,49000.0,64.3,57.86869903971318,54.981084489281216,43.60189573459716,49000.0,1483696.0,25.0,39.0,209849.08,87008.49005361489,40313.920000000006,20279.888399429947,18.439999999999994,10.157427495844276,9.719999999999997,5.078713747922138,9.719999999999997,5.078713747922138,4.16,1.491084616423003,0.0,0.0,0.0,0.0,1.0,0.0
50000.0,5.15625,1.4775198522127339E-6,50000.0,57.99999999999999,51.968601188434036,47.890818858560785,38.86462882096069,50000.0,1495776.0,25.0,39.0,215864.39999999997,87018.60247431771,40788.8,20543.052158820024,18.519999999999992,10.218936670058516,9.759999999999996,5.109468335029258,9.759999999999996,5.109468335029258,4.200000000000001,1.5275252316519468,0.0,0.0,0.0,0.0,1.0,0.0
51000.0,5.25,1.513598512651192E-6,51000.0,57.599999999999994,50.70312000418558,47.32919254658385,34.869431643625184,51000.0,1487584.0,25.0,40.0,217137.8,95619.39965169202,40436.159999999996,21760.081999845494,18.359999999999996,10.812338630780422,9.679999999999998,5.406169315390211,9.679999999999998,5.406169315390211,4.119999999999999,1.76351920885484,0.0,0.0,0.0,0.0,1.0,0.0
52000.0,5.390625,1.568043630363213E-6,52000.0,60.6,54.41503146982599,50.31525851197982,40.303030303030305,52000.0,1496576.0,25.0,40.0,223116.23999999996,95617.20036874467,40727.03999999999,22061.18223728426,18.599999999999998,11.045361017187261,9.799999999999999,5.522680508593631,9.799999999999999,5.522680508593631,4.16,1.7953644012660308,0.0,0.0,0.0,0.0,1.0,0.0
53000.0,5.515625,1.617194696639975E-6,53000.0,60.5,54.94940647268679,52.121212121212125,42.166910688140554,53000.0,1519936.0,25.0,40.0,229089.19999999998,95605.09977462847,41641.920000000006,22865.642380946425,18.999999999999996,11.372481406154654,9.999999999999998,5.686240703077327,9.999999999999998,5.686240703077327,4.28,1.837570860311696,0.0,0.0,0.0,0.0,1.0,0.0
54000.0,5.640625,1.6668675622592371E-6,54000.0,60.0,53.92251841083373,50.37220843672456,39.39393939393939,54000.0,1536072.0,25.0,40.0,235089.04000000004,95568.02624199164,42257.6,22427.776230974545,19.239999999999995,11.035095528962735,10.119999999999997,5.5175477644813675,10.119999999999997,5.5175477644813675,4.360000000000001,1.6802777548171415,0.0,0.0,0.0,0.0,1.0,0.0
55000.0,5.78125,1.7231395274090271E-6,55000.0,62.0,56.61040482492299,52.08070617906684,43.62017804154303,55000.0,1546792.0,25.0,40.0,241071.68000000002,95559.06842136961,42690.24,22578.79152597263,19.480000000000004,11.243961342279093,10.240000000000002,5.621980671139546,10.240000000000002,5.621980671139546,4.4,1.7078251276599332,0.0,0.0,0.0,0.0,1.0,0.0
56000.0,5.890625,1.7670689137755997E-6,56000.0,60.099999999999994,54.6484745292648,50.801479654747226,41.409691629955944,56000.0,1552528.0,25.0,40.0,247081.03999999998,95549.57240898568,42898.24,22773.016256965173,19.639999999999997,11.265285911447904,10.319999999999999,5.632642955723952,10.319999999999999,5.632642955723952,4.4,1.7078251276599332,0.0,0.0,0.0,0.0,1.0,0.0
57000.0,6.0,1.8113321857526899E-6,57000.0,61.0,55.09840357554866,51.127819548872175,41.87779433681072,57000.0,1564328.0,25.0,40.0,253088.03999999995,95563.8017759514,43367.67999999999,22815.67501872342,19.959999999999997,11.49086593777858,10.479999999999999,5.74543296888929,10.479999999999999,5.74543296888929,4.44,1.709775813764288,0.0,0.0,0.0,0.0,1.0,0.0
58000.0,6.09375,1.8496025586500764E-6,58000.0,59.099999999999994,52.49499977931662,49.44375772558715,36.19344773790951,58000.0,1577952.0,25.0,40.0,259087.96,95558.94940928697,43903.04000000001,23003.04563255338,20.039999999999996,11.418114263455823,10.519999999999998,5.709057131727912,10.519999999999998,5.709057131727912,4.4799999999999995,1.686218649325565,0.0,0.0,0.0,0.0,1.0,0.0
59000.0,6.21875,1.8918248436724146E-6,59000.0,52.800000000000004,44.40361093835398,41.29353233830846,28.48484848484849,59000.0,1305672.0,25.0,54.0,195031.88,139744.46522591394,33529.920000000006,25778.36666974849,15.0,12.556538801224908,7.999999999999999,6.278269400612454,7.999999999999999,6.278269400612454,3.4,2.3804761428476167,0.0,0.0,0.0,0.0,1.0,0.0
60000.0,6.328125,1.924747096685072E-6,60000.0,54.2,46.853322131529914,42.09860935524653,32.24852071005918,60000.0,1163520.0,25.0,69.0,156471.60000000006,149236.62185658945,27975.680000000008,26428.66337697261,12.360000000000003,12.750424829523654,6.680000000000001,6.375212414761827,6.680000000000001,6.375212414761827,2.76,2.5212430796467578,0.0,0.0,0.0,0.0,1.0,0.0
61000.0,6.4375,1.958478824235499E-6,61000.0,54.0,46.56289025063167,42.35588972431078,31.851851851851855,61000.0,1192128.0,25.0,73.0,161711.59999999998,150075.11713416493,29020.160000000003,26757.86619494661,12.839999999999998,12.895994210089684,6.919999999999999,6.447997105044842,6.919999999999999,6.447997105044842,2.8000000000000003,2.533114025595111,0.0,0.0,0.0,0.0,1.0,0.0
62000.0,6.53125,1.98770333857586E-6,62000.0,54.6,46.69935146964212,42.31257941550191,32.23880597014926,62000.0,1204976.0,25.0,73.0,167694.44000000006,150079.67420509236,29457.920000000002,27167.9307301826,13.079999999999998,13.247389679983499,7.039999999999999,6.6236948399917495,7.039999999999999,6.6236948399917495,2.8000000000000003,2.533114025595111,0.0,0.0,0.0,0.0,1.0,0.0
63000.0,6.625,2.01708540165176E-6,63000.0,53.0,45.525120453231,39.743589743589745,32.37410071942446,63000.0,1211472.0,25.0,77.0,171927.2,152075.55991841687,29703.68,27503.565779004,13.079999999999998,13.247389679983499,7.039999999999999,6.6236948399917495,7.039999999999999,6.6236948399917495,2.8000000000000003,2.533114025595111,0.0,0.0,0.0,0.0,1.0,0.0
64000.0,6.765625,2.062292963576814E-6,64000.0,53.5,46.785257341917884,42.45049504950495,33.1896551724138,64000.0,1242656.0,25.0,77.0,177906.0,152089.7111406072,30896.320000000003,28350.126488136404,13.719999999999997,13.697688369453681,7.359999999999999,6.848844184726841,7.359999999999999,6.848844184726841,2.8400000000000003,2.5442746183015177,0.0,0.0,0.0,0.0,1.0,0.0
65000.0,6.875,2.0978611751666505E-6,65000.0,55.2,48.33370430041183,46.02409638554217,35.35353535353536,65000.0,1257032.0,25.0,78.0,183494.84,152569.38200855808,31421.440000000002,29088.54415699303,13.959999999999999,14.11996222846695,7.4799999999999995,7.059981114233475,7.4799999999999995,7.059981114233475,2.8400000000000003,2.5442746183015177,0.0,0.0,0.0,0.0,1.0,0.0
66000.0,6.96875,2.1297999127354063E-6,66000.0,56.599999999999994,49.79094987655977,45.13274336283185,36.45680819912151,66000.0,1316888.0,25.0,78.0,189488.52,152585.52449640603,33782.079999999994,27752.513234420167,15.08,13.347658970770867,8.04,6.673829485385434,8.04,6.673829485385434,3.200000000000001,2.2546248764114476,0.0,0.0,0.0,0.0,1.0,0.0
67000.0,7.09375,2.1729620574559605E-6,67000.0,57.8,50.94563334766992,48.22085889570552,37.94117647058823,67000.0,1334736.0,25.0,78.0,195486.88,152573.66531922648,34511.03999999999,27785.008746444546,15.56,13.435276947896035,8.28,6.717638473948019,8.28,6.717638473948019,3.3200000000000003,2.3402279091290805,0.0,0.0,0.0,0.0,1.0,0.0
68000.0,7.203125,2.2111377458915944E-6,68000.0,53.5,46.59236305248191,41.06463878326997,31.718061674008812,68000.0,1349184.0,25.0,78.0,201470.48,152547.37046764634,34985.600000000006,27852.515290364718,15.719999999999995,13.439742061016895,8.359999999999998,6.719871030508448,8.359999999999998,6.719871030508448,3.3600000000000008,2.3607908279501033,0.0,0.0,0.0,0.0,1.0,0.0
69000.0,7.296875,2.2443847976521487E-6,69000.0,58.199999999999996,51.469611617571246,47.553324968632374,37.89004457652302,69000.0,1370832.0,25.0,78.0,207463.88,152548.07817081801,35839.03999999999,27906.044489321663,16.2,13.552367566837415,8.6,6.776183783418707,8.6,6.776183783418707,3.4399999999999995,2.381876011326646,0.0,0.0,0.0,0.0,1.0,0.0
70000.0,7.390625,2.2781675539186432E-6,70000.0,59.3,53.40946554818857,49.31506849315068,41.60688665710186,70000.0,1392920.0,25.0,78.0,213463.32,152555.802720327,36689.92000000001,28192.87770862232,16.68,13.768079023596574,8.84,6.884039511798287,8.84,6.884039511798287,3.5199999999999996,2.3650229033422345,0.0,0.0,0.0,0.0,1.0,0.0
71000.0,7.515625,2.3243875410925186E-6,71000.0,58.099999999999994,52.09452128249483,49.76019184652277,39.098837209302324,71000.0,1429296.0,25.0,78.0,219491.63999999998,152538.89472302902,38122.87999999999,28329.756876707102,17.399999999999995,13.820274961085254,9.199999999999998,6.910137480542627,9.199999999999998,6.910137480542627,3.599999999999999,2.2730302828309754,0.0,0.0,0.0,0.0,1.0,0.0
72000.0,7.640625,2.3725635643738015E-6,72000.0,57.99999999999999,51.13756404469284,48.59241126070991,36.26707132018208,72000.0,1489784.0,25.0,78.0,225483.51999999996,152548.82947631335,40561.6,27828.358677195945,18.599999999999998,13.589211407093005,9.799999999999999,6.794605703546503,9.799999999999999,6.794605703546503,3.76,2.06720423116182,0.0,0.0,0.0,0.0,1.0,0.0
73000.0,7.75,2.4160325281425485E-6,73000.0,56.599999999999994,50.43081786866222,46.683046683046676,37.01015965166908,73000.0,1536256.0,25.0,78.0,231502.08,152533.05225150383,42403.200000000004,27923.671391849603,19.479999999999997,13.666016244685206,10.239999999999998,6.833008122342603,10.239999999999998,6.833008122342603,3.8799999999999986,1.8779421361337694,0.0,0.0,0.0,0.0,1.0,0.0
74000.0,7.859375,2.460290593767746E-6,74000.0,55.900000000000006,49.230864871212184,45.217391304347835,34.47251114413076,74000.0,1564144.0,25.0,78.0,237522.48000000004,152498.99973473052,43506.24,27263.57692551242,19.96,13.242859711306064,10.48,6.621429855653032,10.48,6.621429855653032,3.9599999999999986,1.7907168024751055,0.0,0.0,0.0,0.0,1.0,0.0
75000.0,7.96875,2.5051643670950504E-6,75000.0,55.1,49.03449309184688,43.945068664169796,35.581061692969875,75000.0,1585904.0,25.0,78.0,243509.83999999997,152514.40862032236,44338.23999999999,27788.39762874667,20.36,13.65918494396109,10.68,6.829592471980545,10.68,6.829592471980545,3.9999999999999987,1.7559422921421228,0.0,0.0,0.0,0.0,1.0,0.0
76000.0,8.046875,2.537958724941645E-6,76000.0,57.699999999999996,51.927065516704495,48.16176470588234,38.872832369942195,76000.0,1622600.0,25.0,78.0,249480.31999999995,152498.77314936012,45778.24,26953.49738790868,21.0,13.203534880225572,11.0,6.601767440112786,11.0,6.601767440112786,4.120000000000001,1.6155494421403511,0.0,0.0,0.0,0.0,1.0,0.0
77000.0,8.15625,2.5845474253098175E-6,77000.0,55.50000000000001,49.752829085095,44.78908188585608,37.05799151343706,77000.0,1646512.0,25.0,78.0,255485.84,152484.58456094287,46723.19999999999,27226.28994189256,21.4,13.32916601542147,11.2,6.664583007710735,11.2,6.664583007710735,4.120000000000001,1.6155494421403511,0.0,0.0,0.0,0.0,1.0,0.0
78000.0,8.265625,2.6318283441166088E-6,78000.0,57.99999999999999,52.04242190336775,46.700507614213194,38.05309734513274,78000.0,1670976.0,25.0,78.0,261466.35999999996,152479.5928503986,47655.36000000001,27347.11615947832,21.959999999999997,13.343163043296743,11.479999999999999,6.671581521648371,11.479999999999999,6.671581521648371,4.28,1.568438714135812,0.0,0.0,0.0,0.0,1.0,0.0
79000.0,8.375,2.6797224806311236E-6,79000.0,54.800000000000004,49.41383844884027,44.87804878048781,35.886524822695044,79000.0,1692648.0,25.0,78.0,267468.27999999997,152469.2045328389,48496.96,27485.559973193194,22.44,13.497160195142287,11.72,6.748580097571144,11.72,6.748580097571144,4.359999999999999,1.5513435037626793,0.0,0.0,0.0,0.0,1.0,0.0
80000.0,8.5,2.7348803188134403E-6,80000.0,57.99999999999999,51.973214775783525,49.15254237288135,38.05309734513274,80000.0,1705688.0,25.0,78.0,273462.32,152481.70519189068,49029.759999999995,27641.61505363486,22.519999999999996,13.555810562264433,11.759999999999998,6.777905281132217,11.759999999999998,6.777905281132217,4.359999999999999,1.5513435037626793,0.0,0.0,0.0,0.0,1.0,0.0
81000.0,8.640625,2.797856933385548E-6,81000.0,59.199999999999996,53.87662449241677,49.5049504950495,41.963015647226165,81000.0,1731088.0,25.0,78.0,279452.00000000006,152508.66638681007,50038.72,27628.680333305823,23.159999999999997,13.575959143525242,12.079999999999998,6.787979571762621,12.079999999999998,6.787979571762621,4.4399999999999995,1.4742229591663987,0.0,0.0,0.0,0.0,1.0,0.0
82000.0,8.75,2.847362775355578E-6,82000.0,57.3,51.93454994079056,47.671568627450974,38.99999999999999,82000.0,1749608.0,25.0,78.0,285423.63999999996,152489.6085068531,50762.56,27822.506929462696,23.4,13.638181696985855,12.2,6.819090848492928,12.2,6.819090848492928,4.4799999999999995,1.503329637837291,0.0,0.0,0.0,0.0,1.0,0.0
83000.0,8.84375,2.8903479687869555E-6,83000.0,58.5,52.90662575406137,47.6010101010101,38.15201192250372,83000.0,1772352.0,25.0,78.0,291439.48000000004,152503.7420929183,51680.000000000015,27972.137184467454,23.880000000000003,13.712281599597736,12.440000000000003,6.856140799798869,12.440000000000003,6.856140799798869,4.4799999999999995,1.503329637837291,0.0,0.0,0.0,0.0,1.0,0.0
84000.0,8.96875,2.9482920136716636E-6,84000.0,60.6,54.35176023783428,51.59705159705159,40.121580547112465,84000.0,1791848.0,25.0,78.0,297449.44,152494.02525839058,52467.520000000004,28281.836157270034,24.360000000000003,13.972830779766856,12.680000000000001,6.986415389883428,12.680000000000001,6.986415389883428,4.5200000000000005,1.475353065088715,0.0,0.0,0.0,0.0,1.0,0.0
85000.0,9.0625,2.9923777199453782E-6,85000.0,62.0,56.36527318783832,53.08641975308641,42.77108433734939,85000.0,1817728.0,25.0,78.0,303426.28,152497.51278095218,53518.07999999999,28550.19722337016,24.759999999999994,14.07503700409582,12.879999999999997,7.03751850204791,12.879999999999997,7.03751850204791,4.56,1.4742229591663987,0.0,0.0,0.0,0.0,1.0,0.0
86000.0,9.140625,3.029350417717878E-6,86000.0,57.8,51.871206436028615,48.59926918392205,38.92908827785817,86000.0,1829336.0,25.0,78.0,309434.12000000005,152481.4012238651,53925.76,28755.01797553487,25.0,14.259499757471625,13.0,7.1297498787358125,13.0,7.1297498787358125,4.6400000000000015,1.4966629547095767,0.0,0.0,0.0,0.0,1.0,0.0
87000.0,9.296875,3.1040664180181926E-6,87000.0,58.4,52.65604158984654,48.32298136645963,39.53488372093023,87000.0,1848400.0,25.0,78.0,315426.24000000005,152475.49879195893,54678.72,29316.545924784525,25.239999999999995,14.518034761403946,13.119999999999997,7.259017380701973,13.119999999999997,7.259017380701973,4.6400000000000015,1.4966629547095767,0.0,0.0,0.0,0.0,1.0,0.0
88000.0,9.421875,3.1646582647226756E-6,88000.0,57.099999999999994,51.03471969374442,47.74665042630938,36.725663716814154,88000.0,1873728.0,25.0,78.0,321422.04,152472.8665928466,55677.439999999995,29973.855961042675,25.879999999999995,15.011995203836165,13.439999999999998,7.505997601918082,13.439999999999998,7.505997601918082,4.720000000000001,1.5143755588800734,0.0,0.0,0.0,0.0,1.0,0.0
89000.0,9.53125,3.2184011716809544E-6,89000.0,56.699999999999996,51.607513464399105,47.001223990208075,38.84180790960451,89000.0,1899352.0,25.0,78.0,327412.8399999999,152504.29267310258,56670.719999999994,29754.6721646646,26.279999999999994,14.797297050475128,13.639999999999997,7.398648525237564,13.639999999999997,7.398648525237564,4.800000000000001,1.4142135623730954,0.0,0.0,0.0,0.0,1.0,0.0
90000.0,9.6875,3.2886497340061604E-6,90000.0,48.5,41.132092725526945,34.31122448979592,19.906687402799378,90000.0,1737880.0,25.0,88.0,280735.43999999994,188584.38337542693,50702.4,34763.527017071596,23.480000000000004,17.178280860823453,12.240000000000002,8.589140430411726,12.240000000000002,8.589140430411726,4.24,2.2781571499789037,0.0,0.0,0.0,0.0,1.0,0.0
91000.0,9.796875,3.3304888832693304E-6,91000.0,50.1,41.41294597780502,36.7553865652725,21.540880503144656,91000.0,1478656.0,25.0,95.0,205750.47999999998,197802.45546991235,40467.840000000004,37506.794201939825,18.44,18.298633828786233,9.72,9.149316914393117,9.72,9.149316914393117,3.2399999999999998,2.6814175355583845,0.0,0.0,0.0,0.0,1.0,0.0
92000.0,9.921875,3.3713917946442966E-6,92000.0,50.6,37.45996298237485,36.747759282970556,22.327044025157235,92000.0,1264872.0,25.0,99.0,151947.16000000006,188013.55355325673,31919.36,38288.15865129409,14.279999999999998,18.716124955057694,7.639999999999999,9.358062477528847,7.639999999999999,9.358062477528847,2.4400000000000004,2.7850792927072408,0.0,0.0,0.0,0.0,1.0,0.0
93000.0,10.03125,3.4075202549704253E-6,93000.0,53.7,40.91569192446398,41.318124207858055,26.971608832807576,93000.0,1276832.0,25.0,99.0,157948.04,187989.61529950704,32294.72,38606.52564390291,14.519999999999998,18.993683160461533,7.759999999999999,9.496841580230766,7.759999999999999,9.496841580230766,2.4400000000000004,2.7850792927072408,0.0,0.0,0.0,0.0,1.0,0.0
94000.0,10.140625,3.4439026947236728E-6,94000.0,54.0,40.70820186021572,42.78606965174129,27.330173775671412,94000.0,1285808.0,25.0,99.0,163963.0,187996.91933712637,32584.96,39206.30937795599,14.600000000000001,19.192012227313043,7.800000000000001,9.596006113656522,7.800000000000001,9.596006113656522,2.4400000000000004,2.7850792927072408,0.0,0.0,0.0,0.0,1.0,0.0
95000.0,10.25,3.481003837401255E-6,95000.0,50.9,34.892639155381175,36.645161290322584,22.432859399684048,95000.0,1311208.0,25.0,99.0,169962.28,187977.9563604733,33561.600000000006,40664.96982252251,15.080000000000002,19.928873525616044,8.040000000000001,9.964436762808022,8.040000000000001,9.964436762808022,2.4400000000000004,2.7850792927072408,0.0,0.0,0.0,0.0,1.0,0.0
96000.0,10.328125,3.505169556269216E-6,96000.0,52.1,38.08561763797278,39.21319796954315,26.646248085758046,96000.0,1195672.0,25.0,100.0,153019.76,171453.33869313638,28947.519999999997,35989.075829942245,12.840000000000002,17.46348571543875,6.920000000000001,8.731742857719375,6.920000000000001,8.731742857719375,2.1199999999999997,2.570992026436488,0.0,0.0,0.0,0.0,1.0,0.0
97000.0,10.4375,3.539388190903184E-6,97000.0,54.6,41.64824430620534,43.8813349814586,30.153846153846164,97000.0,1209336.0,25.0,100.0,159000.75999999998,171464.75962188267,29444.48,36262.87630290791,13.000000000000002,17.52141546793523,7.000000000000001,8.760707733967616,7.000000000000001,8.760707733967616,2.1199999999999997,2.570992026436488,0.0,0.0,0.0,0.0,1.0,0.0
98000.0,10.546875,3.573840432282952E-6,98000.0,54.6,39.66424614861202,39.547270306258326,27.476038338658153,98000.0,1217592.0,25.0,101.0,163477.63999999998,172763.01152201724,29786.24,36586.76485798291,13.159999999999998,17.691052352342787,7.079999999999999,8.845526176171393,7.079999999999999,8.845526176171393,2.1199999999999997,2.570992026436488,0.0,0.0,0.0,0.0,1.0,0.0
99000.0,10.65625,3.6084696896270753E-6,99000.0,51.800000000000004,36.35005882997675,39.21815889029004,24.332810047095766,99000.0,1223848.0,25.0,101.0,169501.64,172757.92996267928,30015.039999999997,36802.67941839742,13.320000000000002,17.764008556629328,7.160000000000001,8.882004278314664,7.160000000000001,8.882004278314664,2.2,2.661453237111885,0.0,0.0,0.0,0.0,1.0,0.0
100000.0,10.78125,3.648495088176182E-6,100000.0,54.0,39.97755682559566,40.72164948453609,28.57142857142858,100000.0,1237736.0,25.0,101.0,175506.87999999998,172758.93101041115,30539.84,37076.69579812455,13.64,17.978876494375278,7.32,8.989438247187639,7.32,8.989438247187639,2.3200000000000003,2.7796882319185845,0.0,0.0,0.0,0.0,1.0,0.0
101000.0,10.8125,3.6589389007228125E-6,101000.0,53.1,38.86805536546867,41.44818976279651,27.956989247311835,101000.0,1291848.0,25.0,101.0,181494.12000000002,172779.57930537776,32657.600000000002,36875.089188592705,14.679999999999998,17.75462381090252,7.839999999999998,8.87731190545126,7.839999999999998,8.87731190545126,2.6000000000000005,2.6140645235596867,0.0,0.0,0.0,0.0,1.0,0.0
102000.0,10.90625,3.6923906494242456E-6,102000.0,51.1,33.58044847459147,35.74244415243101,22.257551669316378,102000.0,1379272.0,25.0,101.0,187490.75999999998,172792.91534576874,36101.439999999995,35228.843918584666,16.36,16.977632343763364,8.68,8.488816171881682,8.68,8.488816171881682,3.1600000000000006,2.248703330069724,0.0,0.0,0.0,0.0,1.0,0.0
103000.0,10.984375,3.7212440252511046E-6,103000.0,50.6,35.66728264592392,37.62626262626263,25.71428571428571,103000.0,1427608.0,25.0,101.0,193485.72,172800.91768215044,38031.36,34747.45265828849,17.159999999999997,16.92059888617027,9.08,8.460299443085136,9.08,8.460299443085136,3.3600000000000008,2.0591260281974,0.0,0.0,0.0,0.0,1.0,0.0
104000.0,11.078125,3.756183949816559E-6,104000.0,56.699999999999996,43.85606406373179,44.344473007712075,31.48734177215189,104000.0,1440632.0,25.0,101.0,199497.72000000003,172828.85767272778,38549.439999999995,35181.51944567867,17.4,17.13670524536927,9.199999999999998,8.568352622684635,9.199999999999998,8.568352622684635,3.3600000000000008,2.0591260281974,0.0,0.0,0.0,0.0,1.0,0.0
105000.0,11.1875,3.797198005486281E-6,105000.0,56.3,44.7256647466108,43.90243902439024,32.14285714285713,105000.0,1449496.0,25.0,101.0,205492.76000000004,172812.99213921002,38902.07999999999,35475.5503620921,17.560000000000002,17.277345475120494,9.280000000000003,8.638672737560247,9.280000000000003,8.638672737560247,3.3600000000000008,2.0591260281974,0.0,0.0,0.0,0.0,1.0,0.0
106000.0,11.28125,3.832735722729317E-6,106000.0,56.10000000000001,42.34759540881991,44.35994930291509,28.267973856209156,106000.0,1465280.0,25.0,101.0,211501.27999999997,172857.1496167476,39543.03999999999,35720.928417945695,17.88,17.407661148662868,9.440000000000001,8.703830574331434,9.440000000000001,8.703830574331434,3.44,2.0631690833925043,0.0,0.0,0.0,0.0,1.0,0.0
107000.0,11.421875,3.887407268242291E-6,107000.0,55.50000000000001,41.66183792740898,42.87548138639282,30.793157076205297,107000.0,1502800.0,25.0,101.0,217498.6,172850.91521091232,41028.479999999996,35120.5578604137,18.759999999999998,17.56245996436718,9.879999999999999,8.78122998218359,9.879999999999999,8.78122998218359,3.76,1.877054430040145,0.0,0.0,0.0,0.0,1.0,0.0
108000.0,11.53125,3.930585355394418E-6,108000.0,55.60000000000001,44.17713450167406,43.726235741444874,32.42009132420092,108000.0,1525976.0,25.0,101.0,223473.6,172860.47520881306,41937.91999999999,36241.086023462376,19.0,17.559422921421234,10.0,8.779711460710617,10.0,8.779711460710617,3.84,1.8411952639521967,0.0,0.0,0.0,0.0,1.0,0.0
109000.0,11.609375,3.96208022721112E-6,109000.0,55.900000000000006,43.59402019871278,44.106463878327006,30.769230769230777,109000.0,1558304.0,25.0,101.0,229481.87999999998,172881.31508887824,43229.44,36070.3629199005,19.8,17.397317800933184,10.4,8.698658900466592,10.4,8.698658900466592,4.08,1.7301252363147976,0.0,0.0,0.0,0.0,1.0,0.0
110000.0,11.703125,4.0002741540471735E-6,110000.0,59.8,48.871549306522695,48.91994917407878,36.990595611285265,110000.0,1574800.0,25.0,101.0,235494.08,172888.05026155894,43878.72,35731.47622139337,20.12,17.78651174345324,10.56,8.89325587172662,10.56,8.89325587172662,4.16,1.7720045146669352,0.0,0.0,0.0,0.0,1.0,0.0
111000.0,11.703125,4.0002741540471735E-6,111000.0,56.99999999999999,45.69664885179983,44.587628865979376,33.125972006220834,111000.0,1593544.0,25.0,101.0,241461.63999999998,172894.38934406365,44631.36000000001,37112.061717272816,20.279999999999998,18.201465142491507,10.639999999999999,9.100732571245754,10.639999999999999,9.100732571245754,4.16,1.7720045146669352,0.0,0.0,0.0,0.0,1.0,0.0
112000.0,11.875,4.0721489090679445E-6,112000.0,55.50000000000001,44.66330418519514,42.72844272844274,31.43297380585517,112000.0,1616464.0,25.0,101.0,247450.08,172924.47773207238,45495.36,37983.12649374719,20.759999999999998,18.693314312876677,10.879999999999999,9.346657156438338,10.879999999999999,9.346657156438338,4.319999999999999,1.7962924780409972,0.0,0.0,0.0,0.0,1.0,0.0
113000.0,11.984375,4.118163099822901E-6,113000.0,59.199999999999996,48.69744317110156,48.28897338403041,35.44303797468354,113000.0,1626208.0,25.0,101.0,253460.36000000002,172915.4876389234,45884.15999999999,38627.18401126336,20.839999999999996,18.902557146234653,10.919999999999998,9.451278573117326,10.919999999999998,9.451278573117326,4.319999999999999,1.7962924780409972,0.0,0.0,0.0,0.0,1.0,0.0
114000.0,12.09375,4.164677100359568E-6,114000.0,56.89999999999999,46.92464654400636,47.310513447432754,35.187969924812016,114000.0,1643872.0,25.0,101.0,259456.96000000002,172922.64806035865,46579.84,38754.62261425511,21.240000000000002,19.212148934116314,11.120000000000001,9.606074467058157,11.120000000000001,9.606074467058157,4.319999999999999,1.7962924780409972,0.0,0.0,0.0,0.0,1.0,0.0
115000.0,12.25,4.231952868091565E-6,115000.0,57.99999999999999,47.4788602412471,47.23618090452261,34.68118195956454,115000.0,1664336.0,25.0,101.0,265443.24,172916.1684090685,47400.64,39198.78371718524,21.559999999999995,19.20520762709948,11.279999999999998,9.60260381354974,11.279999999999998,9.60260381354974,4.319999999999999,1.7962924780409972,0.0,0.0,0.0,0.0,1.0,0.0
116000.0,12.34375,4.272650500449043E-6,116000.0,54.400000000000006,42.36893989181539,44.457978075517666,29.19254658385094,116000.0,1678032.0,25.0,101.0,271457.08,172919.08728986513,47946.56,39430.919152022485,21.719999999999995,19.18228349284829,11.359999999999998,9.591141746424144,11.359999999999998,9.591141746424144,4.319999999999999,1.7962924780409972,0.0,0.0,0.0,0.0,1.0,0.0
117000.0,12.46875,4.327517817728222E-6,117000.0,56.699999999999996,46.45873365631205,44.84076433121019,34.49319213313161,117000.0,1696704.0,25.0,101.0,277440.64,172919.64345804288,48668.47999999999,39058.68296670196,22.119999999999997,18.93039883362207,11.559999999999999,9.465199416811036,11.559999999999999,9.465199416811036,4.3999999999999995,1.707825127659933,0.0,0.0,0.0,0.0,1.0,0.0
118000.0,12.59375,4.382814836895301E-6,118000.0,57.9,45.77488462672898,45.039164490861616,33.06836248012718,118000.0,1709992.0,25.0,101.0,283429.92,172917.04654711363,49176.95999999999,39107.16049148373,22.36,18.97120625228313,11.68,9.485603126141566,11.68,9.485603126141566,4.3999999999999995,1.707825127659933,0.0,0.0,0.0,0.0,1.0,0.0
119000.0,12.71875,4.43873273777879E-6,119000.0,59.3,47.887724294051516,48.675914249684745,34.354838709677416,119000.0,1729192.0,25.0,101.0,289405.4000000001,172906.70842321301,49927.360000000015,38823.25756004168,22.76,18.737840501687128,11.88,9.368920250843564,11.88,9.368920250843564,4.5200000000000005,1.610382977224155,0.0,0.0,0.0,0.0,1.0,0.0
120000.0,12.84375,4.495887486781512E-6,120000.0,60.099999999999994,50.29715821822164,48.44961240310077,37.36263736263736,120000.0,1767440.0,25.0,101.0,295406.2,172891.0566705712,51459.520000000004,38280.75151334763,23.639999999999997,18.490718392389912,12.319999999999999,9.245359196194956,12.319999999999999,9.245359196194956,4.7200000000000015,1.3999999999999997,0.0,0.0,0.0,0.0,1.0,0.0
121000.0,12.890625,4.517661323512181E-6,121000.0,59.5,50.05266052828252,46.92005242463958,36.520376175548584,121000.0,1795544.0,25.0,101.0,301425.95999999996,172916.0050929063,52583.04000000001,38157.94238477751,24.36,18.652256342508988,12.68,9.326128171254494,12.68,9.326128171254494,4.8,1.3540064007726602,0.0,0.0,0.0,0.0,1.0,0.0
122000.0,13.0625,4.588811845880831E-6,122000.0,46.7,36.69773584547122,34.84107579462103,24.289772727272734,122000.0,1600176.0,25.0,112.0,243353.6,227672.08597820386,45531.2,44064.00702009143,20.60000000000001,21.173883284209662,10.800000000000004,10.586941642104831,10.800000000000004,10.586941642104831,3.48,2.678930134711741,0.0,0.0,0.0,0.0,1.0,0.0
123000.0,13.140625,4.611452038969018E-6,123000.0,46.5,37.867424180837155,34.83556638246042,26.812585499316004,123000.0,1120192.0,25.0,121.0,138122.28,201954.23531902797,26367.040000000005,36014.1396913305,11.56,17.469211010613307,6.28,8.734605505306654,6.28,8.734605505306654,2.04,2.6689573494781316,0.0,0.0,0.0,0.0,1.0,0.0
124000.0,13.1875,4.624636462216991E-6,124000.0,46.2,37.49477186753539,31.377551020408166,23.796033994334284,124000.0,1087232.0,25.0,123.0,129560.2,199026.2679304753,24928.96,36376.85471615159,10.840000000000003,17.4348310382789,5.920000000000002,8.71741551913945,5.920000000000002,8.71741551913945,1.8,2.565800719723442,0.0,0.0,0.0,0.0,1.0,0.0
125000.0,13.3125,4.660103036763355E-6,125000.0,47.0,39.080949923391415,36.29807692307692,27.989130434782606,125000.0,1096760.0,25.0,123.0,135556.15999999997,199013.8131566249,25194.879999999997,36539.10350150005,10.920000000000002,17.478367582052204,5.960000000000001,8.739183791026102,5.960000000000001,8.739183791026102,1.8399999999999999,2.6089589239132662,0.0,0.0,0.0,0.0,1.0,0.0
126000.0,13.40625,4.686928425346399E-6,126000.0,47.5,40.66663577564529,34.94423791821561,29.1497975708502,126000.0,1106056.0,25.0,123.0,141543.19999999998,199019.34419652945,25511.04,36748.03304087626,11.079999999999998,17.573464845233755,6.039999999999999,8.786732422616877,6.039999999999999,8.786732422616877,1.8799999999999997,2.6507860469428057,0.0,0.0,0.0,0.0,1.0,0.0
127000.0,13.5,4.713932123397375E-6,127000.0,50.4,43.149907733217184,39.21568627450981,32.054794520547944,127000.0,1113408.0,25.0,123.0,147535.79999999996,199018.74223780198,25757.12,36911.57750661257,11.159999999999998,17.634436008371043,6.079999999999999,8.817218004185522,6.079999999999999,8.817218004185522,1.92,2.706781606754905,0.0,0.0,0.0,0.0,1.0,0.0
128000.0,13.53125,4.723292820724764E-6,128000.0,44.9,37.62078190255483,32.39263803680982,25.741239892183287,128000.0,1157872.0,25.0,123.0,153539.48000000004,199026.3655620615,27464.639999999996,36139.16884637313,12.04,17.205812971202494,6.52,8.602906485601247,6.52,8.602906485601247,2.28,2.541653005427767,0.0,0.0,0.0,0.0,1.0,0.0
129000.0,13.65625,4.761028717944607E-6,129000.0,48.699999999999996,41.081955803427356,35.794743429286605,27.23404255319149,129000.0,1166936.0,25.0,123.0,159557.04,199012.2521758983,27804.479999999996,36449.593327772534,12.360000000000003,17.461576866556655,6.6800000000000015,8.73078843327833,6.6800000000000015,8.73078843327833,2.32,2.577466456296441,0.0,0.0,0.0,0.0,1.0,0.0
130000.0,13.75,4.790812413880809E-6,130000.0,50.6,44.45631275368511,39.82947624847747,33.06233062330624,130000.0,1228032.0,25.0,123.0,165596.48,199027.63211279648,30232.64,35577.407881594365,13.56,16.85744148242352,7.28,8.42872074121176,7.28,8.42872074121176,2.8,2.273030282830976,0.0,0.0,0.0,0.0,1.0,0.0
131000.0,13.8125,4.811482859723685E-6,131000.0,53.2,46.88656536527404,43.6144578313253,34.17721518987342,131000.0,1278416.0,25.0,123.0,171549.23999999996,199027.58373532887,32243.199999999997,34426.616834459164,14.520000000000003,16.271447384913245,7.760000000000002,8.135723692456622,7.760000000000002,8.135723692456622,3.08,2.0190756961210408,0.0,0.0,0.0,0.0,1.0,0.0
132000.0,13.8125,4.811482859723685E-6,132000.0,52.300000000000004,46.706411542698554,42.59927797833935,34.657534246575345,132000.0,1306480.0,25.0,123.0,177520.64,199004.2528155031,33326.4,34103.74305947467,15.0,16.08311744241976,7.999999999999999,8.04155872120988,7.999999999999999,8.04155872120988,3.2399999999999998,1.9849433241279208,0.0,0.0,0.0,0.0,1.0,0.0
133000.0,13.875,4.832953725579299E-6,133000.0,53.0,46.328161042923774,41.54228855721393,32.27665706051874,133000.0,1327920.0,25.0,123.0,183530.52000000002,199007.34111231507,34198.4,33914.269641750114,15.48,16.0029164008731,8.24,8.00145820043655,8.24,8.00145820043655,3.3600000000000003,1.9553345834749951,0.0,0.0,0.0,0.0,1.0,0.0
134000.0,13.953125,4.86035627545789E-6,134000.0,50.0,43.273032566952004,37.65586034912718,29.27864214992928,134000.0,1355824.0,25.0,123.0,189542.71999999997,199003.86368454425,35254.08000000001,33908.34448175454,16.040000000000003,16.00124995117569,8.520000000000001,8.000624975587845,8.520000000000001,8.000624975587845,3.52,1.8284784202536635,0.0,0.0,0.0,0.0,1.0,0.0
135000.0,14.078125,4.905188074594158E-6,135000.0,54.300000000000004,48.042793637800294,43.6498150431566,34.90028490028491,135000.0,1386368.0,25.0,123.0,195535.96,199017.56899590552,36516.159999999996,33630.898976585995,16.600000000000005,15.95827893811443,8.8,7.979139469057215,8.8,7.979139469057215,3.5999999999999996,1.707825127659933,0.0,0.0,0.0,0.0,1.0,0.0
136000.0,14.21875,4.95609038302468E-6,136000.0,50.6,44.68054132441951,39.97569866342649,31.48404993065187,136000.0,1399192.0,25.0,123.0,201544.47999999998,199025.83751720947,37008.0,33744.452581128055,16.680000000000003,16.02789235468386,8.840000000000002,8.01394617734193,8.840000000000002,8.01394617734193,3.5999999999999996,1.707825127659933,0.0,0.0,0.0,0.0,1.0,0.0
137000.0,14.3125,4.990364800000357E-6,137000.0,52.800000000000004,46.89743780137391,42.50913520097443,34.62603878116344,137000.0,1413192.0,25.0,123.0,207562.08000000002,199015.22183489718,37539.200000000004,33562.75689907888,16.84,15.915610785221741,8.92,7.9578053926108705,8.92,7.9578053926108705,3.5999999999999996,1.707825127659933,0.0,0.0,0.0,0.0,1.0,0.0
138000.0,14.40625,5.025581404980687E-6,138000.0,53.900000000000006,48.18000535061117,42.80397022332506,33.95415472779371,138000.0,1452040.0,25.0,123.0,213585.52,198994.4855884035,39103.67999999999,32885.860425011444,17.64,15.574765915843916,9.32,7.787382957921958,9.32,7.787382957921958,3.920000000000001,1.5524174696260025,0.0,0.0,0.0,0.0,1.0,0.0
139000.0,14.515625,5.06712628218035E-6,139000.0,54.2,49.06668594273895,44.00977995110025,36.47711511789182,139000.0,1468256.0,25.0,123.0,219606.72,198980.4795900258,39715.840000000004,33257.028379577154,17.880000000000003,15.770013739161211,9.440000000000001,7.8850068695806055,9.440000000000001,7.8850068695806055,3.9600000000000004,1.593737745050923,0.0,0.0,0.0,0.0,1.0,0.0
140000.0,14.640625,5.11522262564136E-6,140000.0,54.0,49.00849230305362,42.065491183879104,36.02225312934632,140000.0,1487320.0,25.0,123.0,225622.36000000002,198958.5662763481,40461.119999999995,33429.53104706475,18.2,15.874507866387544,9.6,7.937253933193772,9.6,7.937253933193772,3.9600000000000004,1.593737745050923,0.0,0.0,0.0,0.0,1.0,0.0
141000.0,14.734375,5.151712232165867E-6,141000.0,51.0,46.185070640331766,40.60606060606061,33.33333333333333,141000.0,1504528.0,25.0,123.0,231628.64,198955.02541820012,41126.4,33248.66449448258,18.439999999999998,15.742934923323542,9.72,7.871467461661771,9.72,7.871467461661771,4.040000000000001,1.540562667772179,0.0,0.0,0.0,0.0,1.0,0.0
142000.0,14.921875,5.226193202866449E-6,142000.0,52.2,47.373636173468824,40.621118012422365,34.06896551724138,142000.0,1535488.0,25.0,123.0,237641.47999999998,198933.58604362578,42316.79999999999,33241.58889102625,19.08,15.784802817900514,10.04,7.892401408950257,10.04,7.892401408950257,4.12,1.5362291495737217,0.0,0.0,0.0,0.0,1.0,0.0
143000.0,15.046875,5.276564819117388E-6,143000.0,53.400000000000006,47.650331173441415,44.523809523809526,35.09749303621171,143000.0,1557680.0,25.0,123.0,243639.27999999997,198953.29333676115,43206.399999999994,33416.64527347611,19.479999999999997,15.877447317920263,10.239999999999998,7.938723658960131,10.239999999999998,7.938723658960131,4.199999999999998,1.5545631755148024,0.0,0.0,0.0,0.0,1.0,0.0
144000.0,15.171875,5.327858962118626E-6,144000.0,53.900000000000006,48.861644680501755,44.45783132530121,36.14958448753463,144000.0,1586208.0,25.0,123.0,249624.72000000003,198957.3089897931,44319.68,33633.963428257055,20.119999999999997,16.063208479835733,10.559999999999999,8.031604239917867,10.559999999999999,8.031604239917867,4.32,1.5470401847829727,0.0,0.0,0.0,0.0,1.0,0.0
145000.0,15.28125,5.373022027520671E-6,145000.0,54.2,48.3004040018648,42.31738035264485,34.19540229885059,145000.0,1596128.0,25.0,123.0,255631.16000000003,198975.13676120443,44735.68,34083.46136412791,20.199999999999996,16.217274740226856,10.599999999999998,8.108637370113428,10.599999999999998,8.108637370113428,4.32,1.5470401847829727,0.0,0.0,0.0,0.0,1.0,0.0
146000.0,15.40625,5.424935758734743E-6,146000.0,59.0,53.941278500238155,49.19454770755886,41.76136363636363,146000.0,1605368.0,25.0,123.0,261594.84,198979.0917776036,45103.36,33906.22062257407,20.36,16.121621093012532,10.68,8.060810546506266,10.68,8.060810546506266,4.359999999999999,1.5242484486898238,0.0,0.0,0.0,0.0,1.0,0.0
147000.0,15.53125,5.4769827208171295E-6,147000.0,55.7,50.266629245018244,44.41656210790465,36.89458689458691,147000.0,1609488.0,25.0,123.0,267583.8,198980.64377806534,45287.36,33896.611348432256,20.44,16.109210615876453,10.72,8.054605307938226,10.72,8.054605307938226,4.4,1.5275252316519468,0.0,0.0,0.0,0.0,1.0,0.0
148000.0,15.59375,5.503222346305848E-6,148000.0,55.50000000000001,49.68709898073977,46.06060606060607,36.06321839080461,148000.0,1622856.0,25.0,123.0,273574.16000000003,198974.84199739926,45804.16,34079.79429671879,20.919999999999998,16.34502982560754,10.959999999999999,8.17251491280377,10.959999999999999,8.17251491280377,4.4399999999999995,1.5832456116050557,0.0,0.0,0.0,0.0,1.0,0.0
149000.0,15.75,5.569408013899294E-6,149000.0,54.400000000000006,48.552474219825356,44.186046511627914,36.40167364016737,149000.0,1637368.0,25.0,123.0,279566.84,198967.24679782515,46375.35999999999,34364.01590190917,21.080000000000002,16.557777628655362,11.040000000000001,8.278888814327681,11.040000000000001,8.278888814327681,4.4399999999999995,1.5832456116050557,0.0,0.0,0.0,0.0,1.0,0.0
150000.0,15.90625,5.636187076258163E-6,150000.0,56.599999999999994,52.15880630710077,46.87882496940024,41.50943396226414,150000.0,1652048.0,25.0,123.0,285581.32,198978.74681058276,46938.24,34639.04005752277,21.479999999999997,16.76583828304846,11.239999999999998,8.38291914152423,11.239999999999998,8.38291914152423,4.4399999999999995,1.5832456116050557,0.0,0.0,0.0,0.0,1.0,0.0
151000.0,16.0,5.676661191197734E-6,151000.0,56.89999999999999,52.38358283157487,47.37484737484737,41.756756756756744,151000.0,1668816.0,25.0,123.0,291597.63999999996,198977.51058387646,47598.399999999994,34950.69822860005,21.799999999999997,16.921386861996073,11.399999999999999,8.460693430998036,11.399999999999999,8.460693430998036,4.4799999999999995,1.530795000427338,0.0,0.0,0.0,0.0,1.0,0.0
152000.0,16.15625,5.745715202970638E-6,152000.0,54.900000000000006,49.86889214697863,45.1338199513382,38.472032742155534,152000.0,1708328.0,25.0,123.0,297601.68,198979.82149029584,49149.119999999995,34644.16294307984,22.6,16.842406795546374,11.8,8.421203397773187,11.8,8.421203397773187,4.6,1.4719601443879746,0.0,0.0,0.0,0.0,1.0,0.0
153000.0,16.265625,5.794496909301315E-6,153000.0,59.3,54.6561555104469,49.62871287128712,43.62880886426592,153000.0,1724016.0,25.0,123.0,303611.48000000004,199004.3826466978,49793.28,35071.66405556865,22.839999999999996,17.06770830154613,11.919999999999998,8.533854150773065,11.919999999999998,8.533854150773065,4.6,1.4719601443879746,0.0,0.0,0.0,0.0,1.0,0.0
154000.0,16.40625,5.857761942833249E-6,154000.0,53.6,47.93776318638842,42.57425742574257,34.55571227080395,154000.0,1739016.0,25.0,123.0,309615.56000000006,199008.9379552838,50376.32,35540.00708910078,23.080000000000002,17.141372951623993,12.040000000000001,8.570686475811996,12.040000000000001,8.570686475811996,4.64,1.4399074044303455,0.0,0.0,0.0,0.0,1.0,0.0
155000.0,16.46875,5.886134685068909E-6,155000.0,54.50000000000001,48.93722083810294,43.125,35.91549295774649,155000.0,1754784.0,25.0,123.0,315600.92,198996.10828479365,50997.44,35880.00302638411,23.319999999999997,17.33666634621547,12.159999999999998,8.668333173107735,12.159999999999998,8.668333173107735,4.68,1.4352700094407325,0.0,0.0,0.0,0.0,1.0,0.0
156000.0,16.53125,5.914716457482428E-6,156000.0,54.6,49.34511264017959,45.102781136638455,37.37931034482759,156000.0,1767712.0,25.0,123.0,321575.44,198987.12626450654,51491.52,35785.93370436677,23.560000000000006,17.229045243425418,12.280000000000003,8.614522621712709,12.280000000000003,8.614522621712709,4.720000000000001,1.4294521094927712,0.0,0.0,0.0,0.0,1.0,0.0
157000.0,16.703125,5.9945300260248285E-6,157000.0,55.7,49.711607991200104,46.368038740920106,36.984352773826465,157000.0,1795008.0,25.0,123.0,327580.48000000004,198974.0843460357,52543.04000000001,35492.88652260713,24.119999999999997,17.195735905547437,12.559999999999999,8.597867952773719,12.559999999999999,8.597867952773719,4.839999999999999,1.28062484748657,0.0,0.0,0.0,0.0,1.0,0.0
158000.0,16.8125,6.046276410213775E-6,158000.0,55.1,49.017653063425904,44.77244772447725,35.20923520923521,158000.0,1828792.0,25.0,123.0,333574.68,198964.3609895417,53888.32,35221.447063212305,24.68,17.01646261712463,12.84,8.508231308562316,12.84,8.508231308562316,4.959999999999999,1.206924466015445,0.0,0.0,0.0,0.0,1.0,0.0
159000.0,16.984375,6.128247025319271E-6,159000.0,53.900000000000006,48.36232398665262,44.18886198547216,36.762688614540465,159000.0,1843520.0,25.0,123.0,339580.80000000005,198969.83931679194,54467.2,35443.169309003206,24.92,17.112178898862258,12.96,8.556089449431129,12.96,8.556089449431129,4.959999999999999,1.206924466015445,0.0,0.0,0.0,0.0,1.0,0.0
160000.0,17.078125,6.173598748217854E-6,160000.0,56.00000000000001,50.797417311705075,45.0,39.05817174515236,160000.0,1869928.0,25.0,123.0,345595.0,198969.5434249926,55536.96000000001,35850.469774327925,25.479999999999997,17.409575909060315,13.239999999999998,8.704787954530158,13.239999999999998,8.704787954530158,4.959999999999999,1.206924466015445,0.0,0.0,0.0,0.0,1.0,0.0
161000.0,17.15625,6.211860907367534E-6,161000.0,55.50000000000001,50.628406085243114,45.12946979038225,38.705234159779614,161000.0,1893136.0,25.0,123.0,351617.8000000001,198960.8342457128,56473.92,36292.65764347752,25.88,17.635948136311434,13.44,8.817974068155717,13.44,8.817974068155717,4.959999999999999,1.206924466015445,0.0,0.0,0.0,0.0,1.0,0.0
162000.0,17.265625,6.265766343050119E-6,162000.0,54.400000000000006,48.75742371205269,43.98034398034398,36.40167364016737,162000.0,1905096.0,25.0,123.0,357598.63999999996,198999.8253537508,56935.68000000001,36313.028808220704,26.200000000000003,17.473789896108208,13.600000000000001,8.736894948054104,13.600000000000001,8.736894948054104,4.999999999999998,1.2247448713915894,0.0,0.0,0.0,0.0,1.0,0.0
163000.0,17.375,6.3204316797459285E-6,163000.0,54.400000000000006,49.37990382181726,44.86094316807739,37.10344827586207,163000.0,1931952.0,25.0,123.0,363600.16,199020.34794058118,57997.76,36598.18214210464,26.599999999999998,17.73884626086676,13.799999999999999,8.86942313043338,13.799999999999999,8.86942313043338,4.999999999999998,1.2247448713915894,0.0,0.0,0.0,0.0,1.0,0.0
164000.0,17.5,6.383506277213907E-6,164000.0,56.2,51.19472635618491,46.78007290400973,39.91769547325104,164000.0,1950504.0,25.0,123.0,369605.00000000006,199010.25470228077,58730.240000000005,36518.91239855499,26.839999999999996,17.615523457072364,13.919999999999998,8.807761728536182,13.919999999999998,8.807761728536182,5.080000000000001,1.1874342087037917,0.0,0.0,0.0,0.0,1.0,0.0
164860.0,17.625,6.446907613685147E-6,164860.0,57.49999999999999,52.18250307157098,47.20496894409937,40.30898876404495,164860.0,1960608.0,25.0,123.0,374770.5199999999,199006.79097983902,59113.27999999999,36508.65991734016,26.919999999999998,17.582946283259812,13.959999999999999,8.791473141629906,13.959999999999999,8.791473141629906,5.120000000000001,1.1661903789690597,0.0,0.0,0.0,0.0,1.0,0.0
