learning evaluation instances,evaluation time (cpu seconds),model cost (RAM-Hours),classified instances,classifications correct (percent),Kappa Statistic (percent),Kappa Temporal Statistic (percent),Kappa M Statistic (percent),model training instances,model serialized size (bytes),ensemble size,[avg] model training instances,[err] model training instances,[avg] model serialized size (bytes),[err] model serialized size (bytes),[avg] Change detected,[err] Change detected,[avg] Warning detected,[err] Warning detected,[avg] tree size (nodes),[err] tree size (nodes),[avg] tree size (leaves),[err] tree size (leaves),[avg] active learning leaves,[err] active learning leaves,[avg] tree depth,[err] tree depth,[avg] active leaf byte size estimate,[err] active leaf byte size estimate,[avg] inactive leaf byte size estimate,[err] inactive leaf byte size estimate,[avg] byte size estimate overhead,[err] byte size estimate overhead
1000.0,0.09375,2.2179835165540378E-8,1000.0,49.3,34.53570709183594,34.15584415584416,17.021276595744677,1000.0,934232.0,25.0,971.6199999999999,135.19206141407773,172177.44000000003,169573.57374165565,0.27999999999999997,0.6782329983125268,28.64,7.642425443971741,1.0,0.0,1.0,0.0,1.0,0.0,0.0,0.0,0.0,0.0,0.0,0.0,1.0,0.0
2000.0,0.3125,7.512662301046981E-8,2000.0,46.300000000000004,32.34151282865394,28.208556149732622,10.500000000000002,2000.0,935608.0,25.0,1965.22,164.92735444703516,172204.96000000002,169601.84476386005,0.039999999999999994,0.19999999999999996,20.000000000000004,8.426149773176359,1.0,0.0,1.0,0.0,1.0,0.0,0.0,0.0,0.0,0.0,0.0,0.0,1.0,0.0
3000.0,0.578125,1.3948017213907507E-7,3000.0,43.7,24.120205454988998,28.188775510204078,7.85597381342062,3000.0,936496.0,25.0,2855.16,464.8708558869455,172225.12,169617.09742091308,0.19999999999999998,0.6454972243679027,13.4,8.693867570496652,1.0,0.0,1.0,0.0,1.0,0.0,0.0,0.0,0.0,0.0,0.0,0.0,1.0,0.0
4000.0,0.84375,2.0392607742299635E-7,4000.0,44.0,27.500113281072995,28.57142857142857,8.045977011494251,4000.0,937840.0,25.0,3775.1000000000004,716.717211474993,172242.56000000006,169654.92198471338,0.12,0.6000000000000001,14.360000000000001,9.264088370332686,1.0,0.0,1.0,0.0,1.0,0.0,0.0,0.0,0.0,0.0,0.0,0.0,1.0,0.0
5000.0,1.09375,2.6480404711845846E-7,5000.0,47.599999999999994,33.25333924372466,33.50253807106599,14.379084967320258,5000.0,941288.0,25.0,4775.859999999999,713.4926743327718,172321.92000000004,169712.9864274267,0.0,0.0,11.760000000000003,8.501372438220391,1.0,0.0,1.0,0.0,1.0,0.0,0.0,0.0,0.0,0.0,0.0,0.0,1.0,0.0
6000.0,1.34375,3.2560130219078725E-7,6000.0,46.2,32.730491842634365,32.15636822194199,15.14195583596215,6000.0,940040.0,25.0,5784.06,716.1765376366533,172296.96,169688.08474722682,0.0,0.0,11.640000000000002,8.37098162304358,1.0,0.0,1.0,0.0,1.0,0.0,0.0,0.0,0.0,0.0,0.0,0.0,1.0,0.0
7000.0,1.5625,3.781175473704934E-7,7000.0,46.1,30.962578899909833,29.817708333333332,12.500000000000004,7000.0,928000.0,25.0,6787.459999999999,723.9346066419796,172056.15999999995,169444.47574971666,0.0,0.0,10.559999999999999,6.7149087856798175,1.0,0.0,1.0,0.0,1.0,0.0,0.0,0.0,0.0,0.0,0.0,0.0,1.0,0.0
8000.0,1.78125,4.312571965985828E-7,8000.0,46.5,31.710031860142145,31.84713375796178,13.430420711974115,8000.0,939016.0,25.0,7785.259999999999,729.8992049507625,172276.48,169666.98453221447,0.0,0.0,13.08,8.260952326053777,1.0,0.0,1.0,0.0,1.0,0.0,0.0,0.0,0.0,0.0,0.0,0.0,1.0,0.0
9000.0,2.015625,4.885810711938474E-7,9000.0,45.1,30.448310679414853,29.25257731958763,10.440456769983687,9000.0,945424.0,25.0,8771.899999999998,724.6190061553951,172404.63999999996,169796.62755211553,0.0,0.0,7.679999999999998,5.921148537234984,1.0,0.0,1.0,0.0,1.0,0.0,0.0,0.0,0.0,0.0,0.0,0.0,1.0,0.0
10000.0,2.21875,5.381142060893277E-7,10000.0,44.6,31.46126076639672,30.138713745271122,13.029827315541603,10000.0,942616.0,25.0,9770.579999999998,728.9016363750352,172348.48,169739.9790164344,0.0,0.0,6.880000000000001,5.732364259186605,1.0,0.0,1.0,0.0,1.0,0.0,0.0,0.0,0.0,0.0,0.0,0.0,1.0,0.0
11000.0,2.46875,5.992860597972241E-7,11000.0,46.400000000000006,31.624367748643017,33.663366336633665,12.845528455284555,11000.0,945832.0,25.0,10769.780000000002,728.5387748985034,172412.8,169804.9163683347,0.0,0.0,7.279999999999999,6.503332479070505,1.0,0.0,1.0,0.0,1.0,0.0,0.0,0.0,0.0,0.0,0.0,0.0,1.0,0.0
12000.0,2.703125,6.56223338511255E-7,12000.0,49.1,35.793935112770576,32.04272363150868,15.16666666666666,12000.0,939048.0,25.0,11766.740000000002,734.1153724040928,172277.12000000002,169667.77241019686,0.0,0.0,6.279999999999999,6.038211655780211,1.0,0.0,1.0,0.0,1.0,0.0,0.0,0.0,0.0,0.0,0.0,0.0,1.0,0.0
13000.0,2.921875,7.099655663801563E-7,13000.0,44.6,28.104515789104852,26.42762284196547,4.974271012006866,13000.0,949664.0,25.0,12764.660000000003,732.9058076295635,172489.43999999994,169881.77642788013,0.0,0.0,9.84,8.086408349817612,1.0,0.0,1.0,0.0,1.0,0.0,0.0,0.0,0.0,0.0,0.0,0.0,1.0,0.0
14000.0,3.125,7.604454165428048E-7,14000.0,45.0,29.262178802061428,27.536231884057973,8.485856905158068,14000.0,960632.0,25.0,13765.66,734.9551870276008,172708.80000000002,170103.30354300854,0.0,0.0,2.6799999999999997,5.169784005803981,1.0,0.0,1.0,0.0,1.0,0.0,0.0,0.0,0.0,0.0,0.0,0.0,1.0,0.0
15000.0,3.359375,8.170543070365156E-7,15000.0,48.699999999999996,33.266209286533815,34.48275862068966,13.92617449664429,15000.0,933632.0,25.0,14757.82,740.9483633444756,172168.80000000005,169558.4965563477,0.0,0.0,5.8,5.8594652770823155,1.0,0.0,1.0,0.0,1.0,0.0,0.0,0.0,0.0,0.0,0.0,0.0,1.0,0.0
16000.0,3.59375,8.743185187793439E-7,16000.0,44.4,30.35478973660081,28.442728442728445,12.302839116719246,16000.0,944440.0,25.0,15750.820000000003,743.4257903209207,172384.96000000005,169776.8809213614,0.0,0.0,7.92,9.894948206029175,1.0,0.0,1.0,0.0,1.0,0.0,0.0,0.0,0.0,0.0,0.0,0.0,1.0,0.0
17000.0,3.828125,9.319373121899034E-7,17000.0,44.2,29.68085441542484,28.369704749679077,10.72,17000.0,950288.0,25.0,16751.180000000008,741.7686720650466,172501.92,169894.54957418106,0.0,0.0,6.840000000000001,5.885575587824864,1.0,0.0,1.0,0.0,1.0,0.0,0.0,0.0,0.0,0.0,0.0,0.0,1.0,0.0
18000.0,4.078125,9.93646745983925E-7,18000.0,45.4,30.422371883502073,31.493099121706404,12.918660287081343,18000.0,954144.0,25.0,17744.699999999997,749.5538605036454,172579.04000000004,169972.43284876808,0.0,0.0,7.880000000000001,7.378572581016828,1.0,0.0,1.0,0.0,1.0,0.0,0.0,0.0,0.0,0.0,0.0,0.0,1.0,0.0
19000.0,4.296875,1.0469181385512152E-6,19000.0,46.9,31.529812255003094,29.01069518716577,10.606060606060597,19000.0,941344.0,25.0,18754.539999999994,748.6539270243491,172323.04,169714.35730938363,0.0,0.0,5.600000000000001,7.879297769048542,1.0,0.0,1.0,0.0,1.0,0.0,0.0,0.0,0.0,0.0,0.0,0.0,1.0,0.0
20000.0,4.546875,1.1080020340159534E-6,20000.0,45.6,31.607082690054366,30.166880616174584,11.400651465798047,20000.0,944472.0,25.0,19748.100000000002,746.4815497262025,172385.6,169777.5736003806,0.0,0.0,5.6800000000000015,7.11055553385247,1.0,0.0,1.0,0.0,1.0,0.0,0.0,0.0,0.0,0.0,0.0,0.0,1.0,0.0
21000.0,4.78125,1.1657236609607935E-6,21000.0,45.300000000000004,31.602257750702112,31.281407035175878,14.263322884012544,21000.0,951984.0,25.0,20740.739999999998,752.0826542179453,172535.84,169929.06254698258,0.0,0.0,5.24,6.293382768167423,1.0,0.0,1.0,0.0,1.0,0.0,0.0,0.0,0.0,0.0,0.0,0.0,1.0,0.0
22000.0,5.015625,1.2232013007936377E-6,22000.0,46.400000000000006,32.16014256495413,31.806615776081426,12.561174551386625,22000.0,947960.0,25.0,21740.739999999998,751.5337463060025,172455.36000000002,169847.8132521017,0.0,0.0,2.92,4.102032016777375,1.0,0.0,1.0,0.0,1.0,0.0,0.0,0.0,0.0,0.0,0.0,0.0,1.0,0.0
23000.0,5.21875,1.272566280224257E-6,23000.0,47.0,32.909863769047895,33.58395989974937,15.470494417862835,23000.0,939416.0,25.0,22739.539999999994,758.6503916394519,172284.48,169675.42543966774,0.0,0.0,4.200000000000001,5.7373048260195025,1.0,0.0,1.0,0.0,1.0,0.0,0.0,0.0,0.0,0.0,0.0,0.0,1.0,0.0
24000.0,5.453125,1.3298853041811122E-6,24000.0,45.6,31.945726717056854,30.434782608695656,14.465408805031451,24000.0,945344.0,25.0,23741.700000000004,766.0384508386409,172403.04,169795.1371502609,0.0,0.0,5.920000000000001,7.011419257183241,1.0,0.0,1.0,0.0,1.0,0.0,0.0,0.0,0.0,0.0,0.0,0.0,1.0,0.0
25000.0,5.71875,1.3955307400061024E-6,25000.0,43.5,27.91316917949876,28.02547770700637,7.072368421052628,25000.0,955296.0,25.0,24752.46,767.1541156396526,172602.08000000002,169995.87396143423,0.0,0.0,3.8000000000000003,5.385164807134503,1.0,0.0,1.0,0.0,1.0,0.0,0.0,0.0,0.0,0.0,0.0,0.0,1.0,0.0
26000.0,5.96875,1.4564283709559175E-6,26000.0,48.8,33.59997094998729,34.77707006369427,15.231788079470194,26000.0,941592.0,25.0,25757.499999999993,768.3261225627074,172328.00000000003,169719.49071383424,0.0,0.0,4.760000000000001,6.5337584895678535,1.0,0.0,1.0,0.0,1.0,0.0,0.0,0.0,0.0,0.0,0.0,0.0,1.0,0.0
27000.0,6.21875,1.5175060576034916E-6,27000.0,46.6,31.53143912196123,31.538461538461544,12.171052631578949,27000.0,944376.0,25.0,26755.780000000002,766.0782527834576,172383.68000000002,169775.466736299,0.0,0.0,6.879999999999998,5.904235767650204,1.0,0.0,1.0,0.0,1.0,0.0,0.0,0.0,0.0,0.0,0.0,0.0,1.0,0.0
28000.0,6.4375,1.571800611499283E-6,28000.0,24.099999999999998,14.336019502945756,4.287515762925599,-17.67441860465116,28000.0,959424.0,25.0,27747.780000000006,770.0457524175604,172684.63999999996,170079.04675440816,0.0,0.0,4.679999999999999,5.8716834610413615,1.0,0.0,1.0,0.0,1.0,0.0,0.0,0.0,0.0,0.0,0.0,0.0,1.0,0.0
29000.0,6.65625,1.6258452605042193E-6,29000.0,0.0,0.0,-27.713920817369093,-55.7632398753894,29000.0,955008.0,25.0,25921.620000000006,8581.80839343507,172579.52,170007.1206626646,0.44000000000000006,0.960902353693305,3.1999999999999997,5.887840577551898,1.0,0.0,1.0,0.0,1.0,0.0,0.0,0.0,0.0,0.0,0.0,0.0,1.0,0.0
30000.0,6.9375,1.6950093494314286E-6,30000.0,0.0,0.0,-22.39902080783354,-51.51515151515152,30000.0,950584.0,25.0,24061.520000000008,11734.161386241765,172513.59999999995,169895.2247436457,0.7999999999999999,1.2909944487358056,14.039999999999997,18.588706248687668,1.0,0.0,1.0,0.0,1.0,0.0,0.0,0.0,0.0,0.0,0.0,0.0,1.0,0.0
31000.0,7.203125,1.7596954906669756E-6,31000.0,0.0,0.0,-23.91573729863693,-50.829562594268474,31000.0,941336.0,25.0,21414.80000000001,13909.875197139621,172332.47999999995,169704.54388325033,0.68,1.1445523142259597,13.32,13.12351578909656,1.0,0.0,1.0,0.0,1.0,0.0,0.0,0.0,0.0,0.0,0.0,0.0,1.0,0.0
32000.0,7.515625,1.8357832515094844E-6,32000.0,0.3,0.22197358334217362,-24.46941323345818,-42.02279202279202,32000.0,941168.0,25.0,20317.16,14913.149244275697,172331.52000000005,169698.555993789,0.84,1.2806248474865698,18.84,14.800563052352661,1.0,0.0,1.0,0.0,1.0,0.0,0.0,0.0,0.0,0.0,0.0,0.0,1.0,0.0
33000.0,7.8125,1.9073201110586525E-6,33000.0,48.199999999999996,38.53784134931983,37.43961352657004,26.62889518413598,33000.0,931448.0,25.0,17396.019999999997,15737.614581437605,172127.20000000004,169511.87213036985,0.8400000000000001,1.2138094304022082,20.559999999999995,10.214695296483395,1.0,0.0,1.0,0.0,1.0,0.0,0.0,0.0,0.0,0.0,0.0,0.0,1.0,0.0
34000.0,8.109375,1.9793030353159542E-6,34000.0,45.0,33.08106924284272,30.555555555555557,17.910447761194032,34000.0,937256.0,25.0,18235.500000000004,15893.85069542845,172246.39999999997,169626.267315134,0.32,0.7483314773547882,21.080000000000002,10.92367459542194,1.0,0.0,1.0,0.0,1.0,0.0,0.0,0.0,0.0,0.0,0.0,0.0,1.0,0.0
35000.0,8.34375,2.0360734520687E-6,35000.0,50.5,38.334892609281155,38.58560794044665,23.84615384615385,35000.0,936296.0,25.0,19175.659999999993,15959.725754139601,172235.99999999994,169597.99687881375,0.24,0.7234178138070235,14.36,11.131337146392912,1.0,0.0,1.0,0.0,1.0,0.0,0.0,0.0,0.0,0.0,0.0,0.0,1.0,0.0
36000.0,8.703125,2.1235899960932634E-6,36000.0,47.199999999999996,34.492778076916395,35.13513513513513,20.720720720720717,36000.0,941336.0,25.0,19812.739999999987,16368.285167945469,172336.79999999996,169700.216984937,0.32,0.6904105059069326,15.759999999999998,9.10714005602198,1.0,0.0,1.0,0.0,1.0,0.0,0.0,0.0,0.0,0.0,0.0,0.0,1.0,0.0
37000.0,9.015625,2.1997023335037133E-6,37000.0,47.4,36.24366072900404,36.77884615384615,23.21167883211678,37000.0,941472.0,25.0,20792.540000000008,16384.33463267612,172341.92,169700.63330800014,0.12,0.6000000000000001,12.919999999999998,11.07895903654009,1.0,0.0,1.0,0.0,1.0,0.0,0.0,0.0,0.0,0.0,0.0,0.0,1.0,0.0
38000.0,9.28125,2.264674339029524E-6,38000.0,46.6,32.677930716261436,34.7985347985348,18.348623853211016,38000.0,945496.0,25.0,21632.839999999993,16554.282864490116,172422.88000000003,169781.38640804644,0.15999999999999998,0.4725815626252608,11.399999999999999,12.155245781143218,1.0,0.0,1.0,0.0,1.0,0.0,0.0,0.0,0.0,0.0,0.0,0.0,1.0,0.0
39000.0,9.5625,2.333507226366136E-6,39000.0,45.1,31.414436698898136,31.88585607940447,16.818181818181817,39000.0,946032.0,25.0,22291.659999999996,16928.220516688478,172415.36000000002,169812.06769138304,0.19999999999999996,0.49999999999999994,8.84,7.882892870006542,1.0,0.0,1.0,0.0,1.0,0.0,0.0,0.0,0.0,0.0,0.0,0.0,1.0,0.0
40000.0,9.84375,2.4024425591859555E-6,40000.0,48.6,33.323388053989895,35.99003735990037,18.282988871224166,40000.0,947440.0,25.0,22768.019999999993,17487.23337529527,172463.19999999998,169818.9762123065,0.6400000000000001,1.4399074044303453,15.120000000000001,16.261713726828834,1.0,0.0,1.0,0.0,1.0,0.0,0.0,0.0,0.0,0.0,0.0,0.0,1.0,0.0
41000.0,10.109375,2.4679390157365967E-6,41000.0,45.0,30.070997009581546,31.76178660049628,17.293233082706767,41000.0,953128.0,25.0,23433.920000000002,17841.080527861326,172576.96,169933.68109449313,0.31999999999999995,0.8999999999999998,13.16,11.279332131528593,1.0,0.0,1.0,0.0,1.0,0.0,0.0,0.0,0.0,0.0,0.0,0.0,1.0,0.0
42000.0,10.375,2.5332370165011125E-6,42000.0,46.7,33.00434654727278,32.87153652392947,18.99696048632219,42000.0,950240.0,25.0,23808.980000000003,18471.056922004176,172512.48,169866.69321345814,0.36000000000000004,1.1135528725660044,12.6,12.809501681694464,1.0,0.0,1.0,0.0,1.0,0.0,0.0,0.0,0.0,0.0,0.0,0.0,1.0,0.0
43000.0,10.703125,2.6132772068700034E-6,43000.0,48.699999999999996,36.69948915377212,37.439024390243894,24.89019033674963,43000.0,943960.0,25.0,24534.879999999997,18759.89251812037,173020.48,170122.0514617691,0.16,0.5537749241945382,13.839999999999996,11.126844416395272,1.1600000000000001,0.8,1.0799999999999998,0.4,1.0799999999999998,0.4,0.08,0.4,0.0,0.0,0.0,0.0,1.0,0.0
44000.0,10.984375,2.683787056917532E-6,44000.0,48.1,36.26873717546481,36.162361623616235,21.48260211800302,44000.0,969080.0,25.0,25537.75999999999,18759.931151216075,173715.36,170440.70338878466,0.0,0.0,10.44,7.2403959376082,1.3200000000000003,0.9451631252505216,1.1600000000000004,0.4725815626252608,1.1600000000000004,0.4725815626252608,0.16000000000000003,0.4725815626252608,0.0,0.0,0.0,0.0,1.0,0.0
45000.0,11.234375,2.747156831901521E-6,45000.0,49.1,37.35746978328638,36.612702366127024,21.32921174652241,45000.0,979816.0,25.0,26536.840000000004,18759.5899452161,174023.19999999998,170568.9688896595,0.0,0.0,6.840000000000001,7.1278795350838156,1.4000000000000004,1.1547005383792515,1.2000000000000002,0.5773502691896257,1.2000000000000002,0.5773502691896257,0.19999999999999998,0.5773502691896257,0.0,0.0,0.0,0.0,1.0,0.0
46000.0,11.4375,2.7990479268030163E-6,46000.0,49.5,40.61757719714964,37.731196054254006,28.165007112375534,46000.0,987488.0,25.0,27435.620000000006,18891.13913321831,174352.80000000005,170546.55662646156,0.07999999999999999,0.39999999999999997,3.56,7.297716537840221,1.64,1.2543258481484523,1.32,0.627162924074226,1.32,0.627162924074226,0.32000000000000006,0.6271629240742259,0.0,0.0,0.0,0.0,1.0,0.0
47000.0,11.734375,2.874949584818549E-6,47000.0,51.0,41.13159491328924,38.36477987421384,25.304878048780495,47000.0,988280.0,25.0,27475.26,19977.380592539743,174530.40000000002,170403.72077762018,0.35999999999999993,0.8602325267042628,7.08,9.36269192059634,1.72,1.2754084313139329,1.3600000000000005,0.6377042156569663,1.3600000000000005,0.6377042156569663,0.36000000000000004,0.6377042156569664,0.0,0.0,0.0,0.0,1.0,0.0
48000.0,12.0,2.9427939767224926E-6,48000.0,52.900000000000006,43.98338768490835,41.19850187265918,26.406250000000004,48000.0,987296.0,25.0,28469.459999999992,19999.237999983896,174518.88,170374.6435096682,0.04,0.2,8.719999999999997,13.135575104780655,1.72,1.2754084313139329,1.3600000000000005,0.6377042156569663,1.3600000000000005,0.6377042156569663,0.36000000000000004,0.6377042156569664,0.0,0.0,0.0,0.0,1.0,0.0
49000.0,12.28125,3.0148597175462384E-6,49000.0,54.300000000000004,45.53539186510893,42.37074401008828,27.804107424960513,49000.0,990464.0,25.0,29470.899999999998,19999.83562304899,174662.4,170360.9135050811,0.0,0.0,9.879999999999999,10.017983829094556,1.7999999999999998,1.4142135623730951,1.4000000000000004,0.7071067811865475,1.4000000000000004,0.7071067811865475,0.4000000000000001,0.7071067811865476,0.0,0.0,0.0,0.0,1.0,0.0
50000.0,12.53125,3.0794355552643543E-6,50000.0,51.6,44.51551960528066,39.950372208436725,29.54876273653566,50000.0,998464.0,25.0,30269.640000000003,20287.66103310793,175022.24000000002,170332.53176768732,0.2800000000000001,0.7916228058025278,11.799999999999999,11.654755824698059,2.039999999999999,1.6451950239004087,1.5199999999999996,0.8225975119502044,1.5199999999999996,0.8225975119502044,0.52,0.8225975119502045,0.0,0.0,0.0,0.0,1.0,0.0
51000.0,12.796875,3.1492084316495396E-6,51000.0,50.1,42.09746424025259,38.01242236024845,23.348694316436255,51000.0,1015360.0,25.0,31040.36,20572.162974747986,175609.44,170430.08567357,0.08000000000000002,0.4,7.68,9.948701757850955,2.28,1.98997487421324,1.64,0.99498743710662,1.64,0.99498743710662,0.6000000000000002,0.9128709291752769,0.0,0.0,0.0,0.0,1.0,0.0
52000.0,12.984375,3.1983108621918497E-6,52000.0,54.0,46.84416094663616,41.99243379571249,30.303030303030308,52000.0,1012288.0,25.0,31008.600000000002,21820.25743408624,175648.64000000007,170270.25541213196,0.43999999999999995,0.8698658900466593,10.0,11.368817000902073,2.3599999999999994,1.9765289440498124,1.6799999999999997,0.9882644720249062,1.6799999999999997,0.9882644720249062,0.6400000000000001,0.9073771725877466,0.0,0.0,0.0,0.0,1.0,0.0
53000.0,13.203125,3.256775477590661E-6,53000.0,51.800000000000004,45.116320379494454,41.575757575757585,29.428989751098094,53000.0,1033112.0,25.0,31375.640000000007,22545.592449260752,176309.91999999998,170442.3259098059,0.2,0.5773502691896257,10.319999999999999,11.717934971657762,2.6,1.9999999999999998,1.8,0.9999999999999999,1.8,0.9999999999999999,0.7599999999999999,0.9255628917943213,0.0,0.0,0.0,0.0,1.0,0.0
54000.0,13.4375,3.319074652002504E-6,54000.0,52.300000000000004,45.18293614903806,40.81885856079404,27.727272727272727,54000.0,1027480.0,25.0,31999.640000000007,22953.686897626834,176327.36000000002,170205.7546486029,0.5200000000000001,1.2948616399703357,12.56,15.220819075638909,2.68,2.055885859347903,1.84,1.0279429296739515,1.84,1.0279429296739515,0.7999999999999999,0.9574271077563381,0.0,0.0,0.0,0.0,1.0,0.0
55000.0,13.6875,3.385353257827875E-6,55000.0,55.400000000000006,48.93145364441636,43.7578814627995,33.827893175074195,55000.0,1024792.0,25.0,32975.58000000001,22966.133732431288,176280.79999999996,170145.37084001346,0.039999999999999994,0.19999999999999996,7.319999999999999,10.015488006083379,2.68,2.055885859347903,1.84,1.0279429296739515,1.84,1.0279429296739515,0.7999999999999999,0.9574271077563381,0.0,0.0,0.0,0.0,1.0,0.0
56000.0,13.921875,3.4484896524291906E-6,56000.0,54.50000000000001,47.89245001683475,43.896424167694214,33.186490455212926,56000.0,1041288.0,25.0,33908.42,23039.54482445257,176680.95999999996,170403.1716913983,0.08,0.4,7.8,7.029698902987714,2.7600000000000002,2.1071307505705477,1.8800000000000001,1.0535653752852738,1.8800000000000001,1.0535653752852738,0.84,0.9865765724632495,0.0,0.0,0.0,0.0,1.0,0.0
57000.0,14.15625,3.511536795283772E-6,57000.0,53.900000000000006,46.95259333927096,42.230576441102755,31.296572280178836,57000.0,1039816.0,25.0,34785.73999999998,23185.580531090298,176658.87999999998,170367.97145586173,0.12,0.6000000000000001,4.720000000000001,7.887331614684399,2.7600000000000002,2.1071307505705477,1.8800000000000001,1.0535653752852738,1.8800000000000001,1.0535653752852738,0.84,0.9865765724632495,0.0,0.0,0.0,0.0,1.0,0.0
58000.0,14.375,3.570438291515328E-6,58000.0,56.00000000000001,48.86271848112977,45.611866501854145,31.357254290171614,58000.0,1040832.0,25.0,35759.56,23196.867123235872,176765.28,170299.4402338446,0.12,0.6000000000000001,5.960000000000001,8.283920167006277,2.8400000000000003,2.0752509888364505,1.9200000000000006,1.0376254944182255,1.9200000000000006,1.0376254944182255,0.8800000000000001,0.971253485622231,0.0,0.0,0.0,0.0,1.0,0.0
59000.0,14.609375,3.632997945209759E-6,59000.0,50.7,42.64514094985696,38.681592039801,25.303030303030305,59000.0,1031776.0,25.0,36614.060000000005,23386.56859894288,176588.47999999992,170112.60118872282,0.07999999999999999,0.4,8.479999999999999,9.71304964124725,2.8400000000000003,2.0752509888364505,1.9200000000000006,1.0376254944182255,1.9200000000000006,1.0376254944182255,0.8800000000000001,0.971253485622231,0.0,0.0,0.0,0.0,1.0,0.0
60000.0,14.84375,3.6957511393767274E-6,60000.0,50.1,43.08408955074071,36.91529709228825,26.183431952662723,60000.0,1034968.0,25.0,37601.74,23389.80736395358,176655.68,170180.52611552455,0.0,0.0,8.8,8.077747210701755,2.8400000000000003,2.0752509888364505,1.9200000000000006,1.0376254944182255,1.9200000000000006,1.0376254944182255,0.8800000000000001,0.971253485622231,0.0,0.0,0.0,0.0,1.0,0.0
61000.0,15.109375,3.7678021342597084E-6,61000.0,50.5,43.5482491403938,37.96992481203007,26.666666666666668,61000.0,1048512.0,25.0,38312.88000000001,23757.910914171607,176928.48000000004,170447.46901842018,0.12,0.6000000000000001,5.64,5.258960607065493,2.8400000000000003,2.0752509888364505,1.9200000000000006,1.0376254944182255,1.9200000000000006,1.0376254944182255,0.8800000000000001,0.971253485622231,0.0,0.0,0.0,0.0,1.0,0.0
62000.0,15.40625,3.848262745628342E-6,62000.0,49.0,41.10766096950647,35.19695044472681,23.88059701492537,62000.0,1047640.0,25.0,39226.62,23859.882746765288,176913.92,170428.9660658633,0.19999999999999998,1.0,6.959999999999999,7.939773296511683,2.8400000000000003,2.0752509888364505,1.9200000000000006,1.0376254944182255,1.9200000000000006,1.0376254944182255,0.8800000000000001,0.971253485622231,0.0,0.0,0.0,0.0,1.0,0.0
63000.0,15.65625,3.914989421092389E-6,63000.0,50.6,43.38705832737408,36.66666666666667,28.92086330935252,63000.0,1031720.0,25.0,38968.93999999999,25087.82963372919,176239.35999999996,170464.0309692221,0.39999999999999997,1.3228756555322951,7.44,7.577818507547758,2.52,2.0231987873991355,1.7599999999999998,1.0115993936995678,1.7599999999999998,1.0115993936995678,0.72,0.9363047936792093,0.0,0.0,0.0,0.0,1.0,0.0
64000.0,15.90625,3.980566947979646E-6,64000.0,49.0,41.852179118091385,36.88118811881188,26.724137931034488,64000.0,1013952.0,25.0,38801.63999999999,26291.438652123383,175719.52000000005,170271.86545726078,0.3999999999999999,0.9999999999999998,8.080000000000002,10.128013954703393,2.3600000000000003,1.9765289440498124,1.68,0.9882644720249062,1.68,0.9882644720249062,0.64,0.9073771725877466,0.0,0.0,0.0,0.0,1.0,0.0
65000.0,16.140625,4.042144832460003E-6,65000.0,51.7,43.37724820460157,41.80722891566265,30.303030303030305,65000.0,1015584.0,25.0,39778.280000000006,26290.548181335096,175772.48000000004,170281.4114444674,0.0,0.0,7.4399999999999995,10.669582934679312,2.3600000000000003,1.9765289440498124,1.68,0.9882644720249062,1.68,0.9882644720249062,0.64,0.9073771725877466,0.0,0.0,0.0,0.0,1.0,0.0
66000.0,16.34375,4.095534192553411E-6,66000.0,52.300000000000004,44.1974730931212,39.69658659924147,30.161054172767205,66000.0,1016000.0,25.0,40764.76,26289.139981399785,175780.80000000005,170290.32042859474,0.0,0.0,5.08,7.499555542386052,2.3600000000000003,1.9765289440498124,1.68,0.9882644720249062,1.68,0.9882644720249062,0.64,0.9073771725877466,0.0,0.0,0.0,0.0,1.0,0.0
67000.0,16.5625,4.1528185506144335E-6,67000.0,54.400000000000006,46.375337359102964,44.04907975460123,32.94117647058824,67000.0,1012256.0,25.0,41753.279999999984,26285.69834862871,175705.92000000004,170216.9157017418,0.0,0.0,5.6,7.54983443527075,2.3600000000000003,1.9765289440498124,1.68,0.9882644720249062,1.68,0.9882644720249062,0.64,0.9073771725877466,0.0,0.0,0.0,0.0,1.0,0.0
68000.0,16.796875,4.214673891611812E-6,68000.0,51.5,43.4681859931649,38.529784537389105,28.781204111600587,68000.0,1020160.0,25.0,42731.920000000006,26286.640946274732,175864.0000000001,170373.82295818732,0.0,0.0,6.64,7.936623967405788,2.3600000000000003,1.9765289440498124,1.68,0.9882644720249062,1.68,0.9882644720249062,0.64,0.9073771725877466,0.0,0.0,0.0,0.0,1.0,0.0
69000.0,17.0625,4.284911847207696E-6,69000.0,53.900000000000006,45.949938622110345,42.15809284818069,31.50074294205052,69000.0,1022128.0,25.0,43720.6,26287.42964666899,175903.36,170410.93901337078,0.0,0.0,6.599999999999999,6.191391873668904,2.3600000000000003,1.9765289440498124,1.68,0.9882644720249062,1.68,0.9882644720249062,0.64,0.9073771725877466,0.0,0.0,0.0,0.0,1.0,0.0
70000.0,17.25,4.334106245854249E-6,70000.0,54.50000000000001,47.493840623611625,43.337484433374854,34.720229555236735,70000.0,1014184.0,25.0,44711.27999999999,26284.309724927498,175800.16000000006,170198.6962514348,0.0,0.0,2.92,3.807011076071796,2.4400000000000004,2.042873792805941,1.7200000000000002,1.0214368964029708,1.7200000000000002,1.0214368964029708,0.6799999999999998,0.9451631252505216,0.0,0.0,0.0,0.0,1.0,0.0
71000.0,17.5,4.4000764804271365E-6,71000.0,54.400000000000006,47.31868268979716,45.32374100719424,33.720930232558146,71000.0,1020024.0,25.0,45714.96000000001,26285.98711501267,176007.36000000002,170232.80077489084,0.0,0.0,6.84,8.234480351950975,2.52,2.181742422927143,1.7599999999999998,1.0908712114635715,1.7599999999999998,1.0908712114635715,0.7199999999999999,1.0214368964029708,0.0,0.0,0.0,0.0,1.0,0.0
72000.0,17.71875,4.457684085031765E-6,72000.0,52.0,43.49743796195259,41.248470012239906,27.16236722306525,72000.0,1017968.0,25.0,46707.000000000015,26288.68452861227,175991.03999999998,170170.59659119273,0.0,0.0,6.44,6.545227268781429,2.52,2.181742422927143,1.7599999999999998,1.0908712114635715,1.7599999999999998,1.0908712114635715,0.7199999999999999,1.0214368964029708,0.0,0.0,0.0,0.0,1.0,0.0
73000.0,17.921875,4.511517375552406E-6,73000.0,50.9,43.43168079338508,39.68058968058968,28.737300435413644,73000.0,1024448.0,25.0,47711.04,26291.9941876936,176120.63999999998,170303.1925744536,0.0,0.0,6.080000000000001,7.319608368394218,2.52,2.181742422927143,1.7599999999999998,1.0908712114635715,1.7599999999999998,1.0908712114635715,0.7199999999999999,1.0214368964029708,0.0,0.0,0.0,0.0,1.0,0.0
74000.0,18.1875,4.5824491017912E-6,74000.0,50.1,41.65503275035135,38.01242236024845,25.854383358098065,74000.0,1032224.0,25.0,48711.48000000001,26294.817444088847,176280.95999999996,170450.2522788298,0.0,0.0,5.959999999999999,7.020683727387239,2.52,2.181742422927143,1.7599999999999998,1.0908712114635715,1.7599999999999998,1.0908712114635715,0.7199999999999999,1.0214368964029708,0.0,0.0,0.0,0.0,1.0,0.0
75000.0,18.421875,4.6450029347195395E-6,75000.0,49.9,42.61365588811381,37.453183520599254,28.120516499282637,75000.0,1031680.0,25.0,49705.12,26297.71248811872,176270.08000000005,170441.55514809053,0.0,0.0,3.559999999999999,5.180733538795447,2.52,2.181742422927143,1.7599999999999998,1.0908712114635715,1.7599999999999998,1.0908712114635715,0.7199999999999999,1.0214368964029708,0.0,0.0,0.0,0.0,1.0,0.0
76000.0,18.65625,4.707791053483056E-6,76000.0,50.2,42.85904427735623,38.970588235294116,28.03468208092486,76000.0,1035544.0,25.0,50461.700000000004,26687.963149544194,176369.43999999997,170499.85657593585,0.08000000000000002,0.39999999999999997,5.08,6.49307323229917,2.52,2.181742422927143,1.7599999999999998,1.0908712114635715,1.7599999999999998,1.0908712114635715,0.7199999999999999,1.0214368964029708,0.0,0.0,0.0,0.0,1.0,0.0
77000.0,18.890625,4.770678125270125E-6,77000.0,51.0,44.025012822841454,39.20595533498759,30.693069306930692,77000.0,1037176.0,25.0,50356.0,28270.56481897158,176431.68000000005,170497.70857726972,0.27999999999999997,0.8906926143924925,6.68,8.024545677690003,2.5999999999999996,2.1602468994692865,1.7999999999999998,1.0801234497346432,1.7999999999999998,1.0801234497346432,0.76,1.0115993936995678,0.0,0.0,0.0,0.0,1.0,0.0
78000.0,19.125,4.833534638035215E-6,78000.0,52.900000000000006,45.4460796464072,40.228426395939096,30.530973451327437,78000.0,1036672.0,25.0,51349.840000000004,28270.77588892163,176517.12000000002,170393.1503060196,0.0,0.0,6.440000000000001,9.06954611139205,2.6799999999999997,2.212088003071608,1.8399999999999999,1.1060440015358037,1.8399999999999999,1.1060440015358037,0.8,1.0408329997330663,0.0,0.0,0.0,0.0,1.0,0.0
79000.0,19.375,4.9006105594647424E-6,79000.0,51.1,44.56347991701527,40.36585365853658,30.638297872340424,79000.0,1037120.0,25.0,52206.759999999995,28512.578134928597,176555.36000000002,170374.39182178545,0.12,0.4396968652757639,5.84,10.346819156951893,2.6799999999999997,2.212088003071608,1.8399999999999999,1.1060440015358037,1.8399999999999999,1.1060440015358037,0.8,1.0408329997330663,0.0,0.0,0.0,0.0,1.0,0.0
80000.0,19.59375,4.959192883688956E-6,80000.0,55.300000000000004,48.13061338160552,45.883777239709445,34.070796460177,80000.0,1035192.0,25.0,53201.51999999999,28510.323213967567,176596.96000000002,170253.84179488206,0.0,0.0,4.96,6.88282887578453,2.76,2.184795947756525,1.88,1.0923979738782625,1.88,1.0923979738782625,0.8400000000000001,1.0279429296739515,0.0,0.0,0.0,0.0,1.0,0.0
81000.0,19.890625,5.0389764106108075E-6,81000.0,52.300000000000004,45.23517302585428,40.96534653465346,32.147937411095306,81000.0,1038824.0,25.0,54187.080000000016,28512.323220355804,176675.52000000005,170322.98266124286,0.0,0.0,4.24,7.0844901016234045,2.76,2.184795947756525,1.88,1.0923979738782625,1.88,1.0923979738782625,0.8400000000000001,1.0279429296739515,0.0,0.0,0.0,0.0,1.0,0.0
82000.0,20.109375,5.0978661359598234E-6,82000.0,50.1,43.30254172773858,38.84803921568627,28.71428571428572,82000.0,1040624.0,25.0,55172.88,28514.30082639165,176711.52000000002,170358.75720040614,0.0,0.0,4.880000000000001,8.378146175218795,2.76,2.184795947756525,1.88,1.0923979738782625,1.88,1.0923979738782625,0.8400000000000001,1.0279429296739515,0.0,0.0,0.0,0.0,1.0,0.0
83000.0,20.328125,5.156361084017488E-6,83000.0,53.1,46.01743326131821,40.78282828282829,30.104321907600596,83000.0,1033648.0,25.0,56174.76000000001,28514.10854479743,176574.39999999997,170213.31562387673,0.0,0.0,3.7199999999999998,5.770037550426629,2.76,2.184795947756525,1.88,1.0923979738782625,1.88,1.0923979738782625,0.8400000000000001,1.0279429296739515,0.0,0.0,0.0,0.0,1.0,0.0
84000.0,20.5625,5.218922192903442E-6,84000.0,53.800000000000004,45.55251236264384,43.24324324324324,29.787234042553195,84000.0,1031800.0,25.0,57180.56,28516.783728369726,176537.43999999997,170175.68691354332,0.0,0.0,2.48,2.94561821468205,2.76,2.184795947756525,1.88,1.0923979738782625,1.88,1.0923979738782625,0.8400000000000001,1.0279429296739515,0.0,0.0,0.0,0.0,1.0,0.0
85000.0,20.796875,5.281390169531934E-6,85000.0,56.99999999999999,49.77855848111673,46.913580246913575,35.24096385542168,85000.0,1030264.0,25.0,58172.88,28519.38523655481,176562.40000000005,170093.53785851033,0.0,0.0,2.4,3.674234614174767,2.8400000000000003,2.3036203390894663,1.92,1.1518101695447331,1.92,1.1518101695447331,0.8400000000000001,1.0279429296739515,0.0,0.0,0.0,0.0,1.0,0.0
86000.0,21.0,5.33579644979909E-6,86000.0,50.9,43.39503006058231,40.19488428745433,28.94356005788712,86000.0,1035352.0,25.0,59170.64,28519.629388180765,176686.24000000002,170177.36189437468,0.0,0.0,3.2800000000000016,5.9267754020771415,2.8400000000000003,2.3036203390894663,1.92,1.1518101695447331,1.92,1.1518101695447331,0.8400000000000001,1.0279429296739515,0.0,0.0,0.0,0.0,1.0,0.0
87000.0,21.234375,5.399439736114193E-6,87000.0,50.5,42.735507455952614,38.50931677018634,28.052325581395355,87000.0,1049648.0,25.0,59942.86000000001,28934.731978960608,176993.28000000006,170444.5713815204,0.12,0.6000000000000001,7.919999999999998,6.91568266092847,2.8400000000000003,2.3036203390894663,1.92,1.1518101695447331,1.92,1.1518101695447331,0.8400000000000001,1.0279429296739515,0.0,0.0,0.0,0.0,1.0,0.0
88000.0,21.4375,5.454874707437637E-6,88000.0,50.6,42.38590017365869,39.82947624847747,27.13864306784661,88000.0,1054928.0,25.0,60937.54,28937.018052378404,177103.68,170544.65492835068,0.0,0.0,6.52,7.698051701567093,2.8400000000000003,2.3036203390894663,1.92,1.1518101695447331,1.92,1.1518101695447331,0.8400000000000001,1.0279429296739515,0.0,0.0,0.0,0.0,1.0,0.0
89000.0,21.671875,5.518398668047868E-6,89000.0,49.0,42.25131548106352,37.5764993880049,27.966101694915256,89000.0,1047680.0,25.0,60407.59999999999,30949.912267852316,176784.95999999996,170573.07892297563,0.24000000000000005,0.6633249580710799,4.0,8.445906306213285,2.6799999999999997,2.2861904265976327,1.8399999999999999,1.1430952132988164,1.8399999999999999,1.1430952132988164,0.7599999999999999,1.0115993936995678,0.0,0.0,0.0,0.0,1.0,0.0
90000.0,21.921875,5.583807522068834E-6,90000.0,48.4,38.87762257642666,34.183673469387756,19.751166407465007,90000.0,1011344.0,25.0,56752.54,35616.410228999885,175368.63999999998,170528.70868790895,0.36,0.8103497187428812,8.959999999999999,10.721784677313131,2.0399999999999996,2.0912516188477492,1.5199999999999998,1.0456258094238746,1.5199999999999998,1.0456258094238746,0.43999999999999995,0.8698658900466593,0.0,0.0,0.0,0.0,1.0,0.0
91000.0,22.171875,5.64905029023066E-6,91000.0,46.7,34.05456768005702,32.44613434727503,16.194968553459123,91000.0,1008776.0,25.0,57597.69999999998,35871.98857914694,175335.36000000002,170460.60872365552,0.15999999999999998,0.4725815626252608,7.2,10.267261887507626,2.0399999999999996,2.0912516188477492,1.5199999999999998,1.0456258094238746,1.5199999999999998,1.0456258094238746,0.43999999999999995,0.8698658900466593,0.0,0.0,0.0,0.0,1.0,0.0
92000.0,22.40625,5.70879269313688E-6,92000.0,50.1,34.41028404684604,36.107554417413574,21.540880503144656,92000.0,985312.0,25.0,56467.360000000015,37702.60134843727,174422.08000000002,170411.48838965388,0.19999999999999998,0.5773502691896257,9.48,11.413150310059008,1.64,1.7048949136725895,1.3200000000000005,0.8524474568362947,1.3200000000000005,0.8524474568362947,0.28,0.7371114795831994,0.0,0.0,0.0,0.0,1.0,0.0
93000.0,22.640625,5.768316817314673E-6,93000.0,50.2,34.768769697080835,36.88212927756654,21.451104100946374,93000.0,981712.0,25.0,57463.84000000002,37719.948740610525,174351.03999999995,170339.07723521726,0.04000000000000001,0.2,7.240000000000001,9.170968687476076,1.64,1.7048949136725895,1.3200000000000005,0.8524474568362947,1.3200000000000005,0.8524474568362947,0.28,0.7371114795831994,0.0,0.0,0.0,0.0,1.0,0.0
94000.0,22.859375,5.823685690605391E-6,94000.0,50.4,35.2238564268121,38.308457711442784,21.642969984202214,94000.0,978408.0,25.0,58470.399999999994,37720.72231978771,174284.95999999993,170272.86073744297,0.0,0.0,6.96,8.753475500241795,1.64,1.7048949136725895,1.3200000000000005,0.8524474568362947,1.3200000000000005,0.8524474568362947,0.28,0.7371114795831994,0.0,0.0,0.0,0.0,1.0,0.0
95000.0,23.109375,5.8867636511826665E-6,95000.0,47.8,29.42340817336423,32.64516129032258,17.53554502369668,95000.0,975304.0,25.0,58229.55999999999,38708.72289299313,173954.56,170459.97963591313,0.31999999999999995,1.0692676621563626,6.64,8.69329243344162,1.4000000000000001,1.2909944487358054,1.2000000000000002,0.6454972243679027,1.2000000000000002,0.6454972243679027,0.16,0.4725815626252608,0.0,0.0,0.0,0.0,1.0,0.0
96000.0,23.375,5.9534420466257455E-6,96000.0,50.0,34.50834101768799,36.548223350253814,23.430321592649314,96000.0,970328.0,25.0,59122.49999999999,38876.200792925185,173855.04000000004,170359.86721906168,0.07999999999999999,0.3999999999999999,7.360000000000002,10.539133424211563,1.4000000000000001,1.2909944487358054,1.2000000000000002,0.6454972243679027,1.2000000000000002,0.6454972243679027,0.16,0.4725815626252608,0.0,0.0,0.0,0.0,1.0,0.0
97000.0,23.59375,6.008070259768929E-6,97000.0,51.0,36.521919369882895,39.43139678615575,24.61538461538462,97000.0,965320.0,25.0,60121.13999999999,38876.983505017306,173754.88,170258.9193857211,0.0,0.0,5.6,7.416198487095663,1.4000000000000001,1.2909944487358054,1.2000000000000002,0.6454972243679027,1.2000000000000002,0.6454972243679027,0.16,0.4725815626252608,0.0,0.0,0.0,0.0,1.0,0.0
98000.0,23.8125,6.062666782074504E-6,98000.0,50.0,33.04578730789162,33.422103861517975,20.12779552715655,98000.0,964760.0,25.0,61116.66,38877.058921058175,173743.68000000005,170247.65176880843,0.0,0.0,4.08,6.157109711544858,1.4000000000000001,1.2909944487358054,1.2000000000000002,0.6454972243679027,1.2000000000000002,0.6454972243679027,0.16,0.4725815626252608,0.0,0.0,0.0,0.0,1.0,0.0
99000.0,24.03125,6.1175874563761876E-6,99000.0,47.3,29.84455310181592,33.54350567465322,17.268445839874406,99000.0,970488.0,25.0,61883.439999999995,39252.15041095304,173842.24000000002,170380.35112959263,0.39999999999999997,1.118033988749895,8.2,9.920517459622085,1.4000000000000001,1.2909944487358054,1.2000000000000002,0.6454972243679027,1.2000000000000002,0.6454972243679027,0.16,0.4725815626252608,0.0,0.0,0.0,0.0,1.0,0.0
100000.0,24.28125,6.180212173300484E-6,100000.0,48.699999999999996,32.44382170436468,33.891752577319586,20.341614906832298,100000.0,968296.0,25.0,62885.67999999998,39251.96254781019,173821.59999999998,170313.00494066317,0.0,0.0,7.879999999999999,9.593053042002149,1.4000000000000001,1.2909944487358054,1.2000000000000002,0.6454972243679027,1.2000000000000002,0.6454972243679027,0.16,0.4725815626252608,0.0,0.0,0.0,0.0,1.0,0.0
101000.0,24.515625,6.239115900825708E-6,101000.0,47.8,32.07953720401902,34.831460674157306,19.81566820276498,101000.0,971480.0,25.0,63693.64000000001,39546.11998912517,173883.36,170379.09031115146,0.07999999999999999,0.4,6.079999999999999,7.041069994444499,1.4000000000000001,1.2909944487358054,1.2000000000000002,0.6454972243679027,1.2000000000000002,0.6454972243679027,0.16,0.4725815626252608,0.0,0.0,0.0,0.0,1.0,0.0
102000.0,24.75,6.2976791135345885E-6,102000.0,49.3,30.744989939582858,33.37713534822602,19.395866454689983,102000.0,965864.0,25.0,64701.00000000002,39546.68988392721,173773.44,170263.67665215203,0.0,0.0,5.800000000000001,8.406346808612328,1.4000000000000001,1.2909944487358054,1.2000000000000002,0.6454972243679027,1.2000000000000002,0.6454972243679027,0.16,0.4725815626252608,0.0,0.0,0.0,0.0,1.0,0.0
103000.0,24.921875,6.340672067987421E-6,103000.0,46.9,30.18100344755949,32.95454545454545,20.150375939849617,103000.0,966912.0,25.0,65266.94,40190.3408049339,173795.35999999996,170285.21883793696,0.08,0.2768874620972691,5.88,6.984029400472672,1.4000000000000001,1.2909944487358054,1.2000000000000002,0.6454972243679027,1.2000000000000002,0.6454972243679027,0.16,0.4725815626252608,0.0,0.0,0.0,0.0,1.0,0.0
104000.0,25.140625,6.395695963874458E-6,104000.0,49.0,30.051131251508707,34.447300771208226,19.303797468354432,104000.0,972312.0,25.0,66179.78,40354.739566008946,173955.36000000002,170349.8750849545,0.08,0.2768874620972691,5.72,8.657944328765346,1.4799999999999998,1.661324772583615,1.2400000000000007,0.8306623862918076,1.2400000000000007,0.8306623862918076,0.19999999999999996,0.6454972243679027,0.0,0.0,0.0,0.0,1.0,0.0
105000.0,25.34375,6.446648330893366E-6,105000.0,50.3,34.2387306090261,36.200256739409504,22.826086956521742,105000.0,969624.0,25.0,67159.95999999999,40393.41796046702,173924.48000000004,170275.78602819605,0.07999999999999999,0.4,3.2399999999999998,6.911825615084147,1.4799999999999998,1.661324772583615,1.2400000000000007,0.8306623862918076,1.2400000000000007,0.8306623862918076,0.19999999999999996,0.6454972243679027,0.0,0.0,0.0,0.0,1.0,0.0
106000.0,25.5625,6.5010098882743866E-6,106000.0,51.7,33.1254638295987,38.78326996197719,21.07843137254902,106000.0,960608.0,25.0,68166.36000000002,40396.04602835404,173750.88,170089.12248470788,0.0,0.0,4.32,6.504613747179766,1.4799999999999998,1.661324772583615,1.2400000000000007,0.8306623862918076,1.2400000000000007,0.8306623862918076,0.19999999999999996,0.6454972243679027,0.0,0.0,0.0,0.0,1.0,0.0
107000.0,25.8125,6.563454549500924E-6,107000.0,48.9,31.20893233839821,34.403080872913996,20.52877138413686,107000.0,965512.0,25.0,69168.03999999998,40395.04946176914,173851.36000000002,170185.78047195173,0.0,0.0,4.799999999999999,7.767453465154029,1.4799999999999998,1.661324772583615,1.2400000000000007,0.8306623862918076,1.2400000000000007,0.8306623862918076,0.19999999999999996,0.6454972243679027,0.0,0.0,0.0,0.0,1.0,0.0
108000.0,26.015625,6.614295933913024E-6,108000.0,48.4,31.92764806066355,34.60076045627377,21.461187214611865,108000.0,967512.0,25.0,70107.78000000001,40486.23167896535,173891.84000000003,170225.53372048173,0.039999999999999994,0.2,4.399999999999999,8.093207028119322,1.4799999999999998,1.661324772583615,1.2400000000000007,0.8306623862918076,1.2400000000000007,0.8306623862918076,0.19999999999999996,0.6454972243679027,0.0,0.0,0.0,0.0,1.0,0.0
109000.0,26.265625,6.676747838759587E-6,109000.0,48.8,30.499372865434836,35.10773130544994,19.623233908948194,109000.0,965624.0,25.0,71112.77999999998,40489.2677275581,173856.48,170185.58119339088,0.0,0.0,6.920000000000001,9.844287683728062,1.4799999999999998,1.661324772583615,1.2400000000000007,0.8306623862918076,1.2400000000000007,0.8306623862918076,0.19999999999999996,0.6454972243679027,0.0,0.0,0.0,0.0,1.0,0.0
110000.0,26.5,6.734939977630144E-6,110000.0,51.1,34.22282723470883,37.865311308767474,23.354231974921632,110000.0,959744.0,25.0,72121.1,40488.2381773285,173738.88,170067.3776010783,0.0,0.0,3.0800000000000005,6.068497892120147,1.4799999999999998,1.661324772583615,1.2400000000000007,0.8306623862918076,1.2400000000000007,0.8306623862918076,0.19999999999999996,0.6454972243679027,0.0,0.0,0.0,0.0,1.0,0.0
111000.0,26.734375,6.793298008334305E-6,111000.0,49.6,32.387473437935995,35.05154639175258,21.61741835147745,111000.0,962480.0,25.0,73112.78000000003,40488.30841738924,173795.99999999997,170120.33954965466,0.0,0.0,5.48,8.221516486228884,1.4799999999999998,1.661324772583615,1.2400000000000007,0.8306623862918076,1.2400000000000007,0.8306623862918076,0.19999999999999996,0.6454972243679027,0.0,0.0,0.0,0.0,1.0,0.0
112000.0,26.953125,6.848090108380549E-6,112000.0,46.7,28.735217237252904,31.402831402831406,17.873651771956865,112000.0,968216.0,25.0,74023.06000000003,40645.30759191306,173910.72000000003,170235.8286074794,0.07999999999999999,0.4,3.48,6.602524769611495,1.4799999999999998,1.661324772583615,1.2400000000000007,0.8306623862918076,1.2400000000000007,0.8306623862918076,0.19999999999999996,0.6454972243679027,0.0,0.0,0.0,0.0,1.0,0.0
113000.0,27.171875,6.90272647059626E-6,113000.0,50.1,32.45868000709252,36.7553865652725,21.044303797468356,113000.0,965464.0,25.0,75036.41999999998,40648.12591361856,173855.68,170180.52151824557,0.0,0.0,2.2400000000000007,5.3563046963368315,1.4799999999999998,1.661324772583615,1.2400000000000007,0.8306623862918076,1.2400000000000007,0.8306623862918076,0.19999999999999996,0.6454972243679027,0.0,0.0,0.0,0.0,1.0,0.0
114000.0,27.375,6.954115201046483E-6,114000.0,46.7,30.46767986432718,34.84107579462103,19.849624060150376,114000.0,977928.0,25.0,75733.6,41181.07069902829,174242.88,170297.2368163718,0.12,0.43969686527576396,6.16,8.473881440441957,1.64,1.8,1.3200000000000005,0.9,1.3200000000000005,0.9,0.2800000000000001,0.7371114795831993,0.0,0.0,0.0,0.0,1.0,0.0
115000.0,27.65625,7.025447525342719E-6,115000.0,49.9,33.38377196773168,37.06030150753769,22.083981337480562,115000.0,980384.0,25.0,76709.63999999998,41226.87220919711,174306.40000000002,170332.2588144017,0.039999999999999994,0.2,4.48,9.430093672210614,1.64,1.8,1.3200000000000005,0.9,1.3200000000000005,0.9,0.2800000000000001,0.7371114795831993,0.0,0.0,0.0,0.0,1.0,0.0
116000.0,27.875,7.080603164568957E-6,116000.0,48.8,31.42281584347258,37.63702801461633,20.496894409937887,116000.0,974640.0,25.0,76858.48000000003,42598.57722843977,174196.32000000004,170211.8804550927,0.16,0.5537749241945383,4.4799999999999995,10.824817165507538,1.64,1.8,1.3200000000000005,0.9,1.3200000000000005,0.9,0.2800000000000001,0.7371114795831993,0.0,0.0,0.0,0.0,1.0,0.0
117000.0,28.078125,7.132080597026894E-6,117000.0,48.9,32.86253900476268,34.904458598726116,22.692889561270796,117000.0,979616.0,25.0,76776.45999999998,44203.080558550595,174416.31999999998,170202.81935522376,0.16000000000000003,0.5537749241945382,6.64,10.707785329687306,1.7999999999999998,2.1602468994692865,1.4000000000000001,1.0801234497346432,1.4000000000000001,1.0801234497346432,0.32000000000000006,0.7483314773547883,0.0,0.0,0.0,0.0,1.0,0.0
118000.0,28.28125,7.184716620637724E-6,118000.0,50.8,32.58426966292135,35.77023498694517,21.78060413354531,118000.0,1001664.0,25.0,77738.04000000002,44278.78594650407,175129.12,170379.03825087,0.04,0.2,4.56,7.616210781396919,2.039999999999999,2.244994432064365,1.5199999999999996,1.1224972160321824,1.5199999999999996,1.1224972160321824,0.43999999999999995,0.8205689083394114,0.0,0.0,0.0,0.0,1.0,0.0
119000.0,28.5625,7.257763742624471E-6,119000.0,52.800000000000004,35.43497946777631,40.47919293820934,23.870967741935488,119000.0,1003952.0,25.0,78626.74,44464.91395760876,175349.28,170262.3083481557,0.24,0.8793937305515278,4.960000000000001,9.413996671623234,2.1999999999999997,2.449489742783178,1.5999999999999999,1.224744871391589,1.5999999999999999,1.224744871391589,0.48000000000000004,0.8717797887081348,0.0,0.0,0.0,0.0,1.0,0.0
120000.0,28.71875,7.298483881944169E-6,120000.0,52.0,36.20321402891323,37.98449612403101,24.646781789638936,120000.0,1007376.0,25.0,79609.92000000001,44510.37950898966,175435.36000000002,170314.23330957087,0.039999999999999994,0.19999999999999998,4.48,7.810889834071404,2.1999999999999997,2.449489742783178,1.5999999999999999,1.224744871391589,1.5999999999999999,1.224744871391589,0.48000000000000004,0.8717797887081348,0.0,0.0,0.0,0.0,1.0,0.0
121000.0,28.96875,7.363483471433735E-6,121000.0,52.1,36.758329680543746,37.22149410222805,24.92163009404389,121000.0,1005016.0,25.0,80585.00000000001,44585.872085590665,175533.28,170125.79134840198,0.15999999999999998,0.5537749241945382,7.520000000000001,10.855566928232413,2.36,2.4979991993593593,1.68,1.2489995996796797,1.68,1.2489995996796797,0.56,0.916515138991168,0.0,0.0,0.0,0.0,1.0,0.0
122000.0,29.234375,7.435025407984438E-6,122000.0,45.1,32.06748705384487,32.88508557457212,22.01704545454546,122000.0,1041104.0,25.0,81228.54000000001,45253.480600023846,176547.67999999996,170569.7777586352,0.32000000000000006,0.8020806277010643,7.6,8.371578903249572,2.5999999999999988,2.6457513110645903,1.7999999999999994,1.3228756555322951,1.7999999999999994,1.3228756555322951,0.64,0.9521904571390467,0.0,0.0,0.0,0.0,1.0,0.0
123000.0,29.484375,7.502348129896239E-6,123000.0,46.5,38.21728576410782,34.83556638246042,26.812585499316004,123000.0,1040936.0,25.0,75450.38,53321.60944027882,176670.87999999995,170449.3275504291,0.8399999999999999,1.1060440015358037,12.720000000000002,12.75251609160587,2.68,2.68824602048746,1.84,1.34412301024373,1.84,1.34412301024373,0.68,0.9882644720249062,0.0,0.0,0.0,0.0,1.0,0.0
124000.0,29.75,7.570837915409356E-6,124000.0,44.800000000000004,36.137277087859836,29.591836734693878,21.81303116147309,124000.0,996688.0,25.0,70772.76,57318.70335508796,175084.32,170222.7199163855,0.56,0.9609023536933048,19.32,13.19949493983261,2.0399999999999996,2.009975124224178,1.5200000000000002,1.004987562112089,1.5200000000000002,1.004987562112089,0.44000000000000017,0.8205689083394114,0.0,0.0,0.0,0.0,1.0,0.0
125000.0,29.953125,7.623253655361218E-6,125000.0,45.7,38.25567155201135,34.73557692307693,26.222826086956523,125000.0,997472.0,25.0,70326.64000000001,58166.90546082165,175024.8,170311.7974750536,0.12000000000000002,0.4396968652757639,15.559999999999997,11.258626322365737,1.9599999999999997,2.009975124224178,1.48,1.004987562112089,1.48,1.004987562112089,0.4,0.816496580927726,0.0,0.0,0.0,0.0,1.0,0.0
126000.0,30.1875,7.683829883010023E-6,126000.0,47.199999999999996,40.972082478099296,34.572490706319705,28.744939271255056,126000.0,999064.0,25.0,71324.36000000004,58163.50982649811,175056.63999999998,170343.35103462206,0.0,0.0,14.999999999999998,9.354143466934854,1.9599999999999997,2.009975124224178,1.48,1.004987562112089,1.48,1.004987562112089,0.4,0.816496580927726,0.0,0.0,0.0,0.0,1.0,0.0
127000.0,30.421875,7.743923957200927E-6,127000.0,49.5,42.43800687324393,38.11274509803921,30.821917808219172,127000.0,991112.0,25.0,72329.23999999999,58163.158975967526,174897.6,170185.23572884235,0.0,0.0,9.959999999999999,8.090529442914516,1.9599999999999997,2.009975124224178,1.48,1.004987562112089,1.48,1.004987562112089,0.4,0.816496580927726,0.0,0.0,0.0,0.0,1.0,0.0
128000.0,30.65625,7.804460894678615E-6,128000.0,43.9,36.956162619387165,31.165644171779146,24.393530997304584,128000.0,998416.0,25.0,71488.04,59596.63356091756,174855.36000000002,170514.40425763786,0.39999999999999997,0.816496580927726,9.760000000000002,8.343060989029546,1.7999999999999998,1.9148542155126762,1.4000000000000001,0.957427107756338,1.4000000000000001,0.957427107756338,0.32,0.7483314773547882,0.0,0.0,0.0,0.0,1.0,0.0
129000.0,30.890625,7.864300795416864E-6,129000.0,48.5,40.95228485993652,35.54443053817272,26.95035460992908,129000.0,986920.0,25.0,72287.7,59841.981756462716,174632.31999999998,170277.99042854982,0.24,0.8306623862918076,11.959999999999999,12.804556480669945,1.7999999999999998,1.9148542155126762,1.4000000000000001,0.957427107756338,1.4000000000000001,0.957427107756338,0.32,0.7483314773547882,0.0,0.0,0.0,0.0,1.0,0.0
130000.0,31.15625,7.931377201910232E-6,130000.0,49.5,43.67925054369041,38.489646772228994,31.571815718157183,130000.0,976120.0,25.0,71912.21999999999,60542.88957873128,174308.31999999995,170170.2419393339,0.04,0.2,12.000000000000004,10.408329997330663,1.72,2.0720360357226735,1.3600000000000003,1.0360180178613367,1.3600000000000003,1.0360180178613367,0.27999999999999997,0.7916228058025278,0.0,0.0,0.0,0.0,1.0,0.0
131000.0,31.328125,7.9745981687059E-6,131000.0,50.2,43.673951351485854,40.0,29.957805907172997,131000.0,972040.0,25.0,72896.26000000002,60543.24276348909,174226.71999999994,170088.47304799213,0.0,0.0,8.84,7.909277253116537,1.72,2.0720360357226735,1.3600000000000003,1.0360180178613367,1.3600000000000003,1.0360180178613367,0.27999999999999997,0.7916228058025278,0.0,0.0,0.0,0.0,1.0,0.0
132000.0,31.546875,8.029475381287434E-6,132000.0,52.900000000000006,47.15465398079167,43.32129963898917,35.47945205479452,132000.0,969720.0,25.0,73888.34,60541.60681565047,174182.72,170039.5767683296,0.0,0.0,8.519999999999998,6.545481902299734,1.72,2.0720360357226735,1.3600000000000003,1.0360180178613367,1.3600000000000003,1.0360180178613367,0.27999999999999997,0.7916228058025278,0.0,0.0,0.0,0.0,1.0,0.0
133000.0,31.734375,8.076548692770302E-6,133000.0,50.4,43.30936172741861,38.308457711442784,28.530259365994237,133000.0,970456.0,25.0,74891.46000000002,60541.52007665685,174202.24000000005,170050.395265826,0.0,0.0,7.320000000000001,6.637770710110435,1.72,2.0720360357226735,1.3600000000000003,1.0360180178613367,1.3600000000000003,1.0360180178613367,0.27999999999999997,0.7916228058025278,0.0,0.0,0.0,0.0,1.0,0.0
134000.0,31.96875,8.136545269129176E-6,134000.0,49.3,42.5327093163886,36.783042394014956,28.28854314002829,134000.0,989504.0,25.0,75895.26000000001,60543.17294254925,174583.19999999995,170431.77768843703,0.0,0.0,8.799999999999999,6.7638746292343415,1.72,2.0720360357226735,1.3600000000000003,1.0360180178613367,1.3600000000000003,1.0360180178613367,0.27999999999999997,0.7916228058025278,0.0,0.0,0.0,0.0,1.0,0.0
135000.0,32.171875,8.187806621814767E-6,135000.0,52.0,45.1711801446567,40.81381011097412,31.62393162393163,135000.0,975504.0,25.0,76898.62,60541.26031801345,174303.19999999995,170151.56518629778,0.0,0.0,7.040000000000002,7.828793010419933,1.72,2.0720360357226735,1.3600000000000003,1.0360180178613367,1.3600000000000003,1.0360180178613367,0.27999999999999997,0.7916228058025278,0.0,0.0,0.0,0.0,1.0,0.0
136000.0,32.40625,8.248260613375654E-6,136000.0,47.599999999999994,41.04801773959649,36.330498177399754,27.32316227461858,136000.0,997048.0,25.0,77895.78000000001,60542.0953485714,174734.08000000002,170582.63317731896,0.0,0.0,10.720000000000002,7.9137011989755255,1.72,2.0720360357226735,1.3600000000000003,1.0360180178613367,1.3600000000000003,1.0360180178613367,0.27999999999999997,0.7916228058025278,0.0,0.0,0.0,0.0,1.0,0.0
137000.0,32.671875,8.316333696711808E-6,137000.0,51.5,45.16583096378118,40.92570036540805,32.825484764542935,137000.0,990624.0,25.0,78467.10000000002,61066.43830447193,174600.15999999997,170461.74992664924,0.27999999999999997,1.2083045973594573,5.64,9.612838637294743,1.72,2.0720360357226735,1.3600000000000003,1.0360180178613367,1.3600000000000003,1.0360180178613367,0.27999999999999997,0.7916228058025278,0.0,0.0,0.0,0.0,1.0,0.0
138000.0,32.828125,8.355801724570079E-6,138000.0,54.0,47.78115308295532,42.92803970223325,34.09742120343841,138000.0,976400.0,25.0,79481.5,61063.77619935152,174321.6,170169.14889771127,0.0,0.0,5.92,7.9891593216474694,1.72,2.0720360357226735,1.3600000000000003,1.0360180178613367,1.3600000000000003,1.0360180178613367,0.27999999999999997,0.7916228058025278,0.0,0.0,0.0,0.0,1.0,0.0
139000.0,33.03125,8.407079472413494E-6,139000.0,52.2,46.32156750006738,41.56479217603912,33.70319001386963,139000.0,975816.0,25.0,80491.26000000004,61060.07426140727,174312.32,170155.68502025382,0.0,0.0,6.64,5.399691349203828,1.72,2.0720360357226735,1.3600000000000003,1.0360180178613367,1.3600000000000003,1.0360180178613367,0.27999999999999997,0.7916228058025278,0.0,0.0,0.0,0.0,1.0,0.0
140000.0,33.25,8.46258235267467E-6,140000.0,51.9,46.10136976477338,39.420654911838795,33.101529902642554,140000.0,980776.0,25.0,81420.88000000003,61158.48874904398,174411.04000000004,170255.2070765891,0.08,0.4,8.84,8.483709880313762,1.72,2.0720360357226735,1.3600000000000003,1.0360180178613367,1.3600000000000003,1.0360180178613367,0.27999999999999997,0.7916228058025278,0.0,0.0,0.0,0.0,1.0,0.0
141000.0,33.5,8.527308754209015E-6,141000.0,51.0,45.87919795180377,40.60606060606061,33.33333333333333,141000.0,1000792.0,25.0,82351.64000000001,61240.340296765775,174816.48,170653.29169248152,0.04,0.2,4.239999999999998,5.486954224947268,1.72,2.0720360357226735,1.3600000000000003,1.0360180178613367,1.3600000000000003,1.0360180178613367,0.27999999999999997,0.7916228058025278,0.0,0.0,0.0,0.0,1.0,0.0
142000.0,33.71875,8.583960653696623E-6,142000.0,49.0,43.2060517849447,36.64596273291926,29.655172413793103,142000.0,1001080.0,25.0,83352.67999999998,61238.35934113086,174822.24,170659.64416556346,0.0,0.0,2.24,7.573418426751995,1.72,2.0720360357226735,1.3600000000000003,1.0360180178613367,1.3600000000000003,1.0360180178613367,0.27999999999999997,0.7916228058025278,0.0,0.0,0.0,0.0,1.0,0.0
143000.0,33.96875,8.6484914774903E-6,143000.0,51.1,44.78693855429849,41.785714285714285,31.894150417827305,143000.0,997768.0,25.0,84348.23999999998,61236.30927592831,174756.00000000003,170593.50113420057,0.0,0.0,2.76,4.719463246316612,1.72,2.0720360357226735,1.3600000000000003,1.0360180178613367,1.3600000000000003,1.0360180178613367,0.27999999999999997,0.7916228058025278,0.0,0.0,0.0,0.0,1.0,0.0
144000.0,34.125,8.688279647483595E-6,144000.0,53.0,47.5791610435093,43.373493975903614,34.903047091412745,144000.0,984320.0,25.0,85342.2,61235.18239558373,174489.44,170321.35828440092,0.0,0.0,4.5200000000000005,6.318755151662918,1.72,2.0720360357226735,1.3600000000000003,1.0360180178613367,1.3600000000000003,1.0360180178613367,0.27999999999999997,0.7916228058025278,0.0,0.0,0.0,0.0,1.0,0.0
145000.0,34.390625,8.755777154066083E-6,145000.0,50.5,43.538332909395564,37.657430730478595,28.87931034482759,145000.0,982248.0,25.0,86340.63999999998,61236.4451032893,174450.39999999997,170277.74250372028,0.0,0.0,6.079999999999999,5.964617897792504,1.72,2.0720360357226735,1.3600000000000003,1.0360180178613367,1.3600000000000003,1.0360180178613367,0.27999999999999997,0.7916228058025278,0.0,0.0,0.0,0.0,1.0,0.0
146000.0,34.578125,8.803413139604447E-6,146000.0,55.1,49.31913817702407,44.36183395291203,36.22159090909092,146000.0,982056.0,25.0,87328.52,61232.57944959213,174502.24,170226.10175192147,0.0,0.0,2.4,5.131601439446885,1.8,2.309401076758503,1.4000000000000001,1.1547005383792515,1.4000000000000001,1.1547005383792515,0.32,0.9,0.0,0.0,0.0,0.0,1.0,0.0
147000.0,34.78125,8.854935974037897E-6,147000.0,54.0,48.05124405977269,42.2835633626098,34.47293447293448,147000.0,980480.0,25.0,88324.15999999999,61229.37365562049,174474.07999999996,170191.85994825524,0.0,0.0,0.44,1.260952021291849,1.8,2.309401076758503,1.4000000000000001,1.1547005383792515,1.4000000000000001,1.1547005383792515,0.32,0.9,0.0,0.0,0.0,0.0,1.0,0.0
148000.0,35.0,8.91041440708149E-6,148000.0,53.7,47.56078362084295,43.87878787878788,33.477011494252885,148000.0,980344.0,25.0,89317.91999999997,61225.74682533484,174478.56000000006,170183.21664392127,0.0,0.0,3.4,5.23609269080167,1.8,2.309401076758503,1.4000000000000001,1.1547005383792515,1.4000000000000001,1.1547005383792515,0.32,0.9,0.0,0.0,0.0,0.0,1.0,0.0
149000.0,35.25,8.973917671634506E-6,149000.0,50.1,43.66394356910933,38.922888616891065,30.404463040446306,149000.0,981880.0,25.0,90317.19999999998,61225.00890709179,174514.56,170209.52671437946,0.0,0.0,2.8799999999999994,6.029925372672535,1.8,2.309401076758503,1.4000000000000001,1.1547005383792515,1.4000000000000001,1.1547005383792515,0.32,0.9,0.0,0.0,0.0,0.0,1.0,0.0
150000.0,35.484375,9.033295306532335E-6,150000.0,53.1,48.061095213204226,42.59485924112607,36.79245283018868,150000.0,979296.0,25.0,91318.84000000004,61223.24016665966,174467.68,170153.89318621575,0.0,0.0,5.28,7.918964578781749,1.8,2.309401076758503,1.4000000000000001,1.1547005383792515,1.4000000000000001,1.1547005383792515,0.32,0.9,0.0,0.0,0.0,0.0,1.0,0.0
151000.0,35.71875,9.093284121869755E-6,151000.0,52.1,47.07533202218637,41.51404151404152,35.270270270270274,151000.0,989376.0,25.0,92324.08,61220.82535690959,174669.2800000001,170355.64907629485,0.0,0.0,5.919999999999998,6.695271963607353,1.8,2.309401076758503,1.4000000000000001,1.1547005383792515,1.4000000000000001,1.1547005383792515,0.32,0.9,0.0,0.0,0.0,0.0,1.0,0.0
152000.0,35.921875,9.144735490230638E-6,152000.0,51.6,46.175813812798594,41.119221411192214,33.969986357435204,152000.0,979120.0,25.0,93323.48000000003,61219.56677677755,174467.52000000002,170147.72231430103,0.0,0.0,5.36,6.830568546370548,1.8,2.309401076758503,1.4000000000000001,1.1547005383792515,1.4000000000000001,1.1547005383792515,0.32,0.9,0.0,0.0,0.0,0.0,1.0,0.0
153000.0,36.125,9.1961082459117E-6,153000.0,54.900000000000006,49.665627985464425,44.18316831683168,37.53462603878116,153000.0,977624.0,25.0,94328.36000000002,61217.1702206737,174437.6,170117.7479277221,0.0,0.0,0.35999999999999993,1.6041612554021285,1.8,2.309401076758503,1.4000000000000001,1.1547005383792515,1.4000000000000001,1.1547005383792515,0.32,0.9,0.0,0.0,0.0,0.0,1.0,0.0
154000.0,36.3125,9.243352687917651E-6,154000.0,50.6,44.53526389537599,38.86138613861386,30.324400564174898,154000.0,973984.0,25.0,95327.56,61216.95183330866,174364.8,170044.84313430806,0.0,0.0,5.0,6.5383484153110105,1.8,2.309401076758503,1.4000000000000001,1.1547005383792515,1.4000000000000001,1.1547005383792515,0.32,0.9,0.0,0.0,0.0,0.0,1.0,0.0
155000.0,36.546875,9.302584318599355E-6,155000.0,51.1,44.980450620235715,38.875,31.12676056338029,155000.0,976888.0,25.0,96318.72000000002,61213.57430026349,174422.87999999995,170103.0363957285,0.0,0.0,1.08,2.3614967005411347,1.8,2.309401076758503,1.4000000000000001,1.1547005383792515,1.4000000000000001,1.1547005383792515,0.32,0.9,0.0,0.0,0.0,0.0,1.0,0.0
156000.0,36.765625,9.358910255185848E-6,156000.0,50.5,44.97737958938674,40.14510278113664,31.72413793103448,156000.0,995320.0,25.0,97302.16,61208.06061808313,174795.04000000004,170468.84896648288,0.0,0.0,6.840000000000001,6.446446049310168,1.8,2.309401076758503,1.4000000000000001,1.1547005383792515,1.4000000000000001,1.1547005383792515,0.32,0.9,0.0,0.0,0.0,0.0,1.0,0.0
157000.0,36.96875,9.410528097456945E-6,157000.0,52.400000000000006,45.88658464770575,42.3728813559322,32.29018492176387,157000.0,982288.0,25.0,98301.24000000002,61205.83763460369,174534.39999999997,170208.44105210455,0.0,0.0,4.079999999999999,6.177378084592201,1.8,2.309401076758503,1.4000000000000001,1.1547005383792515,1.4000000000000001,1.1547005383792515,0.32,0.9,0.0,0.0,0.0,0.0,1.0,0.0
158000.0,37.21875,9.473927881723895E-6,158000.0,53.400000000000006,47.10171908061426,42.68142681426815,32.75613275613276,158000.0,980280.0,25.0,99297.56000000001,61201.55843659339,174494.23999999993,170168.1224837822,0.0,0.0,4.2,6.59545297913646,1.8,2.309401076758503,1.4000000000000001,1.1547005383792515,1.4000000000000001,1.1547005383792515,0.32,0.9,0.0,0.0,0.0,0.0,1.0,0.0
159000.0,37.421875,9.525644515330596E-6,159000.0,51.1,45.12683667996041,40.79903147699758,32.92181069958848,159000.0,984168.0,25.0,100296.2,61199.344007755455,174571.99999999997,170245.81204786428,0.0,0.0,3.12,2.948445918332798,1.8,2.309401076758503,1.4000000000000001,1.1547005383792515,1.4000000000000001,1.1547005383792515,0.32,0.9,0.0,0.0,0.0,0.0,1.0,0.0
160000.0,37.609375,9.573051938787106E-6,160000.0,50.6,44.3794537251692,38.24999999999999,31.57894736842105,160000.0,977344.0,25.0,101299.43999999999,61197.276539428334,174435.52,170109.48965577604,0.0,0.0,3.1599999999999993,4.740604743419697,1.8,2.309401076758503,1.4000000000000001,1.1547005383792515,1.4000000000000001,1.1547005383792515,0.32,0.9,0.0,0.0,0.0,0.0,1.0,0.0
161000.0,37.828125,9.628663926074906E-6,161000.0,51.6,45.934715051373196,40.3205918618989,33.33333333333333,161000.0,982704.0,25.0,102305.23999999999,61194.82059601089,174542.72,170216.64531654347,0.0,0.0,2.6399999999999997,4.644710252893428,1.8,2.309401076758503,1.4000000000000001,1.1547005383792515,1.4000000000000001,1.1547005383792515,0.32,0.9,0.0,0.0,0.0,0.0,1.0,0.0
162000.0,38.09375,9.69680132887637E-6,162000.0,52.900000000000006,47.165976234784985,42.13759213759214,34.30962343096235,162000.0,991560.0,25.0,103295.52000000002,61192.99531383624,174792.32,170329.3588246307,0.0,0.0,3.3599999999999994,5.337602458033007,1.8800000000000001,2.4549270186029295,1.4400000000000004,1.2274635093014648,1.4400000000000004,1.2274635093014648,0.32,0.9,0.0,0.0,0.0,0.0,1.0,0.0
163000.0,38.3125,9.75314944904919E-6,163000.0,52.400000000000006,46.95415434780913,42.44256348246675,34.3448275862069,163000.0,995712.0,25.0,104287.84,61192.69723548284,174877.76000000004,170409.96959272743,0.0,0.0,4.68,5.8787753826796285,1.8800000000000001,2.4549270186029295,1.4400000000000004,1.2274635093014648,1.4400000000000004,1.2274635093014648,0.32,0.9,0.0,0.0,0.0,0.0,1.0,0.0
164000.0,38.5,9.801426494959747E-6,164000.0,52.5,46.84000183541889,42.284325637910094,34.84224965706447,164000.0,995272.0,25.0,105288.55999999997,61189.34214692847,174868.96,170401.14083657577,0.0,0.0,5.4,7.302967433402214,1.8800000000000001,2.4549270186029295,1.4400000000000004,1.2274635093014648,1.4400000000000004,1.2274635093014648,0.32,0.9,0.0,0.0,0.0,0.0,1.0,0.0
164860.0,38.703125,9.853378125828594E-6,164860.0,54.1,48.30941376793968,42.98136645962734,35.53370786516855,164860.0,988640.0,25.0,106145.03999999996,61185.54029359205,174736.31999999995,170268.8849283763,0.0,0.0,4.2,6.258327785172861,1.8800000000000001,2.4549270186029295,1.4400000000000004,1.2274635093014648,1.4400000000000004,1.2274635093014648,0.32,0.9,0.0,0.0,0.0,0.0,1.0,0.0
