learning evaluation instances,evaluation time (cpu seconds),model cost (RAM-Hours),classified instances,classifications correct (percent),Kappa Statistic (percent),Kappa Temporal Statistic (percent),Kappa M Statistic (percent),model training instances,model serialized size (bytes),tree size (nodes),tree size (leaves),active learning leaves,tree depth,active leaf byte size estimate,inactive leaf byte size estimate,byte size estimate overhead
1000.0,0.0,0.0,1000.0,48.6,35.016827354628596,33.246753246753244,15.875613747954171,1000.0,4272.0,1.0,1.0,1.0,0.0,0.0,0.0,1.0
2000.0,0.0,0.0,2000.0,45.300000000000004,30.843881643159488,26.8716577540107,8.833333333333332,2000.0,4272.0,1.0,1.0,1.0,0.0,0.0,0.0,1.0
3000.0,0.0,0.0,3000.0,44.2,29.541718121415535,28.8265306122449,8.674304418985269,3000.0,4272.0,1.0,1.0,1.0,0.0,0.0,0.0,1.0
4000.0,0.0,0.0,4000.0,43.6,28.20673405559395,28.061224489795915,7.389162561576352,4000.0,4272.0,1.0,1.0,1.0,0.0,0.0,0.0,1.0
5000.0,0.0,0.0,5000.0,46.400000000000006,32.592945650547236,31.979695431472084,12.418300653594773,5000.0,4272.0,1.0,1.0,1.0,0.0,0.0,0.0,1.0
6000.0,0.0,0.0,6000.0,45.7,32.49576699975385,31.525851197982348,14.353312302839122,6000.0,4272.0,1.0,1.0,1.0,0.0,0.0,0.0,1.0
7000.0,0.0,0.0,7000.0,46.9,32.187372292603186,30.859374999999993,13.798701298701294,7000.0,4272.0,1.0,1.0,1.0,0.0,0.0,0.0,1.0
8000.0,0.0,0.0,8000.0,46.1,31.75876279523197,31.3375796178344,12.783171521035602,8000.0,4272.0,1.0,1.0,1.0,0.0,0.0,0.0,1.0
9000.0,0.0,0.0,9000.0,45.300000000000004,30.938703364686575,29.510309278350515,10.766721044045678,9000.0,4272.0,1.0,1.0,1.0,0.0,0.0,0.0,1.0
10000.0,0.0,0.0,10000.0,44.800000000000004,31.785827269851314,30.390920554854983,13.343799058084777,10000.0,4272.0,1.0,1.0,1.0,0.0,0.0,0.0,1.0
11000.0,0.0,0.0,11000.0,46.5,31.831329046989236,33.78712871287129,13.008130081300814,11000.0,4272.0,1.0,1.0,1.0,0.0,0.0,0.0,1.0
12000.0,0.0,0.0,12000.0,49.4,36.147391002586915,32.44325767690254,15.666666666666663,12000.0,4272.0,1.0,1.0,1.0,0.0,0.0,0.0,1.0
13000.0,0.0,0.0,13000.0,45.1,28.965234369440303,27.091633466135463,5.831903945111498,13000.0,4272.0,1.0,1.0,1.0,0.0,0.0,0.0,1.0
14000.0,0.0,0.0,14000.0,44.4,28.809674713990308,26.745718050065875,7.487520798668883,14000.0,4272.0,1.0,1.0,1.0,0.0,0.0,0.0,1.0
15000.0,0.0,0.0,15000.0,47.9,32.29431311216142,33.4610472541507,12.583892617449658,15000.0,4272.0,1.0,1.0,1.0,0.0,0.0,0.0,1.0
16000.0,0.0,0.0,16000.0,45.0,31.26477807271437,29.214929214929214,13.24921135646688,16000.0,4272.0,1.0,1.0,1.0,0.0,0.0,0.0,1.0
17000.0,0.0,0.0,17000.0,44.800000000000004,30.356669736692698,29.13992297817715,11.680000000000001,17000.0,4272.0,1.0,1.0,1.0,0.0,0.0,0.0,1.0
18000.0,0.0,0.0,18000.0,45.2,30.38803588827026,31.242158092848182,12.599681020733655,18000.0,4272.0,1.0,1.0,1.0,0.0,0.0,0.0,1.0
19000.0,0.0,0.0,19000.0,47.0,31.88851306198402,29.14438502673796,10.774410774410766,19000.0,4272.0,1.0,1.0,1.0,0.0,0.0,0.0,1.0
20000.0,0.0,0.0,20000.0,46.0,32.16813258869017,30.680359435173298,12.05211726384365,20000.0,4272.0,1.0,1.0,1.0,0.0,0.0,0.0,1.0
21000.0,0.0,0.0,21000.0,45.4,31.592663125187944,31.407035175879393,14.420062695924768,21000.0,4272.0,1.0,1.0,1.0,0.0,0.0,0.0,1.0
22000.0,0.0,0.0,22000.0,46.5,32.418349365553574,31.93384223918575,12.724306688417622,22000.0,4272.0,1.0,1.0,1.0,0.0,0.0,0.0,1.0
23000.0,0.0,0.0,23000.0,46.5,32.336551668315046,32.957393483709275,14.673046251993624,23000.0,4272.0,1.0,1.0,1.0,0.0,0.0,0.0,1.0
24000.0,0.0,0.0,24000.0,45.9,32.34827756964001,30.818414322250643,14.937106918239,24000.0,4272.0,1.0,1.0,1.0,0.0,0.0,0.0,1.0
25000.0,0.0,0.0,25000.0,45.0,29.45018605910022,29.936305732484076,9.539473684210526,25000.0,4272.0,1.0,1.0,1.0,0.0,0.0,0.0,1.0
26000.0,0.015625,1.7268272737662E-11,26000.0,49.3,34.44081376148094,35.41401273885351,16.059602649006617,26000.0,4272.0,1.0,1.0,1.0,0.0,0.0,0.0,1.0
27000.0,0.015625,1.7268272737662E-11,27000.0,46.9,31.955790485343577,31.92307692307692,12.66447368421052,27000.0,4272.0,1.0,1.0,1.0,0.0,0.0,0.0,1.0
28000.0,0.015625,1.7268272737662E-11,28000.0,42.4,28.798348517250332,27.364438839848678,10.697674418604652,28000.0,4272.0,1.0,1.0,1.0,0.0,0.0,0.0,1.0
29000.0,0.015625,1.7268272737662E-11,29000.0,40.699999999999996,26.785784836632292,24.26564495530012,7.632398753894079,29000.0,4272.0,1.0,1.0,1.0,0.0,0.0,0.0,1.0
30000.0,0.03125,3.4536545475324E-11,30000.0,43.9,30.380092429424522,31.334149326805388,15.0,30000.0,4272.0,1.0,1.0,1.0,0.0,0.0,0.0,1.0
31000.0,0.03125,3.4536545475324E-11,31000.0,40.2,26.327823935818966,25.89838909541512,9.803921568627452,31000.0,4272.0,1.0,1.0,1.0,0.0,0.0,0.0,1.0
32000.0,0.03125,3.4536545475324E-11,32000.0,42.3,31.260424112461276,27.965043695380775,17.806267806267808,32000.0,4272.0,1.0,1.0,1.0,0.0,0.0,0.0,1.0
33000.0,0.046875,5.1804818212986E-11,33000.0,41.8,29.922493314340965,29.71014492753623,17.563739376770542,33000.0,4272.0,1.0,1.0,1.0,0.0,0.0,0.0,1.0
34000.0,0.046875,5.1804818212986E-11,34000.0,44.1,31.526146232713103,29.419191919191917,16.567164179104477,34000.0,4272.0,1.0,1.0,1.0,0.0,0.0,0.0,1.0
35000.0,0.046875,5.1804818212986E-11,35000.0,45.4,31.960921144452204,32.25806451612903,16.000000000000007,35000.0,4272.0,1.0,1.0,1.0,0.0,0.0,0.0,1.0
36000.0,0.0625,6.9073090950648E-11,36000.0,44.4,31.612325525330505,31.695331695331696,16.516516516516518,36000.0,4272.0,1.0,1.0,1.0,0.0,0.0,0.0,1.0
37000.0,0.0625,6.9073090950648E-11,37000.0,42.8,31.157907152236103,31.25,16.4963503649635,37000.0,4272.0,1.0,1.0,1.0,0.0,0.0,0.0,1.0
38000.0,0.0625,6.9073090950648E-11,38000.0,42.3,28.068854437291495,29.54822954822955,11.773700305810399,38000.0,4272.0,1.0,1.0,1.0,0.0,0.0,0.0,1.0
39000.0,0.078125,8.634136368830999E-11,39000.0,43.6,29.86034249045528,30.024813895781634,14.545454545454541,39000.0,4272.0,1.0,1.0,1.0,0.0,0.0,0.0,1.0
40000.0,0.078125,8.634136368830999E-11,40000.0,44.3,29.144415638603444,30.635118306351185,11.446740858505567,40000.0,4272.0,1.0,1.0,1.0,0.0,0.0,0.0,1.0
41000.0,0.078125,8.634136368830999E-11,41000.0,42.699999999999996,28.677940447947343,28.908188585607935,13.834586466165408,41000.0,4272.0,1.0,1.0,1.0,0.0,0.0,0.0,1.0
42000.0,0.09375,1.0360963642597199E-10,42000.0,44.1,30.859017950681082,29.59697732997481,15.045592705167172,42000.0,4272.0,1.0,1.0,1.0,0.0,0.0,0.0,1.0
43000.0,0.09375,1.0360963642597199E-10,43000.0,45.6,33.50990690164722,33.65853658536586,20.351390922401173,43000.0,4272.0,1.0,1.0,1.0,0.0,0.0,0.0,1.0
44000.0,0.09375,1.0360963642597199E-10,44000.0,45.0,32.28719095258379,32.34932349323494,16.79273827534039,44000.0,4272.0,1.0,1.0,1.0,0.0,0.0,0.0,1.0
45000.0,0.09375,1.0360963642597199E-10,45000.0,43.2,29.035216273924064,29.265255292652554,12.210200927357034,45000.0,4272.0,1.0,1.0,1.0,0.0,0.0,0.0,1.0
46000.0,0.109375,1.2087790916363398E-10,46000.0,43.8,32.35362443743372,30.702836004932184,20.056899004267425,46000.0,4272.0,1.0,1.0,1.0,0.0,0.0,0.0,1.0
47000.0,0.109375,1.2087790916363398E-10,47000.0,43.5,28.533391349884074,28.930817610062892,13.8719512195122,47000.0,4272.0,1.0,1.0,1.0,0.0,0.0,0.0,1.0
48000.0,0.109375,1.2087790916363398E-10,48000.0,47.4,33.9182697139641,34.332084893882644,17.812499999999996,48000.0,4272.0,1.0,1.0,1.0,0.0,0.0,0.0,1.0
49000.0,0.109375,1.2087790916363398E-10,49000.0,45.9,31.820358617352163,31.7780580075662,14.533965244865724,49000.0,8640.0,3.0,2.0,2.0,1.0,0.0,0.0,1.0
50000.0,0.125,1.7145389897955788E-10,50000.0,46.5,37.848657414829425,33.62282878411911,22.12518195050946,50000.0,12512.0,5.0,3.0,3.0,2.0,0.0,0.0,1.0
51000.0,0.125,1.7145389897955788E-10,51000.0,49.9,41.97587771618908,37.7639751552795,23.041474654377883,51000.0,12792.0,5.0,3.0,3.0,2.0,0.0,0.0,1.0
52000.0,0.140625,2.2316170442435475E-10,52000.0,53.800000000000004,46.60996382882831,41.74022698612863,30.000000000000004,52000.0,12792.0,5.0,3.0,3.0,2.0,0.0,0.0,1.0
53000.0,0.140625,2.2316170442435475E-10,53000.0,51.9,45.42679986611981,41.6969696969697,29.575402635431917,53000.0,12912.0,5.0,3.0,3.0,2.0,0.0,0.0,1.0
54000.0,0.15625,2.753545737100972E-10,54000.0,53.300000000000004,46.42117545286727,42.059553349875934,29.24242424242425,54000.0,12912.0,5.0,3.0,3.0,2.0,0.0,0.0,1.0
55000.0,0.15625,2.753545737100972E-10,55000.0,56.2,49.75116501579742,44.76670870113494,35.014836795252236,55000.0,12912.0,5.0,3.0,3.0,2.0,0.0,0.0,1.0
56000.0,0.15625,2.753545737100972E-10,56000.0,52.2,45.23686773214184,41.060419235511716,29.809104258443465,56000.0,12912.0,5.0,3.0,3.0,2.0,0.0,0.0,1.0
57000.0,0.15625,2.753545737100972E-10,57000.0,52.6,45.253514343232744,40.6015037593985,29.359165424739192,57000.0,12912.0,5.0,3.0,3.0,2.0,0.0,0.0,1.0
58000.0,0.1875,3.7974031228158205E-10,58000.0,54.2,46.65604446416695,43.38689740420273,28.549141965678636,58000.0,12912.0,5.0,3.0,3.0,2.0,0.0,0.0,1.0
59000.0,0.1875,3.7974031228158205E-10,59000.0,51.4,43.27797294616076,39.55223880597015,26.363636363636367,59000.0,12912.0,5.0,3.0,3.0,2.0,0.0,0.0,1.0
60000.0,0.1875,3.7974031228158205E-10,60000.0,49.6,42.434079025217066,36.283185840707965,25.443786982248522,60000.0,12912.0,5.0,3.0,3.0,2.0,0.0,0.0,1.0
61000.0,0.203125,4.3241824540827007E-10,61000.0,48.9,41.448435091980954,35.964912280701746,24.29629629629629,61000.0,13032.0,5.0,3.0,3.0,2.0,0.0,0.0,1.0
62000.0,0.203125,4.3241824540827007E-10,62000.0,49.1,40.9629876207852,35.324015247776366,24.029850746268654,62000.0,13032.0,5.0,3.0,3.0,2.0,0.0,0.0,1.0
63000.0,0.203125,4.3241824540827007E-10,63000.0,49.4,42.279942279942276,35.12820512820513,27.19424460431654,63000.0,13032.0,5.0,3.0,3.0,2.0,0.0,0.0,1.0
64000.0,0.21875,4.85096178534958E-10,64000.0,50.2,43.45882144568301,38.36633663366336,28.448275862068968,64000.0,13032.0,5.0,3.0,3.0,2.0,0.0,0.0,1.0
65000.0,0.21875,4.85096178534958E-10,65000.0,49.7,42.4199201892015,39.39759036144578,27.417027417027416,65000.0,13032.0,5.0,3.0,3.0,2.0,0.0,0.0,1.0
66000.0,0.21875,4.85096178534958E-10,66000.0,51.800000000000004,44.661118235768896,39.064475347661194,29.428989751098094,66000.0,13032.0,5.0,3.0,3.0,2.0,0.0,0.0,1.0
67000.0,0.21875,4.85096178534958E-10,67000.0,51.6,43.699653938988575,40.61349693251534,28.82352941176471,67000.0,13032.0,5.0,3.0,3.0,2.0,0.0,0.0,1.0
68000.0,0.234375,5.37774111661646E-10,68000.0,50.8,43.69330705687663,37.642585551330804,27.75330396475771,68000.0,13032.0,5.0,3.0,3.0,2.0,0.0,0.0,1.0
69000.0,0.234375,5.37774111661646E-10,69000.0,53.0,45.59057952978684,41.028858218318696,30.163447251114412,69000.0,13032.0,5.0,3.0,3.0,2.0,0.0,0.0,1.0
70000.0,0.234375,5.37774111661646E-10,70000.0,52.0,45.049598461388754,40.2241594022416,31.133428981348636,70000.0,13032.0,5.0,3.0,3.0,2.0,0.0,0.0,1.0
71000.0,0.25,5.90452044788334E-10,71000.0,53.5,46.58070564015845,44.24460431654676,32.412790697674424,71000.0,13032.0,5.0,3.0,3.0,2.0,0.0,0.0,1.0
72000.0,0.25,5.90452044788334E-10,72000.0,50.3,41.85910484078519,39.16768665850673,24.582701062215474,72000.0,13032.0,5.0,3.0,3.0,2.0,0.0,0.0,1.0
73000.0,0.25,5.90452044788334E-10,73000.0,49.0,41.66508437973971,37.34643734643734,25.979680696661827,73000.0,13032.0,5.0,3.0,3.0,2.0,0.0,0.0,1.0
74000.0,0.25,5.90452044788334E-10,74000.0,50.3,42.39918408502205,38.26086956521739,26.151560178306088,74000.0,13032.0,5.0,3.0,3.0,2.0,0.0,0.0,1.0
75000.0,0.25,5.90452044788334E-10,75000.0,48.699999999999996,41.474767410686276,35.95505617977528,26.398852223816355,75000.0,13032.0,5.0,3.0,3.0,2.0,0.0,0.0,1.0
76000.0,0.25,5.90452044788334E-10,76000.0,48.1,40.66611715183643,36.39705882352941,25.0,76000.0,13152.0,5.0,3.0,3.0,2.0,0.0,0.0,1.0
77000.0,0.25,5.90452044788334E-10,77000.0,50.2,43.46440584836881,38.21339950372209,29.56152758132956,77000.0,13152.0,5.0,3.0,3.0,2.0,0.0,0.0,1.0
78000.0,0.25,5.90452044788334E-10,78000.0,50.9,43.11994624776998,37.69035532994924,27.581120943952804,78000.0,13152.0,5.0,3.0,3.0,2.0,0.0,0.0,1.0
79000.0,0.25,5.90452044788334E-10,79000.0,50.0,43.382873319179055,39.02439024390244,29.078014184397162,79000.0,13152.0,5.0,3.0,3.0,2.0,0.0,0.0,1.0
80000.0,0.25,5.90452044788334E-10,80000.0,53.2,45.73371953609288,43.341404358353515,30.973451327433633,80000.0,13152.0,5.0,3.0,3.0,2.0,0.0,0.0,1.0
81000.0,0.25,5.90452044788334E-10,81000.0,50.1,42.66153876206377,38.24257425742574,29.01849217638691,81000.0,13152.0,5.0,3.0,3.0,2.0,0.0,0.0,1.0
82000.0,0.25,5.90452044788334E-10,82000.0,49.1,42.13298499436678,37.62254901960784,27.285714285714285,82000.0,13152.0,5.0,3.0,3.0,2.0,0.0,0.0,1.0
83000.0,0.25,5.90452044788334E-10,83000.0,52.5,45.477690044685346,40.02525252525253,29.210134128166914,83000.0,13152.0,5.0,3.0,3.0,2.0,0.0,0.0,1.0
84000.0,0.25,5.90452044788334E-10,84000.0,53.300000000000004,45.15425512549341,42.62899262899263,29.02735562310031,84000.0,13152.0,5.0,3.0,3.0,2.0,0.0,0.0,1.0
85000.0,0.25,5.90452044788334E-10,85000.0,55.50000000000001,47.831917956605544,45.06172839506173,32.98192771084339,85000.0,13152.0,5.0,3.0,3.0,2.0,0.0,0.0,1.0
86000.0,0.25,5.90452044788334E-10,86000.0,48.5,40.694234443176434,37.27161997563947,25.470332850940665,86000.0,13152.0,5.0,3.0,3.0,2.0,0.0,0.0,1.0
87000.0,0.25,5.90452044788334E-10,87000.0,49.0,41.20319024572455,36.64596273291926,25.872093023255815,87000.0,13152.0,5.0,3.0,3.0,2.0,0.0,0.0,1.0
88000.0,0.25,5.90452044788334E-10,88000.0,48.8,40.655157785417394,37.63702801461633,24.483775811209437,88000.0,13152.0,5.0,3.0,3.0,2.0,0.0,0.0,1.0
89000.0,0.25,5.90452044788334E-10,89000.0,46.300000000000004,39.23909698209534,34.271725826193396,24.152542372881364,89000.0,13152.0,5.0,3.0,3.0,2.0,0.0,0.0,1.0
90000.0,0.25,5.90452044788334E-10,90000.0,47.699999999999996,39.8731703279269,33.29081632653062,18.662519440124413,90000.0,13272.0,5.0,3.0,3.0,2.0,0.0,0.0,1.0
91000.0,0.3125,8.050442880226504E-10,91000.0,47.5,39.93382423607265,33.460076045627375,17.452830188679243,91000.0,13272.0,5.0,3.0,3.0,2.0,0.0,0.0,1.0
92000.0,0.3125,8.050442880226504E-10,92000.0,46.400000000000006,38.89864813258994,31.370038412291933,15.723270440251577,92000.0,13272.0,5.0,3.0,3.0,2.0,0.0,0.0,1.0
93000.0,0.3125,8.050442880226504E-10,93000.0,49.9,43.023571864789595,36.50190114068441,20.977917981072554,93000.0,13272.0,5.0,3.0,3.0,2.0,0.0,0.0,1.0
94000.0,0.3125,8.050442880226504E-10,94000.0,49.8,42.788632488762865,37.56218905472636,20.695102685624015,94000.0,13272.0,5.0,3.0,3.0,2.0,0.0,0.0,1.0
95000.0,0.3125,8.050442880226504E-10,95000.0,45.5,37.57952883424903,29.677419354838708,13.902053712480257,95000.0,13272.0,5.0,3.0,3.0,2.0,0.0,0.0,1.0
96000.0,0.328125,8.586923488312296E-10,96000.0,47.699999999999996,40.75829383886255,33.629441624365484,19.90811638591118,96000.0,13272.0,5.0,3.0,3.0,2.0,0.0,0.0,1.0
97000.0,0.328125,8.586923488312296E-10,97000.0,48.199999999999996,41.019743583904535,35.97033374536465,20.307692307692307,97000.0,13272.0,5.0,3.0,3.0,2.0,0.0,0.0,1.0
98000.0,0.328125,8.586923488312296E-10,98000.0,49.1,41.62234820376897,32.2237017310253,18.690095846645367,98000.0,13272.0,5.0,3.0,3.0,2.0,0.0,0.0,1.0
99000.0,0.328125,8.586923488312296E-10,99000.0,47.599999999999994,40.12222379661667,33.921815889029006,17.739403453689164,99000.0,13272.0,5.0,3.0,3.0,2.0,0.0,0.0,1.0
100000.0,0.34375,9.123404096398087E-10,100000.0,49.0,41.84972600959137,34.27835051546392,20.80745341614907,100000.0,13272.0,5.0,3.0,3.0,2.0,0.0,0.0,1.0
101000.0,0.34375,9.123404096398087E-10,101000.0,49.0,41.9576655145453,36.329588014981276,21.658986175115206,101000.0,13272.0,5.0,3.0,3.0,2.0,0.0,0.0,1.0
102000.0,0.34375,9.123404096398087E-10,102000.0,49.7,41.85253432781298,33.90275952693824,20.03179650238474,102000.0,13272.0,5.0,3.0,3.0,2.0,0.0,0.0,1.0
103000.0,0.34375,9.123404096398087E-10,103000.0,46.1,38.79027321796227,31.944444444444443,18.94736842105263,103000.0,13272.0,5.0,3.0,3.0,2.0,0.0,0.0,1.0
104000.0,0.34375,9.123404096398087E-10,104000.0,50.4,42.199765070012866,36.24678663239075,21.518987341772153,104000.0,13272.0,5.0,3.0,3.0,2.0,0.0,0.0,1.0
105000.0,0.359375,9.659884704483878E-10,105000.0,52.2,45.355815947413554,38.639281129653405,25.776397515527954,105000.0,13272.0,5.0,3.0,3.0,2.0,0.0,0.0,1.0
106000.0,0.359375,9.659884704483878E-10,106000.0,48.6,40.00233453951208,34.85424588086185,16.013071895424833,106000.0,13272.0,5.0,3.0,3.0,2.0,0.0,0.0,1.0
107000.0,0.359375,9.659884704483878E-10,107000.0,48.0,40.17349685910858,33.24775353016688,19.12908242612753,107000.0,13272.0,5.0,3.0,3.0,2.0,0.0,0.0,1.0
108000.0,0.359375,9.659884704483878E-10,108000.0,47.8,41.05165207826805,33.840304182509506,20.547945205479444,108000.0,13272.0,5.0,3.0,3.0,2.0,0.0,0.0,1.0
109000.0,0.375,1.019636531256967E-9,109000.0,49.2,41.078358823515764,35.61470215462611,20.251177394034535,109000.0,13272.0,5.0,3.0,3.0,2.0,0.0,0.0,1.0
110000.0,0.375,1.019636531256967E-9,110000.0,50.9,43.59090423435853,37.61118170266837,23.040752351097183,110000.0,13392.0,5.0,3.0,3.0,2.0,0.0,0.0,1.0
111000.0,0.375,1.019636531256967E-9,111000.0,52.900000000000006,45.20579818050676,39.30412371134021,26.74961119751167,111000.0,13392.0,5.0,3.0,3.0,2.0,0.0,0.0,1.0
112000.0,0.375,1.019636531256967E-9,112000.0,48.0,40.70438627899499,33.07593307593308,19.876733436055467,112000.0,13392.0,5.0,3.0,3.0,2.0,0.0,0.0,1.0
113000.0,0.375,1.019636531256967E-9,113000.0,49.7,40.8338312858467,36.248415716096325,20.411392405063292,113000.0,13392.0,5.0,3.0,3.0,2.0,0.0,0.0,1.0
114000.0,0.390625,1.0737696559064916E-9,114000.0,48.3,41.080271007960434,36.79706601466992,22.255639097744353,114000.0,13392.0,5.0,3.0,3.0,2.0,0.0,0.0,1.0
115000.0,0.390625,1.0737696559064916E-9,115000.0,49.9,41.96458565494297,37.06030150753769,22.083981337480562,115000.0,13392.0,5.0,3.0,3.0,2.0,0.0,0.0,1.0
116000.0,0.390625,1.0737696559064916E-9,116000.0,49.5,40.95487081393418,38.489646772228994,21.58385093167702,116000.0,13392.0,5.0,3.0,3.0,2.0,0.0,0.0,1.0
117000.0,0.390625,1.0737696559064916E-9,117000.0,50.0,43.1448623423407,36.30573248407644,24.35703479576399,117000.0,13392.0,5.0,3.0,3.0,2.0,0.0,0.0,1.0
118000.0,0.40625,1.1279027805560163E-9,118000.0,49.4,40.03090897023826,33.942558746736296,19.554848966613672,118000.0,13392.0,5.0,3.0,3.0,2.0,0.0,0.0,1.0
119000.0,0.40625,1.1279027805560163E-9,119000.0,50.2,41.25321750701304,37.20050441361917,19.67741935483871,119000.0,17424.0,7.0,4.0,4.0,3.0,0.0,0.0,1.0
120000.0,0.40625,1.1279027805560163E-9,120000.0,50.6,42.93015529005113,36.17571059431525,22.44897959183674,120000.0,17784.0,7.0,4.0,4.0,3.0,0.0,0.0,1.0
121000.0,0.40625,1.1279027805560163E-9,121000.0,51.4,43.42785305210225,36.3040629095675,23.82445141065831,121000.0,17784.0,7.0,4.0,4.0,3.0,0.0,0.0,1.0
122000.0,0.40625,1.1279027805560163E-9,122000.0,47.9,39.95129254554654,36.3080684596577,25.994318181818183,122000.0,17904.0,7.0,4.0,4.0,3.0,0.0,0.0,1.0
123000.0,0.4375,1.272645830694172E-9,123000.0,44.4,35.947209441104846,32.27771010962242,23.939808481532147,123000.0,17904.0,7.0,4.0,4.0,3.0,0.0,0.0,1.0
124000.0,0.4375,1.272645830694172E-9,124000.0,45.300000000000004,36.77002321129679,30.22959183673469,22.521246458923518,124000.0,17904.0,7.0,4.0,4.0,3.0,0.0,0.0,1.0
125000.0,0.4375,1.272645830694172E-9,125000.0,47.4,40.21259763760195,36.77884615384615,28.53260869565217,125000.0,17904.0,7.0,4.0,4.0,3.0,0.0,0.0,1.0
126000.0,0.4375,1.272645830694172E-9,126000.0,45.0,38.12006507518974,31.846344485749693,25.775978407557353,126000.0,17904.0,7.0,4.0,4.0,3.0,0.0,0.0,1.0
127000.0,0.453125,1.3450173557632498E-9,127000.0,48.199999999999996,41.16965626270588,36.51960784313725,29.041095890410958,127000.0,17904.0,7.0,4.0,4.0,3.0,0.0,0.0,1.0
128000.0,0.453125,1.3450173557632498E-9,128000.0,42.5,35.097697717809304,29.447852760736197,22.50673854447439,128000.0,17904.0,7.0,4.0,4.0,3.0,0.0,0.0,1.0
129000.0,0.453125,1.3450173557632498E-9,129000.0,47.8,40.13383871689154,34.668335419274094,25.957446808510635,129000.0,17904.0,7.0,4.0,4.0,3.0,0.0,0.0,1.0
130000.0,0.453125,1.3450173557632498E-9,130000.0,48.0,42.00842662170089,36.662606577344704,29.539295392953925,130000.0,17904.0,7.0,4.0,4.0,3.0,0.0,0.0,1.0
131000.0,0.453125,1.3450173557632498E-9,131000.0,48.9,41.90521341023219,38.433734939759034,28.129395218002813,131000.0,17904.0,7.0,4.0,4.0,3.0,0.0,0.0,1.0
132000.0,0.46875,1.4275752214921844E-9,132000.0,49.8,43.159944745125564,39.59085439229843,31.232876712328768,132000.0,20424.0,9.0,5.0,5.0,4.0,0.0,0.0,1.0
133000.0,0.46875,1.4275752214921844E-9,133000.0,51.9,44.62480716538878,40.17412935323383,30.691642651296835,133000.0,21000.0,9.0,5.0,5.0,4.0,0.0,0.0,1.0
134000.0,0.46875,1.4275752214921844E-9,134000.0,46.0,38.21192166644736,32.66832917705735,23.62093352192362,134000.0,21120.0,9.0,5.0,5.0,4.0,0.0,0.0,1.0
135000.0,0.484375,1.5134315213395489E-9,135000.0,51.4,44.38111979345483,40.073982737361284,30.769230769230777,135000.0,21240.0,9.0,5.0,5.0,4.0,0.0,0.0,1.0
136000.0,0.484375,1.5134315213395489E-9,136000.0,46.5,39.06147842548529,34.99392466585663,25.79750346740638,136000.0,21240.0,9.0,5.0,5.0,4.0,0.0,0.0,1.0
137000.0,0.484375,1.5134315213395489E-9,137000.0,48.199999999999996,41.01141508832345,36.90621193666261,28.254847645429358,137000.0,21360.0,9.0,5.0,5.0,4.0,0.0,0.0,1.0
138000.0,0.484375,1.5134315213395489E-9,138000.0,49.4,41.80951701899126,37.220843672456574,27.507163323782237,138000.0,21696.0,9.0,5.0,5.0,4.0,0.0,0.0,1.0
139000.0,0.5,1.6179142726792227E-9,139000.0,50.1,43.90377980603523,38.997555012224936,30.79056865464632,139000.0,25848.0,11.0,6.0,6.0,4.0,0.0,0.0,1.0
140000.0,0.5,1.6179142726792227E-9,140000.0,49.4,42.76775585131832,36.27204030226701,29.624478442280942,140000.0,26208.0,11.0,6.0,6.0,4.0,0.0,0.0,1.0
141000.0,0.5,1.6179142726792227E-9,141000.0,47.199999999999996,41.1048200350694,36.0,28.163265306122444,141000.0,26208.0,11.0,6.0,6.0,4.0,0.0,0.0,1.0
142000.0,0.5,1.6179142726792227E-9,142000.0,48.4,42.54447792304968,35.900621118012424,28.827586206896548,142000.0,26496.0,11.0,6.0,6.0,4.0,0.0,0.0,1.0
143000.0,0.5,1.6179142726792227E-9,143000.0,49.2,42.23123879877367,39.523809523809526,29.247910863509752,143000.0,26496.0,11.0,6.0,6.0,4.0,0.0,0.0,1.0
144000.0,0.5,1.6179142726792227E-9,144000.0,48.8,42.63896606736336,38.313253012048186,29.08587257617728,144000.0,26496.0,11.0,6.0,6.0,4.0,0.0,0.0,1.0
145000.0,0.5,1.6179142726792227E-9,145000.0,50.1,42.939996661017844,37.15365239294711,28.30459770114943,145000.0,26496.0,11.0,6.0,6.0,4.0,0.0,0.0,1.0
146000.0,0.5,1.6179142726792227E-9,146000.0,52.6,46.026453869698294,41.2639405204461,32.670454545454554,146000.0,26496.0,11.0,6.0,6.0,4.0,0.0,0.0,1.0
147000.0,0.5,1.6179142726792227E-9,147000.0,51.0,44.35258204019333,38.519447929736515,30.199430199430203,147000.0,26496.0,11.0,6.0,6.0,4.0,0.0,0.0,1.0
148000.0,0.5,1.6179142726792227E-9,148000.0,50.9,43.91340503888366,40.48484848484849,29.454022988505752,148000.0,26496.0,11.0,6.0,6.0,4.0,0.0,0.0,1.0
149000.0,0.5,1.6179142726792227E-9,149000.0,49.3,42.605571221731545,37.9436964504284,29.288702928870293,149000.0,26496.0,11.0,6.0,6.0,4.0,0.0,0.0,1.0
150000.0,0.5,1.6179142726792227E-9,150000.0,52.0,46.5462174767142,41.248470012239906,35.309973045822105,150000.0,26664.0,11.0,6.0,6.0,4.0,0.0,0.0,1.0
151000.0,0.5,1.6179142726792227E-9,151000.0,50.4,44.75568871612666,39.43833943833944,32.972972972972975,151000.0,26664.0,11.0,6.0,6.0,4.0,0.0,0.0,1.0
152000.0,0.5,1.6179142726792227E-9,152000.0,49.3,43.28979585445052,38.32116788321168,30.832196452933147,152000.0,30072.0,13.0,7.0,7.0,4.0,0.0,0.0,1.0
153000.0,0.5,1.6179142726792227E-9,153000.0,51.2,45.252198887093876,39.603960396039604,32.40997229916898,153000.0,30312.0,13.0,7.0,7.0,4.0,0.0,0.0,1.0
154000.0,0.5,1.6179142726792227E-9,154000.0,48.8,42.224905353787825,36.63366336633663,27.785613540197456,154000.0,30552.0,13.0,7.0,7.0,4.0,0.0,0.0,1.0
155000.0,0.5,1.6179142726792227E-9,155000.0,48.699999999999996,42.159383033419026,35.87499999999999,27.74647887323944,155000.0,30672.0,13.0,7.0,7.0,4.0,0.0,0.0,1.0
156000.0,0.546875,1.99306264726652E-9,156000.0,49.5,43.499221855619815,38.93591293833132,30.344827586206897,156000.0,30936.0,13.0,7.0,7.0,4.0,0.0,0.0,1.0
157000.0,0.546875,1.99306264726652E-9,157000.0,50.2,43.07022938810785,39.70944309927361,29.160739687055475,157000.0,30936.0,13.0,7.0,7.0,4.0,0.0,0.0,1.0
158000.0,0.546875,1.99306264726652E-9,158000.0,51.2,44.264305970686216,39.97539975399754,29.58152958152958,158000.0,30936.0,13.0,7.0,7.0,4.0,0.0,0.0,1.0
159000.0,0.546875,1.99306264726652E-9,159000.0,50.4,43.881880409571764,39.95157384987893,31.961591220850476,159000.0,30936.0,13.0,7.0,7.0,4.0,0.0,0.0,1.0
160000.0,0.5625,2.118112105462286E-9,160000.0,49.0,42.22704544579198,36.24999999999999,29.36288088642659,160000.0,30936.0,13.0,7.0,7.0,4.0,0.0,0.0,1.0
161000.0,0.5625,2.118112105462286E-9,161000.0,49.8,43.8280826018116,38.10110974106043,30.853994490358122,161000.0,30936.0,13.0,7.0,7.0,4.0,0.0,0.0,1.0
162000.0,0.5625,2.118112105462286E-9,162000.0,48.5,42.00679027290591,36.732186732186726,28.172942817294285,162000.0,30936.0,13.0,7.0,7.0,4.0,0.0,0.0,1.0
163000.0,0.5625,2.118112105462286E-9,163000.0,48.1,42.00313786491089,37.24304715840387,28.41379310344827,163000.0,31056.0,13.0,7.0,7.0,4.0,0.0,0.0,1.0
164000.0,0.5625,2.118112105462286E-9,164000.0,48.0,41.775902165600534,36.816524908869994,28.66941015089163,164000.0,31056.0,13.0,7.0,7.0,4.0,0.0,0.0,1.0
164860.0,0.578125,2.244131691339943E-9,164860.0,51.0,44.67827594927562,39.130434782608695,31.17977528089888,164860.0,31176.0,13.0,7.0,7.0,4.0,0.0,0.0,1.0
