learning evaluation instances,evaluation time (cpu seconds),model cost (RAM-Hours),classified instances,classifications correct (percent),Kappa Statistic (percent),Kappa Temporal Statistic (percent),Kappa M Statistic (percent),model training instances,model serialized size (bytes),tree size (nodes),tree size (leaves),active learning leaves,tree depth,active leaf byte size estimate,inactive leaf byte size estimate,byte size estimate overhead,splits
1000.0,0.0,0.0,1000.0,48.6,35.016827354628596,33.246753246753244,15.875613747954171,1000.0,4320.0,1.0,1.0,1.0,0.0,0.0,0.0,1.0,0.0
2000.0,0.0,0.0,2000.0,45.300000000000004,30.843881643159488,26.8716577540107,8.833333333333332,2000.0,4320.0,1.0,1.0,1.0,0.0,0.0,0.0,1.0,0.0
3000.0,0.015625,1.746229827404022E-11,3000.0,44.2,29.541718121415535,28.8265306122449,8.674304418985269,3000.0,4320.0,1.0,1.0,1.0,0.0,0.0,0.0,1.0,0.0
4000.0,0.03125,2.2118911147117615E-11,4000.0,43.6,28.20673405559395,28.061224489795915,7.389162561576352,4000.0,1152.0,3.0,2.0,2.0,1.0,0.0,0.0,1.0,1.0
5000.0,0.03125,2.2118911147117615E-11,5000.0,52.2,40.17349685910858,39.340101522842644,21.89542483660131,5000.0,12392.0,5.0,3.0,3.0,2.0,0.0,0.0,1.0,2.0
6000.0,0.03125,2.2118911147117615E-11,6000.0,54.7,45.243166274625466,42.875157629256,28.548895899053633,6000.0,12896.0,5.0,3.0,3.0,2.0,0.0,0.0,1.0,2.0
7000.0,0.03125,2.2118911147117615E-11,7000.0,53.0,42.76333736019641,38.802083333333336,23.701298701298704,7000.0,13136.0,5.0,3.0,3.0,2.0,0.0,0.0,1.0,2.0
8000.0,0.03125,2.2118911147117615E-11,8000.0,53.2,42.38532155269097,40.38216560509555,24.271844660194176,8000.0,13256.0,5.0,3.0,3.0,2.0,0.0,0.0,1.0,2.0
9000.0,0.03125,2.2118911147117615E-11,9000.0,54.300000000000004,44.15107805528432,41.10824742268042,25.448613376835244,9000.0,13256.0,5.0,3.0,3.0,2.0,0.0,0.0,1.0,2.0
10000.0,0.03125,2.2118911147117615E-11,10000.0,53.400000000000006,43.660132773481095,41.23581336696092,26.844583987441133,10000.0,13256.0,5.0,3.0,3.0,2.0,0.0,0.0,1.0,2.0
11000.0,0.03125,2.2118911147117615E-11,11000.0,54.50000000000001,43.476154390846865,43.68811881188119,26.01626016260163,11000.0,13256.0,5.0,3.0,3.0,2.0,0.0,0.0,1.0,2.0
12000.0,0.03125,2.2118911147117615E-11,12000.0,57.099999999999994,46.63316207844551,42.72363150867823,28.499999999999993,12000.0,13256.0,5.0,3.0,3.0,2.0,0.0,0.0,1.0,2.0
13000.0,0.03125,2.2118911147117615E-11,13000.0,55.50000000000001,43.79716459852863,40.90305444887119,23.670668953687834,13000.0,13376.0,5.0,3.0,3.0,2.0,0.0,0.0,1.0,2.0
14000.0,0.03125,2.2118911147117615E-11,14000.0,52.300000000000004,40.53807433114683,37.15415019762846,20.632279534109816,14000.0,16336.0,7.0,4.0,4.0,2.0,0.0,0.0,1.0,3.0
15000.0,0.03125,2.2118911147117615E-11,15000.0,55.1,43.397130272324105,42.65644955300129,24.664429530201346,15000.0,16984.0,7.0,4.0,4.0,2.0,0.0,0.0,1.0,3.0
16000.0,0.046875,9.212979219026036E-11,16000.0,52.1,42.30889671485902,38.35263835263836,24.447949526813883,16000.0,17320.0,7.0,4.0,4.0,2.0,0.0,0.0,1.0,3.0
17000.0,0.046875,9.212979219026036E-11,17000.0,53.2,43.50043763015724,39.9229781771502,25.120000000000005,17000.0,24072.0,11.0,6.0,6.0,3.0,0.0,0.0,1.0,5.0
18000.0,0.046875,9.212979219026036E-11,18000.0,54.1,43.51346262474111,42.4090338770389,26.79425837320575,18000.0,24936.0,11.0,6.0,6.0,3.0,0.0,0.0,1.0,5.0
19000.0,0.046875,9.212979219026036E-11,19000.0,52.6,41.1224008148461,36.63101604278075,20.2020202020202,19000.0,25056.0,11.0,6.0,6.0,3.0,0.0,0.0,1.0,5.0
20000.0,0.046875,9.212979219026036E-11,20000.0,53.300000000000004,42.72419430602451,40.05134788189988,23.9413680781759,20000.0,25056.0,11.0,6.0,6.0,3.0,0.0,0.0,1.0,5.0
21000.0,0.046875,9.212979219026036E-11,21000.0,51.7,42.037403275666755,39.32160804020101,24.29467084639499,21000.0,25176.0,11.0,6.0,6.0,3.0,0.0,0.0,1.0,5.0
22000.0,0.046875,9.212979219026036E-11,22000.0,54.300000000000004,43.68106476061372,41.85750636132316,25.448613376835244,22000.0,25296.0,11.0,6.0,6.0,3.0,0.0,0.0,1.0,5.0
23000.0,0.046875,9.212979219026036E-11,23000.0,53.7,43.7655692248272,41.97994987468672,26.15629984051037,23000.0,25696.0,11.0,6.0,6.0,3.0,0.0,0.0,1.0,5.0
24000.0,0.046875,9.212979219026036E-11,24000.0,55.2,46.218358267366796,42.71099744245525,29.559748427672965,24000.0,25816.0,11.0,6.0,6.0,3.0,0.0,0.0,1.0,5.0
25000.0,0.046875,9.212979219026036E-11,25000.0,51.0,39.08495659492367,37.57961783439491,19.407894736842106,25000.0,25816.0,11.0,6.0,6.0,3.0,0.0,0.0,1.0,5.0
26000.0,0.046875,9.212979219026036E-11,26000.0,56.39999999999999,45.90443199033227,44.458598726114644,27.81456953642383,26000.0,25816.0,11.0,6.0,6.0,3.0,0.0,0.0,1.0,5.0
27000.0,0.046875,9.212979219026036E-11,27000.0,56.699999999999996,46.5717708928437,44.48717948717948,28.782894736842096,27000.0,25816.0,11.0,6.0,6.0,3.0,0.0,0.0,1.0,5.0
28000.0,0.046875,9.212979219026036E-11,28000.0,48.8,38.73546163786914,35.435056746532155,20.62015503875969,28000.0,25936.0,11.0,6.0,6.0,3.0,0.0,0.0,1.0,5.0
29000.0,0.046875,9.212979219026036E-11,29000.0,44.5,33.946971914966554,29.118773946360154,13.551401869158882,29000.0,25936.0,11.0,6.0,6.0,3.0,0.0,0.0,1.0,5.0
30000.0,0.046875,9.212979219026036E-11,30000.0,49.2,39.287174056979225,37.821297429620564,23.030303030303028,30000.0,26056.0,11.0,6.0,6.0,3.0,0.0,0.0,1.0,5.0
31000.0,0.046875,9.212979219026036E-11,31000.0,45.9,35.95510938535846,32.96158612143743,18.401206636500753,31000.0,26056.0,11.0,6.0,6.0,3.0,0.0,0.0,1.0,5.0
32000.0,0.046875,9.212979219026036E-11,32000.0,48.6,40.87380237816149,35.830212234706615,26.780626780626783,32000.0,26056.0,11.0,6.0,6.0,3.0,0.0,0.0,1.0,5.0
33000.0,0.046875,9.212979219026036E-11,33000.0,46.9,38.649172630367616,35.8695652173913,24.78753541076487,33000.0,30120.0,13.0,7.0,7.0,3.0,0.0,0.0,1.0,6.0
34000.0,0.046875,9.212979219026036E-11,34000.0,54.800000000000004,46.944309131565205,42.92929292929294,32.53731343283583,34000.0,30360.0,13.0,7.0,7.0,3.0,0.0,0.0,1.0,6.0
35000.0,0.0625,2.458950297700034E-10,35000.0,53.800000000000004,44.70469674954579,42.67990074441688,28.92307692307693,35000.0,38040.0,17.0,9.0,9.0,4.0,0.0,0.0,1.0,8.0
36000.0,0.0625,2.458950297700034E-10,36000.0,57.9,50.99807949717744,48.28009828009827,36.78678678678678,36000.0,38568.0,17.0,9.0,9.0,4.0,0.0,0.0,1.0,8.0
37000.0,0.0625,2.458950297700034E-10,37000.0,57.3,51.264998567624666,48.677884615384606,37.664233576642324,37000.0,39088.0,17.0,9.0,9.0,4.0,0.0,0.0,1.0,8.0
38000.0,0.0625,2.458950297700034E-10,38000.0,57.099999999999994,50.33170087874682,47.61904761904761,34.40366972477064,38000.0,39088.0,17.0,9.0,9.0,4.0,0.0,0.0,1.0,8.0
39000.0,0.0625,2.458950297700034E-10,39000.0,59.599999999999994,52.69376236812215,49.8759305210918,38.78787878787878,39000.0,39088.0,17.0,9.0,9.0,4.0,0.0,0.0,1.0,8.0
40000.0,0.0625,2.458950297700034E-10,40000.0,59.3,51.772451286620935,49.31506849315068,35.29411764705882,40000.0,39088.0,17.0,9.0,9.0,4.0,0.0,0.0,1.0,8.0
41000.0,0.09375,5.628680810332298E-10,41000.0,56.49999999999999,49.07700610256475,46.029776674937956,34.58646616541352,41000.0,39208.0,17.0,9.0,9.0,4.0,0.0,0.0,1.0,8.0
42000.0,0.09375,5.628680810332298E-10,42000.0,62.0,55.836189453449606,52.141057934508815,42.24924012158055,42000.0,39328.0,17.0,9.0,9.0,4.0,0.0,0.0,1.0,8.0
43000.0,0.109375,7.225834350619051E-10,43000.0,60.5,54.8459446514164,51.82926829268292,42.166910688140554,43000.0,39512.0,17.0,9.0,9.0,4.0,0.0,0.0,1.0,8.0
44000.0,0.109375,7.225834350619051E-10,44000.0,59.8,53.7657348890435,50.55350553505535,39.18305597579424,44000.0,39512.0,17.0,9.0,9.0,4.0,0.0,0.0,1.0,8.0
45000.0,0.109375,7.225834350619051E-10,45000.0,59.0,52.08853104604759,48.94146948941469,36.630602782071094,45000.0,39632.0,17.0,9.0,9.0,4.0,0.0,0.0,1.0,8.0
46000.0,0.125,8.827838529315259E-10,46000.0,59.099999999999994,54.11480274413674,49.56843403205918,41.820768136557604,46000.0,39632.0,17.0,9.0,9.0,4.0,0.0,0.0,1.0,8.0
47000.0,0.125,8.827838529315259E-10,47000.0,60.6,54.0673158641465,50.44025157232704,39.9390243902439,47000.0,39632.0,17.0,9.0,9.0,4.0,0.0,0.0,1.0,8.0
48000.0,0.125,8.827838529315259E-10,48000.0,61.5,55.16426184071085,51.9350811485643,39.84375,48000.0,39632.0,17.0,9.0,9.0,4.0,0.0,0.0,1.0,8.0
49000.0,0.140625,1.0429842708011468E-9,49000.0,62.4,55.879160530623494,52.58511979823456,40.60031595576619,49000.0,39632.0,17.0,9.0,9.0,4.0,0.0,0.0,1.0,8.0
50000.0,0.140625,1.0429842708011468E-9,50000.0,56.8,50.98523089700431,46.40198511166252,37.117903930131,50000.0,43504.0,19.0,10.0,10.0,5.0,0.0,0.0,1.0,9.0
51000.0,0.15625,1.2198062096205022E-9,51000.0,57.9,51.090643791183766,47.701863354037265,35.33026113671275,51000.0,43744.0,19.0,10.0,10.0,5.0,0.0,0.0,1.0,9.0
52000.0,0.15625,1.2198062096205022E-9,52000.0,61.0,55.12289422811377,50.81967213114754,40.90909090909091,52000.0,43744.0,19.0,10.0,10.0,5.0,0.0,0.0,1.0,9.0
53000.0,0.15625,1.2198062096205022E-9,53000.0,60.8,55.556664119489085,52.48484848484849,42.606149341142014,53000.0,43744.0,19.0,10.0,10.0,5.0,0.0,0.0,1.0,9.0
54000.0,0.171875,1.4098865600923696E-9,54000.0,58.099999999999994,52.08471513848546,48.014888337468975,36.51515151515151,54000.0,47024.0,21.0,11.0,11.0,6.0,0.0,0.0,1.0,10.0
55000.0,0.171875,1.4098865600923696E-9,55000.0,61.5,56.12115575736024,51.45018915510718,42.87833827893176,55000.0,47144.0,21.0,11.0,11.0,6.0,0.0,0.0,1.0,10.0
56000.0,0.171875,1.4098865600923696E-9,56000.0,57.8,52.008206369261586,47.965474722564736,38.03230543318648,56000.0,49936.0,23.0,12.0,12.0,6.0,0.0,0.0,1.0,11.0
57000.0,0.171875,1.4098865600923696E-9,57000.0,59.9,53.7595450215981,49.749373433583955,40.23845007451564,57000.0,50992.0,23.0,12.0,12.0,6.0,0.0,0.0,1.0,11.0
58000.0,0.171875,1.4098865600923696E-9,58000.0,56.49999999999999,49.75826216716291,46.22991347342398,32.13728549141965,58000.0,51352.0,23.0,12.0,12.0,6.0,0.0,0.0,1.0,11.0
59000.0,0.203125,1.8260066604448689E-9,59000.0,50.6,42.77870765595408,38.557213930348254,25.151515151515152,59000.0,51472.0,23.0,12.0,12.0,6.0,0.0,0.0,1.0,11.0
60000.0,0.203125,1.8260066604448689E-9,60000.0,49.9,42.81278893239125,36.662452591656134,25.88757396449704,60000.0,51592.0,23.0,12.0,12.0,6.0,0.0,0.0,1.0,11.0
61000.0,0.203125,1.8260066604448689E-9,61000.0,52.6,46.0158194149436,40.6015037593985,29.777777777777775,61000.0,51592.0,23.0,12.0,12.0,6.0,0.0,0.0,1.0,11.0
62000.0,0.203125,1.8260066604448689E-9,62000.0,52.5,45.38277476201264,39.64421855146125,29.104477611940304,62000.0,54744.0,25.0,13.0,13.0,6.0,0.0,0.0,1.0,12.0
63000.0,0.203125,1.8260066604448689E-9,63000.0,49.2,42.27981111409054,34.871794871794876,26.906474820143885,63000.0,55392.0,25.0,13.0,13.0,6.0,0.0,0.0,1.0,12.0
64000.0,0.203125,1.8260066604448689E-9,64000.0,50.1,43.530572706368034,38.24257425742574,28.30459770114943,64000.0,56184.0,25.0,13.0,13.0,6.0,0.0,0.0,1.0,12.0
65000.0,0.203125,1.8260066604448689E-9,65000.0,53.900000000000006,47.62714617933783,44.45783132530121,33.477633477633475,65000.0,56184.0,25.0,13.0,13.0,6.0,0.0,0.0,1.0,12.0
66000.0,0.203125,1.8260066604448689E-9,66000.0,54.0,47.32062386123794,41.84576485461442,32.65007320644217,66000.0,56304.0,25.0,13.0,13.0,6.0,0.0,0.0,1.0,12.0
67000.0,0.234375,2.299946370638079E-9,67000.0,55.50000000000001,48.82057297956274,45.39877300613498,34.558823529411775,67000.0,58624.0,27.0,14.0,14.0,6.0,0.0,0.0,1.0,13.0
68000.0,0.234375,2.299946370638079E-9,68000.0,52.0,45.10948370895219,39.16349809885932,29.515418502202646,68000.0,59176.0,27.0,14.0,14.0,6.0,0.0,0.0,1.0,13.0
69000.0,0.234375,2.299946370638079E-9,69000.0,56.599999999999994,49.96852859056503,45.54579673776662,35.51263001485883,69000.0,59824.0,27.0,14.0,14.0,6.0,0.0,0.0,1.0,13.0
70000.0,0.234375,2.299946370638079E-9,70000.0,57.199999999999996,51.265447316012825,46.699875466998755,38.59397417503586,70000.0,59944.0,27.0,14.0,14.0,6.0,0.0,0.0,1.0,13.0
71000.0,0.25,2.542736991826031E-9,71000.0,55.300000000000004,49.082517077860466,46.40287769784173,35.029069767441875,71000.0,60064.0,27.0,14.0,14.0,6.0,0.0,0.0,1.0,13.0
72000.0,0.25,2.542736991826031E-9,72000.0,54.50000000000001,46.91735674102904,44.30844553243575,30.955993930197266,72000.0,65344.0,31.0,16.0,16.0,6.0,0.0,0.0,1.0,15.0
73000.0,0.25,2.542736991826031E-9,73000.0,52.1,45.4181437382988,41.154791154791155,30.478955007256896,73000.0,66800.0,33.0,17.0,17.0,6.0,0.0,0.0,1.0,16.0
74000.0,0.265625,2.8258202494018605E-9,74000.0,51.5,44.38015988697131,39.75155279503106,27.934621099554235,74000.0,70032.0,33.0,17.0,17.0,6.0,0.0,0.0,1.0,16.0
75000.0,0.265625,2.8258202494018605E-9,75000.0,51.9,45.429338367599776,39.95006242197254,30.989956958393115,75000.0,70536.0,33.0,17.0,17.0,6.0,0.0,0.0,1.0,16.0
76000.0,0.265625,2.8258202494018605E-9,76000.0,54.1,47.807933194154494,43.75,33.67052023121388,76000.0,71016.0,33.0,17.0,17.0,6.0,0.0,0.0,1.0,16.0
77000.0,0.265625,2.8258202494018605E-9,77000.0,51.5,45.33819316242784,39.826302729528535,31.400282885431402,77000.0,71304.0,33.0,17.0,17.0,6.0,0.0,0.0,1.0,16.0
78000.0,0.28125,3.114530247532659E-9,78000.0,56.699999999999996,50.30402916109069,45.05076142131979,36.135693215339224,78000.0,71424.0,33.0,17.0,17.0,6.0,0.0,0.0,1.0,16.0
79000.0,0.28125,3.114530247532659E-9,79000.0,53.300000000000004,47.66803379726126,43.048780487804876,33.758865248226954,79000.0,71544.0,33.0,17.0,17.0,6.0,0.0,0.0,1.0,16.0
80000.0,0.28125,3.114530247532659E-9,80000.0,53.800000000000004,47.37321729621361,44.067796610169495,31.85840707964602,80000.0,71544.0,33.0,17.0,17.0,6.0,0.0,0.0,1.0,16.0
81000.0,0.28125,3.114530247532659E-9,81000.0,53.7,47.48161289298046,42.698019801980195,34.139402560455196,81000.0,71840.0,33.0,17.0,17.0,6.0,0.0,0.0,1.0,16.0
82000.0,0.28125,3.114530247532659E-9,82000.0,53.7,47.809109846606134,43.25980392156863,33.85714285714286,82000.0,76568.0,37.0,19.0,19.0,6.0,0.0,0.0,1.0,18.0
83000.0,0.28125,3.114530247532659E-9,83000.0,53.0,46.501664139724,40.65656565656566,29.955290611028317,83000.0,78560.0,37.0,19.0,19.0,6.0,0.0,0.0,1.0,18.0
84000.0,0.28125,3.114530247532659E-9,84000.0,56.49999999999999,49.77717228161729,46.56019656019655,33.89057750759877,84000.0,81496.0,39.0,20.0,20.0,6.0,0.0,0.0,1.0,19.0
85000.0,0.28125,3.114530247532659E-9,85000.0,57.599999999999994,51.051017769404105,47.654320987654316,36.14457831325301,85000.0,82432.0,39.0,20.0,20.0,6.0,0.0,0.0,1.0,19.0
86000.0,0.28125,3.114530247532659E-9,86000.0,56.00000000000001,49.700604278649514,46.40682095006091,36.32416787264834,86000.0,82672.0,39.0,20.0,20.0,6.0,0.0,0.0,1.0,19.0
87000.0,0.28125,3.114530247532659E-9,87000.0,56.39999999999999,49.876530720168475,45.838509316770185,36.62790697674418,87000.0,83104.0,39.0,20.0,20.0,6.0,0.0,0.0,1.0,19.0
88000.0,0.3125,3.791032617704736E-9,88000.0,55.60000000000001,48.869368145155725,45.919610231425104,34.513274336283196,88000.0,83680.0,39.0,20.0,20.0,6.0,0.0,0.0,1.0,19.0
89000.0,0.3125,3.791032617704736E-9,89000.0,53.1,47.027257807832065,42.59485924112607,33.757062146892665,89000.0,83800.0,39.0,20.0,20.0,6.0,0.0,0.0,1.0,19.0
90000.0,0.3125,3.791032617704736E-9,90000.0,47.8,40.6047393321788,33.41836734693878,18.818040435458787,90000.0,87816.0,41.0,21.0,21.0,6.0,0.0,0.0,1.0,20.0
91000.0,0.328125,4.153084268586503E-9,91000.0,49.4,42.388967828906615,35.868187579214194,20.440251572327046,91000.0,89568.0,41.0,21.0,21.0,6.0,0.0,0.0,1.0,20.0
92000.0,0.328125,4.153084268586503E-9,92000.0,47.099999999999994,38.56908945223137,32.2663252240717,16.823899371069178,92000.0,90048.0,41.0,21.0,21.0,6.0,0.0,0.0,1.0,20.0
93000.0,0.328125,4.153084268586503E-9,93000.0,50.3,42.14471968709257,37.00887198986059,21.60883280757098,93000.0,90288.0,41.0,21.0,21.0,6.0,0.0,0.0,1.0,20.0
94000.0,0.34375,4.5185313663548895E-9,94000.0,51.5,43.41053614141532,39.67661691542288,23.380726698262247,94000.0,90408.0,41.0,21.0,21.0,6.0,0.0,0.0,1.0,20.0
95000.0,0.34375,4.5185313663548895E-9,95000.0,49.4,41.28234257923693,34.70967741935484,20.063191153238545,95000.0,90408.0,41.0,21.0,21.0,6.0,0.0,0.0,1.0,20.0
96000.0,0.34375,4.5185313663548895E-9,96000.0,51.7,44.131041048069285,38.70558375634518,26.033690658499236,96000.0,90928.0,41.0,21.0,21.0,6.0,0.0,0.0,1.0,20.0
97000.0,0.359375,4.886565471274985E-9,97000.0,51.4,43.85267681785624,39.925834363411624,25.230769230769234,97000.0,91048.0,41.0,21.0,21.0,6.0,0.0,0.0,1.0,20.0
98000.0,0.359375,4.886565471274985E-9,98000.0,52.7,44.67648610303742,37.01731025299601,24.4408945686901,98000.0,91288.0,41.0,21.0,21.0,6.0,0.0,0.0,1.0,20.0
99000.0,0.359375,4.886565471274985E-9,99000.0,53.800000000000004,45.698230255958805,41.74022698612863,27.47252747252748,99000.0,91288.0,41.0,21.0,21.0,6.0,0.0,0.0,1.0,20.0
100000.0,0.375,5.254567238605685E-9,100000.0,53.5,45.51679371603588,40.07731958762887,27.795031055900626,100000.0,91040.0,43.0,22.0,22.0,6.0,0.0,0.0,1.0,21.0
101000.0,0.375,5.254567238605685E-9,101000.0,54.50000000000001,46.60063140352319,43.19600499375781,30.107526881720435,101000.0,91040.0,43.0,22.0,22.0,6.0,0.0,0.0,1.0,21.0
102000.0,0.375,5.254567238605685E-9,102000.0,53.2,44.59354988415553,38.501971090670175,25.596184419713836,102000.0,91040.0,43.0,22.0,22.0,6.0,0.0,0.0,1.0,21.0
103000.0,0.390625,5.623927184691031E-9,103000.0,53.400000000000006,45.82510343801334,41.161616161616166,29.924812030075188,103000.0,91376.0,43.0,22.0,22.0,6.0,0.0,0.0,1.0,21.0
104000.0,0.390625,5.623927184691031E-9,104000.0,55.400000000000006,46.95629008011266,42.673521850899746,29.43037974683545,104000.0,91376.0,43.0,22.0,22.0,6.0,0.0,0.0,1.0,21.0
105000.0,0.390625,5.623927184691031E-9,105000.0,57.9,51.13912003992432,45.95635430038511,34.62732919254658,105000.0,91376.0,43.0,22.0,22.0,6.0,0.0,0.0,1.0,21.0
106000.0,0.40625,5.993287130776378E-9,106000.0,55.50000000000001,45.93084007679036,43.599493029150835,27.287581699346415,106000.0,91376.0,43.0,22.0,22.0,6.0,0.0,0.0,1.0,21.0
107000.0,0.40625,5.993287130776378E-9,107000.0,56.89999999999999,49.067437784870776,44.672657252888314,32.970451010886464,107000.0,91496.0,43.0,22.0,22.0,6.0,0.0,0.0,1.0,21.0
108000.0,0.40625,5.993287130776378E-9,108000.0,53.800000000000004,46.330991412958625,41.444866920152094,29.68036529680365,108000.0,91776.0,43.0,22.0,22.0,6.0,0.0,0.0,1.0,21.0
109000.0,0.40625,5.993287130776378E-9,109000.0,54.800000000000004,46.465985173920416,42.71229404309253,29.042386185243334,109000.0,91776.0,43.0,22.0,22.0,6.0,0.0,0.0,1.0,21.0
110000.0,0.421875,6.364263956331544E-9,110000.0,56.599999999999994,48.66098625321016,44.853875476493,31.974921630094038,110000.0,91776.0,43.0,22.0,22.0,6.0,0.0,0.0,1.0,21.0
111000.0,0.421875,6.364263956331544E-9,111000.0,56.39999999999999,48.4031606614336,43.814432989690715,32.19284603421461,111000.0,91896.0,43.0,22.0,22.0,6.0,0.0,0.0,1.0,21.0
112000.0,0.421875,6.364263956331544E-9,112000.0,56.3,48.78334063883699,43.758043758043755,32.66563944530046,112000.0,92016.0,43.0,22.0,22.0,6.0,0.0,0.0,1.0,21.0
113000.0,0.4375,6.736695973409546E-9,113000.0,57.099999999999994,49.0116702659594,45.62737642585551,32.12025316455696,113000.0,92136.0,43.0,22.0,22.0,6.0,0.0,0.0,1.0,21.0
114000.0,0.4375,6.736695973409546E-9,114000.0,54.0,46.15216228333562,43.76528117359413,30.82706766917293,114000.0,94472.0,45.0,23.0,23.0,6.0,0.0,0.0,1.0,22.0
115000.0,0.4375,6.736695973409546E-9,115000.0,54.2,46.34552078818196,42.46231155778895,28.771384136858487,115000.0,95408.0,45.0,23.0,23.0,6.0,0.0,0.0,1.0,22.0
116000.0,0.453125,7.12390626884169E-9,116000.0,54.50000000000001,45.93631178707225,44.57978075517662,29.34782608695653,116000.0,95792.0,45.0,23.0,23.0,6.0,0.0,0.0,1.0,22.0
117000.0,0.453125,7.12390626884169E-9,117000.0,56.3,49.62472146620878,44.331210191082796,33.88804841149772,117000.0,95912.0,45.0,23.0,23.0,6.0,0.0,0.0,1.0,22.0
118000.0,0.453125,7.12390626884169E-9,118000.0,56.99999999999999,48.35120221585353,43.86422976501305,31.637519872813986,118000.0,100344.0,49.0,25.0,25.0,7.0,0.0,0.0,1.0,24.0
119000.0,0.46875,7.549986346728272E-9,119000.0,57.199999999999996,48.25168061130724,46.02774274905423,30.96774193548386,119000.0,105408.0,51.0,26.0,26.0,7.0,0.0,0.0,1.0,25.0
120000.0,0.46875,7.549986346728272E-9,120000.0,57.9,49.05645536994573,45.60723514211886,33.90894819466247,120000.0,106064.0,51.0,26.0,26.0,7.0,0.0,0.0,1.0,25.0
121000.0,0.46875,7.549986346728272E-9,121000.0,57.9,49.175704779656755,44.82306684141546,34.01253918495297,121000.0,106544.0,51.0,26.0,26.0,7.0,0.0,0.0,1.0,25.0
122000.0,0.46875,7.549986346728272E-9,122000.0,45.2,35.54237912137676,33.007334963325185,22.159090909090914,122000.0,110600.0,51.0,26.0,26.0,7.0,0.0,0.0,1.0,25.0
123000.0,0.46875,7.549986346728272E-9,123000.0,43.3,34.541374007730354,30.937880633373936,22.435020519835838,123000.0,110984.0,51.0,26.0,26.0,7.0,0.0,0.0,1.0,25.0
124000.0,0.484375,8.013125302063095E-9,124000.0,44.5,35.27968505112322,29.209183673469386,21.388101983002837,124000.0,114576.0,53.0,27.0,27.0,7.0,0.0,0.0,1.0,26.0
125000.0,0.484375,8.013125302063095E-9,125000.0,44.4,36.49190900067277,33.17307692307693,24.456521739130434,125000.0,114952.0,53.0,27.0,27.0,7.0,0.0,0.0,1.0,26.0
126000.0,0.484375,8.013125302063095E-9,126000.0,44.2,36.65065903749872,30.8550185873606,24.696356275303643,126000.0,115312.0,53.0,27.0,27.0,7.0,0.0,0.0,1.0,26.0
127000.0,0.484375,8.013125302063095E-9,127000.0,47.599999999999994,40.44926709412879,35.78431372549019,28.219178082191775,127000.0,115552.0,53.0,27.0,27.0,7.0,0.0,0.0,1.0,26.0
128000.0,0.5,8.48069450714522E-9,128000.0,43.3,35.32683331888548,30.429447852760738,23.584905660377355,128000.0,115672.0,53.0,27.0,27.0,7.0,0.0,0.0,1.0,26.0
129000.0,0.5,8.48069450714522E-9,129000.0,47.8,39.49706062348163,34.668335419274094,25.957446808510635,129000.0,116032.0,53.0,27.0,27.0,7.0,0.0,0.0,1.0,26.0
130000.0,0.5,8.48069450714522E-9,130000.0,47.199999999999996,40.21982799614146,35.68818514007308,28.455284552845523,130000.0,116032.0,53.0,27.0,27.0,7.0,0.0,0.0,1.0,26.0
131000.0,0.515625,8.949718903750181E-9,131000.0,48.0,40.1185882266235,37.34939759036144,26.863572433192683,131000.0,116032.0,53.0,27.0,27.0,7.0,0.0,0.0,1.0,26.0
132000.0,0.515625,8.949718903750181E-9,132000.0,48.9,41.6185486211238,38.5078219013237,30.0,132000.0,116152.0,53.0,27.0,27.0,7.0,0.0,0.0,1.0,26.0
133000.0,0.515625,8.949718903750181E-9,133000.0,51.300000000000004,43.13856442972767,39.427860696517406,29.8270893371758,133000.0,116152.0,53.0,27.0,27.0,7.0,0.0,0.0,1.0,26.0
134000.0,0.53125,9.419713428037034E-9,134000.0,47.3,39.32346236212494,34.289276807980045,25.459688826025456,134000.0,116272.0,53.0,27.0,27.0,7.0,0.0,0.0,1.0,26.0
135000.0,0.53125,9.419713428037034E-9,135000.0,50.8,43.005289387167856,39.334155363748465,29.91452991452992,135000.0,116272.0,53.0,27.0,27.0,7.0,0.0,0.0,1.0,26.0
136000.0,0.53125,9.419713428037034E-9,136000.0,48.6,41.14387003100825,37.545565006075336,28.71012482662968,136000.0,116512.0,53.0,27.0,27.0,7.0,0.0,0.0,1.0,26.0
137000.0,0.546875,9.891163143846723E-9,137000.0,49.8,42.17982075744435,38.85505481120585,30.47091412742382,137000.0,116632.0,53.0,27.0,27.0,7.0,0.0,0.0,1.0,26.0
138000.0,0.546875,9.891163143846723E-9,138000.0,49.6,42.08986641602916,37.468982630272954,27.793696275071632,138000.0,116632.0,53.0,27.0,27.0,7.0,0.0,0.0,1.0,26.0
139000.0,0.546875,9.891163143846723E-9,139000.0,51.0,44.60917249494983,40.09779951100244,32.03883495145631,139000.0,117136.0,53.0,27.0,27.0,7.0,0.0,0.0,1.0,26.0
140000.0,0.578125,1.0838137111730045E-8,140000.0,48.5,41.84372335680286,35.13853904282116,28.37273991655076,140000.0,117136.0,53.0,27.0,27.0,7.0,0.0,0.0,1.0,26.0
141000.0,0.578125,1.0838137111730045E-8,141000.0,47.599999999999994,41.36577462077979,36.484848484848484,28.707482993197274,141000.0,117376.0,53.0,27.0,27.0,7.0,0.0,0.0,1.0,26.0
142000.0,0.578125,1.0838137111730045E-8,142000.0,47.3,40.9595914896668,34.53416149068323,27.310344827586203,142000.0,117496.0,53.0,27.0,27.0,7.0,0.0,0.0,1.0,26.0
143000.0,0.578125,1.0838137111730045E-8,143000.0,50.0,43.348810438321586,40.476190476190474,30.362116991643457,143000.0,116800.0,53.0,27.0,26.0,7.0,0.0,0.0,1.0,26.0
144000.0,0.578125,1.0838137111730045E-8,144000.0,48.699999999999996,42.25808049201068,38.192771084337345,28.947368421052627,144000.0,116800.0,53.0,27.0,26.0,7.0,0.0,0.0,1.0,26.0
145000.0,0.59375,1.1311430070135327E-8,145000.0,51.0,43.80830604978125,38.28715365239295,29.597701149425294,145000.0,117088.0,53.0,27.0,26.0,7.0,0.0,0.0,1.0,26.0
146000.0,0.59375,1.1311430070135327E-8,146000.0,53.900000000000006,47.623635487770514,42.87484510532838,34.51704545454547,146000.0,117088.0,53.0,27.0,26.0,7.0,0.0,0.0,1.0,26.0
147000.0,0.59375,1.1311430070135327E-8,147000.0,54.300000000000004,48.07549845249079,42.659974905897116,34.90028490028491,147000.0,117208.0,53.0,27.0,26.0,7.0,0.0,0.0,1.0,26.0
148000.0,0.609375,1.1785208092381555E-8,148000.0,53.5,46.934769708312416,43.63636363636365,33.1896551724138,148000.0,117208.0,53.0,27.0,26.0,7.0,0.0,0.0,1.0,26.0
149000.0,0.609375,1.1785208092381555E-8,149000.0,51.7,45.22238238406255,40.881272949816406,32.63598326359833,149000.0,117376.0,53.0,27.0,26.0,7.0,0.0,0.0,1.0,26.0
150000.0,0.609375,1.1785208092381555E-8,150000.0,53.400000000000006,47.96226482517108,42.96205630354958,37.1967654986523,150000.0,117376.0,53.0,27.0,26.0,7.0,0.0,0.0,1.0,26.0
151000.0,0.625,1.2259665204005107E-8,151000.0,51.4,45.74863534375942,40.659340659340664,34.32432432432432,151000.0,117376.0,53.0,27.0,26.0,7.0,0.0,0.0,1.0,26.0
152000.0,0.625,1.2259665204005107E-8,152000.0,53.2,47.53698474424841,43.065693430656935,36.15279672578445,152000.0,117376.0,53.0,27.0,26.0,7.0,0.0,0.0,1.0,26.0
153000.0,0.625,1.2259665204005107E-8,153000.0,56.3,50.70235049387897,45.91584158415841,39.47368421052631,153000.0,117376.0,53.0,27.0,26.0,7.0,0.0,0.0,1.0,26.0
154000.0,0.640625,1.2734122315628659E-8,154000.0,50.8,44.173886995238895,39.1089108910891,30.6064880112835,154000.0,117376.0,53.0,27.0,26.0,7.0,0.0,0.0,1.0,26.0
155000.0,0.640625,1.2734122315628659E-8,155000.0,49.9,43.569642495100354,37.375,29.436619718309863,155000.0,117376.0,53.0,27.0,26.0,7.0,0.0,0.0,1.0,26.0
156000.0,0.640625,1.2734122315628659E-8,156000.0,51.5,45.456283492372314,41.354292623941966,33.10344827586207,156000.0,117376.0,53.0,27.0,26.0,7.0,0.0,0.0,1.0,26.0
157000.0,0.65625,1.320857942725221E-8,157000.0,54.7,48.300419074748696,45.157384987893465,35.56187766714083,157000.0,117376.0,53.0,27.0,26.0,7.0,0.0,0.0,1.0,26.0
158000.0,0.65625,1.320857942725221E-8,158000.0,54.400000000000006,48.08477210239596,43.91143911439116,34.1991341991342,158000.0,117496.0,53.0,27.0,26.0,7.0,0.0,0.0,1.0,26.0
159000.0,0.65625,1.320857942725221E-8,159000.0,52.900000000000006,46.753910365690984,42.97820823244552,35.390946502057616,159000.0,117496.0,53.0,27.0,26.0,7.0,0.0,0.0,1.0,26.0
160000.0,0.671875,1.3683521602716708E-8,160000.0,52.800000000000004,47.09172635661522,41.0,34.62603878116344,160000.0,117496.0,53.0,27.0,26.0,7.0,0.0,0.0,1.0,26.0
161000.0,0.671875,1.3683521602716708E-8,161000.0,53.7,48.31920203954977,42.90998766954378,36.22589531680441,161000.0,117616.0,53.0,27.0,26.0,7.0,0.0,0.0,1.0,26.0
162000.0,0.671875,1.3683521602716708E-8,162000.0,52.6,46.313224955515864,41.76904176904177,33.89121338912135,162000.0,117616.0,53.0,27.0,26.0,7.0,0.0,0.0,1.0,26.0
163000.0,0.671875,1.3683521602716708E-8,163000.0,54.0,48.491760361274316,44.37726723095527,36.55172413793103,163000.0,117616.0,53.0,27.0,26.0,7.0,0.0,0.0,1.0,26.0
164000.0,0.671875,1.3683521602716708E-8,164000.0,51.5,45.52936472638894,41.06925880923452,33.470507544581615,164000.0,118032.0,53.0,27.0,26.0,7.0,0.0,0.0,1.0,26.0
164860.0,0.671875,1.3683521602716708E-8,164860.0,53.6,47.40230885726982,42.360248447204974,34.83146067415731,164860.0,118032.0,53.0,27.0,26.0,7.0,0.0,0.0,1.0,26.0
