learning evaluation instances,evaluation time (cpu seconds),model cost (RAM-Hours),classified instances,classifications correct (percent),Kappa Statistic (percent),Kappa Temporal Statistic (percent),Kappa M Statistic (percent),model training instances,model serialized size (bytes),tree size (nodes),tree size (leaves),active learning leaves,tree depth,active leaf byte size estimate,inactive leaf byte size estimate,byte size estimate overhead
1000.0,0.0,0.0,1000.0,48.6,35.016827354628596,33.246753246753244,15.875613747954171,1000.0,4272.0,1.0,1.0,1.0,0.0,0.0,0.0,1.0
2000.0,0.0,0.0,2000.0,45.300000000000004,30.843881643159488,26.8716577540107,8.833333333333332,2000.0,4272.0,1.0,1.0,1.0,0.0,0.0,0.0,1.0
3000.0,0.0,0.0,3000.0,44.2,29.541718121415535,28.8265306122449,8.674304418985269,3000.0,4272.0,1.0,1.0,1.0,0.0,0.0,0.0,1.0
4000.0,0.0,0.0,4000.0,43.6,28.20673405559395,28.061224489795915,7.389162561576352,4000.0,4272.0,1.0,1.0,1.0,0.0,0.0,0.0,1.0
5000.0,0.0,0.0,5000.0,46.400000000000006,32.592945650547236,31.979695431472084,12.418300653594773,5000.0,4272.0,1.0,1.0,1.0,0.0,0.0,0.0,1.0
6000.0,0.0,0.0,6000.0,45.7,32.49576699975385,31.525851197982348,14.353312302839122,6000.0,4272.0,1.0,1.0,1.0,0.0,0.0,0.0,1.0
7000.0,0.0,0.0,7000.0,46.9,32.187372292603186,30.859374999999993,13.798701298701294,7000.0,4272.0,1.0,1.0,1.0,0.0,0.0,0.0,1.0
8000.0,0.0,0.0,8000.0,46.1,31.75876279523197,31.3375796178344,12.783171521035602,8000.0,4272.0,1.0,1.0,1.0,0.0,0.0,0.0,1.0
9000.0,0.0,0.0,9000.0,45.300000000000004,30.938703364686575,29.510309278350515,10.766721044045678,9000.0,4272.0,1.0,1.0,1.0,0.0,0.0,0.0,1.0
10000.0,0.0,0.0,10000.0,44.800000000000004,31.785827269851314,30.390920554854983,13.343799058084777,10000.0,4272.0,1.0,1.0,1.0,0.0,0.0,0.0,1.0
11000.0,0.0,0.0,11000.0,46.5,31.831329046989236,33.78712871287129,13.008130081300814,11000.0,4272.0,1.0,1.0,1.0,0.0,0.0,0.0,1.0
12000.0,0.0,0.0,12000.0,49.4,36.147391002586915,32.44325767690254,15.666666666666663,12000.0,4272.0,1.0,1.0,1.0,0.0,0.0,0.0,1.0
13000.0,0.0,0.0,13000.0,45.1,28.965234369440303,27.091633466135463,5.831903945111498,13000.0,4272.0,1.0,1.0,1.0,0.0,0.0,0.0,1.0
14000.0,0.0,0.0,14000.0,44.4,28.809674713990308,26.745718050065875,7.487520798668883,14000.0,4272.0,1.0,1.0,1.0,0.0,0.0,0.0,1.0
15000.0,0.0,0.0,15000.0,47.9,32.29431311216142,33.4610472541507,12.583892617449658,15000.0,4272.0,1.0,1.0,1.0,0.0,0.0,0.0,1.0
16000.0,0.0,0.0,16000.0,45.0,31.26477807271437,29.214929214929214,13.24921135646688,16000.0,4272.0,1.0,1.0,1.0,0.0,0.0,0.0,1.0
17000.0,0.0,0.0,17000.0,44.800000000000004,30.356669736692698,29.13992297817715,11.680000000000001,17000.0,4272.0,1.0,1.0,1.0,0.0,0.0,0.0,1.0
18000.0,0.0,0.0,18000.0,45.2,30.38803588827026,31.242158092848182,12.599681020733655,18000.0,4272.0,1.0,1.0,1.0,0.0,0.0,0.0,1.0
19000.0,0.0,0.0,19000.0,47.0,31.88851306198402,29.14438502673796,10.774410774410766,19000.0,4272.0,1.0,1.0,1.0,0.0,0.0,0.0,1.0
20000.0,0.0,0.0,20000.0,46.0,32.16813258869017,30.680359435173298,12.05211726384365,20000.0,4272.0,1.0,1.0,1.0,0.0,0.0,0.0,1.0
21000.0,0.0,0.0,21000.0,45.4,31.592663125187944,31.407035175879393,14.420062695924768,21000.0,4272.0,1.0,1.0,1.0,0.0,0.0,0.0,1.0
22000.0,0.0,0.0,22000.0,46.5,32.418349365553574,31.93384223918575,12.724306688417622,22000.0,4272.0,1.0,1.0,1.0,0.0,0.0,0.0,1.0
23000.0,0.0,0.0,23000.0,46.5,32.336551668315046,32.957393483709275,14.673046251993624,23000.0,4272.0,1.0,1.0,1.0,0.0,0.0,0.0,1.0
24000.0,0.0,0.0,24000.0,45.9,32.34827756964001,30.818414322250643,14.937106918239,24000.0,4272.0,1.0,1.0,1.0,0.0,0.0,0.0,1.0
25000.0,0.0,0.0,25000.0,45.0,29.45018605910022,29.936305732484076,9.539473684210526,25000.0,4272.0,1.0,1.0,1.0,0.0,0.0,0.0,1.0
26000.0,0.0,0.0,26000.0,49.3,34.44081376148094,35.41401273885351,16.059602649006617,26000.0,4272.0,1.0,1.0,1.0,0.0,0.0,0.0,1.0
27000.0,0.0,0.0,27000.0,46.9,31.955790485343577,31.92307692307692,12.66447368421052,27000.0,4272.0,1.0,1.0,1.0,0.0,0.0,0.0,1.0
28000.0,0.0,0.0,28000.0,42.4,28.798348517250332,27.364438839848678,10.697674418604652,28000.0,4272.0,1.0,1.0,1.0,0.0,0.0,0.0,1.0
29000.0,0.0,0.0,29000.0,40.699999999999996,26.785784836632292,24.26564495530012,7.632398753894079,29000.0,4272.0,1.0,1.0,1.0,0.0,0.0,0.0,1.0
30000.0,0.0,0.0,30000.0,43.9,30.380092429424522,31.334149326805388,15.0,30000.0,4272.0,1.0,1.0,1.0,0.0,0.0,0.0,1.0
31000.0,0.0,0.0,31000.0,40.2,26.327823935818966,25.89838909541512,9.803921568627452,31000.0,4272.0,1.0,1.0,1.0,0.0,0.0,0.0,1.0
32000.0,0.0,0.0,32000.0,42.3,31.260424112461276,27.965043695380775,17.806267806267808,32000.0,4272.0,1.0,1.0,1.0,0.0,0.0,0.0,1.0
33000.0,0.0,0.0,33000.0,41.8,29.922493314340965,29.71014492753623,17.563739376770542,33000.0,4272.0,1.0,1.0,1.0,0.0,0.0,0.0,1.0
34000.0,0.0,0.0,34000.0,44.1,31.526146232713103,29.419191919191917,16.567164179104477,34000.0,4272.0,1.0,1.0,1.0,0.0,0.0,0.0,1.0
35000.0,0.0,0.0,35000.0,45.4,31.960921144452204,32.25806451612903,16.000000000000007,35000.0,4272.0,1.0,1.0,1.0,0.0,0.0,0.0,1.0
36000.0,0.046875,5.180481821298599E-11,36000.0,44.4,31.612325525330505,31.695331695331696,16.516516516516518,36000.0,4272.0,1.0,1.0,1.0,0.0,0.0,0.0,1.0
37000.0,0.046875,5.180481821298599E-11,37000.0,42.8,31.157907152236103,31.25,16.4963503649635,37000.0,4272.0,1.0,1.0,1.0,0.0,0.0,0.0,1.0
38000.0,0.046875,5.180481821298599E-11,38000.0,42.3,28.068854437291495,29.54822954822955,11.773700305810399,38000.0,4272.0,1.0,1.0,1.0,0.0,0.0,0.0,1.0
39000.0,0.046875,5.180481821298599E-11,39000.0,43.6,29.86034249045528,30.024813895781634,14.545454545454541,39000.0,4272.0,1.0,1.0,1.0,0.0,0.0,0.0,1.0
40000.0,0.0625,6.9073090950648E-11,40000.0,44.3,29.144415638603444,30.635118306351185,11.446740858505567,40000.0,4272.0,1.0,1.0,1.0,0.0,0.0,0.0,1.0
41000.0,0.0625,6.9073090950648E-11,41000.0,42.699999999999996,28.677940447947343,28.908188585607935,13.834586466165408,41000.0,4272.0,1.0,1.0,1.0,0.0,0.0,0.0,1.0
42000.0,0.0625,6.9073090950648E-11,42000.0,44.1,30.859017950681082,29.59697732997481,15.045592705167172,42000.0,4272.0,1.0,1.0,1.0,0.0,0.0,0.0,1.0
43000.0,0.0625,6.9073090950648E-11,43000.0,45.6,33.50990690164722,33.65853658536586,20.351390922401173,43000.0,4272.0,1.0,1.0,1.0,0.0,0.0,0.0,1.0
44000.0,0.078125,8.634136368830999E-11,44000.0,45.0,32.28719095258379,32.34932349323494,16.79273827534039,44000.0,4272.0,1.0,1.0,1.0,0.0,0.0,0.0,1.0
45000.0,0.078125,8.634136368830999E-11,45000.0,43.2,29.035216273924064,29.265255292652554,12.210200927357034,45000.0,4272.0,1.0,1.0,1.0,0.0,0.0,0.0,1.0
46000.0,0.078125,8.634136368830999E-11,46000.0,43.8,32.35362443743372,30.702836004932184,20.056899004267425,46000.0,4272.0,1.0,1.0,1.0,0.0,0.0,0.0,1.0
47000.0,0.078125,8.634136368830999E-11,47000.0,43.5,28.533391349884074,28.930817610062892,13.8719512195122,47000.0,4272.0,1.0,1.0,1.0,0.0,0.0,0.0,1.0
48000.0,0.09375,1.0360963642597199E-10,48000.0,47.4,33.9182697139641,34.332084893882644,17.812499999999996,48000.0,4272.0,1.0,1.0,1.0,0.0,0.0,0.0,1.0
49000.0,0.09375,1.0360963642597199E-10,49000.0,48.5,34.98402374408701,35.05674653215637,18.64139020537125,49000.0,16400.0,7.0,4.0,4.0,2.0,0.0,0.0,1.0
50000.0,0.09375,1.0360963642597199E-10,50000.0,48.9,39.79658077566981,36.60049627791563,25.618631732168843,50000.0,16760.0,7.0,4.0,4.0,2.0,0.0,0.0,1.0
51000.0,0.109375,1.7248870184024175E-10,51000.0,50.6,42.63784624852676,38.63354037267081,24.116743471582186,51000.0,17040.0,7.0,4.0,4.0,2.0,0.0,0.0,1.0
52000.0,0.109375,1.7248870184024175E-10,52000.0,55.1,47.93357762419408,43.379571248423716,31.969696969696976,52000.0,17160.0,7.0,4.0,4.0,2.0,0.0,0.0,1.0
53000.0,0.109375,1.7248870184024175E-10,53000.0,52.2,45.547233218466104,42.06060606060606,30.01464128843338,53000.0,17280.0,7.0,4.0,4.0,2.0,0.0,0.0,1.0
54000.0,0.109375,1.7248870184024175E-10,54000.0,52.2,44.9950691186438,40.69478908188586,27.575757575757574,54000.0,17280.0,7.0,4.0,4.0,2.0,0.0,0.0,1.0
55000.0,0.109375,1.7248870184024175E-10,55000.0,55.300000000000004,48.98238693949106,43.631778058007576,33.67952522255194,55000.0,17280.0,7.0,4.0,4.0,2.0,0.0,0.0,1.0
56000.0,0.109375,1.7248870184024175E-10,56000.0,53.5,46.92174667404816,42.66337854500617,31.718061674008812,56000.0,17280.0,7.0,4.0,4.0,2.0,0.0,0.0,1.0
57000.0,0.109375,1.7248870184024175E-10,57000.0,54.800000000000004,48.01843275574759,43.35839598997494,32.63785394932936,57000.0,17280.0,7.0,4.0,4.0,2.0,0.0,0.0,1.0
58000.0,0.109375,1.7248870184024175E-10,58000.0,55.900000000000006,48.62439188055696,45.48825710754018,31.201248049922008,58000.0,17280.0,7.0,4.0,4.0,2.0,0.0,0.0,1.0
59000.0,0.109375,1.7248870184024175E-10,59000.0,50.3,42.43047640228703,38.18407960199004,24.6969696969697,59000.0,17400.0,7.0,4.0,4.0,2.0,0.0,0.0,1.0
60000.0,0.109375,1.7248870184024175E-10,60000.0,49.8,43.06208047982107,36.53603034134008,25.7396449704142,60000.0,17400.0,7.0,4.0,4.0,2.0,0.0,0.0,1.0
61000.0,0.109375,1.7248870184024175E-10,61000.0,51.300000000000004,44.57721634232389,38.97243107769423,27.85185185185185,61000.0,17520.0,7.0,4.0,4.0,2.0,0.0,0.0,1.0
62000.0,0.109375,1.7248870184024175E-10,62000.0,50.2,42.64978712476204,36.72172808132147,25.671641791044774,62000.0,17520.0,7.0,4.0,4.0,2.0,0.0,0.0,1.0
63000.0,0.140625,3.1412734339634576E-10,63000.0,50.6,43.80463122642411,36.66666666666667,28.92086330935252,63000.0,17520.0,7.0,4.0,4.0,2.0,0.0,0.0,1.0
64000.0,0.140625,3.1412734339634576E-10,64000.0,50.6,44.48508795292695,38.86138613861386,29.022988505747133,64000.0,17520.0,7.0,4.0,4.0,2.0,0.0,0.0,1.0
65000.0,0.140625,3.1412734339634576E-10,65000.0,51.1,44.883150023782534,41.084337349397586,29.437229437229433,65000.0,17520.0,7.0,4.0,4.0,2.0,0.0,0.0,1.0
66000.0,0.140625,3.1412734339634576E-10,66000.0,52.400000000000006,45.95785166565622,39.82300884955753,30.30746705710102,66000.0,17520.0,7.0,4.0,4.0,2.0,0.0,0.0,1.0
67000.0,0.140625,3.1412734339634576E-10,67000.0,52.5,45.57433400171871,41.717791411042946,30.147058823529417,67000.0,17520.0,7.0,4.0,4.0,2.0,0.0,0.0,1.0
68000.0,0.140625,3.1412734339634576E-10,68000.0,50.3,43.64114491256439,37.00887198986059,27.019089574155654,68000.0,17520.0,7.0,4.0,4.0,2.0,0.0,0.0,1.0
69000.0,0.15625,3.849466641743978E-10,69000.0,53.5,46.775877225111714,41.65621079046425,30.906389301634473,69000.0,17520.0,7.0,4.0,4.0,2.0,0.0,0.0,1.0
70000.0,0.15625,3.849466641743978E-10,70000.0,52.5,46.23960160715296,40.846824408468244,31.85078909612626,70000.0,17520.0,7.0,4.0,4.0,2.0,0.0,0.0,1.0
71000.0,0.15625,3.849466641743978E-10,71000.0,52.800000000000004,46.496058618555445,43.4052757793765,31.39534883720931,71000.0,17520.0,7.0,4.0,4.0,2.0,0.0,0.0,1.0
72000.0,0.15625,3.849466641743978E-10,72000.0,51.0,43.49370358411366,40.02447980416157,25.644916540212435,72000.0,17520.0,7.0,4.0,4.0,2.0,0.0,0.0,1.0
73000.0,0.15625,3.849466641743978E-10,73000.0,48.8,41.8297497656716,37.1007371007371,25.68940493468795,73000.0,17520.0,7.0,4.0,4.0,2.0,0.0,0.0,1.0
74000.0,0.15625,3.849466641743978E-10,74000.0,49.6,42.486237778325524,37.391304347826086,25.111441307578,74000.0,17520.0,7.0,4.0,4.0,2.0,0.0,0.0,1.0
75000.0,0.15625,3.849466641743978E-10,75000.0,48.199999999999996,41.803833981392955,35.33083645443196,25.681492109038732,75000.0,17520.0,7.0,4.0,4.0,2.0,0.0,0.0,1.0
76000.0,0.171875,4.557659849524498E-10,76000.0,49.8,43.22583563766321,38.48039215686274,27.45664739884393,76000.0,17520.0,7.0,4.0,4.0,2.0,0.0,0.0,1.0
77000.0,0.171875,4.557659849524498E-10,77000.0,50.9,44.75921317318381,39.0818858560794,30.55162659123055,77000.0,17520.0,7.0,4.0,4.0,2.0,0.0,0.0,1.0
78000.0,0.171875,4.557659849524498E-10,78000.0,51.800000000000004,44.84419055988869,38.83248730964468,28.908554572271388,78000.0,17520.0,7.0,4.0,4.0,2.0,0.0,0.0,1.0
79000.0,0.1875,5.265853057305018E-10,79000.0,49.5,43.63210179707557,38.414634146341456,28.36879432624113,79000.0,17520.0,7.0,4.0,4.0,2.0,0.0,0.0,1.0
80000.0,0.1875,5.265853057305018E-10,80000.0,52.5,45.8510504896205,42.493946731234864,29.941002949852514,80000.0,17520.0,7.0,4.0,4.0,2.0,0.0,0.0,1.0
81000.0,0.1875,5.265853057305018E-10,81000.0,50.7,43.98796593377628,38.98514851485148,29.871977240398294,81000.0,17520.0,7.0,4.0,4.0,2.0,0.0,0.0,1.0
82000.0,0.1875,5.265853057305018E-10,82000.0,49.1,42.80648253125699,37.62254901960784,27.285714285714285,82000.0,17520.0,7.0,4.0,4.0,2.0,0.0,0.0,1.0
83000.0,0.203125,5.978896903494994E-10,83000.0,50.9,44.31401903076906,38.005050505050505,26.825633383010427,83000.0,17640.0,7.0,4.0,4.0,2.0,0.0,0.0,1.0
84000.0,0.203125,5.978896903494994E-10,84000.0,52.6,45.34372340695403,41.76904176904177,27.963525835866264,84000.0,17640.0,7.0,4.0,4.0,2.0,0.0,0.0,1.0
85000.0,0.203125,5.978896903494994E-10,85000.0,54.50000000000001,47.68479340667427,43.82716049382716,31.475903614457838,85000.0,17640.0,7.0,4.0,4.0,2.0,0.0,0.0,1.0
86000.0,0.203125,5.978896903494994E-10,86000.0,49.4,42.576347356355754,38.36784409257004,26.772793053545584,86000.0,17640.0,7.0,4.0,4.0,2.0,0.0,0.0,1.0
87000.0,0.21875,6.691940749684969E-10,87000.0,49.6,42.689630234403964,37.391304347826086,26.74418604651163,87000.0,17640.0,7.0,4.0,4.0,2.0,0.0,0.0,1.0
88000.0,0.21875,6.691940749684969E-10,88000.0,49.5,42.056921903057216,38.489646772228994,25.51622418879056,88000.0,17640.0,7.0,4.0,4.0,2.0,0.0,0.0,1.0
89000.0,0.21875,6.691940749684969E-10,89000.0,48.3,42.40581066328008,36.719706242350064,26.977401129943505,89000.0,17640.0,7.0,4.0,4.0,2.0,0.0,0.0,1.0
90000.0,0.21875,6.691940749684969E-10,90000.0,45.1,37.53754573753481,29.97448979591837,14.618973561430797,90000.0,17760.0,7.0,4.0,4.0,2.0,0.0,0.0,1.0
91000.0,0.234375,7.409835234284401E-10,91000.0,44.1,36.64171627276478,29.150823827629914,12.106918238993712,91000.0,17760.0,7.0,4.0,4.0,2.0,0.0,0.0,1.0
92000.0,0.234375,7.409835234284401E-10,92000.0,42.5,34.75014411707299,26.376440460947503,9.591194968553458,92000.0,17760.0,7.0,4.0,4.0,2.0,0.0,0.0,1.0
93000.0,0.234375,7.409835234284401E-10,93000.0,45.5,38.894083826104904,30.925221799746517,14.03785488958991,93000.0,17760.0,7.0,4.0,4.0,2.0,0.0,0.0,1.0
94000.0,0.234375,7.409835234284401E-10,94000.0,45.4,38.12428179969946,32.08955223880597,13.74407582938389,94000.0,17760.0,7.0,4.0,4.0,2.0,0.0,0.0,1.0
95000.0,0.25,8.127729718883833E-10,95000.0,42.6,34.91679781574424,25.93548387096774,9.320695102685624,95000.0,17760.0,7.0,4.0,4.0,2.0,0.0,0.0,1.0
96000.0,0.25,8.127729718883833E-10,96000.0,45.6,38.55773314177803,30.964467005076145,16.692189892802457,96000.0,17760.0,7.0,4.0,4.0,2.0,0.0,0.0,1.0
97000.0,0.25,8.127729718883833E-10,97000.0,45.9,38.696883852691215,33.12731767614339,16.769230769230774,97000.0,17760.0,7.0,4.0,4.0,2.0,0.0,0.0,1.0
98000.0,0.25,8.127729718883833E-10,98000.0,46.5,39.095678980723505,28.76165113182424,14.53674121405751,98000.0,17760.0,7.0,4.0,4.0,2.0,0.0,0.0,1.0
99000.0,0.265625,8.845624203483265E-10,99000.0,45.4,37.98076267759538,31.147540983606557,14.28571428571429,99000.0,17760.0,7.0,4.0,4.0,2.0,0.0,0.0,1.0
100000.0,0.265625,8.845624203483265E-10,100000.0,47.9,40.696255554746116,32.86082474226804,19.099378881987576,100000.0,17760.0,7.0,4.0,4.0,2.0,0.0,0.0,1.0
101000.0,0.265625,8.845624203483265E-10,101000.0,47.199999999999996,39.87421412295495,34.08239700374532,18.89400921658986,101000.0,17760.0,7.0,4.0,4.0,2.0,0.0,0.0,1.0
102000.0,0.265625,8.845624203483265E-10,102000.0,48.699999999999996,41.030144746280186,32.58869908015768,18.441971383147852,102000.0,17760.0,7.0,4.0,4.0,2.0,0.0,0.0,1.0
103000.0,0.28125,9.563518688082697E-10,103000.0,46.6,39.37543070123554,32.57575757575758,19.69924812030075,103000.0,17760.0,7.0,4.0,4.0,2.0,0.0,0.0,1.0
104000.0,0.28125,9.563518688082697E-10,104000.0,49.2,40.815717854080454,34.70437017994858,19.62025316455696,104000.0,17760.0,7.0,4.0,4.0,2.0,0.0,0.0,1.0
105000.0,0.28125,9.563518688082697E-10,105000.0,50.4,43.469019084904744,36.32862644415918,22.98136645962733,105000.0,17760.0,7.0,4.0,4.0,2.0,0.0,0.0,1.0
106000.0,0.28125,9.563518688082697E-10,106000.0,48.4,39.6129612118602,34.60076045627377,15.68627450980392,106000.0,17760.0,7.0,4.0,4.0,2.0,0.0,0.0,1.0
107000.0,0.28125,9.563518688082697E-10,107000.0,47.699999999999996,39.864459320548875,32.86264441591784,18.662519440124413,107000.0,17760.0,7.0,4.0,4.0,2.0,0.0,0.0,1.0
108000.0,0.28125,9.563518688082697E-10,108000.0,48.699999999999996,42.005589168950266,34.98098859315589,21.917808219178074,108000.0,17760.0,7.0,4.0,4.0,2.0,0.0,0.0,1.0
109000.0,0.28125,9.563518688082697E-10,109000.0,50.3,42.2168275759436,37.00887198986059,21.97802197802198,109000.0,17760.0,7.0,4.0,4.0,2.0,0.0,0.0,1.0
110000.0,0.28125,9.563518688082697E-10,110000.0,50.8,43.06359518679076,37.484116899618805,22.884012539184955,110000.0,17760.0,7.0,4.0,4.0,2.0,0.0,0.0,1.0
111000.0,0.28125,9.563518688082697E-10,111000.0,52.5,44.63675886103244,38.78865979381444,26.12752721617419,111000.0,17760.0,7.0,4.0,4.0,2.0,0.0,0.0,1.0
112000.0,0.28125,9.563518688082697E-10,112000.0,48.199999999999996,40.4007188731824,33.33333333333333,20.184899845916796,112000.0,17760.0,7.0,4.0,4.0,2.0,0.0,0.0,1.0
113000.0,0.28125,9.563518688082697E-10,113000.0,51.1,42.561071441576146,38.02281368821293,22.626582278481013,113000.0,17760.0,7.0,4.0,4.0,2.0,0.0,0.0,1.0
114000.0,0.28125,9.563518688082697E-10,114000.0,46.400000000000006,38.85250333972568,34.47432762836186,19.398496240601503,114000.0,17760.0,7.0,4.0,4.0,2.0,0.0,0.0,1.0
115000.0,0.28125,9.563518688082697E-10,115000.0,48.5,40.115304202626554,35.301507537688444,19.906687402799378,115000.0,17760.0,7.0,4.0,4.0,2.0,0.0,0.0,1.0
116000.0,0.28125,9.563518688082697E-10,116000.0,49.5,40.559843878370145,38.489646772228994,21.58385093167702,116000.0,17760.0,7.0,4.0,4.0,2.0,0.0,0.0,1.0
117000.0,0.328125,1.223525032401085E-9,117000.0,48.8,41.61456260526769,34.77707006369427,22.541603630862323,117000.0,22032.0,9.0,5.0,5.0,3.0,0.0,0.0,1.0
118000.0,0.328125,1.223525032401085E-9,118000.0,51.0,42.57534349320046,36.0313315926893,22.09856915739269,118000.0,22152.0,9.0,5.0,5.0,3.0,0.0,0.0,1.0
119000.0,0.328125,1.223525032401085E-9,119000.0,51.4,43.61739646947451,38.71374527112232,21.612903225806456,119000.0,22152.0,9.0,5.0,5.0,3.0,0.0,0.0,1.0
120000.0,0.34375,1.3130678174396358E-9,120000.0,50.2,42.5347705025669,35.65891472868217,21.821036106750395,120000.0,22152.0,9.0,5.0,5.0,3.0,0.0,0.0,1.0
121000.0,0.34375,1.3130678174396358E-9,121000.0,51.300000000000004,43.62277500972421,36.173001310615994,23.667711598746084,121000.0,22152.0,9.0,5.0,5.0,3.0,0.0,0.0,1.0
122000.0,0.34375,1.3130678174396358E-9,122000.0,46.9,38.83179088075309,35.08557457212713,24.573863636363637,122000.0,22272.0,9.0,5.0,5.0,3.0,0.0,0.0,1.0
123000.0,0.359375,1.403095666319132E-9,123000.0,41.6,33.149264870854445,28.867235079171742,20.109439124487,123000.0,22272.0,9.0,5.0,5.0,3.0,0.0,0.0,1.0
124000.0,0.359375,1.403095666319132E-9,124000.0,44.4,35.74527392621801,29.081632653061224,21.24645892351275,124000.0,22272.0,9.0,5.0,5.0,3.0,0.0,0.0,1.0
125000.0,0.359375,1.403095666319132E-9,125000.0,46.400000000000006,39.12390670057253,35.57692307692308,27.173913043478265,125000.0,22272.0,9.0,5.0,5.0,3.0,0.0,0.0,1.0
126000.0,0.359375,1.403095666319132E-9,126000.0,43.4,36.49539872138086,29.8636926889715,23.616734143049932,126000.0,22272.0,9.0,5.0,5.0,3.0,0.0,0.0,1.0
127000.0,0.375,1.4931235151986284E-9,127000.0,46.2,39.1474306190222,34.068627450980394,26.3013698630137,127000.0,22272.0,9.0,5.0,5.0,3.0,0.0,0.0,1.0
128000.0,0.375,1.4931235151986284E-9,128000.0,41.8,34.191780078427115,28.588957055214724,21.563342318059295,128000.0,22272.0,9.0,5.0,5.0,3.0,0.0,0.0,1.0
129000.0,0.375,1.4931235151986284E-9,129000.0,46.0,38.02051291468867,32.415519399249064,23.40425531914894,129000.0,22272.0,9.0,5.0,5.0,3.0,0.0,0.0,1.0
130000.0,0.375,1.4931235151986284E-9,130000.0,45.1,38.62108751358386,33.13032886723508,25.609756097560975,130000.0,22272.0,9.0,5.0,5.0,3.0,0.0,0.0,1.0
131000.0,0.390625,1.5831513640781246E-9,131000.0,47.8,40.440670578718155,37.10843373493976,26.582278481012654,131000.0,22272.0,9.0,5.0,5.0,3.0,0.0,0.0,1.0
132000.0,0.390625,1.5831513640781246E-9,132000.0,47.3,39.85240442010641,36.58243080625751,27.80821917808219,132000.0,22272.0,9.0,5.0,5.0,3.0,0.0,0.0,1.0
133000.0,0.390625,1.5831513640781246E-9,133000.0,48.699999999999996,40.794257158355165,36.19402985074626,26.0806916426513,133000.0,22272.0,9.0,5.0,5.0,3.0,0.0,0.0,1.0
134000.0,0.40625,1.6731792129576209E-9,134000.0,45.5,37.4930468182814,32.04488778054863,22.913719943422915,134000.0,22272.0,9.0,5.0,5.0,3.0,0.0,0.0,1.0
135000.0,0.40625,1.6731792129576209E-9,135000.0,48.5,41.17028859685998,36.49815043156597,26.638176638176642,135000.0,22272.0,9.0,5.0,5.0,3.0,0.0,0.0,1.0
136000.0,0.40625,1.6731792129576209E-9,136000.0,44.9,36.84640035943682,33.0498177399757,23.578363384188624,136000.0,22272.0,9.0,5.0,5.0,3.0,0.0,0.0,1.0
137000.0,0.40625,1.6731792129576209E-9,137000.0,47.8,40.5328123308973,36.4190012180268,27.700831024930743,137000.0,22272.0,9.0,5.0,5.0,3.0,0.0,0.0,1.0
138000.0,0.40625,1.6731792129576209E-9,138000.0,48.1,40.40948671786016,35.60794044665012,25.644699140401144,138000.0,22272.0,9.0,5.0,5.0,3.0,0.0,0.0,1.0
139000.0,0.40625,1.6731792129576209E-9,139000.0,49.7,43.02484818897174,38.50855745721271,30.235783633841883,139000.0,22272.0,9.0,5.0,5.0,3.0,0.0,0.0,1.0
140000.0,0.40625,1.6731792129576209E-9,140000.0,49.0,42.06711354504963,35.76826196473552,29.068150208623084,140000.0,22272.0,9.0,5.0,5.0,3.0,0.0,0.0,1.0
141000.0,0.40625,1.6731792129576209E-9,141000.0,45.9,39.85721368809795,34.42424242424243,26.394557823129254,141000.0,22272.0,9.0,5.0,5.0,3.0,0.0,0.0,1.0
142000.0,0.40625,1.6731792129576209E-9,142000.0,48.0,41.76129522879411,35.40372670807454,28.275862068965512,142000.0,22272.0,9.0,5.0,5.0,3.0,0.0,0.0,1.0
143000.0,0.40625,1.6731792129576209E-9,143000.0,48.1,40.979132313640754,38.21428571428571,27.715877437325908,143000.0,22272.0,9.0,5.0,5.0,3.0,0.0,0.0,1.0
144000.0,0.40625,1.6731792129576209E-9,144000.0,47.8,41.07593979360775,37.10843373493976,27.700831024930743,144000.0,22272.0,9.0,5.0,5.0,3.0,0.0,0.0,1.0
145000.0,0.4375,1.8532349107166134E-9,145000.0,47.199999999999996,39.04339694524296,33.50125944584383,24.137931034482758,145000.0,22272.0,9.0,5.0,5.0,3.0,0.0,0.0,1.0
146000.0,0.4375,1.8532349107166134E-9,146000.0,52.5,45.751484696208315,41.14002478314747,32.5284090909091,146000.0,22272.0,9.0,5.0,5.0,3.0,0.0,0.0,1.0
147000.0,0.4375,1.8532349107166134E-9,147000.0,50.6,43.55782238309385,38.01756587202008,29.629629629629633,147000.0,22272.0,9.0,5.0,5.0,3.0,0.0,0.0,1.0
148000.0,0.4375,1.8532349107166134E-9,148000.0,49.4,42.279810595647255,38.66666666666667,27.298850574712645,148000.0,22272.0,9.0,5.0,5.0,3.0,0.0,0.0,1.0
149000.0,0.4375,1.8532349107166134E-9,149000.0,46.2,39.21686923944261,34.14932680538556,24.965132496513252,149000.0,23952.0,11.0,6.0,6.0,4.0,0.0,0.0,1.0
150000.0,0.4375,1.8532349107166134E-9,150000.0,51.4,45.78216478652006,40.514075887392906,34.50134770889488,150000.0,25608.0,11.0,6.0,6.0,4.0,0.0,0.0,1.0
151000.0,0.4375,1.8532349107166134E-9,151000.0,48.3,42.6708508444129,36.87423687423688,30.135135135135133,151000.0,25776.0,11.0,6.0,6.0,4.0,0.0,0.0,1.0
152000.0,0.4375,1.8532349107166134E-9,152000.0,48.3,42.12658494238964,37.104622871046224,29.46793997271487,152000.0,25896.0,11.0,6.0,6.0,4.0,0.0,0.0,1.0
153000.0,0.4375,1.8532349107166134E-9,153000.0,52.0,46.041345818766374,40.59405940594059,33.51800554016621,153000.0,25896.0,11.0,6.0,6.0,4.0,0.0,0.0,1.0
154000.0,0.4375,1.8532349107166134E-9,154000.0,50.8,44.861222870488874,39.1089108910891,30.6064880112835,154000.0,26016.0,11.0,6.0,6.0,4.0,0.0,0.0,1.0
155000.0,0.4375,1.8532349107166134E-9,155000.0,48.5,42.15465486546745,35.62499999999999,27.464788732394368,155000.0,26016.0,11.0,6.0,6.0,4.0,0.0,0.0,1.0
156000.0,0.4375,1.8532349107166134E-9,156000.0,50.1,44.3321418849873,39.661426844014514,31.17241379310345,156000.0,26136.0,11.0,6.0,6.0,4.0,0.0,0.0,1.0
157000.0,0.46875,2.0645287198325003E-9,157000.0,49.8,42.89822233748743,39.22518159806295,28.59174964438122,157000.0,26136.0,11.0,6.0,6.0,4.0,0.0,0.0,1.0
158000.0,0.46875,2.0645287198325003E-9,158000.0,51.0,44.25844967959984,39.729397293972944,29.292929292929294,158000.0,26256.0,11.0,6.0,6.0,4.0,0.0,0.0,1.0
159000.0,0.46875,2.0645287198325003E-9,159000.0,50.0,43.84224613044997,39.46731234866828,31.412894375857338,159000.0,26256.0,11.0,6.0,6.0,4.0,0.0,0.0,1.0
160000.0,0.46875,2.0645287198325003E-9,160000.0,50.6,44.3731905803768,38.24999999999999,31.57894736842105,160000.0,26256.0,11.0,6.0,6.0,4.0,0.0,0.0,1.0
161000.0,0.484375,2.1716308159132805E-9,161000.0,49.3,43.342396314908996,37.4845869297164,30.165289256198346,161000.0,26496.0,11.0,6.0,6.0,4.0,0.0,0.0,1.0
162000.0,0.484375,2.1716308159132805E-9,162000.0,48.8,42.38458067340272,37.1007371007371,28.591352859135284,162000.0,26496.0,11.0,6.0,6.0,4.0,0.0,0.0,1.0
163000.0,0.484375,2.1716308159132805E-9,163000.0,49.1,43.415838006992416,38.45223700120919,29.793103448275858,163000.0,26496.0,11.0,6.0,6.0,4.0,0.0,0.0,1.0
164000.0,0.484375,2.1716308159132805E-9,164000.0,47.699999999999996,41.54654649620164,36.452004860267316,28.257887517146774,164000.0,26496.0,11.0,6.0,6.0,4.0,0.0,0.0,1.0
164860.0,0.484375,2.1716308159132805E-9,164860.0,51.0,44.839449024896545,39.130434782608695,31.17977528089888,164860.0,26496.0,11.0,6.0,6.0,4.0,0.0,0.0,1.0
