learning evaluation instances,evaluation time (cpu seconds),model cost (RAM-Hours),classified instances,classifications correct (percent),Kappa Statistic (percent),Kappa Temporal Statistic (percent),Kappa M Statistic (percent),model training instances,model serialized size (bytes),tree size (nodes),tree size (leaves),active learning leaves,tree depth,active leaf byte size estimate,inactive leaf byte size estimate,byte size estimate overhead
1000.0,0.0,0.0,1000.0,48.6,35.016827354628596,33.246753246753244,15.875613747954171,1000.0,4272.0,1.0,1.0,1.0,0.0,0.0,0.0,1.0
2000.0,0.015625,1.7268272737662E-11,2000.0,45.300000000000004,30.843881643159488,26.8716577540107,8.833333333333332,2000.0,4272.0,1.0,1.0,1.0,0.0,0.0,0.0,1.0
3000.0,0.015625,1.7268272737662E-11,3000.0,44.2,29.541718121415535,28.8265306122449,8.674304418985269,3000.0,4272.0,1.0,1.0,1.0,0.0,0.0,0.0,1.0
4000.0,0.015625,1.7268272737662E-11,4000.0,43.6,28.20673405559395,28.061224489795915,7.389162561576352,4000.0,4272.0,1.0,1.0,1.0,0.0,0.0,0.0,1.0
5000.0,0.015625,1.7268272737662E-11,5000.0,46.400000000000006,32.592945650547236,31.979695431472084,12.418300653594773,5000.0,4272.0,1.0,1.0,1.0,0.0,0.0,0.0,1.0
6000.0,0.015625,1.7268272737662E-11,6000.0,45.7,32.49576699975385,31.525851197982348,14.353312302839122,6000.0,4272.0,1.0,1.0,1.0,0.0,0.0,0.0,1.0
7000.0,0.015625,1.7268272737662E-11,7000.0,46.9,32.187372292603186,30.859374999999993,13.798701298701294,7000.0,4272.0,1.0,1.0,1.0,0.0,0.0,0.0,1.0
8000.0,0.015625,1.7268272737662E-11,8000.0,46.1,31.75876279523197,31.3375796178344,12.783171521035602,8000.0,4272.0,1.0,1.0,1.0,0.0,0.0,0.0,1.0
9000.0,0.015625,1.7268272737662E-11,9000.0,45.300000000000004,30.938703364686575,29.510309278350515,10.766721044045678,9000.0,4272.0,1.0,1.0,1.0,0.0,0.0,0.0,1.0
10000.0,0.015625,1.7268272737662E-11,10000.0,44.800000000000004,31.785827269851314,30.390920554854983,13.343799058084777,10000.0,4272.0,1.0,1.0,1.0,0.0,0.0,0.0,1.0
11000.0,0.015625,1.7268272737662E-11,11000.0,46.5,31.831329046989236,33.78712871287129,13.008130081300814,11000.0,4272.0,1.0,1.0,1.0,0.0,0.0,0.0,1.0
12000.0,0.015625,1.7268272737662E-11,12000.0,49.4,36.147391002586915,32.44325767690254,15.666666666666663,12000.0,4272.0,1.0,1.0,1.0,0.0,0.0,0.0,1.0
13000.0,0.015625,1.7268272737662E-11,13000.0,45.1,28.965234369440303,27.091633466135463,5.831903945111498,13000.0,4272.0,1.0,1.0,1.0,0.0,0.0,0.0,1.0
14000.0,0.015625,1.7268272737662E-11,14000.0,44.4,28.809674713990308,26.745718050065875,7.487520798668883,14000.0,4272.0,1.0,1.0,1.0,0.0,0.0,0.0,1.0
15000.0,0.015625,1.7268272737662E-11,15000.0,47.9,32.29431311216142,33.4610472541507,12.583892617449658,15000.0,4272.0,1.0,1.0,1.0,0.0,0.0,0.0,1.0
16000.0,0.015625,1.7268272737662E-11,16000.0,45.0,31.26477807271437,29.214929214929214,13.24921135646688,16000.0,4272.0,1.0,1.0,1.0,0.0,0.0,0.0,1.0
17000.0,0.015625,1.7268272737662E-11,17000.0,46.0,33.315633161888655,30.680359435173298,13.600000000000003,17000.0,8352.0,3.0,2.0,2.0,1.0,0.0,0.0,1.0
18000.0,0.015625,1.7268272737662E-11,18000.0,54.7,43.806426163132556,43.16185696361356,27.75119617224881,18000.0,8616.0,3.0,2.0,2.0,1.0,0.0,0.0,1.0
19000.0,0.015625,1.7268272737662E-11,19000.0,56.10000000000001,43.00300175535175,41.310160427807496,26.094276094276097,19000.0,8616.0,3.0,2.0,2.0,1.0,0.0,0.0,1.0
20000.0,0.015625,1.7268272737662E-11,20000.0,54.1,42.879258699712906,41.07830551989731,25.244299674267108,20000.0,8616.0,3.0,2.0,2.0,1.0,0.0,0.0,1.0
21000.0,0.015625,1.7268272737662E-11,21000.0,50.9,40.271563668566785,38.31658291457287,23.040752351097183,21000.0,8616.0,3.0,2.0,2.0,1.0,0.0,0.0,1.0
22000.0,0.015625,1.7268272737662E-11,22000.0,53.800000000000004,42.451491714634145,41.22137404580153,24.632952691680266,22000.0,8736.0,3.0,2.0,2.0,1.0,0.0,0.0,1.0
23000.0,0.015625,1.7268272737662E-11,23000.0,51.7,40.18005432096931,39.473684210526315,22.966507177033495,23000.0,8736.0,3.0,2.0,2.0,1.0,0.0,0.0,1.0
24000.0,0.015625,1.7268272737662E-11,24000.0,53.6,43.5069520539606,40.66496163682865,27.04402515723271,24000.0,12832.0,5.0,3.0,3.0,2.0,0.0,0.0,1.0
25000.0,0.015625,1.7268272737662E-11,25000.0,50.8,38.6494652403083,37.32484076433121,19.07894736842105,25000.0,13072.0,5.0,3.0,3.0,2.0,0.0,0.0,1.0
26000.0,0.015625,1.7268272737662E-11,26000.0,55.2,44.5090600107266,42.92993630573249,25.82781456953643,26000.0,13072.0,5.0,3.0,3.0,2.0,0.0,0.0,1.0
27000.0,0.015625,1.7268272737662E-11,27000.0,55.00000000000001,44.492824772482265,42.307692307692314,25.986842105263165,27000.0,13072.0,5.0,3.0,3.0,2.0,0.0,0.0,1.0
28000.0,0.015625,1.7268272737662E-11,28000.0,46.300000000000004,35.51369883576408,32.28247162673392,16.744186046511633,28000.0,13072.0,5.0,3.0,3.0,2.0,0.0,0.0,1.0
29000.0,0.015625,1.7268272737662E-11,29000.0,42.199999999999996,30.526007072404404,26.181353767560662,9.968847352024921,29000.0,13072.0,5.0,3.0,3.0,2.0,0.0,0.0,1.0
30000.0,0.078125,2.2862675703234144E-10,30000.0,48.8,37.762261563820424,37.33170134638923,22.424242424242422,30000.0,13072.0,5.0,3.0,3.0,2.0,0.0,0.0,1.0
31000.0,0.078125,2.2862675703234144E-10,31000.0,45.800000000000004,35.08406733051792,32.83767038413879,18.250377073906485,31000.0,13072.0,5.0,3.0,3.0,2.0,0.0,0.0,1.0
32000.0,0.078125,2.2862675703234144E-10,32000.0,49.6,41.75834334843302,37.07865168539326,28.20512820512821,32000.0,13248.0,5.0,3.0,3.0,2.0,0.0,0.0,1.0
33000.0,0.078125,2.2862675703234144E-10,33000.0,47.199999999999996,38.86999802022152,36.23188405797101,25.21246458923513,33000.0,13248.0,5.0,3.0,3.0,2.0,0.0,0.0,1.0
34000.0,0.078125,2.2862675703234144E-10,34000.0,50.7,41.98566704715283,37.75252525252525,26.417910447761194,34000.0,13248.0,5.0,3.0,3.0,2.0,0.0,0.0,1.0
35000.0,0.078125,2.2862675703234144E-10,35000.0,51.4,41.590118874924734,39.702233250620345,25.230769230769234,35000.0,13248.0,5.0,3.0,3.0,2.0,0.0,0.0,1.0
36000.0,0.078125,2.2862675703234144E-10,36000.0,51.2,42.020307149799095,40.04914004914005,26.726726726726728,36000.0,13248.0,5.0,3.0,3.0,2.0,0.0,0.0,1.0
37000.0,0.078125,2.2862675703234144E-10,37000.0,51.9,43.78798839297923,42.1875,29.781021897810216,37000.0,13248.0,5.0,3.0,3.0,2.0,0.0,0.0,1.0
38000.0,0.078125,2.2862675703234144E-10,38000.0,49.7,40.16278577325622,38.58363858363859,23.088685015290523,38000.0,13248.0,5.0,3.0,3.0,2.0,0.0,0.0,1.0
39000.0,0.078125,2.2862675703234144E-10,39000.0,50.5,40.678067662955556,38.58560794044665,25.0,39000.0,13248.0,5.0,3.0,3.0,2.0,0.0,0.0,1.0
40000.0,0.078125,2.2862675703234144E-10,40000.0,49.6,38.411304947136365,37.23536737235367,19.87281399046105,40000.0,13368.0,5.0,3.0,3.0,2.0,0.0,0.0,1.0
41000.0,0.078125,2.2862675703234144E-10,41000.0,47.699999999999996,37.122267734105336,35.11166253101736,21.35338345864661,41000.0,13368.0,5.0,3.0,3.0,2.0,0.0,0.0,1.0
42000.0,0.078125,2.2862675703234144E-10,42000.0,49.8,39.8227287875119,36.775818639798494,23.70820668693009,42000.0,13368.0,5.0,3.0,3.0,2.0,0.0,0.0,1.0
43000.0,0.109375,3.366989807950126E-10,43000.0,53.7,45.42771470599329,43.53658536585366,32.210834553440705,43000.0,13368.0,5.0,3.0,3.0,2.0,0.0,0.0,1.0
44000.0,0.109375,3.366989807950126E-10,44000.0,52.0,43.89141117776604,40.959409594095945,27.382753403933428,44000.0,16776.0,7.0,4.0,4.0,2.0,0.0,0.0,1.0
45000.0,0.109375,3.366989807950126E-10,45000.0,53.300000000000004,45.5013525467323,41.84308841843089,27.82071097372489,45000.0,16896.0,7.0,4.0,4.0,2.0,0.0,0.0,1.0
46000.0,0.109375,3.366989807950126E-10,46000.0,56.3,50.88110529877101,46.11590628853267,37.83783783783783,46000.0,16896.0,7.0,4.0,4.0,2.0,0.0,0.0,1.0
47000.0,0.109375,3.366989807950126E-10,47000.0,55.00000000000001,47.79739822232741,43.39622641509435,31.402439024390254,47000.0,16896.0,7.0,4.0,4.0,2.0,0.0,0.0,1.0
48000.0,0.109375,3.366989807950126E-10,48000.0,53.7,46.17580864163086,42.197253433208495,27.656250000000004,48000.0,16896.0,7.0,4.0,4.0,2.0,0.0,0.0,1.0
49000.0,0.109375,3.366989807950126E-10,49000.0,56.599999999999994,48.73509153857329,45.271122320302645,31.43759873617693,49000.0,16896.0,7.0,4.0,4.0,2.0,0.0,0.0,1.0
50000.0,0.109375,3.366989807950126E-10,50000.0,53.1,46.23372395086978,41.811414392059554,31.732168850072785,50000.0,16896.0,7.0,4.0,4.0,2.0,0.0,0.0,1.0
51000.0,0.109375,3.366989807950126E-10,51000.0,53.1,45.113973350434996,41.73913043478261,27.956989247311835,51000.0,16896.0,7.0,4.0,4.0,2.0,0.0,0.0,1.0
52000.0,0.109375,3.366989807950126E-10,52000.0,52.5,45.288473721190066,40.10088272383355,28.030303030303035,52000.0,16896.0,7.0,4.0,4.0,2.0,0.0,0.0,1.0
53000.0,0.109375,3.366989807950126E-10,53000.0,53.6,46.45043722525555,43.757575757575765,32.064421669106885,53000.0,20832.0,9.0,5.0,5.0,3.0,0.0,0.0,1.0
54000.0,0.109375,3.366989807950126E-10,54000.0,54.300000000000004,47.063286593806296,43.30024813895782,30.75757575757576,54000.0,21192.0,9.0,5.0,5.0,3.0,0.0,0.0,1.0
55000.0,0.109375,3.366989807950126E-10,55000.0,57.699999999999996,51.64774870546277,46.65825977301387,37.24035608308605,55000.0,21312.0,9.0,5.0,5.0,3.0,0.0,0.0,1.0
56000.0,0.109375,3.366989807950126E-10,56000.0,55.1,49.066810958462796,44.63625154130704,34.06754772393539,56000.0,21480.0,9.0,5.0,5.0,3.0,0.0,0.0,1.0
57000.0,0.109375,3.366989807950126E-10,57000.0,56.99999999999999,50.87275128587717,46.11528822055137,35.91654247391951,57000.0,21480.0,9.0,5.0,5.0,3.0,0.0,0.0,1.0
58000.0,0.109375,3.366989807950126E-10,58000.0,54.7,47.58709740122251,44.00494437577257,29.329173166926687,58000.0,21480.0,9.0,5.0,5.0,3.0,0.0,0.0,1.0
59000.0,0.109375,3.366989807950126E-10,59000.0,49.2,41.209487492549925,36.81592039800994,23.030303030303028,59000.0,21480.0,9.0,5.0,5.0,3.0,0.0,0.0,1.0
60000.0,0.109375,3.366989807950126E-10,60000.0,48.699999999999996,41.42230748150178,35.145385587863466,24.112426035502956,60000.0,21480.0,9.0,5.0,5.0,3.0,0.0,0.0,1.0
61000.0,0.109375,3.366989807950126E-10,61000.0,51.2,44.33131990668652,38.847117794486216,27.703703703703702,61000.0,21480.0,9.0,5.0,5.0,3.0,0.0,0.0,1.0
62000.0,0.109375,3.366989807950126E-10,62000.0,49.8,42.08456345951284,36.213468869123254,25.07462686567164,62000.0,21480.0,9.0,5.0,5.0,3.0,0.0,0.0,1.0
63000.0,0.109375,3.366989807950126E-10,63000.0,47.4,40.21191806077469,32.56410256410256,24.316546762589926,63000.0,21744.0,9.0,5.0,5.0,3.0,0.0,0.0,1.0
64000.0,0.15625,6.003796847330199E-10,64000.0,48.1,41.35898021119806,35.76732673267326,25.43103448275862,64000.0,21744.0,9.0,5.0,5.0,3.0,0.0,0.0,1.0
65000.0,0.15625,6.003796847330199E-10,65000.0,51.9,45.602326999001384,42.04819277108434,30.59163059163059,65000.0,21744.0,9.0,5.0,5.0,3.0,0.0,0.0,1.0
66000.0,0.15625,6.003796847330199E-10,66000.0,50.4,43.52160981630859,37.29456384323641,27.379209370424597,66000.0,21744.0,9.0,5.0,5.0,3.0,0.0,0.0,1.0
67000.0,0.15625,6.003796847330199E-10,67000.0,54.2,47.385955036818345,43.8036809815951,32.64705882352942,67000.0,21744.0,9.0,5.0,5.0,3.0,0.0,0.0,1.0
68000.0,0.15625,6.003796847330199E-10,68000.0,50.3,43.36421142356391,37.00887198986059,27.019089574155654,68000.0,21744.0,9.0,5.0,5.0,3.0,0.0,0.0,1.0
69000.0,0.171875,6.882732527123557E-10,69000.0,54.7,47.95855065137973,43.16185696361356,32.68945022288261,69000.0,21744.0,9.0,5.0,5.0,3.0,0.0,0.0,1.0
70000.0,0.171875,6.882732527123557E-10,70000.0,53.300000000000004,46.86999417504005,41.84308841843089,32.998565279770446,70000.0,21744.0,9.0,5.0,5.0,3.0,0.0,0.0,1.0
71000.0,0.171875,6.882732527123557E-10,71000.0,51.6,44.83242850157353,41.96642685851319,29.651162790697676,71000.0,21744.0,9.0,5.0,5.0,3.0,0.0,0.0,1.0
72000.0,0.171875,6.882732527123557E-10,72000.0,52.300000000000004,44.41926286193023,41.615667074663406,27.61760242792109,72000.0,21744.0,9.0,5.0,5.0,3.0,0.0,0.0,1.0
73000.0,0.171875,6.882732527123557E-10,73000.0,49.3,42.438430692237475,37.714987714987714,26.41509433962264,73000.0,21744.0,9.0,5.0,5.0,3.0,0.0,0.0,1.0
74000.0,0.171875,6.882732527123557E-10,74000.0,50.7,43.21100854023494,38.757763975155285,26.74591381872214,74000.0,21744.0,9.0,5.0,5.0,3.0,0.0,0.0,1.0
75000.0,0.171875,6.882732527123557E-10,75000.0,49.4,42.64267634259779,36.82896379525593,27.403156384505017,75000.0,21744.0,9.0,5.0,5.0,3.0,0.0,0.0,1.0
76000.0,0.171875,6.882732527123557E-10,76000.0,50.9,44.35592263773326,39.82843137254902,29.046242774566476,76000.0,21744.0,9.0,5.0,5.0,3.0,0.0,0.0,1.0
77000.0,0.171875,6.882732527123557E-10,77000.0,50.1,43.76083364702541,38.0893300248139,29.42008486562942,77000.0,21744.0,9.0,5.0,5.0,3.0,0.0,0.0,1.0
78000.0,0.171875,6.882732527123557E-10,78000.0,53.6,46.740006290188916,41.11675126903554,31.56342182890856,78000.0,21744.0,9.0,5.0,5.0,3.0,0.0,0.0,1.0
79000.0,0.171875,6.882732527123557E-10,79000.0,48.9,42.80021491895764,37.68292682926829,27.517730496453897,79000.0,21744.0,9.0,5.0,5.0,3.0,0.0,0.0,1.0
80000.0,0.171875,6.882732527123557E-10,80000.0,52.0,45.04764826831402,41.88861985472155,29.203539823008857,80000.0,21744.0,9.0,5.0,5.0,3.0,0.0,0.0,1.0
81000.0,0.171875,6.882732527123557E-10,81000.0,53.2,46.707235973071214,42.07920792079208,33.428165007112376,81000.0,21744.0,9.0,5.0,5.0,3.0,0.0,0.0,1.0
82000.0,0.171875,6.882732527123557E-10,82000.0,50.1,43.95890469419981,38.84803921568627,28.71428571428572,82000.0,25072.0,11.0,6.0,6.0,4.0,0.0,0.0,1.0
83000.0,0.171875,6.882732527123557E-10,83000.0,53.800000000000004,47.85547162017113,41.66666666666667,31.147540983606557,83000.0,25192.0,11.0,6.0,6.0,4.0,0.0,0.0,1.0
84000.0,0.171875,6.882732527123557E-10,84000.0,56.10000000000001,49.35377025993399,46.068796068796075,33.28267477203648,84000.0,25192.0,11.0,6.0,6.0,4.0,0.0,0.0,1.0
85000.0,0.171875,6.882732527123557E-10,85000.0,55.800000000000004,49.141035819899436,45.4320987654321,33.43373493975905,85000.0,29080.0,13.0,7.0,7.0,4.0,0.0,0.0,1.0
86000.0,0.171875,6.882732527123557E-10,86000.0,53.1,46.92510781898407,42.87454323995129,32.127351664254704,86000.0,29368.0,13.0,7.0,7.0,4.0,0.0,0.0,1.0
87000.0,0.171875,6.882732527123557E-10,87000.0,52.5,45.90297613353195,40.99378881987578,30.9593023255814,87000.0,29728.0,13.0,7.0,7.0,4.0,0.0,0.0,1.0
88000.0,0.171875,6.882732527123557E-10,88000.0,52.300000000000004,45.92952474659424,41.900121802679664,29.646017699115053,88000.0,29728.0,13.0,7.0,7.0,4.0,0.0,0.0,1.0
89000.0,0.171875,6.882732527123557E-10,89000.0,51.800000000000004,46.06455915610058,41.00367197062424,31.920903954802267,89000.0,29848.0,13.0,7.0,7.0,4.0,0.0,0.0,1.0
90000.0,0.171875,6.882732527123557E-10,90000.0,45.0,37.12683346727223,29.846938775510207,14.463452566096427,90000.0,30208.0,13.0,7.0,7.0,4.0,0.0,0.0,1.0
91000.0,0.171875,6.882732527123557E-10,91000.0,45.800000000000004,34.48947722119351,31.305449936628644,14.779874213836482,91000.0,30568.0,13.0,7.0,7.0,4.0,0.0,0.0,1.0
92000.0,0.171875,6.882732527123557E-10,92000.0,48.6,37.93552297774252,34.18693982074264,19.182389937106915,92000.0,34360.0,15.0,8.0,8.0,4.0,0.0,0.0,1.0
93000.0,0.171875,6.882732527123557E-10,93000.0,48.9,37.86131033593805,35.234474017743985,19.400630914826497,93000.0,34600.0,15.0,8.0,8.0,4.0,0.0,0.0,1.0
94000.0,0.171875,6.882732527123557E-10,94000.0,48.0,36.499020008914556,35.32338308457711,17.851500789889414,94000.0,34600.0,15.0,8.0,8.0,4.0,0.0,0.0,1.0
95000.0,0.171875,6.882732527123557E-10,95000.0,46.2,34.69740501082105,30.580645161290327,15.007898894154822,95000.0,34600.0,15.0,8.0,8.0,4.0,0.0,0.0,1.0
96000.0,0.1875,8.281333268516592E-10,96000.0,48.6,38.72833885851134,34.77157360406091,21.286370597243494,96000.0,34600.0,15.0,8.0,8.0,4.0,0.0,0.0,1.0
97000.0,0.1875,8.281333268516592E-10,97000.0,51.2,41.21473486399884,39.678615574783684,24.923076923076927,97000.0,34600.0,15.0,8.0,8.0,4.0,0.0,0.0,1.0
98000.0,0.1875,8.281333268516592E-10,98000.0,52.400000000000006,41.004850987672995,36.61784287616512,23.961661341853038,98000.0,37840.0,17.0,9.0,9.0,4.0,0.0,0.0,1.0
99000.0,0.1875,8.281333268516592E-10,99000.0,51.5,40.24679919967672,38.839848675914254,23.86185243328101,99000.0,38248.0,17.0,9.0,9.0,4.0,0.0,0.0,1.0
100000.0,0.203125,9.832244055966536E-10,100000.0,54.6,44.143700787401585,41.49484536082475,29.503105590062116,100000.0,38368.0,17.0,9.0,9.0,4.0,0.0,0.0,1.0
101000.0,0.203125,9.832244055966536E-10,101000.0,54.0,43.818166273800955,42.57178526841449,29.339477726574508,101000.0,38368.0,17.0,9.0,9.0,4.0,0.0,0.0,1.0
102000.0,0.203125,9.832244055966536E-10,102000.0,52.0,40.180505325181265,36.92509855453351,23.688394276629573,102000.0,38488.0,17.0,9.0,9.0,4.0,0.0,0.0,1.0
103000.0,0.203125,9.832244055966536E-10,103000.0,51.300000000000004,40.96189678393872,38.51010101010102,26.766917293233078,103000.0,38488.0,17.0,9.0,9.0,4.0,0.0,0.0,1.0
104000.0,0.203125,9.832244055966536E-10,104000.0,56.00000000000001,45.87679590631766,43.44473007712083,30.379746835443044,104000.0,38488.0,17.0,9.0,9.0,4.0,0.0,0.0,1.0
105000.0,0.203125,9.832244055966536E-10,105000.0,55.7,46.304462184038734,43.13222079589218,31.211180124223613,105000.0,38608.0,17.0,9.0,9.0,4.0,0.0,0.0,1.0
106000.0,0.203125,9.832244055966536E-10,106000.0,54.400000000000006,42.633138923415245,42.20532319391636,25.490196078431378,106000.0,38608.0,17.0,9.0,9.0,4.0,0.0,0.0,1.0
107000.0,0.234375,1.2953468184504243E-9,107000.0,53.300000000000004,42.56209934911912,40.05134788189988,27.371695178849155,107000.0,38608.0,17.0,9.0,9.0,4.0,0.0,0.0,1.0
108000.0,0.234375,1.2953468184504243E-9,108000.0,53.6,44.292369015031454,41.19138149556401,29.37595129375951,108000.0,38608.0,17.0,9.0,9.0,4.0,0.0,0.0,1.0
109000.0,0.234375,1.2953468184504243E-9,109000.0,54.7,43.83248441444436,42.58555133079849,28.885400313971747,109000.0,38608.0,17.0,9.0,9.0,4.0,0.0,0.0,1.0
110000.0,0.234375,1.2953468184504243E-9,110000.0,56.3,46.492176470516206,44.47268106734434,31.50470219435736,110000.0,38728.0,17.0,9.0,9.0,4.0,0.0,0.0,1.0
111000.0,0.234375,1.2953468184504243E-9,111000.0,54.2,43.8589265532568,40.979381443298976,28.771384136858487,111000.0,38728.0,17.0,9.0,9.0,4.0,0.0,0.0,1.0
112000.0,0.234375,1.2953468184504243E-9,112000.0,53.7,43.823701059584494,40.411840411840416,28.659476117103246,112000.0,38848.0,17.0,9.0,9.0,4.0,0.0,0.0,1.0
113000.0,0.234375,1.2953468184504243E-9,113000.0,55.7,45.258090186987495,43.85297845373891,29.90506329113925,113000.0,38848.0,17.0,9.0,9.0,4.0,0.0,0.0,1.0
114000.0,0.234375,1.2953468184504243E-9,114000.0,52.7,43.1268223765293,42.1760391198044,28.87218045112782,114000.0,38848.0,17.0,9.0,9.0,4.0,0.0,0.0,1.0
115000.0,0.234375,1.2953468184504243E-9,115000.0,54.50000000000001,44.23882938307312,42.83919597989951,29.237947122861595,115000.0,39016.0,17.0,9.0,9.0,4.0,0.0,0.0,1.0
116000.0,0.234375,1.2953468184504243E-9,116000.0,53.300000000000004,42.71077405472778,43.11814859926919,27.484472049689444,116000.0,39016.0,17.0,9.0,9.0,4.0,0.0,0.0,1.0
117000.0,0.25,1.4530572419365246E-9,117000.0,54.6,45.771490137339086,42.16560509554141,31.316187594553707,117000.0,39016.0,17.0,9.0,9.0,4.0,0.0,0.0,1.0
118000.0,0.25,1.4530572419365246E-9,118000.0,55.400000000000006,44.181552628911206,41.77545691906006,29.093799682034984,118000.0,39016.0,17.0,9.0,9.0,4.0,0.0,0.0,1.0
119000.0,0.25,1.4530572419365246E-9,119000.0,55.900000000000006,45.08723782580328,44.38839848675915,28.870967741935495,119000.0,39016.0,17.0,9.0,9.0,4.0,0.0,0.0,1.0
120000.0,0.25,1.4530572419365246E-9,120000.0,56.89999999999999,47.18046633153019,44.31524547803617,32.33908948194662,120000.0,39016.0,17.0,9.0,9.0,4.0,0.0,0.0,1.0
121000.0,0.265625,1.6107676654226248E-9,121000.0,54.2,43.6181396940607,39.9737876802097,28.213166144200635,121000.0,39016.0,17.0,9.0,9.0,4.0,0.0,0.0,1.0
122000.0,0.265625,1.6107676654226248E-9,122000.0,43.1,32.59499781437207,30.440097799511,19.176136363636363,122000.0,39136.0,17.0,9.0,9.0,4.0,0.0,0.0,1.0
123000.0,0.265625,1.6107676654226248E-9,123000.0,37.8,27.678371065767337,24.23873325213155,14.911080711354307,123000.0,39136.0,17.0,9.0,9.0,4.0,0.0,0.0,1.0
124000.0,0.265625,1.6107676654226248E-9,124000.0,39.6,28.460769496809164,22.95918367346939,14.447592067988674,124000.0,39136.0,17.0,9.0,9.0,4.0,0.0,0.0,1.0
125000.0,0.28125,1.7689631527496706E-9,125000.0,40.5,31.400163025494933,28.485576923076927,19.157608695652176,125000.0,39136.0,17.0,9.0,9.0,4.0,0.0,0.0,1.0
126000.0,0.28125,1.7689631527496706E-9,126000.0,38.9,29.82109548006505,24.28748451053284,17.54385964912281,126000.0,39136.0,17.0,9.0,9.0,4.0,0.0,0.0,1.0
127000.0,0.28125,1.7689631527496706E-9,127000.0,39.6,30.874178415576658,25.98039215686275,17.26027397260274,127000.0,41712.0,19.0,10.0,10.0,5.0,0.0,0.0,1.0
128000.0,0.28125,1.7689631527496706E-9,128000.0,39.900000000000006,32.10803971849124,26.257668711656446,19.00269541778976,128000.0,43368.0,19.0,10.0,10.0,5.0,0.0,0.0,1.0
129000.0,0.28125,1.7689631527496706E-9,129000.0,45.9,38.644392653204726,32.29036295369212,23.262411347517734,129000.0,43488.0,19.0,10.0,10.0,5.0,0.0,0.0,1.0
130000.0,0.28125,1.7689631527496706E-9,130000.0,44.6,38.51098921833483,32.52131546894032,24.932249322493224,130000.0,43608.0,19.0,10.0,10.0,5.0,0.0,0.0,1.0
131000.0,0.296875,1.945235352549288E-9,131000.0,46.0,39.490577898597415,34.939759036144586,24.05063291139241,131000.0,43608.0,19.0,10.0,10.0,5.0,0.0,0.0,1.0
132000.0,0.296875,1.945235352549288E-9,132000.0,48.1,42.273939631220564,37.54512635379061,28.904109589041095,132000.0,43728.0,19.0,10.0,10.0,5.0,0.0,0.0,1.0
133000.0,0.296875,1.945235352549288E-9,133000.0,48.9,42.00576083675133,36.44278606965174,26.368876080691646,133000.0,43848.0,19.0,10.0,10.0,5.0,0.0,0.0,1.0
134000.0,0.296875,1.945235352549288E-9,134000.0,47.9,41.39357309098845,35.03740648379052,26.308345120226306,134000.0,43968.0,19.0,10.0,10.0,5.0,0.0,0.0,1.0
135000.0,0.296875,1.945235352549288E-9,135000.0,50.9,44.701851755913296,39.45745992601727,30.05698005698006,135000.0,43968.0,19.0,10.0,10.0,5.0,0.0,0.0,1.0
136000.0,0.296875,1.945235352549288E-9,136000.0,44.800000000000004,38.60697900736828,32.92831105710815,23.439667128987516,136000.0,44088.0,19.0,10.0,10.0,5.0,0.0,0.0,1.0
137000.0,0.296875,1.945235352549288E-9,137000.0,49.6,43.435041767161124,38.61144945188795,30.19390581717451,137000.0,44208.0,19.0,10.0,10.0,5.0,0.0,0.0,1.0
138000.0,0.296875,1.945235352549288E-9,138000.0,48.199999999999996,41.68137767049753,35.73200992555831,25.787965616045845,138000.0,44208.0,19.0,10.0,10.0,5.0,0.0,0.0,1.0
139000.0,0.296875,1.945235352549288E-9,139000.0,49.3,43.48852995498031,38.019559902200484,29.680998613037445,139000.0,44208.0,19.0,10.0,10.0,5.0,0.0,0.0,1.0
140000.0,0.328125,2.302630390557978E-9,140000.0,46.9,40.800167677114516,33.123425692695214,26.147426981919324,140000.0,44208.0,19.0,10.0,10.0,5.0,0.0,0.0,1.0
141000.0,0.328125,2.302630390557978E-9,141000.0,45.7,40.27545882306357,34.18181818181819,26.122448979591837,141000.0,47880.0,21.0,11.0,11.0,6.0,0.0,0.0,1.0
142000.0,0.328125,2.302630390557978E-9,142000.0,48.3,43.06035712279689,35.776397515527954,28.68965517241379,142000.0,48000.0,21.0,11.0,11.0,6.0,0.0,0.0,1.0
143000.0,0.328125,2.302630390557978E-9,143000.0,50.2,44.4150521360023,40.714285714285715,30.640668523676883,143000.0,48120.0,21.0,11.0,11.0,6.0,0.0,0.0,1.0
144000.0,0.328125,2.302630390557978E-9,144000.0,49.8,44.40605287405202,39.51807228915663,30.47091412742382,144000.0,48240.0,21.0,11.0,11.0,6.0,0.0,0.0,1.0
145000.0,0.328125,2.302630390557978E-9,145000.0,48.9,42.66016441159903,35.642317380352644,26.580459770114945,145000.0,48360.0,21.0,11.0,11.0,6.0,0.0,0.0,1.0
146000.0,0.328125,2.302630390557978E-9,146000.0,52.7,47.08272547457734,41.38785625774474,32.81250000000001,146000.0,48360.0,21.0,11.0,11.0,6.0,0.0,0.0,1.0
147000.0,0.34375,2.496009175148275E-9,147000.0,51.2,45.517837326086905,38.77038895859473,30.484330484330492,147000.0,47840.0,23.0,12.0,12.0,6.0,0.0,0.0,1.0
148000.0,0.34375,2.496009175148275E-9,148000.0,50.5,44.62405888867758,40.0,28.87931034482759,148000.0,51144.0,23.0,12.0,12.0,6.0,0.0,0.0,1.0
149000.0,0.34375,2.496009175148275E-9,149000.0,49.7,44.00609142480564,38.43329253365974,29.846582984658298,149000.0,51264.0,23.0,12.0,12.0,6.0,0.0,0.0,1.0
150000.0,0.34375,2.496009175148275E-9,150000.0,53.2,48.72098297931089,42.71725826193391,36.927223719676554,150000.0,51672.0,23.0,12.0,12.0,6.0,0.0,0.0,1.0
151000.0,0.34375,2.496009175148275E-9,151000.0,50.1,45.234044888327944,39.072039072039075,32.567567567567565,151000.0,51672.0,23.0,12.0,12.0,6.0,0.0,0.0,1.0
152000.0,0.34375,2.496009175148275E-9,152000.0,49.7,44.34787996401974,38.80778588807786,31.377899045020463,152000.0,51672.0,23.0,12.0,12.0,6.0,0.0,0.0,1.0
153000.0,0.34375,2.496009175148275E-9,153000.0,52.800000000000004,47.632710029445505,41.584158415841586,34.62603878116344,153000.0,51672.0,23.0,12.0,12.0,6.0,0.0,0.0,1.0
154000.0,0.34375,2.496009175148275E-9,154000.0,49.0,43.48260206100111,36.88118811881188,28.067700987306065,154000.0,51672.0,23.0,12.0,12.0,6.0,0.0,0.0,1.0
155000.0,0.34375,2.496009175148275E-9,155000.0,50.1,44.70914127423822,37.625,29.718309859154935,155000.0,54104.0,25.0,13.0,13.0,6.0,0.0,0.0,1.0
156000.0,0.34375,2.496009175148275E-9,156000.0,52.300000000000004,46.984272000693544,42.321644498186224,34.206896551724135,156000.0,55040.0,25.0,13.0,13.0,6.0,0.0,0.0,1.0
157000.0,0.34375,2.496009175148275E-9,157000.0,52.7,46.52708691326762,42.7360774818402,32.716927453769564,157000.0,55040.0,25.0,13.0,13.0,6.0,0.0,0.0,1.0
158000.0,0.34375,2.496009175148275E-9,158000.0,53.2,47.15077162131947,42.43542435424355,32.467532467532465,158000.0,55160.0,25.0,13.0,13.0,6.0,0.0,0.0,1.0
159000.0,0.34375,2.496009175148275E-9,159000.0,51.2,45.67183786160792,40.92009685230024,33.05898491083676,159000.0,55400.0,25.0,13.0,13.0,6.0,0.0,0.0,1.0
160000.0,0.390625,3.1678225948578784E-9,160000.0,50.9,45.51007453245203,38.625,31.994459833795013,160000.0,55400.0,25.0,13.0,13.0,6.0,0.0,0.0,1.0
161000.0,0.390625,3.1678225948578784E-9,161000.0,50.3,45.24345179991494,38.71763255240444,31.542699724517902,161000.0,55520.0,25.0,13.0,13.0,6.0,0.0,0.0,1.0
162000.0,0.390625,3.1678225948578784E-9,162000.0,50.7,45.035035983655455,39.43488943488943,31.241283124128312,162000.0,55520.0,25.0,13.0,13.0,6.0,0.0,0.0,1.0
163000.0,0.390625,3.1678225948578784E-9,163000.0,50.7,45.53503268450422,40.38694074969771,32.0,163000.0,55640.0,25.0,13.0,13.0,6.0,0.0,0.0,1.0
164000.0,0.40625,3.3938946823279066E-9,164000.0,51.1,45.761824532292785,40.58323207776428,32.92181069958848,164000.0,55928.0,25.0,13.0,13.0,6.0,0.0,0.0,1.0
164860.0,0.40625,3.3938946823279066E-9,164860.0,51.9,46.36413511331553,40.248447204968954,32.443820224719104,164860.0,56048.0,25.0,13.0,13.0,6.0,0.0,0.0,1.0
