learning evaluation instances,evaluation time (cpu seconds),model cost (RAM-Hours),classified instances,classifications correct (percent),Kappa Statistic (percent),Kappa Temporal Statistic (percent),Kappa M Statistic (percent),model training instances,model serialized size (bytes),tree size (nodes),tree size (leaves),active learning leaves,tree depth,active leaf byte size estimate,inactive leaf byte size estimate,byte size estimate overhead
1000.0,0.0,0.0,1000.0,48.6,35.016827354628596,33.246753246753244,15.875613747954171,1000.0,4272.0,1.0,1.0,1.0,0.0,0.0,0.0,1.0
2000.0,0.015625,1.7268272737662E-11,2000.0,45.300000000000004,30.843881643159488,26.8716577540107,8.833333333333332,2000.0,4272.0,1.0,1.0,1.0,0.0,0.0,0.0,1.0
3000.0,0.015625,1.7268272737662E-11,3000.0,44.2,29.541718121415535,28.8265306122449,8.674304418985269,3000.0,4272.0,1.0,1.0,1.0,0.0,0.0,0.0,1.0
4000.0,0.015625,1.7268272737662E-11,4000.0,43.6,28.20673405559395,28.061224489795915,7.389162561576352,4000.0,4272.0,1.0,1.0,1.0,0.0,0.0,0.0,1.0
5000.0,0.015625,1.7268272737662E-11,5000.0,46.400000000000006,32.592945650547236,31.979695431472084,12.418300653594773,5000.0,4272.0,1.0,1.0,1.0,0.0,0.0,0.0,1.0
6000.0,0.015625,1.7268272737662E-11,6000.0,45.7,32.49576699975385,31.525851197982348,14.353312302839122,6000.0,4272.0,1.0,1.0,1.0,0.0,0.0,0.0,1.0
7000.0,0.015625,1.7268272737662E-11,7000.0,46.9,32.187372292603186,30.859374999999993,13.798701298701294,7000.0,4272.0,1.0,1.0,1.0,0.0,0.0,0.0,1.0
8000.0,0.015625,1.7268272737662E-11,8000.0,46.1,31.75876279523197,31.3375796178344,12.783171521035602,8000.0,4272.0,1.0,1.0,1.0,0.0,0.0,0.0,1.0
9000.0,0.046875,5.1804818212986E-11,9000.0,45.300000000000004,30.938703364686575,29.510309278350515,10.766721044045678,9000.0,4272.0,1.0,1.0,1.0,0.0,0.0,0.0,1.0
10000.0,0.046875,5.1804818212986E-11,10000.0,44.800000000000004,31.785827269851314,30.390920554854983,13.343799058084777,10000.0,4272.0,1.0,1.0,1.0,0.0,0.0,0.0,1.0
11000.0,0.046875,5.1804818212986E-11,11000.0,46.5,31.831329046989236,33.78712871287129,13.008130081300814,11000.0,4272.0,1.0,1.0,1.0,0.0,0.0,0.0,1.0
12000.0,0.046875,5.1804818212986E-11,12000.0,49.4,36.147391002586915,32.44325767690254,15.666666666666663,12000.0,4272.0,1.0,1.0,1.0,0.0,0.0,0.0,1.0
13000.0,0.046875,5.1804818212986E-11,13000.0,45.1,28.965234369440303,27.091633466135463,5.831903945111498,13000.0,4272.0,1.0,1.0,1.0,0.0,0.0,0.0,1.0
14000.0,0.046875,5.1804818212986E-11,14000.0,44.4,28.809674713990308,26.745718050065875,7.487520798668883,14000.0,4272.0,1.0,1.0,1.0,0.0,0.0,0.0,1.0
15000.0,0.046875,5.1804818212986E-11,15000.0,47.9,32.29431311216142,33.4610472541507,12.583892617449658,15000.0,4272.0,1.0,1.0,1.0,0.0,0.0,0.0,1.0
16000.0,0.0625,6.9073090950648E-11,16000.0,45.0,31.26477807271437,29.214929214929214,13.24921135646688,16000.0,4272.0,1.0,1.0,1.0,0.0,0.0,0.0,1.0
17000.0,0.0625,6.9073090950648E-11,17000.0,49.4,37.99665476022719,35.04492939666239,19.04,17000.0,12448.0,5.0,3.0,3.0,2.0,0.0,0.0,1.0
18000.0,0.0625,6.9073090950648E-11,18000.0,56.39999999999999,47.09033233581619,45.2948557089084,30.462519936204142,18000.0,12832.0,5.0,3.0,3.0,2.0,0.0,0.0,1.0
19000.0,0.0625,6.9073090950648E-11,19000.0,53.1,42.27976468850764,37.299465240641716,21.043771043771045,19000.0,12832.0,5.0,3.0,3.0,2.0,0.0,0.0,1.0
20000.0,0.078125,1.2094258434242673E-10,20000.0,53.1,42.87809161672052,39.79460847240052,23.615635179153095,20000.0,12832.0,5.0,3.0,3.0,2.0,0.0,0.0,1.0
21000.0,0.078125,1.2094258434242673E-10,21000.0,51.5,41.75979095967856,39.070351758793976,23.981191222570537,21000.0,12832.0,5.0,3.0,3.0,2.0,0.0,0.0,1.0
22000.0,0.09375,1.7400856854187118E-10,22000.0,53.7,43.00086298909384,41.09414758269721,24.469820554649267,22000.0,13128.0,5.0,3.0,3.0,2.0,0.0,0.0,1.0
23000.0,0.09375,1.7400856854187118E-10,23000.0,49.9,38.82402933516006,37.21804511278195,20.095693779904305,23000.0,13128.0,5.0,3.0,3.0,2.0,0.0,0.0,1.0
24000.0,0.109375,2.2804468042320675E-10,24000.0,54.2,44.99687755200077,41.432225063938624,27.987421383647803,24000.0,13368.0,5.0,3.0,3.0,2.0,0.0,0.0,1.0
25000.0,0.109375,2.2804468042320675E-10,25000.0,51.1,39.25579026477768,37.70700636942676,19.57236842105263,25000.0,13368.0,5.0,3.0,3.0,2.0,0.0,0.0,1.0
26000.0,0.109375,2.2804468042320675E-10,26000.0,54.1,42.855435456521576,41.528662420382176,24.006622516556295,26000.0,13368.0,5.0,3.0,3.0,2.0,0.0,0.0,1.0
27000.0,0.109375,2.2804468042320675E-10,27000.0,54.6,43.826758754488296,41.7948717948718,25.328947368421055,27000.0,13368.0,5.0,3.0,3.0,2.0,0.0,0.0,1.0
28000.0,0.109375,2.2804468042320675E-10,28000.0,45.7,34.604313947466665,31.525851197982348,15.813953488372098,28000.0,13368.0,5.0,3.0,3.0,2.0,0.0,0.0,1.0
29000.0,0.109375,2.2804468042320675E-10,29000.0,40.6,28.077414855283045,24.13793103448276,7.476635514018698,29000.0,13368.0,5.0,3.0,3.0,2.0,0.0,0.0,1.0
30000.0,0.109375,2.2804468042320675E-10,30000.0,45.9,33.9842977808474,33.78212974296206,18.03030303030303,30000.0,13368.0,5.0,3.0,3.0,2.0,0.0,0.0,1.0
31000.0,0.109375,2.2804468042320675E-10,31000.0,43.0,31.495901171420083,29.36802973977695,14.027149321266963,31000.0,13368.0,5.0,3.0,3.0,2.0,0.0,0.0,1.0
32000.0,0.15625,3.9015301606721347E-10,32000.0,45.6,36.606341696479554,32.08489388264669,22.507122507122514,32000.0,13368.0,5.0,3.0,3.0,2.0,0.0,0.0,1.0
33000.0,0.15625,3.9015301606721347E-10,33000.0,44.800000000000004,35.68757208933835,33.33333333333333,21.81303116147309,33000.0,13368.0,5.0,3.0,3.0,2.0,0.0,0.0,1.0
34000.0,0.15625,3.9015301606721347E-10,34000.0,47.699999999999996,37.7430609701369,33.964646464646464,21.940298507462682,34000.0,13368.0,5.0,3.0,3.0,2.0,0.0,0.0,1.0
35000.0,0.15625,3.9015301606721347E-10,35000.0,48.199999999999996,37.41414077952017,35.73200992555831,20.307692307692307,35000.0,13368.0,5.0,3.0,3.0,2.0,0.0,0.0,1.0
36000.0,0.15625,3.9015301606721347E-10,36000.0,46.5,35.76567317574513,34.27518427518428,19.669669669669673,36000.0,13368.0,5.0,3.0,3.0,2.0,0.0,0.0,1.0
37000.0,0.15625,3.9015301606721347E-10,37000.0,47.9,38.78567702336249,37.379807692307686,23.941605839416052,37000.0,13368.0,5.0,3.0,3.0,2.0,0.0,0.0,1.0
38000.0,0.1875,4.982252398298847E-10,38000.0,47.8,37.42132709944255,36.26373626373626,20.18348623853211,38000.0,13368.0,5.0,3.0,3.0,2.0,0.0,0.0,1.0
39000.0,0.1875,4.982252398298847E-10,39000.0,46.0,34.922509580852754,33.002481389578165,18.181818181818183,39000.0,13368.0,5.0,3.0,3.0,2.0,0.0,0.0,1.0
40000.0,0.1875,4.982252398298847E-10,40000.0,46.1,34.01465144065971,32.87671232876713,14.308426073131958,40000.0,13368.0,5.0,3.0,3.0,2.0,0.0,0.0,1.0
41000.0,0.1875,4.982252398298847E-10,41000.0,45.300000000000004,33.680249080980424,32.13399503722084,17.744360902255636,41000.0,13368.0,5.0,3.0,3.0,2.0,0.0,0.0,1.0
42000.0,0.203125,5.522613517112202E-10,42000.0,47.9,37.60882529752567,34.38287153652393,20.820668693009114,42000.0,13368.0,5.0,3.0,3.0,2.0,0.0,0.0,1.0
43000.0,0.203125,5.522613517112202E-10,43000.0,50.2,41.35083857701589,39.26829268292683,27.086383601756953,43000.0,16272.0,7.0,4.0,4.0,2.0,0.0,0.0,1.0
44000.0,0.203125,5.522613517112202E-10,44000.0,52.900000000000006,45.804759055553,42.066420664206646,28.74432677760968,44000.0,16776.0,7.0,4.0,4.0,2.0,0.0,0.0,1.0
45000.0,0.203125,5.522613517112202E-10,45000.0,51.1,43.10837679705978,39.10336239103363,24.42040185471407,45000.0,16896.0,7.0,4.0,4.0,2.0,0.0,0.0,1.0
46000.0,0.21875,6.205583405163553E-10,46000.0,52.1,46.240963936553115,40.93711467324292,31.863442389758177,46000.0,16896.0,7.0,4.0,4.0,2.0,0.0,0.0,1.0
47000.0,0.21875,6.205583405163553E-10,47000.0,52.300000000000004,44.75317292835981,40.00000000000001,27.286585365853668,47000.0,16896.0,7.0,4.0,4.0,2.0,0.0,0.0,1.0
48000.0,0.21875,6.205583405163553E-10,48000.0,50.9,42.919454816854,38.70162297128589,23.281250000000004,48000.0,16896.0,7.0,4.0,4.0,2.0,0.0,0.0,1.0
49000.0,0.21875,6.205583405163553E-10,49000.0,53.800000000000004,45.40401032360532,41.74022698612863,27.01421800947868,49000.0,16896.0,7.0,4.0,4.0,2.0,0.0,0.0,1.0
50000.0,0.234375,6.888553293214904E-10,50000.0,50.6,43.25674142074093,38.70967741935484,28.093158660844246,50000.0,16896.0,7.0,4.0,4.0,2.0,0.0,0.0,1.0
51000.0,0.234375,6.888553293214904E-10,51000.0,49.0,40.524087744463486,36.64596273291926,21.658986175115206,51000.0,16896.0,7.0,4.0,4.0,2.0,0.0,0.0,1.0
52000.0,0.234375,6.888553293214904E-10,52000.0,51.2,43.788515809479925,38.46153846153847,26.060606060606062,52000.0,16896.0,7.0,4.0,4.0,2.0,0.0,0.0,1.0
53000.0,0.234375,6.888553293214904E-10,53000.0,51.4,44.904830463320906,41.09090909090909,28.84333821376281,53000.0,16896.0,7.0,4.0,4.0,2.0,0.0,0.0,1.0
54000.0,0.234375,6.888553293214904E-10,54000.0,52.5,45.49258067958703,41.06699751861042,28.030303030303035,54000.0,16896.0,7.0,4.0,4.0,2.0,0.0,0.0,1.0
55000.0,0.234375,6.888553293214904E-10,55000.0,54.6,47.93351086400555,42.74905422446407,32.640949554896146,55000.0,17016.0,7.0,4.0,4.0,2.0,0.0,0.0,1.0
56000.0,0.234375,6.888553293214904E-10,56000.0,52.900000000000006,46.35199243688386,41.92355117139335,30.837004405286343,56000.0,20352.0,9.0,5.0,5.0,3.0,0.0,0.0,1.0
57000.0,0.234375,6.888553293214904E-10,57000.0,53.5,46.682505211355135,41.72932330827068,30.700447093889714,57000.0,21144.0,9.0,5.0,5.0,3.0,0.0,0.0,1.0
58000.0,0.234375,6.888553293214904E-10,58000.0,55.800000000000004,48.621856866537726,45.36464771322621,31.045241809672397,58000.0,21144.0,9.0,5.0,5.0,3.0,0.0,0.0,1.0
59000.0,0.25,7.743235780960984E-10,59000.0,49.9,41.85054545581164,37.6865671641791,24.09090909090909,59000.0,21144.0,9.0,5.0,5.0,3.0,0.0,0.0,1.0
60000.0,0.25,7.743235780960984E-10,60000.0,47.699999999999996,40.48242239954843,33.88116308470291,22.633136094674555,60000.0,21144.0,9.0,5.0,5.0,3.0,0.0,0.0,1.0
61000.0,0.25,7.743235780960984E-10,61000.0,50.8,43.93833216538193,38.34586466165413,27.111111111111107,61000.0,21384.0,9.0,5.0,5.0,3.0,0.0,0.0,1.0
62000.0,0.25,7.743235780960984E-10,62000.0,50.4,42.96713481143509,36.975857687420586,25.970149253731346,62000.0,21384.0,9.0,5.0,5.0,3.0,0.0,0.0,1.0
63000.0,0.25,7.743235780960984E-10,63000.0,47.9,40.91376130974117,33.205128205128204,25.03597122302158,63000.0,21648.0,9.0,5.0,5.0,3.0,0.0,0.0,1.0
64000.0,0.25,7.743235780960984E-10,64000.0,49.2,42.88720898334735,37.12871287128712,27.011494252873565,64000.0,21648.0,9.0,5.0,5.0,3.0,0.0,0.0,1.0
65000.0,0.25,7.743235780960984E-10,65000.0,51.800000000000004,45.69479120661216,41.9277108433735,30.447330447330444,65000.0,21648.0,9.0,5.0,5.0,3.0,0.0,0.0,1.0
66000.0,0.25,7.743235780960984E-10,66000.0,52.300000000000004,45.84862135358012,39.69658659924147,30.161054172767205,66000.0,21648.0,9.0,5.0,5.0,3.0,0.0,0.0,1.0
67000.0,0.25,7.743235780960984E-10,67000.0,54.6,48.02756599583305,44.294478527607374,33.235294117647065,67000.0,21648.0,9.0,5.0,5.0,3.0,0.0,0.0,1.0
68000.0,0.25,7.743235780960984E-10,68000.0,50.3,43.60456473957677,37.00887198986059,27.019089574155654,68000.0,21648.0,9.0,5.0,5.0,3.0,0.0,0.0,1.0
69000.0,0.25,7.743235780960984E-10,69000.0,55.1,48.54434354500823,43.663739021329995,33.283803863298665,69000.0,21648.0,9.0,5.0,5.0,3.0,0.0,0.0,1.0
70000.0,0.25,7.743235780960984E-10,70000.0,54.1,48.00169022828278,42.83935242839353,34.146341463414636,70000.0,21648.0,9.0,5.0,5.0,3.0,0.0,0.0,1.0
71000.0,0.25,7.743235780960984E-10,71000.0,52.900000000000006,46.340257452836966,43.52517985611511,31.54069767441861,71000.0,21648.0,9.0,5.0,5.0,3.0,0.0,0.0,1.0
72000.0,0.25,7.743235780960984E-10,72000.0,51.7,44.06608308560669,40.881272949816406,26.707132018209407,72000.0,21648.0,9.0,5.0,5.0,3.0,0.0,0.0,1.0
73000.0,0.25,7.743235780960984E-10,73000.0,49.3,42.63881802023594,37.714987714987714,26.41509433962264,73000.0,21648.0,9.0,5.0,5.0,3.0,0.0,0.0,1.0
74000.0,0.28125,9.49334611909257E-10,74000.0,50.6,43.51768216690868,38.63354037267081,26.59732540861813,74000.0,21648.0,9.0,5.0,5.0,3.0,0.0,0.0,1.0
75000.0,0.28125,9.49334611909257E-10,75000.0,50.9,44.436585848869775,38.70162297128589,29.555236728837876,75000.0,21648.0,9.0,5.0,5.0,3.0,0.0,0.0,1.0
76000.0,0.28125,9.49334611909257E-10,76000.0,50.4,43.98961097622946,39.21568627450981,28.32369942196532,76000.0,21648.0,9.0,5.0,5.0,3.0,0.0,0.0,1.0
77000.0,0.28125,9.49334611909257E-10,77000.0,50.4,44.18901918952554,38.46153846153846,29.84441301272984,77000.0,21648.0,9.0,5.0,5.0,3.0,0.0,0.0,1.0
78000.0,0.296875,1.0368401288158364E-9,78000.0,53.2,46.25039048861611,40.60913705583757,30.973451327433633,78000.0,21648.0,9.0,5.0,5.0,3.0,0.0,0.0,1.0
79000.0,0.296875,1.0368401288158364E-9,79000.0,49.6,43.64023684519516,38.536585365853654,28.510638297872337,79000.0,21648.0,9.0,5.0,5.0,3.0,0.0,0.0,1.0
80000.0,0.296875,1.0368401288158364E-9,80000.0,53.800000000000004,47.09479421936194,44.067796610169495,31.85840707964602,80000.0,21648.0,9.0,5.0,5.0,3.0,0.0,0.0,1.0
81000.0,0.296875,1.0368401288158364E-9,81000.0,52.2,45.48251962002001,40.84158415841584,32.005689900426745,81000.0,21648.0,9.0,5.0,5.0,3.0,0.0,0.0,1.0
82000.0,0.296875,1.0368401288158364E-9,82000.0,49.4,42.56780914352259,37.99019607843137,27.71428571428572,82000.0,24720.0,11.0,6.0,6.0,3.0,0.0,0.0,1.0
83000.0,0.296875,1.0368401288158364E-9,83000.0,55.800000000000004,49.776551103495535,44.1919191919192,34.12816691505217,83000.0,25080.0,11.0,6.0,6.0,3.0,0.0,0.0,1.0
84000.0,0.296875,1.0368401288158364E-9,84000.0,54.7,47.62369998670359,44.348894348894355,31.155015197568396,84000.0,27672.0,13.0,7.0,7.0,4.0,0.0,0.0,1.0
85000.0,0.296875,1.0368401288158364E-9,85000.0,57.599999999999994,51.0927991067515,47.654320987654316,36.14457831325301,85000.0,28536.0,13.0,7.0,7.0,4.0,0.0,0.0,1.0
86000.0,0.296875,1.0368401288158364E-9,86000.0,53.800000000000004,47.39958101830768,43.727161997563954,33.14037626628076,86000.0,28944.0,13.0,7.0,7.0,4.0,0.0,0.0,1.0
87000.0,0.296875,1.0368401288158364E-9,87000.0,54.300000000000004,47.79481649363943,43.22981366459628,33.57558139534885,87000.0,29352.0,13.0,7.0,7.0,4.0,0.0,0.0,1.0
88000.0,0.296875,1.0368401288158364E-9,88000.0,52.900000000000006,45.669476627493324,42.63093788063338,30.530973451327437,88000.0,29808.0,13.0,7.0,7.0,4.0,0.0,0.0,1.0
89000.0,0.296875,1.0368401288158364E-9,89000.0,51.4,45.68309101211625,40.514075887392906,31.355932203389834,89000.0,29808.0,13.0,7.0,7.0,4.0,0.0,0.0,1.0
90000.0,0.296875,1.0368401288158364E-9,90000.0,46.300000000000004,38.30238495175638,31.50510204081633,16.48522550544324,90000.0,34440.0,15.0,8.0,8.0,4.0,0.0,0.0,1.0
91000.0,0.328125,1.3185652076370187E-9,91000.0,47.8,40.43054338299737,33.840304182509506,17.92452830188679,91000.0,34848.0,15.0,8.0,8.0,4.0,0.0,0.0,1.0
92000.0,0.328125,1.3185652076370187E-9,92000.0,47.0,39.12090588092049,32.13828425096031,16.666666666666664,92000.0,34848.0,15.0,8.0,8.0,4.0,0.0,0.0,1.0
93000.0,0.328125,1.3185652076370187E-9,93000.0,49.6,42.25474593806822,36.121673003802286,20.50473186119874,93000.0,34848.0,15.0,8.0,8.0,4.0,0.0,0.0,1.0
94000.0,0.328125,1.3185652076370187E-9,94000.0,50.8,43.287067722387896,38.805970149253724,22.27488151658768,94000.0,34848.0,15.0,8.0,8.0,4.0,0.0,0.0,1.0
95000.0,0.34375,1.45942774704761E-9,95000.0,47.8,39.50561485241456,32.64516129032258,17.53554502369668,95000.0,34848.0,15.0,8.0,8.0,4.0,0.0,0.0,1.0
96000.0,0.34375,1.45942774704761E-9,96000.0,49.0,41.227515203058935,35.27918781725889,21.898928024502297,96000.0,34848.0,15.0,8.0,8.0,4.0,0.0,0.0,1.0
97000.0,0.34375,1.45942774704761E-9,97000.0,51.6,44.00222139948167,40.173053152039564,25.538461538461544,97000.0,34848.0,15.0,8.0,8.0,4.0,0.0,0.0,1.0
98000.0,0.34375,1.45942774704761E-9,98000.0,52.400000000000006,44.686537679391094,36.61784287616512,23.961661341853038,98000.0,34848.0,15.0,8.0,8.0,4.0,0.0,0.0,1.0
99000.0,0.359375,1.6007753502991467E-9,99000.0,50.9,42.83152765568512,38.08322824716267,22.919937205651493,99000.0,34968.0,15.0,8.0,8.0,4.0,0.0,0.0,1.0
100000.0,0.359375,1.6007753502991467E-9,100000.0,52.0,44.038333741387156,38.14432989690722,25.465838509316775,100000.0,34968.0,15.0,8.0,8.0,4.0,0.0,0.0,1.0
101000.0,0.359375,1.6007753502991467E-9,101000.0,51.5,43.796266681499816,39.45068664169788,25.49923195084486,101000.0,34968.0,15.0,8.0,8.0,4.0,0.0,0.0,1.0
102000.0,0.359375,1.6007753502991467E-9,102000.0,51.9,43.566856263257684,36.79369250985546,23.529411764705884,102000.0,34968.0,15.0,8.0,8.0,4.0,0.0,0.0,1.0
103000.0,0.375,1.7421229535506834E-9,103000.0,49.4,41.956901278554106,36.111111111111114,23.90977443609022,103000.0,34968.0,15.0,8.0,8.0,4.0,0.0,0.0,1.0
104000.0,0.375,1.7421229535506834E-9,104000.0,54.2,45.938544637292495,41.13110539845759,27.53164556962026,104000.0,34968.0,15.0,8.0,8.0,4.0,0.0,0.0,1.0
105000.0,0.375,1.7421229535506834E-9,105000.0,54.7,47.879932853705995,41.84852374839539,29.65838509316771,105000.0,34968.0,15.0,8.0,8.0,4.0,0.0,0.0,1.0
106000.0,0.390625,1.88347055680222E-9,106000.0,51.300000000000004,42.2928348319027,38.27629911280101,20.424836601307188,106000.0,34968.0,15.0,8.0,8.0,4.0,0.0,0.0,1.0
107000.0,0.390625,1.88347055680222E-9,107000.0,50.9,42.07665229003671,36.97047496790758,23.639191290824265,107000.0,34968.0,15.0,8.0,8.0,4.0,0.0,0.0,1.0
108000.0,0.390625,1.88347055680222E-9,108000.0,51.5,44.18795196251272,38.529784537389105,26.17960426179604,108000.0,34968.0,15.0,8.0,8.0,4.0,0.0,0.0,1.0
109000.0,0.390625,1.88347055680222E-9,109000.0,52.400000000000006,44.208463435445914,39.67046894803549,25.27472527472528,109000.0,34968.0,15.0,8.0,8.0,4.0,0.0,0.0,1.0
110000.0,0.40625,2.0200968720018867E-9,110000.0,54.1,46.557624038124565,41.67725540025414,28.05642633228841,110000.0,33800.0,17.0,9.0,9.0,5.0,0.0,0.0,1.0
111000.0,0.40625,2.0200968720018867E-9,111000.0,53.0,43.97719037265897,39.432989690721655,26.905132192846036,111000.0,39168.0,17.0,9.0,9.0,5.0,0.0,0.0,1.0
112000.0,0.40625,2.0200968720018867E-9,112000.0,53.6,45.26087792585917,40.28314028314029,28.505392912172578,112000.0,39528.0,17.0,9.0,9.0,5.0,0.0,0.0,1.0
113000.0,0.421875,2.1798769012093546E-9,113000.0,53.7,44.314149978952436,41.318124207858055,26.740506329113927,113000.0,39528.0,17.0,9.0,9.0,5.0,0.0,0.0,1.0
114000.0,0.421875,2.1798769012093546E-9,114000.0,52.0,43.88019356656569,41.32029339853301,27.819548872180448,114000.0,39528.0,17.0,9.0,9.0,5.0,0.0,0.0,1.0
115000.0,0.421875,2.1798769012093546E-9,115000.0,51.6,43.03925583847628,39.19597989949749,24.727838258164855,115000.0,39528.0,17.0,9.0,9.0,5.0,0.0,0.0,1.0
116000.0,0.421875,2.1798769012093546E-9,116000.0,53.400000000000006,44.857944124294455,43.239951278928146,27.63975155279504,116000.0,39528.0,17.0,9.0,9.0,5.0,0.0,0.0,1.0
117000.0,0.4375,2.3396569304168225E-9,117000.0,53.1,45.77984536273168,40.2547770700637,29.046898638426626,117000.0,39528.0,17.0,9.0,9.0,5.0,0.0,0.0,1.0
118000.0,0.4375,2.3396569304168225E-9,118000.0,55.800000000000004,47.27544049460886,42.297650130548305,29.729729729729737,118000.0,39528.0,17.0,9.0,9.0,5.0,0.0,0.0,1.0
119000.0,0.4375,2.3396569304168225E-9,119000.0,55.50000000000001,46.887487408157135,43.88398486759144,28.22580645161291,119000.0,39528.0,17.0,9.0,9.0,5.0,0.0,0.0,1.0
120000.0,0.4375,2.3396569304168225E-9,120000.0,56.89999999999999,49.225841337233476,44.31524547803617,32.33908948194662,120000.0,39528.0,17.0,9.0,9.0,5.0,0.0,0.0,1.0
121000.0,0.4375,2.3396569304168225E-9,121000.0,54.300000000000004,45.9490146635474,40.104849279161215,28.369905956112863,121000.0,41968.0,19.0,10.0,10.0,5.0,0.0,0.0,1.0
122000.0,0.4375,2.3396569304168225E-9,122000.0,45.0,36.582390428783754,32.76283618581907,21.875000000000007,122000.0,43456.0,19.0,10.0,10.0,5.0,0.0,0.0,1.0
123000.0,0.4375,2.3396569304168225E-9,123000.0,39.7,30.914065346357695,26.55298416565165,17.510259917920656,123000.0,43576.0,19.0,10.0,10.0,5.0,0.0,0.0,1.0
124000.0,0.4375,2.3396569304168225E-9,124000.0,43.8,33.755006683436164,28.316326530612244,20.396600566572243,124000.0,43576.0,19.0,10.0,10.0,5.0,0.0,0.0,1.0
125000.0,0.4375,2.3396569304168225E-9,125000.0,44.1,35.5230876943679,32.81250000000001,24.048913043478258,125000.0,43576.0,19.0,10.0,10.0,5.0,0.0,0.0,1.0
126000.0,0.4375,2.3396569304168225E-9,126000.0,44.7,36.48700797530229,31.47459727385378,25.371120107962213,126000.0,43576.0,19.0,10.0,10.0,5.0,0.0,0.0,1.0
127000.0,0.4375,2.3396569304168225E-9,127000.0,44.6,35.88682752052142,32.107843137254896,24.109589041095887,127000.0,43576.0,19.0,10.0,10.0,5.0,0.0,0.0,1.0
128000.0,0.4375,2.3396569304168225E-9,128000.0,41.9,32.658293577386175,28.711656441717793,21.698113207547166,128000.0,43576.0,19.0,10.0,10.0,5.0,0.0,0.0,1.0
129000.0,0.46875,2.6919426293008856E-9,129000.0,46.2,36.33316923543,32.66583229036296,23.687943262411352,129000.0,43576.0,19.0,10.0,10.0,5.0,0.0,0.0,1.0
130000.0,0.46875,2.6919426293008856E-9,130000.0,45.9,38.13338944402388,34.1047503045067,26.693766937669377,130000.0,43576.0,19.0,10.0,10.0,5.0,0.0,0.0,1.0
131000.0,0.46875,2.6919426293008856E-9,131000.0,45.5,36.104184179396,34.337349397590366,23.347398030942337,131000.0,43576.0,19.0,10.0,10.0,5.0,0.0,0.0,1.0
132000.0,0.46875,2.6919426293008856E-9,132000.0,46.0,36.7536343235684,35.018050541516246,26.027397260273972,132000.0,43696.0,19.0,10.0,10.0,5.0,0.0,0.0,1.0
133000.0,0.484375,2.868570542583863E-9,133000.0,49.3,39.964191659877606,36.940298507462686,26.945244956772335,133000.0,43696.0,19.0,10.0,10.0,5.0,0.0,0.0,1.0
134000.0,0.484375,2.868570542583863E-9,134000.0,45.5,36.783229112656926,32.04488778054863,22.913719943422915,134000.0,46640.0,21.0,11.0,11.0,5.0,0.0,0.0,1.0
135000.0,0.484375,2.868570542583863E-9,135000.0,49.6,41.92825835472616,37.85450061652281,28.20512820512821,135000.0,47048.0,21.0,11.0,11.0,5.0,0.0,0.0,1.0
136000.0,0.484375,2.868570542583863E-9,136000.0,46.1,38.62767379526921,34.50789793438639,25.24271844660194,136000.0,47336.0,21.0,11.0,11.0,5.0,0.0,0.0,1.0
137000.0,0.5,3.06088218672408E-9,137000.0,49.2,41.764356576386135,38.124238733252135,29.639889196675895,137000.0,47576.0,21.0,11.0,11.0,5.0,0.0,0.0,1.0
138000.0,0.5,3.06088218672408E-9,138000.0,50.2,42.2983338354228,38.21339950372209,28.65329512893983,138000.0,47576.0,21.0,11.0,11.0,5.0,0.0,0.0,1.0
139000.0,0.5,3.06088218672408E-9,139000.0,49.9,42.99180379167088,38.75305623471883,30.513176144244103,139000.0,47576.0,21.0,11.0,11.0,5.0,0.0,0.0,1.0
140000.0,0.5,3.06088218672408E-9,140000.0,50.4,43.67073728872268,37.53148614609572,31.01529902642559,140000.0,47576.0,21.0,11.0,11.0,5.0,0.0,0.0,1.0
141000.0,0.515625,3.253678894705243E-9,141000.0,47.199999999999996,40.77650083339128,36.0,28.163265306122444,141000.0,47696.0,21.0,11.0,11.0,5.0,0.0,0.0,1.0
142000.0,0.515625,3.253678894705243E-9,142000.0,48.8,42.69385872916916,36.39751552795031,29.37931034482758,142000.0,47696.0,21.0,11.0,11.0,5.0,0.0,0.0,1.0
143000.0,0.515625,3.253678894705243E-9,143000.0,52.400000000000006,45.973186356186524,43.333333333333336,33.704735376044574,143000.0,47696.0,21.0,11.0,11.0,5.0,0.0,0.0,1.0
144000.0,0.515625,3.253678894705243E-9,144000.0,51.1,44.776962168266515,41.084337349397586,32.27146814404432,144000.0,47696.0,21.0,11.0,11.0,5.0,0.0,0.0,1.0
145000.0,0.53125,3.4453437870575326E-9,145000.0,50.7,43.349872565940515,37.90931989924434,29.166666666666668,145000.0,47416.0,23.0,12.0,12.0,5.0,0.0,0.0,1.0
146000.0,0.53125,3.4453437870575326E-9,146000.0,53.1,46.76407290030239,41.88351920693928,33.38068181818183,146000.0,47776.0,23.0,12.0,12.0,5.0,0.0,0.0,1.0
147000.0,0.53125,3.4453437870575326E-9,147000.0,54.300000000000004,47.89410074567305,42.659974905897116,34.90028490028491,147000.0,50288.0,23.0,12.0,12.0,5.0,0.0,0.0,1.0
148000.0,0.53125,3.4453437870575326E-9,148000.0,52.2,45.4070543679496,42.06060606060606,31.321839080459775,148000.0,50720.0,23.0,12.0,12.0,5.0,0.0,0.0,1.0
149000.0,0.546875,3.650849167671469E-9,149000.0,51.7,45.24933091961854,40.881272949816406,32.63598326359833,149000.0,50840.0,23.0,12.0,12.0,5.0,0.0,0.0,1.0
150000.0,0.546875,3.650849167671469E-9,150000.0,55.7,50.64033854265322,45.77723378212975,40.29649595687332,150000.0,51128.0,23.0,12.0,12.0,5.0,0.0,0.0,1.0
151000.0,0.546875,3.650849167671469E-9,151000.0,52.5,47.26558163287963,42.00244200244201,35.810810810810814,151000.0,51248.0,23.0,12.0,12.0,5.0,0.0,0.0,1.0
152000.0,0.546875,3.650849167671469E-9,152000.0,51.0,45.027329270591196,40.38929440389295,33.15143246930423,152000.0,51248.0,23.0,12.0,12.0,5.0,0.0,0.0,1.0
153000.0,0.5625,3.858003765344621E-9,153000.0,53.400000000000006,47.6565641588994,42.32673267326732,35.45706371191136,153000.0,51248.0,23.0,12.0,12.0,5.0,0.0,0.0,1.0
154000.0,0.5625,3.858003765344621E-9,154000.0,52.300000000000004,46.018496303907945,40.96534653465346,32.72214386459803,154000.0,51248.0,23.0,12.0,12.0,5.0,0.0,0.0,1.0
155000.0,0.5625,3.858003765344621E-9,155000.0,51.0,44.788110288566635,38.74999999999999,30.98591549295775,155000.0,51368.0,23.0,12.0,12.0,5.0,0.0,0.0,1.0
156000.0,0.5625,3.858003765344621E-9,156000.0,52.900000000000006,47.11673951681991,43.04715840386941,35.03448275862069,156000.0,51368.0,23.0,12.0,12.0,5.0,0.0,0.0,1.0
157000.0,0.578125,4.065643426858718E-9,157000.0,52.800000000000004,46.044810242341114,42.85714285714286,32.859174964438125,157000.0,51368.0,23.0,12.0,12.0,5.0,0.0,0.0,1.0
158000.0,0.578125,4.065643426858718E-9,158000.0,54.300000000000004,47.88084900614368,43.78843788437885,34.05483405483406,158000.0,51368.0,23.0,12.0,12.0,5.0,0.0,0.0,1.0
159000.0,0.578125,4.065643426858718E-9,159000.0,50.8,44.68721858779274,40.43583535108959,32.510288065843625,159000.0,51368.0,23.0,12.0,12.0,5.0,0.0,0.0,1.0
160000.0,0.578125,4.065643426858718E-9,160000.0,51.5,45.6614292500605,39.375,32.825484764542935,160000.0,51368.0,23.0,12.0,12.0,5.0,0.0,0.0,1.0
161000.0,0.59375,4.27376815221376E-9,161000.0,52.2,46.702465958708906,41.060419235511716,34.15977961432507,161000.0,51488.0,23.0,12.0,12.0,5.0,0.0,0.0,1.0
162000.0,0.59375,4.27376815221376E-9,162000.0,51.800000000000004,45.87115988446525,40.78624078624078,32.77545327754533,162000.0,51488.0,23.0,12.0,12.0,5.0,0.0,0.0,1.0
163000.0,0.59375,4.27376815221376E-9,163000.0,51.9,46.380039551688085,41.837968561064095,33.6551724137931,163000.0,51488.0,23.0,12.0,12.0,5.0,0.0,0.0,1.0
164000.0,0.609375,4.483057030787071E-9,164000.0,51.0,45.07606964354369,40.461725394896725,32.78463648834019,164000.0,51776.0,23.0,12.0,12.0,5.0,0.0,0.0,1.0
164860.0,0.609375,4.483057030787071E-9,164860.0,53.7,47.67628458676697,42.48447204968945,34.97191011235956,164860.0,51896.0,23.0,12.0,12.0,5.0,0.0,0.0,1.0
