learning evaluation instances,evaluation time (cpu seconds),model cost (RAM-Hours),classified instances,classifications correct (percent),Kappa Statistic (percent),Kappa Temporal Statistic (percent),Kappa M Statistic (percent),model training instances,model serialized size (bytes),ensemble size,[avg] model training instances,[err] model training instances,[avg] model serialized size (bytes),[err] model serialized size (bytes),[avg] Change detected,[err] Change detected,[avg] Warning detected,[err] Warning detected,[avg] tree size (nodes),[err] tree size (nodes),[avg] tree size (leaves),[err] tree size (leaves),[avg] active learning leaves,[err] active learning leaves,[avg] tree depth,[err] tree depth,[avg] active leaf byte size estimate,[err] active leaf byte size estimate,[avg] inactive leaf byte size estimate,[err] inactive leaf byte size estimate,[avg] byte size estimate overhead,[err] byte size estimate overhead
1000.0,2.359375,2.233976168402781E-6,1000.0,57.8,57.013344198838745,57.24417426545085,50.17709563164108,1000.0,3679744.0,15.0,924.4,252.69561900054575,327698.13333333336,214849.61237295542,0.39999999999999997,0.7367883976130073,19.733333333333334,8.53954387094589,1.0,0.0,1.0,0.0,1.0,0.0,0.0,0.0,0.0,0.0,0.0,0.0,1.0,0.0
2000.0,4.078125,3.842163940943364E-6,2000.0,70.7,70.20843924758515,70.55276381909547,65.73099415204678,2000.0,3616816.0,15.0,1765.7666666666664,345.8646021039241,325626.1333333334,212500.48210310156,0.13333333333333336,0.5163977794943222,10.533333333333333,6.045856511064496,1.0,0.0,1.0,0.0,1.0,0.0,0.0,0.0,0.0,0.0,0.0,0.0,1.0,0.0
3000.0,5.703125,5.3710065225863624E-6,3000.0,75.0,74.54952662119516,74.84909456740442,70.99767981438515,3000.0,3636736.0,15.0,2571.0333333333338,712.1033188952352,326366.9333333334,213236.9191529869,0.4666666666666667,0.990430401872025,9.0,6.082762530298219,1.0,0.0,1.0,0.0,1.0,0.0,0.0,0.0,0.0,0.0,0.0,0.0,1.0,0.0
4000.0,7.890625,7.504275256198728E-6,4000.0,72.8,72.25056110997755,72.52525252525253,68.37209302325581,4000.0,3769640.0,15.0,2771.6666666666665,1542.6122344086107,330694.66666666674,218003.7576046503,1.0,0.9258200997725514,18.0,7.946247991527647,1.0,0.0,1.0,0.0,1.0,0.0,0.0,0.0,0.0,0.0,0.0,0.0,1.0,0.0
5000.0,9.8125,9.299439002966715E-6,5000.0,65.10000000000001,64.27108927108928,64.6403242147923,59.69976905311779,5000.0,3610616.0,15.0,3283.266666666667,2192.081028790133,325496.2666666666,212320.13950553673,1.5333333333333332,1.3020130933435712,15.133333333333333,11.469628631842486,1.0,0.0,1.0,0.0,1.0,0.0,0.0,0.0,0.0,0.0,0.0,0.0,1.0,0.0
6000.0,11.640625,1.100919794731049E-5,6000.0,76.8,76.39637806490997,76.54196157735086,72.89719626168224,6000.0,3615192.0,15.0,4194.533333333334,2212.6172009999655,325648.8,212448.07841177375,0.06666666666666668,0.2581988897471611,14.533333333333333,8.016649341630622,1.0,0.0,1.0,0.0,1.0,0.0,0.0,0.0,0.0,0.0,0.0,0.0,1.0,0.0
7000.0,14.078125,1.3426959081294222E-5,7000.0,62.4,61.67176350662589,62.134944612286006,55.92028135990621,7000.0,3834168.0,15.0,3932.6999999999994,3257.620150482187,333178.4,219941.96229218727,1.6666666666666663,0.8164965809277259,21.26666666666667,11.266046756684862,1.0,0.0,1.0,0.0,1.0,0.0,0.0,0.0,0.0,0.0,0.0,0.0,1.0,0.0
8000.0,16.59375,1.582123015800284E-5,8000.0,55.7,55.13469718452502,55.34274193548387,48.30805134189032,8000.0,3679000.0,15.0,4319.733333333333,3771.712781449182,327954.93333333335,214614.3884212885,1.7999999999999996,1.3201731488169055,26.133333333333333,8.408046033130294,1.0,0.0,1.0,0.0,1.0,0.0,0.0,0.0,0.0,0.0,0.0,0.0,1.0,0.0
9000.0,18.625,1.7758973861216673E-5,9000.0,71.39999999999999,70.88169415597638,70.90539165818922,66.51053864168618,9000.0,3687528.0,15.0,5001.066666666666,4032.7289890160696,328213.6,215470.8565341462,0.6666666666666666,1.1751393027860062,16.999999999999996,8.185352771872449,1.0,0.0,1.0,0.0,1.0,0.0,0.0,0.0,0.0,0.0,0.0,0.0,1.0,0.0
10000.0,20.859375,1.9589618087694465E-5,10000.0,68.8,67.95398520953164,68.29268292682926,63.76306620209059,10000.0,3167016.0,15.0,5127.500000000001,4986.876893925938,310888.80000000005,198893.6969272956,1.9999999999999998,0.6546536707079771,17.66666666666667,6.965903353033945,1.0,0.0,1.0,0.0,1.0,0.0,0.0,0.0,0.0,0.0,0.0,0.0,1.0,0.0
11000.0,23.3125,2.1933695081517932E-5,11000.0,68.60000000000001,67.97878849683867,68.25075834175935,63.699421965317924,11000.0,3693640.0,15.0,5779.133333333334,5343.40482137162,328417.3333333333,215014.1492783325,1.7333333333333336,1.0997835284835873,23.8,6.805459992850278,1.0,0.0,1.0,0.0,1.0,0.0,0.0,0.0,0.0,0.0,0.0,0.0,1.0,0.0
12000.0,25.796875,2.4398969673913802E-5,12000.0,63.9,63.27195035100214,63.46153846153846,58.314087759815244,12000.0,3835752.0,15.0,6329.799999999999,5803.179974866337,333154.4,219906.8553179606,1.1333333333333335,0.8338093878327919,20.400000000000002,9.730658471332466,1.0,0.0,1.0,0.0,1.0,0.0,0.0,0.0,0.0,0.0,0.0,0.0,1.0,0.0
13000.0,27.453125,2.604019973659888E-5,13000.0,77.3,76.84382331939203,77.07070707070707,73.54312354312354,13000.0,3830416.0,15.0,7065.133333333333,5942.306557473159,332976.53333333327,219733.28990670256,0.20000000000000004,0.41403933560541256,10.200000000000001,7.183313998427188,1.0,0.0,1.0,0.0,1.0,0.0,0.0,0.0,0.0,0.0,0.0,0.0,1.0,0.0
14000.0,30.109375,2.844253176590428E-5,14000.0,68.0,67.38687321646964,67.54563894523326,62.833914053426255,14000.0,3495960.0,15.0,7163.9333333333325,6851.476216132542,321827.99999999994,208828.56996506767,2.0000000000000004,0.7559289460184545,25.666666666666668,10.18869588365085,1.0,0.0,1.0,0.0,1.0,0.0,0.0,0.0,0.0,0.0,0.0,0.0,1.0,0.0
15000.0,32.40625,3.0620809411630034E-5,15000.0,67.30000000000001,66.78179601787892,67.06948640483384,61.79906542056075,15000.0,3665880.0,15.0,7691.133333333333,7229.530450405014,327543.2,214793.84151294854,0.9999999999999999,1.133893419027682,21.2,7.866747376502839,1.0,0.0,1.0,0.0,1.0,0.0,0.0,0.0,0.0,0.0,0.0,0.0,1.0,0.0
16000.0,34.734375,3.288526624803328E-5,16000.0,68.89999999999999,68.25558844544247,68.49037487335359,63.962920046349936,16000.0,3759760.0,15.0,8412.566666666666,7499.625630579874,330672.53333333344,217258.2370791502,0.7333333333333333,0.9611501047232549,18.933333333333334,9.361522057768983,1.0,0.0,1.0,0.0,1.0,0.0,0.0,0.0,0.0,0.0,0.0,0.0,1.0,0.0
17000.0,36.671875,3.470921171053002E-5,17000.0,67.9,67.01602959309496,67.54297269969666,62.97577854671281,17000.0,3638920.0,15.0,9081.466666666667,8008.294858041464,326362.6666666667,215052.64307387033,0.8,0.9411239481143203,12.133333333333333,8.626095513586886,1.0,0.0,1.0,0.0,1.0,0.0,0.0,0.0,0.0,0.0,0.0,0.0,1.0,0.0
18000.0,39.0,3.6854097593782675E-5,18000.0,66.8,66.2635910984656,66.56596173212488,61.03286384976526,18000.0,3561232.0,15.0,9435.866666666667,8700.240173987006,323798.93333333335,212302.29552496085,1.6666666666666667,1.2909944487358056,20.533333333333335,10.329338705611221,1.0,0.0,1.0,0.0,1.0,0.0,0.0,0.0,0.0,0.0,0.0,0.0,1.0,0.0
19000.0,41.421875,3.913410961912531E-5,19000.0,57.099999999999994,56.40243902439024,56.44670050761421,50.40462427745665,19000.0,3639048.0,15.0,9796.133333333333,9376.168575384243,326674.4000000001,213824.24248507753,1.4666666666666668,1.3020130933435712,24.533333333333335,8.724895960629533,1.0,0.0,1.0,0.0,1.0,0.0,0.0,0.0,0.0,0.0,0.0,0.0,1.0,0.0
20000.0,43.421875,4.107186489919614E-5,20000.0,62.2,61.67883211678833,61.66328600405679,55.529411764705884,20000.0,3745168.0,15.0,10736.866666666669,9486.823343671105,329955.73333333334,217815.57690267166,0.39999999999999997,0.9102589898327994,15.000000000000004,10.205040771249136,1.0,0.0,1.0,0.0,1.0,0.0,0.0,0.0,0.0,0.0,0.0,0.0,1.0,0.0
21000.0,45.75,4.324188303952622E-5,21000.0,62.0,61.04961049610497,61.53846153846154,55.45134818288394,21000.0,3602960.0,15.0,11105.699999999999,10239.469076854622,325497.0666666667,212437.11011593335,1.3333333333333333,1.0465362369445672,18.733333333333338,9.003702941938204,1.0,0.0,1.0,0.0,1.0,0.0,0.0,0.0,0.0,0.0,0.0,0.0,1.0,0.0
22000.0,48.28125,4.5503467198513025E-5,22000.0,64.5,63.74591503267973,64.17759838546922,58.768873403019754,22000.0,3453664.0,15.0,11534.566666666666,10801.988519627343,320520.5333333333,207262.06808268762,1.4666666666666666,1.0600988273786194,22.000000000000004,12.106668764421887,1.0,0.0,1.0,0.0,1.0,0.0,0.0,0.0,0.0,0.0,0.0,0.0,1.0,0.0
22950.0,50.671875,4.791335429116669E-5,22950.0,62.3,61.45982416683704,62.03423967774421,56.516724336793544,22950.0,3896616.0,15.0,12126.6,11166.146807387853,335259.99999999994,221790.99360216252,1.1333333333333333,0.833809387832792,20.0,8.94427190999916,1.0,0.0,1.0,0.0,1.0,0.0,0.0,0.0,0.0,0.0,0.0,0.0,1.0,0.0
