learning evaluation instances,evaluation time (cpu seconds),model cost (RAM-Hours),classified instances,classifications correct (percent),Kappa Statistic (percent),Kappa Temporal Statistic (percent),Kappa M Statistic (percent),model training instances,model serialized size (bytes),[avg] model training instances,[err] model training instances,[avg] model serialized size (bytes),[err] model serialized size (bytes),[avg] tree size (nodes),[err] tree size (nodes),[avg] tree size (leaves),[err] tree size (leaves),[avg] active learning leaves,[err] active learning leaves,[avg] tree depth,[err] tree depth,[avg] active leaf byte size estimate,[err] active leaf byte size estimate,[avg] inactive leaf byte size estimate,[err] inactive leaf byte size estimate,[avg] byte size estimate overhead,[err] byte size estimate overhead
1000.0,1.921875,1.3656906473139921E-6,1000.0,59.8,59.14218924687468,59.27051671732523,52.5383707201889,1000.0,2770520.0,3123.5999999999995,2340.1597201450745,76955.20000000001,19177.703439699253,1.2000000000000002,0.6155870112510924,1.1000000000000003,0.3077935056255462,1.1000000000000003,0.3077935056255462,0.09999999999999999,0.3077935056255462,0.0,0.0,0.0,0.0,1.0,0.0
2000.0,5.078125,3.4190855351173214E-6,2000.0,73.5,73.09644670050761,73.36683417085426,69.00584795321637,2000.0,2514800.0,13010.349999999999,1137.7593527353852,84504.79999999997,35222.36714242513,1.4000000000000004,1.0462967275611939,1.2000000000000002,0.5231483637805969,1.2000000000000002,0.5231483637805969,0.2,0.5231483637805969,0.0,0.0,0.0,0.0,1.0,0.0
3000.0,8.03125,7.581432130084269E-6,3000.0,76.2,75.76621525302923,76.05633802816901,72.38979118329466,3000.0,5448272.0,21783.65,6932.220638173298,226660.4,88703.08199855349,6.600000000000001,3.283130726672493,3.8000000000000007,1.6415653633362466,3.8000000000000007,1.6415653633362466,2.15,1.1367080817685318,0.0,0.0,0.0,0.0,1.0,0.0
4000.0,11.265625,1.2226865057730012E-5,4000.0,77.8,77.3792541267577,77.57575757575758,74.18604651162791,4000.0,5551856.0,18906.8,13900.159395526822,231803.6,185821.11142154125,6.4,6.2272744735093415,3.7,3.1136372367546707,3.7,3.1136372367546707,1.6999999999999997,1.8945906376340316,0.0,0.0,0.0,0.0,1.0,0.0
5000.0,14.34375,1.521024267680736E-5,5000.0,70.7,70.1233812582849,70.31408308004052,66.1662817551963,5000.0,3746488.0,10745.150000000001,11506.085370588175,133258.40000000002,145098.4135305922,3.1,4.876366205323494,2.05,2.438183102661747,2.05,2.438183102661747,0.65,1.4244112357114616,0.0,0.0,0.0,0.0,1.0,0.0
6000.0,17.5625,1.8824023395104127E-5,6000.0,74.1,73.68688408005688,73.81193124368049,69.7429906542056,6000.0,4339872.0,16386.700000000004,6884.612293483123,171185.20000000004,93354.01906697908,4.5,3.2363071872933067,2.75,1.6181535936466533,2.75,1.6181535936466533,1.25,1.164157703189193,0.0,0.0,0.0,0.0,1.0,0.0
7000.0,20.625,2.2297421593167302E-5,7000.0,67.9,67.26493983275546,67.6737160120846,62.368112543962496,7000.0,4384104.0,11399.6,11897.253147813486,170190.4,165470.70303718737,4.4,5.623259964787236,2.6999999999999997,2.811629982393618,2.6999999999999997,2.811629982393618,1.15,1.8431951662948316,0.0,0.0,0.0,0.0,1.0,0.0
8000.0,23.84375,2.496008046566405E-5,8000.0,62.7,62.22784810126583,62.3991935483871,56.47607934655776,8000.0,3197648.0,8725.300000000001,8898.836269866682,114452.0,118797.498736738,2.4000000000000004,3.898717737923586,1.7000000000000002,1.949358868961793,1.7000000000000002,1.949358868961793,0.55,1.5035046776746235,0.0,0.0,0.0,0.0,1.0,0.0
9000.0,27.0,2.7585545224913704E-5,9000.0,69.89999999999999,69.3170234454638,69.3794506612411,64.75409836065573,9000.0,3215416.0,15491.5,7786.731187022406,119392.0,67615.05491655257,2.8,2.330574810506717,1.9,1.1652874052533586,1.9,1.1652874052533586,0.85,0.9880869341680845,0.0,0.0,0.0,0.0,1.0,0.0
10000.0,30.046875,3.1552441942039874E-5,10000.0,72.5,71.86700767263426,72.05284552845528,68.06039488966317,10000.0,5032672.0,17753.85,13438.19834131519,214962.80000000002,122280.52996527891,5.9,4.178894338785899,3.45,2.0894471693929497,3.45,2.0894471693929497,2.05,1.700619082322051,0.0,0.0,0.0,0.0,1.0,0.0
11000.0,32.984375,3.4112797228671196E-5,11000.0,75.5,75.0152967570875,75.22750252780587,71.67630057803468,11000.0,3369184.0,9813.349999999999,12405.081018743043,127425.6,142931.18059232488,2.9,4.745080555025827,1.9500000000000004,2.3725402775129134,1.9500000000000004,2.3725402775129134,0.65,1.5985190514644287,0.0,0.0,0.0,0.0,1.0,0.0
12000.0,36.078125,3.720597852306026E-5,12000.0,64.3,63.68260427263479,63.8663967611336,58.775981524249424,12000.0,3864760.0,11907.350000000002,14513.173294685725,144917.2,159583.69474868698,3.4,5.051315618102299,2.2,2.5256578090511494,2.2,2.5256578090511494,0.75,1.4823523268955432,0.0,0.0,0.0,0.0,1.0,0.0
13000.0,39.03125,4.007602686114195E-5,13000.0,80.60000000000001,80.153452685422,80.40404040404042,77.3892773892774,13000.0,3756728.0,18511.0,6049.6836889908645,146291.6,122570.26466497534,3.6,4.259972819285661,2.3000000000000003,2.1299864096428305,2.3000000000000003,2.1299864096428305,0.9500000000000002,1.5719582155957414,0.0,0.0,0.0,0.0,1.0,0.0
14000.0,42.125,4.325509588751528E-5,14000.0,72.1,71.4957090314671,71.70385395537525,67.59581881533101,14000.0,3972072.0,14008.55,11463.839884266756,153060.00000000006,100237.86136249274,3.7000000000000006,3.326132573235294,2.35,1.663066286617647,2.35,1.663066286617647,0.95,1.190974832912761,0.0,0.0,0.0,0.0,1.0,0.0
15000.0,45.109375,4.6400097522160245E-5,15000.0,68.89999999999999,68.44881809881302,68.68076535750251,63.668224299065415,15000.0,4073520.0,17584.249999999996,13650.743823477553,149446.00000000006,119933.3833302998,3.6000000000000005,3.9523477366723374,2.3000000000000003,1.9761738683361687,2.3000000000000003,1.9761738683361687,1.0000000000000002,1.4509525002200232,0.0,0.0,0.0,0.0,1.0,0.0
16000.0,48.15625,5.043338201681359E-5,16000.0,72.5,71.92731727235606,72.13779128672746,68.13441483198146,16000.0,5116896.0,21147.1,14604.505342710623,205700.8,132751.49466483368,5.700000000000001,4.366137640379291,3.3500000000000005,2.1830688201896455,3.3500000000000005,2.1830688201896455,1.6499999999999997,1.3869694338832113,0.0,0.0,0.0,0.0,1.0,0.0
17000.0,51.25,5.475926419927014E-5,17000.0,77.5,76.9773866775811,77.24974721941355,74.0484429065744,17000.0,5404952.0,20721.95,14013.00443188022,228790.39999999997,165897.13942091377,6.1,5.330152560273437,3.5500000000000003,2.6650762801367187,3.5500000000000003,2.6650762801367187,1.7499999999999998,1.743408639479146,0.0,0.0,0.0,0.0,1.0,0.0
18000.0,54.515625,5.698224794792218E-5,18000.0,66.3,65.70323631182578,66.06243705941591,60.44600938967136,18000.0,2631312.0,7316.099999999999,3730.79142020197,82137.2,39554.70943496122,1.4000000000000001,1.3917047478769184,1.2000000000000002,0.6958523739384592,1.2000000000000002,0.6958523739384592,0.15,0.48936048492959283,0.0,0.0,0.0,0.0,1.0,0.0
19000.0,57.765625,5.987701737063212E-5,19000.0,58.8,58.0960130187144,58.17258883248731,52.36994219653178,19000.0,3442968.0,6413.299999999999,5666.325320885244,131303.99999999997,87635.11590320642,3.3000000000000003,3.3261325732352947,2.15,1.6630662866176473,2.15,1.6630662866176473,0.95,1.2343760409722462,0.0,0.0,0.0,0.0,1.0,0.0
20000.0,61.0,6.34107707042454E-5,20000.0,68.60000000000001,67.98858191456826,68.15415821501016,63.05882352941177,20000.0,4223264.0,14724.9,5594.547269204937,166431.6,85079.3428218006,4.0,2.7144835701531846,2.5,1.3572417850765923,2.5,1.3572417850765923,1.35,1.1821033884786183,0.0,0.0,0.0,0.0,1.0,0.0
21000.0,63.984375,6.643399686759543E-5,21000.0,70.19999999999999,69.38880328710837,69.83805668016194,65.06447831184056,21000.0,3915792.0,11014.000000000002,9183.973265823917,141739.6,113634.91171401784,3.5000000000000004,3.6634754853252325,2.25,1.831737742662616,2.25,1.831737742662616,1.0499999999999998,1.5035046776746235,0.0,0.0,0.0,0.0,1.0,0.0
22000.0,67.0,6.966649063138497E-5,22000.0,66.2,65.50316391100225,65.89303733602422,60.743321718931476,22000.0,4143456.0,14014.899999999998,10185.68274796075,161565.59999999998,126183.96371146709,4.1000000000000005,4.22897275071805,2.5500000000000003,2.114486375359025,2.5500000000000003,2.114486375359025,1.2500000000000002,1.4823523268955432,0.0,0.0,0.0,0.0,1.0,0.0
22950.0,69.875,7.34085724171665E-5,22950.0,65.0,64.18338108882521,64.7532729103726,59.63091118800462,22950.0,5031272.0,18319.8,10728.282570162997,201282.39999999997,124114.70948509051,5.199999999999999,3.8879029660839284,3.099999999999999,1.943951483041964,3.099999999999999,1.943951483041964,1.5500000000000003,1.3562719801759995,0.0,0.0,0.0,0.0,1.0,0.0
