learning evaluation instances,evaluation time (cpu seconds),model cost (RAM-Hours),classified instances,classifications correct (percent),Kappa Statistic (percent),Kappa Temporal Statistic (percent),Kappa M Statistic (percent),model training instances,model serialized size (bytes),ensemble size,change detections,[avg] model training instances,[err] model training instances,[avg] model serialized size (bytes),[err] model serialized size (bytes),[avg] tree size (nodes),[err] tree size (nodes),[avg] tree size (leaves),[err] tree size (leaves),[avg] active learning leaves,[err] active learning leaves,[avg] tree depth,[err] tree depth,[avg] active leaf byte size estimate,[err] active leaf byte size estimate,[avg] inactive leaf byte size estimate,[err] inactive leaf byte size estimate,[avg] byte size estimate overhead,[err] byte size estimate overhead
1000.0,4.171875,6.2181064276956024E-6,1000.0,59.4,58.718861209964416,58.86524822695035,52.06611570247933,1000.0,5776880.0,45.0,14.0,5171.933333333333,1832.7958077012486,115452.8,1150.835775346849,1.0,0.0,1.0,0.0,1.0,0.0,0.0,0.0,0.0,0.0,0.0,0.0,1.0,0.0
2000.0,8.8125,1.3190984609536827E-5,2000.0,65.4,64.858825919155,65.22613065326634,59.53216374269006,2000.0,5808152.0,45.0,28.0,9647.422222222225,3217.645338166129,115964.79999999999,1014.6482059404522,1.0,0.0,1.0,0.0,1.0,0.0,0.0,0.0,0.0,0.0,0.0,0.0,1.0,0.0
3000.0,13.734375,2.0600274147000165E-5,3000.0,68.10000000000001,67.4257122434392,67.90744466800805,62.99303944315546,3000.0,5819000.0,45.0,32.0,14780.777777777776,4181.036125873417,116101.33333333334,1051.273167510364,1.0,0.0,1.0,0.0,1.0,0.0,0.0,0.0,0.0,0.0,0.0,0.0,1.0,0.0
4000.0,18.59375,2.7915386955202042E-5,4000.0,53.5,52.85410118625165,53.03030303030303,45.93023255813954,4000.0,5818928.0,45.0,55.0,14611.755555555557,9586.25168987421,116357.3333333333,1068.1395891072384,1.0,0.0,1.0,0.0,1.0,0.0,0.0,0.0,0.0,0.0,0.0,0.0,1.0,0.0
5000.0,23.3125,3.50464069763095E-5,5000.0,63.1,62.41597066612344,62.61398176291794,57.39030023094688,5000.0,5841536.0,45.0,77.0,11241.155555555551,10338.721289747138,116852.26666666666,966.2246680202844,1.0,0.0,1.0,0.0,1.0,0.0,0.0,0.0,0.0,0.0,0.0,0.0,1.0,0.0
6000.0,28.0625,4.223388325448872E-5,6000.0,72.6,72.07785590543156,72.29524772497471,67.99065420560747,6000.0,5849048.0,45.0,88.0,14211.8,11918.385729238214,116903.46666666669,939.9704444096285,1.0,0.0,1.0,0.0,1.0,0.0,0.0,0.0,0.0,0.0,0.0,0.0,1.0,0.0
7000.0,32.828125,4.9451482514592095E-5,7000.0,54.7,53.77079293805491,54.38066465256798,46.893317702227435,7000.0,5854304.0,45.0,115.0,12033.06666666667,11255.424176005909,117210.66666666666,705.321074534014,1.0,0.0,1.0,0.0,1.0,0.0,0.0,0.0,0.0,0.0,0.0,0.0,1.0,0.0
8000.0,37.5,5.6536581444864473E-5,8000.0,53.6,53.06968746839284,53.22580645161291,45.85764294049008,8000.0,5862152.0,45.0,129.0,13015.177777777777,12744.003028677822,117261.86666666665,680.8217494656407,1.0,0.0,1.0,0.0,1.0,0.0,0.0,0.0,0.0,0.0,0.0,0.0,1.0,0.0
9000.0,42.359375,6.39019792045777E-5,9000.0,60.8,60.154502947753606,60.12207527975585,54.0983606557377,9000.0,5858928.0,45.0,140.0,12354.022222222224,6740.716985363476,117227.55555555553,1385.591891174628,1.0,0.0,1.0,0.0,1.0,0.0,0.0,0.0,0.0,0.0,0.0,0.0,1.0,0.0
10000.0,47.015625,7.096271722629252E-5,10000.0,56.3,55.013382746551365,55.58943089430893,49.245063879210214,10000.0,5861600.0,45.0,158.0,11534.377777777778,7768.210418367953,117432.53333333328,325.65190562372254,1.0,0.0,1.0,0.0,1.0,0.0,0.0,0.0,0.0,0.0,0.0,0.0,1.0,0.0
11000.0,51.78125,7.820111747908716E-5,11000.0,50.5,48.45360824742267,49.94944388270981,42.77456647398844,11000.0,5871176.0,45.0,173.0,12244.42222222222,8036.65557557396,117432.53333333331,364.49875919479547,1.0,0.0,1.0,0.0,1.0,0.0,0.0,0.0,0.0,0.0,0.0,0.0,1.0,0.0
12000.0,56.53125,8.526935808024265E-5,12000.0,57.199999999999996,56.32207368098785,56.68016194331983,50.57736720554272,12000.0,5752016.0,45.0,188.0,12400.577777777778,9634.523596489507,114840.5333333333,17489.292009164295,0.9777777777777776,0.14907119849998599,0.9777777777777776,0.14907119849998599,0.9777777777777776,0.14907119849998599,0.0,0.0,0.0,0.0,0.0,0.0,1.0,0.0
13000.0,61.4375,9.272339142626151E-5,13000.0,74.8,74.21994884910485,74.54545454545455,70.62937062937063,13000.0,5872784.0,45.0,190.0,17501.51111111111,9373.1154339085,117449.59999999996,310.6712966230618,1.0,0.0,1.0,0.0,1.0,0.0,0.0,0.0,0.0,0.0,0.0,0.0,1.0,0.0
14000.0,66.109375,9.981321846781712E-5,14000.0,58.099999999999994,57.12239050347932,57.5050709939148,51.33565621370499,14000.0,5866064.0,45.0,217.0,13555.488888888893,9833.182765565281,117449.59999999998,351.1792083304984,1.0,0.0,1.0,0.0,1.0,0.0,0.0,0.0,0.0,0.0,0.0,0.0,1.0,0.0
15000.0,70.53125,1.0652604532272865E-4,15000.0,63.6,63.1467044649185,63.343403826787515,57.476635514018696,15000.0,5868152.0,45.0,230.0,12886.088888888891,10126.417597332016,117432.53333333331,364.498759194794,1.0,0.0,1.0,0.0,1.0,0.0,0.0,0.0,0.0,0.0,0.0,0.0,1.0,0.0
16000.0,75.171875,1.1357660279221211E-4,16000.0,61.7,61.10885458976442,61.19554204660588,55.61993047508691,16000.0,5872856.0,45.0,247.0,10934.533333333333,6804.6445555423925,117432.5333333333,325.6519056237247,1.0,0.0,1.0,0.0,1.0,0.0,0.0,0.0,0.0,0.0,0.0,0.0,1.0,0.0
17000.0,79.9375,1.2079371876704196E-4,17000.0,66.0,65.06011715137191,65.62184024266936,60.7843137254902,17000.0,5853912.0,45.0,266.0,9149.42222222222,6402.835698092501,117142.22222222222,1405.8567250303759,1.0,0.0,1.0,0.0,1.0,0.0,0.0,0.0,0.0,0.0,0.0,0.0,1.0,0.0
18000.0,84.546875,1.2778680978549852E-4,18000.0,61.3,60.55447966568137,61.027190332326285,54.577464788732385,18000.0,5864480.0,45.0,286.0,9448.444444444442,6807.4497279069055,117347.19999999998,380.493077227671,1.0,0.0,1.0,0.0,1.0,0.0,0.0,0.0,0.0,0.0,0.0,0.0,1.0,0.0
19000.0,89.203125,1.348479236346773E-4,19000.0,52.2,51.06470106470107,51.47208121827411,44.73988439306358,19000.0,5861912.0,45.0,313.0,7265.333333333335,4706.829042610708,117398.40000000001,310.67129662306036,1.0,0.0,1.0,0.0,1.0,0.0,0.0,0.0,0.0,0.0,0.0,0.0,1.0,0.0
20000.0,93.90625,1.418424405468007E-4,20000.0,61.0,60.10230179028133,60.446247464503045,54.11764705882353,20000.0,5748752.0,45.0,324.0,9716.977777777774,4943.8004910139225,114738.13333333333,17476.576689958478,0.9777777777777776,0.14907119849998599,0.9777777777777776,0.14907119849998599,0.9777777777777776,0.14907119849998599,0.0,0.0,0.0,0.0,0.0,0.0,1.0,0.0
21000.0,98.609375,1.4897025930824586E-4,21000.0,59.3,58.01526717557252,58.805668016194325,52.286049237983576,21000.0,5858312.0,45.0,347.0,9321.44444444444,6438.663407866416,117176.53333333334,1210.1370621094572,1.0,0.0,1.0,0.0,1.0,0.0,0.0,0.0,0.0,0.0,0.0,0.0,1.0,0.0
22000.0,103.1875,1.559191231111375E-4,22000.0,64.2,63.20279576523795,63.87487386478304,58.42044134727061,22000.0,5867168.0,45.0,365.0,9634.111111111111,6458.63452787402,117347.19999999998,474.55824434175145,1.0,0.0,1.0,0.0,1.0,0.0,0.0,0.0,0.0,0.0,0.0,0.0,1.0,0.0
22950.0,107.65625,1.6268199623381305E-4,22950.0,56.99999999999999,55.99222188107665,56.696878147029196,50.40369088811995,22950.0,5849888.0,45.0,384.0,9386.844444444445,6204.081200583559,117022.93333333333,2308.778882282307,1.0,0.0,1.0,0.0,1.0,0.0,0.0,0.0,0.0,0.0,0.0,0.0,1.0,0.0
