learning evaluation instances,evaluation time (cpu seconds),model cost (RAM-Hours),classified instances,classifications correct (percent),Kappa Statistic (percent),Kappa Temporal Statistic (percent),Kappa M Statistic (percent),model training instances,model serialized size (bytes),ensemble size,[avg] model training instances,[err] model training instances,[avg] model serialized size (bytes),[err] model serialized size (bytes),[avg] Change detected,[err] Change detected,[avg] Warning detected,[err] Warning detected,[avg] tree size (nodes),[err] tree size (nodes),[avg] tree size (leaves),[err] tree size (leaves),[avg] active learning leaves,[err] active learning leaves,[avg] tree depth,[err] tree depth,[avg] active leaf byte size estimate,[err] active leaf byte size estimate,[avg] inactive leaf byte size estimate,[err] inactive leaf byte size estimate,[avg] byte size estimate overhead,[err] byte size estimate overhead
1000.0,4.296875,8.96004025384577E-6,1000.0,58.199999999999996,57.32952225398121,57.64944275582573,50.649350649350644,1000.0,8080176.0,35.0,872.0571428571429,251.53804481970207,327056.1142857143,212311.5377647779,0.5428571428571427,0.7800021547050607,15.885714285714283,5.919913694578705,1.0,0.0,1.0,0.0,1.0,0.0,0.0,0.0,0.0,0.0,0.0,0.0,1.0,0.0
2000.0,8.734375,1.8039357221116207E-5,2000.0,73.3,72.7967396841569,73.16582914572865,68.77192982456141,2000.0,7908920.0,35.0,1700.6714285714284,423.6617710784062,324675.54285714286,209307.5083221333,0.3142857142857144,0.5826626797035552,14.628571428571426,9.646961467022582,1.0,0.0,1.0,0.0,1.0,0.0,0.0,0.0,0.0,0.0,0.0,0.0,1.0,0.0
3000.0,13.171875,2.7232434852824857E-5,3000.0,75.5,75.0382068262863,75.35211267605634,71.57772621809745,3000.0,8008016.0,35.0,2398.914285714285,893.6747413187987,325860.80000000005,211404.10543952088,0.6571428571428574,0.9375455171023195,13.028571428571427,11.788543077885395,1.0,0.0,1.0,0.0,1.0,0.0,0.0,0.0,0.0,0.0,0.0,0.0,1.0,0.0
4000.0,17.90625,3.706867321549604E-5,4000.0,72.89999999999999,72.32999795793343,72.62626262626263,68.48837209302326,4000.0,8030984.0,35.0,2983.742857142857,1474.0674151861092,325991.20000000007,212196.26758082904,0.8857142857142857,1.0224373581107569,14.571428571428571,6.491105744132706,1.0,0.0,1.0,0.0,1.0,0.0,0.0,0.0,0.0,0.0,0.0,0.0,1.0,0.0
5000.0,22.875,4.733546016116937E-5,5000.0,67.4,66.69391091131999,66.97061803444782,62.35565819861433,5000.0,7987112.0,35.0,3711.7142857142862,2026.0185425053667,325880.34285714285,211030.41947438027,1.0285714285714287,1.1242177485783116,15.4,10.126261722402214,1.0,0.0,1.0,0.0,1.0,0.0,0.0,0.0,0.0,0.0,0.0,0.0,1.0,0.0
6000.0,27.203125,5.6514617107394666E-5,6000.0,77.8,77.3999796396213,77.5530839231547,74.06542056074767,6000.0,8197952.0,35.0,4633.714285714288,2069.911978404803,328793.48571428575,213871.85473757668,0.1142857142857143,0.40376380482162294,12.857142857142856,6.141195788629908,1.0,0.0,1.0,0.0,1.0,0.0,0.0,0.0,0.0,0.0,0.0,0.0,1.0,0.0
7000.0,32.625,6.811980426492583E-5,7000.0,62.8,62.00980392156863,62.53776435045317,56.38921453692849,7000.0,8273800.0,35.0,4705.071428571429,3062.2928291780995,330008.80000000005,215745.86464806696,1.2000000000000002,1.0232589230148017,18.057142857142864,9.794785098512902,1.0,0.0,1.0,0.0,1.0,0.0,0.0,0.0,0.0,0.0,0.0,0.0,1.0,0.0
8000.0,38.09375,7.944716221471834E-5,8000.0,58.9,58.46806790622474,58.568548387096776,52.04200700116686,8000.0,8006504.0,35.0,4590.728571428572,3635.3748961288334,326245.1428571429,210928.47516581637,1.4285714285714288,0.9787661586289703,20.457142857142856,10.3847820140334,1.0,0.0,1.0,0.0,1.0,0.0,0.0,0.0,0.0,0.0,0.0,0.0,1.0,0.0
9000.0,42.84375,8.957786928577762E-5,9000.0,72.0,71.48385782666259,71.51576805696847,67.21311475409836,9000.0,8244200.0,35.0,5283.900000000001,3848.8321441591925,329278.74285714276,214848.88741332706,0.45714285714285713,0.8520859229960716,13.857142857142856,7.6201854892618135,1.0,0.0,1.0,0.0,1.0,0.0,0.0,0.0,0.0,0.0,0.0,0.0,1.0,0.0
10000.0,48.375,1.0058359375559829E-4,10000.0,70.1,69.31130042081494,69.61382113821138,65.27293844367014,10000.0,7691264.0,35.0,5374.157142857144,4802.238785374987,321730.7428571428,207002.03902550216,1.6857142857142853,0.7581490064402819,18.59999999999999,9.22656012632584,1.0,0.0,1.0,0.0,1.0,0.0,0.0,0.0,0.0,0.0,0.0,0.0,1.0,0.0
11000.0,53.78125,1.1205879955216207E-4,11000.0,69.19999999999999,68.5874553799082,68.85743174924166,64.39306358381502,11000.0,8204776.0,35.0,5871.4571428571435,5171.110445278373,329055.65714285726,213564.501204487,1.7714285714285711,1.0869740590474166,19.628571428571426,8.90170411407017,1.0,0.0,1.0,0.0,1.0,0.0,0.0,0.0,0.0,0.0,0.0,0.0,1.0,0.0
12000.0,59.703125,1.2475928136458E-4,12000.0,65.10000000000001,64.52531002236228,64.67611336032388,59.69976905311779,12000.0,8290168.0,35.0,6574.07142857143,5491.0907797400105,330275.5428571428,214762.16401774567,0.8857142857142857,0.9932545604469881,20.45714285714286,8.596657548629198,1.0,0.0,1.0,0.0,1.0,0.0,0.0,0.0,0.0,0.0,0.0,0.0,1.0,0.0
13000.0,63.78125,1.3322974283558626E-4,13000.0,77.7,77.24257577303807,77.47474747474747,74.009324009324,13000.0,8028768.0,35.0,7406.9857142857145,5586.2731360467515,326453.4857142856,211392.78830052557,0.2,0.47278897170376755,9.457142857142859,7.429444034075644,1.0,0.0,1.0,0.0,1.0,0.0,0.0,0.0,0.0,0.0,0.0,0.0,1.0,0.0
14000.0,69.0625,1.4408871492681405E-4,14000.0,70.39999999999999,69.86663951949505,69.97971602434076,65.62137049941927,14000.0,7947936.0,35.0,7552.3714285714295,6509.903969040431,325375.54285714286,210647.81854360437,1.4857142857142858,0.9508951996262621,17.371428571428574,7.952379275063142,1.0,0.0,1.0,0.0,1.0,0.0,0.0,0.0,0.0,0.0,0.0,0.0,1.0,0.0
15000.0,74.5625,1.561567245516926E-4,15000.0,68.8,68.34736735315005,68.58006042296071,63.55140186915887,15000.0,8481552.0,35.0,8009.585714285713,6984.049059153475,332954.742857143,217900.7612733332,0.9142857142857141,0.9194444797052751,19.54285714285714,7.289568925941396,1.0,0.0,1.0,0.0,1.0,0.0,0.0,0.0,0.0,0.0,0.0,0.0,1.0,0.0
16000.0,79.921875,1.6735048456919483E-4,16000.0,69.6,68.9574185642806,69.19959473150962,64.77404403244495,16000.0,8073544.0,35.0,8617.72857142857,7387.318132186289,327158.9714285715,211505.83444825187,1.1714285714285717,1.0706159383247376,17.885714285714283,9.966920075846868,1.0,0.0,1.0,0.0,1.0,0.0,0.0,0.0,0.0,0.0,0.0,0.0,1.0,0.0
17000.0,85.546875,1.7920151776504807E-4,17000.0,69.8,69.00338704711075,69.46410515672396,65.1672433679354,17000.0,8143968.0,35.0,9306.457142857143,7889.39690515835,328121.14285714296,214253.83502334607,0.7428571428571429,0.8168395746756536,18.0,9.779931432455413,1.0,0.0,1.0,0.0,1.0,0.0,0.0,0.0,0.0,0.0,0.0,0.0,1.0,0.0
18000.0,91.40625,1.913366145324997E-4,18000.0,66.10000000000001,65.54177678389918,65.86102719033234,60.2112676056338,18000.0,8005608.0,35.0,9492.342857142858,8637.910759352775,325749.257142857,212762.7321224133,1.8857142857142857,1.3009369603443188,20.2,10.417180379489622,1.0,0.0,1.0,0.0,1.0,0.0,0.0,0.0,0.0,0.0,0.0,0.0,1.0,0.0
19000.0,97.484375,2.0422494785937793E-4,19000.0,59.099999999999994,58.401139137510164,58.47715736040608,52.716763005780344,19000.0,8196520.0,35.0,9939.885714285716,9246.378560252826,328926.74285714293,213933.84271228118,1.6571428571428573,1.235334133005345,21.228571428571428,8.808704632970977,1.0,0.0,1.0,0.0,1.0,0.0,0.0,0.0,0.0,0.0,0.0,0.0,1.0,0.0
20000.0,103.078125,2.1560755677961022E-4,20000.0,64.7,64.16971173365815,64.19878296146044,58.470588235294116,20000.0,7865768.0,35.0,10643.3,9501.662489697052,323620.22857142857,211443.0362412144,0.7428571428571429,0.9804817886198225,18.514285714285712,11.317273181685927,1.0,0.0,1.0,0.0,1.0,0.0,0.0,0.0,0.0,0.0,0.0,0.0,1.0,0.0
21000.0,108.546875,2.2757450374127886E-4,21000.0,64.3,63.403382880574064,63.8663967611336,58.14771395076201,21000.0,8458584.0,35.0,11475.471428571427,9759.145703466604,332692.4571428572,217158.72290039383,0.5142857142857142,0.7810787627463988,17.2,10.232014349435737,1.0,0.0,1.0,0.0,1.0,0.0,0.0,0.0,0.0,0.0,0.0,0.0,1.0,0.0
22000.0,114.0625,2.3889911626206922E-4,22000.0,66.4,65.74225122349104,66.09485368314833,60.97560975609756,22000.0,7936536.0,35.0,11970.342857142856,10302.249325079823,325124.9142857143,210313.41827637627,1.2571428571428573,1.3793190379326175,15.97142857142857,10.815255332129688,1.0,0.0,1.0,0.0,1.0,0.0,0.0,0.0,0.0,0.0,0.0,0.0,1.0,0.0
22950.0,119.375,2.509487468826895E-4,22950.0,63.2,62.37603517022799,62.94058408862034,57.554786620530564,22950.0,8767528.0,35.0,12614.671428571426,10623.603459076094,337083.99999999994,221519.20145882733,0.7142857142857143,0.8599394154935147,17.314285714285713,10.986010967352522,1.0,0.0,1.0,0.0,1.0,0.0,0.0,0.0,0.0,0.0,0.0,0.0,1.0,0.0
