learning evaluation instances,evaluation time (cpu seconds),model cost (RAM-Hours),classified instances,classifications correct (percent),Kappa Statistic (percent),Kappa Temporal Statistic (percent),Kappa M Statistic (percent),model training instances,model serialized size (bytes),ensemble size,[avg] model training instances,[err] model training instances,[avg] model serialized size (bytes),[err] model serialized size (bytes),[avg] Change detected,[err] Change detected,[avg] Warning detected,[err] Warning detected,[avg] tree size (nodes),[err] tree size (nodes),[avg] tree size (leaves),[err] tree size (leaves),[avg] active learning leaves,[err] active learning leaves,[avg] tree depth,[err] tree depth,[avg] active leaf byte size estimate,[err] active leaf byte size estimate,[avg] inactive leaf byte size estimate,[err] inactive leaf byte size estimate,[avg] byte size estimate overhead,[err] byte size estimate overhead
1000.0,4.78125,1.1364853708073497E-5,1000.0,59.3,58.380202474690655,58.76393110435664,51.94805194805194,1000.0,9207800.0,40.0,825.6000000000003,304.24800842883326,327363.89999999997,212488.7373908663,0.7500000000000001,0.8086075400626399,15.200000000000001,4.339443424077474,1.0,0.0,1.0,0.0,1.0,0.0,0.0,0.0,0.0,0.0,0.0,0.0,1.0,0.0
2000.0,9.40625,2.224967517476115E-5,2000.0,73.6,73.13797313797313,73.46733668341709,69.12280701754385,2000.0,9097288.0,40.0,1673.0625000000005,422.8163363354731,326145.9000000001,210345.48618227034,0.32499999999999996,0.6155047959570695,11.950000000000003,7.74911078438797,1.0,0.0,1.0,0.0,1.0,0.0,0.0,0.0,0.0,0.0,0.0,0.0,1.0,0.0
3000.0,14.234375,3.3482646136285944E-5,3000.0,76.6,76.16136919315404,76.45875251509054,72.8538283062645,3000.0,8993288.0,40.0,2475.0374999999995,831.4671103164421,324740.30000000005,209476.7431654407,0.425,0.8129559864454138,10.349999999999998,9.56636736778306,1.0,0.0,1.0,0.0,1.0,0.0,0.0,0.0,0.0,0.0,0.0,0.0,1.0,0.0
4000.0,19.25,4.541214704254849E-5,4000.0,74.1,73.62794012829652,73.83838383838383,69.88372093023256,4000.0,9193896.0,40.0,3276.375,1181.6946678286583,327324.7,211770.80269392752,0.35,0.6998168258505861,12.85,8.977321855225403,1.0,0.0,1.0,0.0,1.0,0.0,0.0,0.0,0.0,0.0,0.0,0.0,1.0,0.0
5000.0,23.796875,5.5883088821752206E-5,5000.0,67.30000000000001,66.53361989560946,66.86930091185411,62.24018475750578,5000.0,8901744.0,40.0,4171.324999999998,1559.3315329803456,323692.00000000006,207902.0520109885,0.44999999999999996,0.8149248824907507,8.975000000000001,9.444812712779814,1.0,0.0,1.0,0.0,1.0,0.0,0.0,0.0,0.0,0.0,0.0,0.0,1.0,0.0
6000.0,28.703125,6.814673834014684E-5,6000.0,77.10000000000001,76.66836474783494,76.84529828109201,73.24766355140187,6000.0,9662120.0,40.0,5015.350000000001,1682.823449451937,333177.50000000006,217680.35121122672,0.049999999999999996,0.22072142786315224,9.825,8.779017817851484,1.0,0.0,1.0,0.0,1.0,0.0,0.0,0.0,0.0,0.0,0.0,0.0,1.0,0.0
7000.0,34.453125,8.226325871267667E-5,7000.0,63.4,62.59580991313235,63.141993957703924,57.0926143024619,7000.0,9489912.0,40.0,5070.349999999999,2853.359965223322,330765.5,216639.43739654985,0.9750000000000002,1.0497252387758795,14.100000000000001,10.817364957113382,1.0,0.0,1.0,0.0,1.0,0.0,0.0,0.0,0.0,0.0,0.0,0.0,1.0,0.0
8000.0,40.671875,9.664417490259641E-5,8000.0,56.3,55.84966659931298,55.94758064516129,49.00816802800466,8000.0,8938936.0,40.0,4859.0625,3585.5221724609182,324041.7,208942.39420934703,1.3250000000000002,0.8883144511391021,19.850000000000005,10.852271415321075,1.0,0.0,1.0,0.0,1.0,0.0,0.0,0.0,0.0,0.0,0.0,0.0,1.0,0.0
9000.0,46.078125,1.0970537156228804E-4,9000.0,72.0,71.49837133550488,71.51576805696847,67.21311475409836,9000.0,9338760.0,40.0,5651.887500000001,3759.403861285302,329145.10000000003,213483.17654782988,0.39999999999999997,0.8711913446392583,13.55,5.799867372488921,1.0,0.0,1.0,0.0,1.0,0.0,0.0,0.0,0.0,0.0,0.0,0.0,1.0,0.0
10000.0,52.203125,1.234271493093628E-4,10000.0,70.8,70.06049420691069,70.32520325203252,66.08594657375144,10000.0,8659776.0,40.0,5131.937500000001,4843.869682637366,320542.4000000001,206057.74123206525,1.9500000000000002,0.5038314736557788,17.900000000000002,8.932223428946198,1.0,0.0,1.0,0.0,1.0,0.0,0.0,0.0,0.0,0.0,0.0,0.0,1.0,0.0
11000.0,58.4375,1.3791702128300028E-4,11000.0,68.8,68.24750661510278,68.45298281092012,63.93063583815029,11000.0,8984088.0,40.0,5794.724999999998,5197.493110363734,324721.29999999993,208944.59925197184,1.6750000000000003,0.944281031614353,19.5,7.005492350786136,1.0,0.0,1.0,0.0,1.0,0.0,0.0,0.0,0.0,0.0,0.0,0.0,1.0,0.0
12000.0,64.859375,1.5400761305095834E-4,12000.0,63.5,62.99675587996756,63.056680161943326,57.852193995381064,12000.0,9685288.0,40.0,6464.012499999999,5549.058826558001,333534.3000000001,217829.98364526447,0.9249999999999999,0.944281031614353,17.925,7.829554462223445,1.0,0.0,1.0,0.0,1.0,0.0,0.0,0.0,0.0,0.0,0.0,0.0,1.0,0.0
13000.0,69.578125,1.6530986648932513E-4,13000.0,78.2,77.73010522014506,77.97979797979798,74.5920745920746,13000.0,9258496.0,40.0,7191.425,5718.9772339028195,328151.40000000014,212812.0866074522,0.3999999999999999,0.8101914936669334,10.799999999999999,8.855535716178487,1.0,0.0,1.0,0.0,1.0,0.0,0.0,0.0,0.0,0.0,0.0,0.0,1.0,0.0
14000.0,75.953125,1.8034209736571128E-4,14000.0,70.19999999999999,69.63521499898104,69.77687626774848,65.38908246225319,14000.0,9114768.0,40.0,7351.587499999998,6571.734153913652,326008.89999999985,212008.64283120423,1.575,0.7807787039970957,19.199999999999992,10.340857475728663,1.0,0.0,1.0,0.0,1.0,0.0,0.0,0.0,0.0,0.0,0.0,0.0,1.0,0.0
15000.0,82.671875,1.9668336200993506E-4,15000.0,69.5,69.05438311688312,69.28499496475327,64.36915887850466,15000.0,9401552.0,40.0,7870.875000000001,7032.681551653113,329747.5999999999,215129.3398875327,1.075,0.9710554659486337,20.349999999999998,9.962879822570097,1.0,0.0,1.0,0.0,1.0,0.0,0.0,0.0,0.0,0.0,0.0,0.0,1.0,0.0
16000.0,89.0625,2.123374390713353E-4,16000.0,68.5,67.82431052093973,68.08510638297874,63.49942062572423,16000.0,9468616.0,40.0,8607.312500000007,7318.906824358351,330825.9,215055.46898944085,0.9,1.0076629473115577,18.324999999999996,9.680505125621261,1.0,0.0,1.0,0.0,1.0,0.0,0.0,0.0,0.0,0.0,0.0,0.0,1.0,0.0
17000.0,95.0,2.2654963822181645E-4,17000.0,68.4,67.51310784414517,68.0485338725986,63.5524798154556,17000.0,9252520.0,40.0,9327.8375,7808.213187137702,327942.3,213624.57229616394,0.8750000000000001,0.9111137169026736,15.250000000000002,8.749358950876461,1.0,0.0,1.0,0.0,1.0,0.0,0.0,0.0,0.0,0.0,0.0,0.0,1.0,0.0
18000.0,101.453125,2.420984106397049E-4,18000.0,65.2,64.65569774527728,64.95468277945619,59.154929577464785,18000.0,9313832.0,40.0,9618.349999999997,8454.117924180464,328871.9,214744.2216770595,1.5250000000000001,1.2400889132721544,17.424999999999997,9.97660725435718,1.0,0.0,1.0,0.0,1.0,0.0,0.0,0.0,0.0,0.0,0.0,0.0,1.0,0.0
19000.0,108.0625,2.5808318311141594E-4,19000.0,57.8,57.14865962632006,57.157360406091364,51.21387283236993,19000.0,9348640.0,40.0,9907.499999999998,9115.612038444979,329306.99999999994,214359.7239531387,1.4500000000000002,1.1756067718634844,21.1,11.810034846558375,1.0,0.0,1.0,0.0,1.0,0.0,0.0,0.0,0.0,0.0,0.0,0.0,1.0,0.0
20000.0,114.140625,2.728603897331696E-4,20000.0,63.800000000000004,63.2412672623883,63.28600405679513,57.41176470588235,20000.0,9397776.0,40.0,10776.249999999998,9276.022965866952,329738.80000000005,215457.68306621906,0.42500000000000004,0.7807787039970959,16.049999999999997,10.37983745735094,1.0,0.0,1.0,0.0,1.0,0.0,0.0,0.0,0.0,0.0,0.0,0.0,1.0,0.0
21000.0,120.640625,2.8903438948974425E-4,21000.0,61.9,60.963114754098356,61.43724696356275,55.33411488862837,21000.0,9618480.0,40.0,11430.25,9668.035507258972,332526.4000000001,217485.69680830135,0.8749999999999999,1.0666866985298509,17.375,10.307297638827773,1.0,0.0,1.0,0.0,1.0,0.0,0.0,0.0,0.0,0.0,0.0,0.0,1.0,0.0
22000.0,126.875,3.0439361946062285E-4,22000.0,63.1,62.534267438318615,62.7648839556004,57.14285714285714,22000.0,9523112.0,40.0,11941.962500000005,10194.103530769358,331497.50000000006,215848.57446666431,1.1499999999999997,1.2719861311935432,18.450000000000003,11.853702223788835,1.0,0.0,1.0,0.0,1.0,0.0,0.0,0.0,0.0,0.0,0.0,0.0,1.0,0.0
22950.0,132.765625,3.188637074587556E-4,22950.0,61.3,60.49004594180705,61.027190332326285,55.363321799307954,22950.0,9495376.0,40.0,12509.412499999999,10595.651260673712,331141.2000000001,216000.44006368675,1.025,1.025007817356056,16.9,11.982465822170626,1.0,0.0,1.0,0.0,1.0,0.0,0.0,0.0,0.0,0.0,0.0,0.0,1.0,0.0
