learning evaluation instances,evaluation time (cpu seconds),model cost (RAM-Hours),classified instances,classifications correct (percent),Kappa Statistic (percent),Kappa Temporal Statistic (percent),Kappa M Statistic (percent),model training instances,model serialized size (bytes),[avg] model training instances,[err] model training instances,[avg] model serialized size (bytes),[err] model serialized size (bytes),[avg] tree size (nodes),[err] tree size (nodes),[avg] tree size (leaves),[err] tree size (leaves),[avg] active learning leaves,[err] active learning leaves,[avg] tree depth,[err] tree depth,[avg] active leaf byte size estimate,[err] active leaf byte size estimate,[avg] inactive leaf byte size estimate,[err] inactive leaf byte size estimate,[avg] byte size estimate overhead,[err] byte size estimate overhead
1000.0,0.34375,2.1137704607099296E-7,1000.0,72.89999999999999,38.58412614956465,17.125382262996926,16.87116564417176,1000.0,2400640.0,5997.024999999999,75.9563457236865,14244.599999999997,4447.86007884833,8.650000000000004,3.1945364751618093,4.825000000000001,1.597268237580905,4.825000000000001,1.597268237580905,3.0125,1.0849225603817614,0.0,0.0,0.0,0.0,1.0,0.0
2000.0,0.71875,5.114134789134065E-7,2000.0,78.9,44.56063647542277,33.22784810126582,22.71062271062273,2000.0,3092752.0,12005.350000000002,99.64507901623584,22378.299999999996,6953.371171096649,14.074999999999998,4.929310424980637,7.537499999999999,2.4646552124903187,7.537499999999999,2.4646552124903187,4.174999999999999,1.1775860311499515,0.0,0.0,0.0,0.0,1.0,0.0
3000.0,1.15625,9.595355044843423E-7,3000.0,79.7,43.988875031730444,30.952380952380977,24.2537313432836,3000.0,3959320.0,17999.3875,126.18376129250585,32680.300000000003,8221.055715260523,21.275000000000002,5.804788507797089,11.137500000000001,2.9023942538985446,11.137500000000001,2.9023942538985446,5.0875,0.9167050241303484,0.0,0.0,0.0,0.0,1.0,0.0
4000.0,1.671875,1.6063218612948227E-6,4000.0,78.10000000000001,47.70748666421522,33.23170731707317,30.031948881789134,4000.0,4848744.0,23982.862500000003,149.17882767531836,43582.20000000001,9780.38319561992,29.450000000000003,6.7653248446149705,15.225000000000001,3.3826624223074853,15.225000000000001,3.3826624223074853,6.0375,1.0118756865659393,0.0,0.0,0.0,0.0,1.0,0.0
5000.0,2.171875,2.3331156504961355E-6,5000.0,78.2,49.5729896277654,36.994219653179194,28.75816993464054,5000.0,5618800.0,29987.437499999996,162.836397180838,53131.2,10637.417225309744,36.124999999999986,7.642941643243479,18.562499999999993,3.8214708216217397,18.562499999999993,3.8214708216217397,6.625,1.0110152811575983,0.0,0.0,0.0,0.0,1.0,0.0
6000.0,2.6875,3.1907038646750156E-6,6000.0,79.80000000000001,56.53820334957056,36.27760252365931,33.5526315789474,6000.0,6429056.0,35995.2,172.40527760725755,62564.20000000001,12402.302700034823,42.37499999999999,8.494786189484895,21.687499999999996,4.247393094742447,21.687499999999996,4.247393094742447,7.099999999999999,1.0977537479504411,0.0,0.0,0.0,0.0,1.0,0.0
7000.0,3.3125,4.338611971535203E-6,7000.0,81.89999999999999,58.81777433960546,36.93379790940766,36.7132867132867,7000.0,7099528.0,41985.7875,193.8540292382359,70610.89999999997,13468.886693018363,48.17500000000002,9.060660550989267,24.58750000000001,4.5303302754946335,24.58750000000001,4.5303302754946335,7.5875,1.2598347289640008,0.0,0.0,0.0,0.0,1.0,0.0
8000.0,3.921875,5.601638177823689E-6,8000.0,75.3,45.75243784591056,25.602409638554207,22.81249999999999,8000.0,8011800.0,48001.1875,202.67983692875865,81429.6,13863.081676145946,55.300000000000026,9.359757651303756,28.150000000000013,4.679878825651878,28.150000000000013,4.679878825651878,8.125,1.2156677594087222,0.0,0.0,0.0,0.0,1.0,0.0
9000.0,4.515625,6.955333972453243E-6,9000.0,76.7,42.4415646013152,31.268436578171087,26.959247648902814,9000.0,8812920.0,54002.97500000001,223.39543046900158,90592.99999999999,15372.232385256511,61.44999999999999,10.510874417129061,31.224999999999994,5.255437208564531,31.224999999999994,5.255437208564531,8.3875,1.2169036241131617,0.0,0.0,0.0,0.0,1.0,0.0
10000.0,5.125,8.465602942225006E-6,10000.0,79.9,50.94593803080889,33.222591362126266,30.20833333333336,10000.0,9580144.0,60004.09999999998,245.51364910883163,99716.9,15007.66783221248,68.075,10.360312541104497,34.5375,5.180156270552248,34.5375,5.180156270552248,8.675,1.2094040796392662,0.0,0.0,0.0,0.0,1.0,0.0
11000.0,5.828125,1.0372081370506851E-5,11000.0,80.9,48.90042270854515,33.21678321678324,27.924528301886813,11000.0,1.0480976E7,65993.86249999997,261.19437176511366,110414.09999999996,16392.67063111601,75.175,11.07028752213712,38.0875,5.53514376106856,38.0875,5.53514376106856,9.0125,1.2578236176684536,0.0,0.0,0.0,0.0,1.0,0.0
12000.0,6.4375,1.2153371127270578E-5,12000.0,80.80000000000001,47.251587946987854,36.84210526315792,25.29182879377434,12000.0,1.129932E7,71999.84999999996,276.6536975253183,120240.99999999999,17626.82610918779,82.05000000000001,12.2875876447162,41.525000000000006,6.1437938223581,41.525000000000006,6.1437938223581,9.262500000000005,1.2400872774511489,0.0,0.0,0.0,0.0,1.0,0.0
13000.0,7.171875,1.4470597897242343E-5,13000.0,78.8,54.23182874068445,37.829912023460416,36.52694610778443,13000.0,1.2197E7,77994.175,281.9536623658558,130672.10000000002,18232.589722523604,88.775,12.816104386496296,44.8875,6.408052193248148,44.8875,6.408052193248148,9.524999999999997,1.2114955711794166,0.0,0.0,0.0,0.0,1.0,0.0
14000.0,8.03125,1.7253662841135846E-5,14000.0,75.9,54.506327584644666,26.29969418960244,38.83248730964468,14000.0,1.2518232E7,79111.27500000002,19031.06715511924,133526.4,35546.00912050376,91.39999999999998,24.534966006946604,46.19999999999999,12.267483003473302,46.19999999999999,12.267483003473302,9.4,1.9911195247963682,0.0,0.0,0.0,0.0,1.0,0.0
15000.0,8.921875,2.0388200096527325E-5,15000.0,79.7,53.90658704389093,31.879194630872508,34.51612903225809,15000.0,1.3604448E7,85497.26249999998,17583.484520052625,145329.30000000002,30588.660202306215,99.37499999999997,21.027032029018432,50.187499999999986,10.513516014509216,50.187499999999986,10.513516014509216,9.849999999999998,1.3603796938327202,0.0,0.0,0.0,0.0,1.0,0.0
16000.0,9.796875,2.373207784128479E-5,16000.0,79.3,63.73345667462078,41.35977337110482,47.98994974874373,16000.0,1.4772184E7,91873.38750000001,16114.366703834952,157925.19999999998,26773.62553642216,108.57500000000005,18.657997911778995,54.78750000000002,9.328998955889498,54.78750000000002,9.328998955889498,10.237500000000002,1.265348803665104,0.0,0.0,0.0,0.0,1.0,0.0
17000.0,10.609375,2.708215004531667E-5,17000.0,80.9,62.95894066448946,41.9452887537994,42.29607250755288,17000.0,1.5937976E7,98262.025,14643.031900527756,170858.69999999995,24668.090184012668,117.4,16.579383262567056,59.2,8.289691631283528,59.2,8.289691631283528,10.3625,1.2553051976473715,0.0,0.0,0.0,0.0,1.0,0.0
18000.0,11.609375,3.053135907975957E-5,18000.0,76.5,62.100441892720056,30.059523809523807,36.82795698924731,18000.0,1.3332816E7,79000.23750000002,44515.09401564104,141855.39999999994,78487.51209637416,97.625,53.51975265311521,49.3125,26.759876326557606,49.3125,26.759876326557606,8.800000000000006,3.472860419549119,0.0,0.0,0.0,0.0,1.0,0.0
18159.0,12.078125,3.2048643624875695E-5,18159.0,76.3,60.66272519344977,29.25373134328358,35.24590163934426,18159.0,1.251204E7,72217.82499999997,47728.23491493865,132116.89999999994,83233.84996404992,90.70000000000003,57.186437269644074,45.850000000000016,28.593218634822037,45.850000000000016,28.593218634822037,8.25,3.675095796564227,0.0,0.0,0.0,0.0,1.0,0.0
