learning evaluation instances,evaluation time (cpu seconds),model cost (RAM-Hours),classified instances,classifications correct (percent),Kappa Statistic (percent),Kappa Temporal Statistic (percent),Kappa M Statistic (percent),model training instances,model serialized size (bytes),[avg] model training instances,[err] model training instances,[avg] model serialized size (bytes),[err] model serialized size (bytes),[avg] tree size (nodes),[err] tree size (nodes),[avg] tree size (leaves),[err] tree size (leaves),[avg] active learning leaves,[err] active learning leaves,[avg] tree depth,[err] tree depth,[avg] active leaf byte size estimate,[err] active leaf byte size estimate,[avg] inactive leaf byte size estimate,[err] inactive leaf byte size estimate,[avg] byte size estimate overhead,[err] byte size estimate overhead
1000.0,0.171875,4.735329033186039E-8,1000.0,73.4,45.9134126603281,18.654434250764513,18.40490797546011,1000.0,1085600.0,5988.799999999998,84.59045352512412,13933.599999999999,5311.965163990468,8.933333333333335,3.503036449684201,4.966666666666668,1.7515182248421004,4.966666666666668,1.7515182248421004,3.133333333333333,1.0416609195243758,0.0,0.0,0.0,0.0,1.0,0.0
2000.0,0.328125,1.0356378172420794E-7,2000.0,78.8,46.44611898560868,32.91139240506329,22.34432234432236,2000.0,1390592.0,11977.633333333335,106.30972425542433,23688.266666666666,7932.933357250314,14.8,5.517370688139851,7.9,2.7586853440699257,7.9,2.7586853440699257,4.133333333333332,1.1058881072455415,0.0,0.0,0.0,0.0,1.0,0.0
3000.0,0.53125,1.9004950041158334E-7,3000.0,79.7,43.53268428372742,30.952380952380977,24.2537313432836,3000.0,1645824.0,17968.03333333333,134.3339850530384,31793.86666666667,8553.234757049253,20.666666666666664,6.0590959456144065,10.833333333333332,3.0295479728072032,10.833333333333332,3.0295479728072032,4.833333333333334,1.176884646541184,0.0,0.0,0.0,0.0,1.0,0.0
4000.0,0.796875,3.321339479751057E-7,4000.0,77.7,46.57710146038561,32.01219512195122,28.753993610223638,4000.0,2067664.0,23990.466666666667,179.14696978070637,45741.86666666667,9684.95465865638,30.599999999999998,6.568472241412526,15.799999999999999,3.2842361207062627,15.799999999999999,3.2842361207062627,6.366666666666666,1.0661996103898193,0.0,0.0,0.0,0.0,1.0,0.0
5000.0,0.984375,4.4562569301989346E-7,5000.0,77.9,48.96097477609805,36.127167630057805,27.777777777777796,5000.0,2339728.0,30006.36666666666,209.1832200254842,54740.000000000015,9702.825354610322,36.53333333333333,6.425881575549654,18.766666666666666,3.212940787774827,18.766666666666666,3.212940787774827,7.033333333333333,1.188546876720022,0.0,0.0,0.0,0.0,1.0,0.0
6000.0,1.140625,5.535769741982222E-7,6000.0,79.4,55.4104832984121,35.01577287066247,32.23684210526318,6000.0,2670608.0,36005.50000000001,166.10855403662336,65346.4,9614.720931628928,44.266666666666666,6.247390259738162,22.633333333333333,3.123695129869081,22.633333333333333,3.123695129869081,7.533333333333333,1.0742546199601595,0.0,0.0,0.0,0.0,1.0,0.0
7000.0,1.375,7.290895640229186E-7,7000.0,82.3,59.33147376305642,38.327526132404174,38.111888111888106,7000.0,2894672.0,41998.299999999996,171.79842839793412,72756.8,12125.928965195431,49.0,7.982740001467822,25.0,3.991370000733911,25.0,3.991370000733911,7.833333333333332,1.1167481527997296,0.0,0.0,0.0,0.0,1.0,0.0
8000.0,1.578125,8.95738355918891E-7,8000.0,75.1,45.95885059466967,24.999999999999993,22.18749999999999,8000.0,3171328.0,47984.166666666664,166.94105574110293,81905.06666666667,12034.174552823144,55.266666666666666,7.908674126348968,28.133333333333333,3.954337063174484,28.133333333333333,3.954337063174484,8.166666666666666,1.1167481527997298,0.0,0.0,0.0,0.0,1.0,0.0
9000.0,1.765625,1.0615960410278704E-6,9000.0,76.7,41.65635845532079,31.268436578171087,26.959247648902814,9000.0,3419296.0,53975.433333333334,182.52022718957323,90104.26666666668,12806.462589816434,61.19999999999999,8.193353067136718,31.099999999999994,4.096676533568359,31.099999999999994,4.096676533568359,8.666666666666664,0.9222660747548277,0.0,0.0,0.0,0.0,1.0,0.0
10000.0,1.984375,1.2703517374272147E-6,10000.0,78.60000000000001,47.31555520542012,28.903654485049856,25.694444444444464,10000.0,3688864.0,59967.700000000004,197.40002270900936,99021.06666666667,14024.066090814755,66.53333333333333,9.536620283768332,33.76666666666666,4.768310141884168,33.76666666666666,4.768310141884168,8.8,0.9613209303008458,0.0,0.0,0.0,0.0,1.0,0.0
11000.0,2.25,1.5450486292441686E-6,11000.0,80.30000000000001,48.70726690447055,31.11888111888114,25.66037735849059,11000.0,3997488.0,65957.33333333331,210.04635503709238,108913.06666666667,15157.363174681652,74.06666666666669,10.963680898793738,37.533333333333346,5.481840449396869,37.533333333333346,5.481840449396869,8.933333333333332,0.9444331755018485,0.0,0.0,0.0,0.0,1.0,0.0
12000.0,2.46875,1.7885415581986308E-6,12000.0,82.0,51.44046466079815,40.78947368421052,29.961089494163406,12000.0,4302696.0,71959.76666666666,231.79504670756182,118996.53333333333,17446.718438075146,80.06666666666666,12.008426160433126,40.53333333333333,6.004213080216563,40.53333333333333,6.004213080216563,9.200000000000001,1.0954451150103326,0.0,0.0,0.0,0.0,1.0,0.0
13000.0,2.75,2.124971942976117E-6,13000.0,79.10000000000001,55.32908995310623,38.70967741935484,37.42514970059881,13000.0,4623864.0,77947.19999999998,231.88959917792133,129610.66666666667,16145.606882653728,87.53333333333332,10.788670089443396,44.26666666666666,5.394335044721698,44.26666666666666,5.394335044721698,9.566666666666668,1.0726484571581123,0.0,0.0,0.0,0.0,1.0,0.0
14000.0,3.171875,2.6360873016528782E-6,14000.0,76.1,55.3436298341922,26.911314984709474,39.340101522842644,14000.0,4683144.0,76266.96666666667,23552.059610475728,128977.86666666664,40827.09978613625,87.06666666666668,27.540482220170727,44.03333333333334,13.770241110085363,44.03333333333334,13.770241110085363,9.23333333333333,2.176414852273206,0.0,0.0,0.0,0.0,1.0,0.0
15000.0,3.421875,2.962027437105361E-6,15000.0,80.7,55.90083399977153,35.234899328859086,37.741935483870996,15000.0,5039648.0,82863.66666666666,21724.7052602257,139020.80000000002,33979.51776402752,96.33333333333333,23.70702403309507,48.666666666666664,11.853512016547535,48.666666666666664,11.853512016547535,9.9,1.3733924772444779,0.0,0.0,0.0,0.0,1.0,0.0
16000.0,3.703125,3.3682150468747647E-6,16000.0,79.2,63.825332006928846,41.07648725212466,47.738693467336695,16000.0,5582600.0,89476.46666666667,19877.1662688161,155149.3333333333,27497.491704208012,105.8,18.507035009087385,53.4,9.253517504543693,53.4,9.253517504543693,10.333333333333332,1.372973951415091,0.0,0.0,0.0,0.0,1.0,0.0
17000.0,4.0,3.835693933069706E-6,17000.0,78.4,59.014604841969046,34.34650455927052,34.74320241691843,17000.0,6086824.0,96048.26666666666,18071.158453665084,168762.66666666666,23769.17712781268,115.2,15.333982994732928,58.1,7.666991497366464,58.1,7.666991497366464,10.466666666666667,1.2793676598989838,0.0,0.0,0.0,0.0,1.0,0.0
18000.0,4.328125,4.319842555560172E-6,18000.0,75.7,61.43518254013598,27.678571428571423,34.67741935483871,18000.0,5703504.0,89019.40000000001,36389.88256000607,158852.26666666672,61975.238934834975,108.73333333333333,41.918585568837536,54.86666666666667,20.959292784418768,54.86666666666667,20.959292784418768,9.766666666666666,2.402345597081338,0.0,0.0,0.0,0.0,1.0,0.0
18159.0,4.515625,4.602167173288763E-6,18159.0,75.3,59.765040870247965,26.268656716417905,32.51366120218579,18159.0,5820360.0,90196.20000000003,36003.048338755405,162264.0,60374.74347486019,111.46666666666665,40.5366869453554,56.23333333333333,20.2683434726777,56.23333333333333,20.2683434726777,9.966666666666665,2.025413254270524,0.0,0.0,0.0,0.0,1.0,0.0
