learning evaluation instances,evaluation time (cpu seconds),model cost (RAM-Hours),classified instances,classifications correct (percent),Kappa Statistic (percent),Kappa Temporal Statistic (percent),Kappa M Statistic (percent),model training instances,model serialized size (bytes),[avg] model training instances,[err] model training instances,[avg] model serialized size (bytes),[err] model serialized size (bytes),[avg] tree size (nodes),[err] tree size (nodes),[avg] tree size (leaves),[err] tree size (leaves),[avg] active learning leaves,[err] active learning leaves,[avg] tree depth,[err] tree depth,[avg] active leaf byte size estimate,[err] active leaf byte size estimate,[avg] inactive leaf byte size estimate,[err] inactive leaf byte size estimate,[avg] byte size estimate overhead,[err] byte size estimate overhead
1000.0,0.875,4.0571696849332916E-7,1000.0,70.89999999999999,25.902537647112716,11.009174311926582,10.736196319018381,1000.0,1815216.0,5890.933333333333,764.2447000679306,13949.46666666667,3896.3207306583713,8.433333333333334,2.606163923370943,4.716666666666667,1.3030819616854714,4.716666666666667,1.3030819616854714,2.6999999999999993,0.9260815939451921,0.0,0.0,0.0,0.0,1.0,0.0
2000.0,1.734375,9.186077901783089E-7,2000.0,79.7,48.05181511564231,35.75949367088608,25.64102564102566,2000.0,2306984.0,11897.633333333335,769.0103912957898,20830.800000000003,7229.6885199097815,12.866666666666669,4.9795060222866185,6.9333333333333345,2.4897530111433093,6.9333333333333345,2.4897530111433093,3.9166666666666674,1.3313898264807709,0.0,0.0,0.0,0.0,1.0,0.0
3000.0,2.171875,1.2838283954705629E-6,3000.0,81.5,50.74599844517097,37.07482993197278,30.97014925373133,3000.0,3226856.0,17905.116666666672,768.7297929915094,35002.4,9353.939605448224,22.599999999999998,5.923810042846481,11.799999999999999,2.9619050214232403,11.799999999999999,2.9619050214232403,5.33333333333333,0.9857745241328661,0.0,0.0,0.0,0.0,1.0,0.0
4000.0,2.578125,1.7041514769920872E-6,4000.0,78.8,50.908994074345095,35.36585365853659,32.26837060702875,4000.0,3999376.0,23500.800000000003,3125.4034847316734,45971.20000000001,11672.793337428067,30.56666666666667,8.000776798444704,15.783333333333333,4.000388399222351,15.783333333333333,4.000388399222351,6.0,1.2350804543889273,0.0,0.0,0.0,0.0,1.0,0.0
5000.0,3.09375,2.31333393862264E-6,5000.0,78.3,51.214028776978424,37.283236994219656,29.084967320261455,5000.0,4566840.0,29492.650000000005,3116.5307353812946,54253.86666666666,10723.660479687698,36.69999999999999,7.326062137374891,18.849999999999994,3.6630310686874457,18.849999999999994,3.6630310686874457,6.516666666666667,1.0166689821220276,0.0,0.0,0.0,0.0,1.0,0.0
6000.0,3.578125,2.8723216059410734E-6,6000.0,78.2,55.43161820025515,31.230283911671926,28.28947368421055,6000.0,4460904.0,29309.6,13557.144044777551,52196.000000000015,25474.836674515114,35.533333333333324,17.997614405631243,18.266666666666662,8.998807202815621,18.266666666666662,8.998807202815621,5.8,2.938926357633553,0.0,0.0,0.0,0.0,1.0,0.0
7000.0,4.03125,3.4738501805501674E-6,7000.0,82.0,60.01954599973346,37.28222996515678,37.06293706293705,7000.0,5131456.0,35195.349999999984,13791.377039227647,61337.73333333332,25300.26216911573,41.7,17.974841174659577,21.35,8.987420587329789,21.35,8.987420587329789,6.616666666666667,2.139948254298091,0.0,0.0,0.0,0.0,1.0,0.0
8000.0,4.515625,4.206817700631088E-6,8000.0,76.6,48.988489710498776,29.51807228915662,26.874999999999993,8000.0,5849320.0,41198.91666666666,13794.554689972154,71858.39999999998,26895.800210996338,48.96666666666666,19.280240756168457,24.98333333333333,9.640120378084228,24.98333333333333,9.640120378084228,7.283333333333332,1.7182141563279152,0.0,0.0,0.0,0.0,1.0,0.0
9000.0,5.03125,5.0772222716154316E-6,9000.0,77.10000000000001,44.91246133047231,32.448377581120944,28.213166144200624,9000.0,6525136.0,47187.366666666676,13787.989316383319,82505.73333333332,29373.84187972593,55.93333333333333,20.70770483535108,28.466666666666665,10.35385241767554,28.466666666666665,10.35385241767554,7.683333333333334,1.5996998306002908,0.0,0.0,0.0,0.0,1.0,0.0
10000.0,5.5625,6.083381013013422E-6,10000.0,79.4,50.66860799264341,31.56146179401996,28.472222222222243,10000.0,7320992.0,53193.76666666666,13796.655801336965,94302.66666666669,28689.781152857722,64.06666666666668,20.1333408164015,32.53333333333334,10.06667040820075,32.53333333333334,10.06667040820075,8.216666666666667,1.354110711577543,0.0,0.0,0.0,0.0,1.0,0.0
11000.0,6.09375,7.178388574781517E-6,11000.0,81.10000000000001,49.83011255043536,33.91608391608394,28.67924528301889,11000.0,7967472.0,59206.96666666667,13801.197578798716,104236.13333333333,28866.89941811935,70.2333333333333,20.436231257807755,35.61666666666665,10.218115628903877,35.61666666666665,10.218115628903877,8.51666666666667,1.1570222836971427,0.0,0.0,0.0,0.0,1.0,0.0
12000.0,6.5625,8.21360503323376E-6,12000.0,81.0,49.45195275087795,37.50000000000003,26.07003891050586,12000.0,8536744.0,65208.283333333326,13790.656469781055,112348.40000000002,28788.65499427963,75.63333333333331,19.90993846593992,38.316666666666656,9.95496923296996,38.316666666666656,9.95496923296996,8.716666666666667,1.1802278818547476,0.0,0.0,0.0,0.0,1.0,0.0
13000.0,7.109375,9.49098460195172E-6,13000.0,79.7,57.22046842533393,40.4692082111437,39.221556886227546,13000.0,9028888.0,71205.88333333335,13806.266689493303,119562.79999999999,28583.60393166043,80.40000000000003,20.088954718822862,40.70000000000002,10.044477359411431,40.70000000000002,10.044477359411431,8.999999999999998,1.2350804543889273,0.0,0.0,0.0,0.0,1.0,0.0
14000.0,7.703125,1.058307389030233E-5,14000.0,77.0,57.64865322717263,29.66360856269113,41.62436548223351,14000.0,7109792.0,54218.83333333332,35609.26553113201,91670.40000000002,62231.91977178076,62.1,41.99019255953038,31.550000000000004,20.99509627976519,31.550000000000004,20.99509627976519,6.933333333333331,3.935353306847748,0.0,0.0,0.0,0.0,1.0,0.0
15000.0,8.203125,1.1608467288573997E-5,15000.0,80.5,56.540150215070554,34.56375838926177,37.09677419354841,15000.0,7927256.0,60220.15000000001,35620.191547665396,104319.46666666666,58702.8980012455,70.59999999999998,40.43458831499821,35.8,20.217294157499108,35.8,20.217294157499108,8.05,2.9019280557377654,0.0,0.0,0.0,0.0,1.0,0.0
16000.0,8.765625,1.286565381128134E-5,16000.0,79.60000000000001,64.66896202952567,42.20963172804533,48.74371859296483,16000.0,8639320.0,66213.96666666667,35614.92829545492,115236.4,57756.32845131579,77.56666666666666,40.120313408828196,39.28333333333333,20.060156704414098,39.28333333333333,20.060156704414098,8.7,2.309156423854934,0.0,0.0,0.0,0.0,1.0,0.0
17000.0,9.359375,1.425382070010528E-5,17000.0,80.5,63.96003445051066,40.72948328267478,41.08761329305137,17000.0,9037336.0,70500.34999999999,36586.16109341605,121180.13333333336,62850.990392656924,81.66666666666667,43.02252727475856,41.333333333333336,21.51126363737928,41.333333333333336,21.51126363737928,8.849999999999996,2.556646373272241,0.0,0.0,0.0,0.0,1.0,0.0
18000.0,9.984375,1.5320880952963812E-5,18000.0,76.5,62.555529353278224,30.059523809523807,36.82795698924731,18000.0,6599504.0,49105.49999999999,46025.12253272708,85933.60000000005,80102.05213292032,57.86666666666665,54.68351676373528,29.433333333333326,27.34175838186764,29.433333333333326,27.34175838186764,6.183333333333334,4.409126385150009,0.0,0.0,0.0,0.0,1.0,0.0
18159.0,10.21875,1.5707562690497272E-5,18159.0,75.8,60.456999437901146,27.76119402985074,33.87978142076503,18159.0,6377416.0,47065.433333333334,46090.9314799603,82609.46666666669,79680.07557673451,55.66666666666668,54.53864021807068,28.33333333333334,27.26932010903534,28.33333333333334,27.26932010903534,6.050000000000002,4.240342966621482,0.0,0.0,0.0,0.0,1.0,0.0
