learning evaluation instances,evaluation time (cpu seconds),model cost (RAM-Hours),classified instances,classifications correct (percent),Kappa Statistic (percent),Kappa Temporal Statistic (percent),Kappa M Statistic (percent),model training instances,model serialized size (bytes),ensemble size,change detections,[avg] model training instances,[err] model training instances,[avg] model serialized size (bytes),[err] model serialized size (bytes),[avg] tree size (nodes),[err] tree size (nodes),[avg] tree size (leaves),[err] tree size (leaves),[avg] active learning leaves,[err] active learning leaves,[avg] tree depth,[err] tree depth,[avg] active leaf byte size estimate,[err] active leaf byte size estimate,[avg] inactive leaf byte size estimate,[err] inactive leaf byte size estimate,[avg] byte size estimate overhead,[err] byte size estimate overhead
1000.0,0.0,0.0,1000.0,70.5,51.7265530140631,9.785932721712514,9.509202453987706,1000.0,354256.0,5.0,0.0,6026.2,113.97017153624009,4688.0,0.0,1.0,0.0,1.0,0.0,1.0,0.0,0.0,0.0,0.0,0.0,0.0,0.0,1.0,0.0
2000.0,0.015625,1.4299358655181197E-9,2000.0,71.89999999999999,48.43071547335464,11.075949367088585,-2.930402930402933,2000.0,353752.0,5.0,3.0,7546.4,4256.619586009537,4688.0,0.0,1.0,0.0,1.0,0.0,1.0,0.0,0.0,0.0,0.0,0.0,0.0,0.0,1.0,0.0
3000.0,0.046875,4.291036424951421E-9,3000.0,73.4,42.8743235117258,9.52380952380953,0.7462686567164185,3000.0,353904.0,5.0,7.0,5480.0,4020.742655281484,4688.0,0.0,1.0,0.0,1.0,0.0,1.0,0.0,0.0,0.0,0.0,0.0,0.0,0.0,1.0,0.0
4000.0,0.046875,4.291036424951421E-9,4000.0,71.5,32.391720002087546,13.109756097560954,8.94568690095844,4000.0,364512.0,5.0,10.0,7053.0,5960.84415162819,6622.4,4325.449895675593,2.2,2.6832815729997477,1.6,1.3416407864998738,1.6,1.3416407864998738,0.4,0.894427190999916,0.0,0.0,0.0,0.0,1.0,0.0
5000.0,0.078125,7.327406718913052E-9,5000.0,75.2,49.73448457578338,28.323699421965316,18.954248366013086,5000.0,375584.0,5.0,10.0,13016.2,5905.544403355207,8556.8,5164.942129395062,3.4,2.6076809620810595,2.2,1.3038404810405297,2.2,1.3038404810405297,1.0,1.0,0.0,0.0,0.0,0.0,1.0,0.0
6000.0,0.125,1.2049697236054475E-8,6000.0,75.2,49.298354649831545,21.76656151419557,18.42105263157896,6000.0,389416.0,5.0,11.0,16847.0,9724.017096858684,11310.4,4244.489698420765,4.2,2.280350850198276,2.6,1.140175425099138,2.6,1.140175425099138,1.4,0.8944271909999159,0.0,0.0,0.0,0.0,1.0,0.0
7000.0,0.125,1.2049697236054475E-8,7000.0,80.2,56.572471333444476,31.010452961672495,30.769230769230795,7000.0,394464.0,5.0,11.0,22804.4,9712.688829567229,12248.0,4228.111635233867,4.6,2.1908902300206643,2.8,1.0954451150103321,2.8,1.0954451150103321,1.6,0.8944271909999159,0.0,0.0,0.0,0.0,1.0,0.0
8000.0,0.125,1.2049697236054475E-8,8000.0,73.7,41.716159914901155,20.78313253012047,17.812499999999982,8000.0,413984.0,5.0,11.0,28804.8,9775.17870424884,15998.4,4161.954925272497,6.2,1.7888543819998317,3.6,0.8944271909999159,3.6,0.8944271909999159,2.2,0.4472135954999579,0.0,0.0,0.0,0.0,1.0,0.0
9000.0,0.1875,1.920316006160445E-8,9000.0,77.10000000000001,45.625074201590884,32.448377581120944,28.213166144200624,9000.0,442424.0,5.0,11.0,34808.0,9785.116453062785,21624.0,5436.8579161129455,8.6,2.9664793948382653,4.8,1.4832396974191326,4.8,1.4832396974191326,2.8,0.8366600265340756,0.0,0.0,0.0,0.0,1.0,0.0
10000.0,0.1875,1.920316006160445E-8,10000.0,78.2,50.17370634485282,27.574750830564803,24.305555555555575,10000.0,461272.0,5.0,11.0,40819.8,9719.763150406496,25374.4,6324.004807082298,10.2,3.03315017762062,5.6,1.51657508881031,5.6,1.51657508881031,3.0,1.0,0.0,0.0,0.0,0.0,1.0,0.0
11000.0,0.1875,1.920316006160445E-8,11000.0,80.5,52.50042627822571,31.818181818181845,26.415094339622662,11000.0,480456.0,5.0,11.0,46811.4,9752.695437672603,29124.8,7784.936428770629,11.8,3.898717737923586,6.4,1.949358868961793,6.4,1.949358868961793,3.4,0.8944271909999159,0.0,0.0,0.0,0.0,1.0,0.0
12000.0,0.203125,2.1163626418759427E-8,12000.0,79.7,47.04025462419453,33.223684210526336,21.01167315175099,12000.0,485000.0,5.0,11.0,52779.0,9832.680000894974,30062.4,9237.714695745914,12.2,4.604345773288536,6.6,2.302172886644268,6.6,2.302172886644268,3.4,0.8944271909999159,0.0,0.0,0.0,0.0,1.0,0.0
13000.0,0.203125,2.1163626418759427E-8,13000.0,79.0,56.05370655594991,38.416422287390034,37.125748502994014,13000.0,504016.0,5.0,11.0,58771.8,9807.002304476124,33812.8,10813.706265661187,13.8,5.403702434442518,7.4,2.701851217221259,7.4,2.701851217221259,3.8,0.44721359549995787,0.0,0.0,0.0,0.0,1.0,0.0
14000.0,0.265625,2.9157866568615043E-8,14000.0,75.7,56.18384752700193,25.688073394495405,38.3248730964467,14000.0,494424.0,5.0,12.0,55728.4,29244.128048208244,31937.6,18672.699558446282,13.0,8.602325267042627,7.0,4.301162633521313,7.0,4.301162633521313,3.2,1.7888543819998317,0.0,0.0,0.0,0.0,1.0,0.0
15000.0,0.3125,3.526782772193353E-8,15000.0,80.4,57.17344753747325,34.22818791946311,36.774193548387125,15000.0,503848.0,5.0,13.0,60843.6,31173.07981736806,33812.8,17448.137184238323,13.8,8.07465169527454,7.4,4.03732584763727,7.4,4.03732584763727,3.4,1.3416407864998738,0.0,0.0,0.0,0.0,1.0,0.0
16000.0,0.328125,3.734212239376373E-8,16000.0,76.6,60.70238607050731,33.711048158640224,41.206030150753776,16000.0,513160.0,5.0,13.0,66818.2,31175.140917083278,35598.4,17175.633344945392,14.6,7.92464510246358,7.8,3.96232255123179,7.8,3.96232255123179,3.4,1.3416407864998738,0.0,0.0,0.0,0.0,1.0,0.0
17000.0,0.359375,4.117302725919419E-8,17000.0,78.2,61.74317738705901,33.73860182370821,34.13897280966767,17000.0,473864.0,5.0,16.0,52231.2,47762.27194868351,28246.4,22848.292295049097,11.8,10.545141061171254,6.4,5.272570530585627,6.4,5.272570530585627,2.6,2.4083189157584592,0.0,0.0,0.0,0.0,1.0,0.0
18000.0,0.359375,4.117302725919419E-8,18000.0,73.8,60.35588911754025,22.02380952380951,29.569892473118276,18000.0,440408.0,5.0,19.0,38253.8,50041.173399511725,21624.0,24148.622486593307,8.6,10.99090533122727,4.8,5.495452665613635,4.8,5.495452665613635,1.6,2.1908902300206643,0.0,0.0,0.0,0.0,1.0,0.0
18159.0,0.359375,4.117302725919419E-8,18159.0,73.1,58.657744526377584,19.70149253731342,26.502732240437155,18159.0,440040.0,5.0,21.0,38463.0,50755.50794248837,21683.2,24197.597632822974,9.0,11.313708498984761,5.0,5.656854249492381,5.0,5.656854249492381,1.6,2.1908902300206643,0.0,0.0,0.0,0.0,1.0,0.0
