learning evaluation instances,evaluation time (cpu seconds),model cost (RAM-Hours),classified instances,classifications correct (percent),Kappa Statistic (percent),Kappa Temporal Statistic (percent),Kappa M Statistic (percent),model training instances,model serialized size (bytes),ensemble size,[avg] model training instances,[err] model training instances,[avg] model serialized size (bytes),[err] model serialized size (bytes),[avg] Change detected,[err] Change detected,[avg] Warning detected,[err] Warning detected,[avg] tree size (nodes),[err] tree size (nodes),[avg] tree size (leaves),[err] tree size (leaves),[avg] active learning leaves,[err] active learning leaves,[avg] tree depth,[err] tree depth,[avg] active leaf byte size estimate,[err] active leaf byte size estimate,[avg] inactive leaf byte size estimate,[err] inactive leaf byte size estimate,[avg] byte size estimate overhead,[err] byte size estimate overhead
1000.0,0.1875,2.1378897751371067E-8,1000.0,73.5,49.572220192424794,18.960244648318028,18.71165644171778,1000.0,460464.0,5.0,588.9,452.1876331298276,173256.0,177686.299152936,6.2,1.9235384061671343,48.8,13.292855223765885,1.0,0.0,1.0,0.0,1.0,0.0,0.0,0.0,0.0,0.0,0.0,0.0,1.0,0.0
2000.0,0.28125,3.2438741376002634E-8,2000.0,76.7,46.18191897260591,26.265822784810116,14.652014652014664,2000.0,456016.0,5.0,1306.9,847.8594550723343,172811.2,177223.11450748556,4.6,3.0495901363953815,35.8,12.988456413292536,1.0,0.0,1.0,0.0,1.0,0.0,0.0,0.0,0.0,0.0,0.0,0.0,1.0,0.0
3000.0,0.421875,4.9005223748584593E-8,3000.0,75.2,38.858427675436864,15.646258503401372,7.4626865671641855,3000.0,455376.0,5.0,1805.4,1436.683928743936,172747.19999999998,177155.31051017228,5.0,4.58257569495584,32.4,19.12589867169645,1.0,0.0,1.0,0.0,1.0,0.0,0.0,0.0,0.0,0.0,0.0,0.0,1.0,0.0
4000.0,0.4375,5.085858800965879E-8,4000.0,73.0,43.58156747122137,17.68292682926828,13.738019169329052,4000.0,458504.0,5.0,2191.1,1942.9637412983288,173060.0,177479.67139929012,3.0,3.391164991562634,27.0,14.089002803605371,1.0,0.0,1.0,0.0,1.0,0.0,0.0,0.0,0.0,0.0,0.0,0.0,1.0,0.0
5000.0,0.515625,6.007512436351843E-8,5000.0,71.5,45.959885169496346,17.630057803468194,6.862745098039221,5000.0,456016.0,5.0,2593.5,2566.9502116108306,172811.2,177223.11450748556,4.4,3.2093613071762426,39.8,14.11382301150188,1.0,0.0,1.0,0.0,1.0,0.0,0.0,0.0,0.0,0.0,0.0,0.0,1.0,0.0
6000.0,0.625,7.284336283596026E-8,6000.0,72.1,42.05366785743956,11.98738170347001,8.223684210526322,6000.0,451248.0,5.0,3127.4,3028.008740630273,172334.4,176723.39809820818,7.0,3.6742346141747673,47.4,14.39791651594077,1.0,0.0,1.0,0.0,1.0,0.0,0.0,0.0,0.0,0.0,0.0,0.0,1.0,0.0
7000.0,0.796875,9.327696817409661E-8,7000.0,76.0,47.524925660311354,16.37630662020907,16.083916083916098,7000.0,459552.0,5.0,3625.0,3509.556350563099,173164.8,177590.20746576466,4.6,2.0736441353327724,37.0,9.899494936611665,1.0,0.0,1.0,0.0,1.0,0.0,0.0,0.0,0.0,0.0,0.0,0.0,1.0,0.0
8000.0,0.953125,1.1185297302694785E-7,8000.0,66.10000000000001,43.578989414819254,-2.1084337349397613,-5.937500000000006,8000.0,459552.0,5.0,4184.8,4045.662363019875,173164.8,177590.20746576466,7.2,3.6331804249169894,47.4,12.461942063739505,1.0,0.0,1.0,0.0,1.0,0.0,0.0,0.0,0.0,0.0,0.0,0.0,1.0,0.0
9000.0,1.078125,1.2655959128298695E-7,9000.0,74.3,50.109487350716705,24.18879056047197,19.435736677115973,9000.0,454784.0,5.0,4752.700000000001,4518.79221941242,172688.00000000003,177092.58472963297,3.6,2.701851217221259,34.8,8.438009243891594,1.0,0.0,1.0,0.0,1.0,0.0,0.0,0.0,0.0,0.0,0.0,0.0,1.0,0.0
10000.0,1.21875,1.4329953248509105E-7,10000.0,76.2,43.77244377244377,20.93023255813955,17.361111111111125,10000.0,460144.0,5.0,5217.2,5068.859564920781,173224.0,177652.58100511172,4.0,3.391164991562634,39.6,14.825653442597396,1.0,0.0,1.0,0.0,1.0,0.0,0.0,0.0,0.0,0.0,0.0,0.0,1.0,0.0
11000.0,1.296875,1.5259400242939594E-7,11000.0,75.8,47.699988113633665,15.384615384615397,8.679245283018876,11000.0,459872.0,5.0,5870.7,5425.014286719539,173196.8,177623.94930414084,5.2,5.449770637375485,31.0,14.713938969562161,1.0,0.0,1.0,0.0,1.0,0.0,0.0,0.0,0.0,0.0,0.0,0.0,1.0,0.0
12000.0,1.40625,1.6549715332479943E-7,12000.0,74.5,40.8163170574337,16.11842105263159,0.7782101167315182,12000.0,456016.0,5.0,6651.9,5674.684924195253,172811.2,177223.11450748556,1.4,2.6076809620810595,25.0,19.77371993328519,1.0,0.0,1.0,0.0,1.0,0.0,0.0,0.0,0.0,0.0,0.0,0.0,1.0,0.0
13000.0,1.515625,1.785261621181336E-7,13000.0,75.9,57.55293554034584,29.325513196480934,27.8443113772455,13000.0,460464.0,5.0,7064.5,6287.991929066067,173256.0,177686.299152936,3.2,2.949576240750525,29.6,19.475625792256327,1.0,0.0,1.0,0.0,1.0,0.0,0.0,0.0,0.0,0.0,0.0,0.0,1.0,0.0
14000.0,1.609375,1.8969388394099146E-7,14000.0,70.7,51.21918734162884,10.397553516819547,25.634517766497456,14000.0,460464.0,5.0,7506.9,6942.856895959889,173256.0,177686.299152936,5.8,3.7682887362833544,41.6,17.728508115461945,1.0,0.0,1.0,0.0,1.0,0.0,0.0,0.0,0.0,0.0,0.0,0.0,1.0,0.0
15000.0,1.734375,2.0440050219703056E-7,15000.0,75.6,53.055256272125604,18.12080536912753,21.290322580645178,15000.0,454784.0,5.0,8055.600000000001,7416.027585948934,172688.0,177092.58472963294,6.8,4.658325879540847,38.6,17.938784797192923,1.0,0.0,1.0,0.0,1.0,0.0,0.0,0.0,0.0,0.0,0.0,0.0,1.0,0.0
16000.0,1.84375,2.174385655153957E-7,16000.0,72.2,56.644333819914905,21.246458923512737,30.15075376884422,16000.0,460784.0,5.0,8787.5,7751.179311706202,173288.0,177720.0045014629,3.2,2.949576240750525,35.4,14.293355099485915,1.0,0.0,1.0,0.0,1.0,0.0,0.0,0.0,0.0,0.0,0.0,0.0,1.0,0.0
17000.0,1.953125,2.304546716105607E-7,17000.0,72.3,51.89752958215102,15.805471124620043,16.314199395770377,17000.0,460008.0,5.0,8700.6,8694.373393816895,173210.40000000002,177638.26630993673,3.4,2.3021728866442674,34.8,16.11521020650987,1.0,0.0,1.0,0.0,1.0,0.0,0.0,0.0,0.0,0.0,0.0,0.0,1.0,0.0
18000.0,2.046875,2.4161463241196345E-7,18000.0,69.1,52.65934954865514,8.035714285714262,16.935483870967726,18000.0,460144.0,5.0,9350.0,9109.763785204434,173224.0,177652.58100511172,5.4,3.646916505762094,37.6,8.848728722251575,1.0,0.0,1.0,0.0,1.0,0.0,0.0,0.0,0.0,0.0,0.0,0.0,1.0,0.0
18159.0,2.109375,2.490524073234863E-7,18159.0,71.0,54.22604127864029,13.432835820895503,20.76502732240436,18159.0,460008.0,5.0,9435.9,9194.738525072067,173210.40000000002,177638.26630993673,0.2,0.447213595499958,4.0,2.1213203435596424,1.0,0.0,1.0,0.0,1.0,0.0,0.0,0.0,0.0,0.0,0.0,0.0,1.0,0.0
