learning evaluation instances,evaluation time (cpu seconds),model cost (RAM-Hours),classified instances,classifications correct (percent),Kappa Statistic (percent),Kappa Temporal Statistic (percent),Kappa M Statistic (percent),model training instances,model serialized size (bytes),[avg] model training instances,[err] model training instances,[avg] model serialized size (bytes),[err] model serialized size (bytes),[avg] tree size (nodes),[err] tree size (nodes),[avg] tree size (leaves),[err] tree size (leaves),[avg] active learning leaves,[err] active learning leaves,[avg] tree depth,[err] tree depth,[avg] active leaf byte size estimate,[err] active leaf byte size estimate,[avg] inactive leaf byte size estimate,[err] inactive leaf byte size estimate,[avg] byte size estimate overhead,[err] byte size estimate overhead
1000.0,0.25,1.184140435523457E-7,1000.0,73.3,42.64453791260488,18.348623853210995,18.09815950920244,1000.0,1851528.0,5988.816666666668,77.67522381995602,14066.0,4439.9565427709895,8.566666666666668,2.9015873310221116,4.783333333333334,1.4507936655110558,4.783333333333334,1.4507936655110558,3.0500000000000007,0.9099264265284941,0.0,0.0,0.0,0.0,1.0,0.0
2000.0,0.6875,3.893471633394559E-7,2000.0,79.4,47.76995453957695,34.810126582278485,24.54212454212456,2000.0,2393792.0,11995.466666666665,110.20758020419136,22698.0,6918.519622196057,14.599999999999998,5.434353999311281,7.799999999999999,2.7171769996556403,7.799999999999999,2.7171769996556403,4.083333333333331,1.183096578527845,0.0,0.0,0.0,0.0,1.0,0.0
3000.0,1.0,6.275413195706076E-7,3000.0,80.30000000000001,45.86305827003618,32.99319727891159,26.492537313432855,3000.0,2946344.0,18002.916666666668,112.15595855570072,31505.73333333333,8977.195617119114,20.633333333333333,6.033709449212328,10.816666666666666,3.016854724606164,10.816666666666666,3.016854724606164,5.083333333333335,0.8086747196864058,0.0,0.0,0.0,0.0,1.0,0.0
4000.0,1.359375,9.645447587697871E-7,4000.0,77.3,45.07648160425064,30.79268292682927,27.476038338658142,4000.0,3624840.0,23992.166666666668,121.12917417434221,42717.600000000006,11159.079949924793,28.666666666666664,7.941879269271449,14.833333333333332,3.9709396346357244,14.833333333333332,3.9709396346357244,6.183333333333334,1.1122075569413803,0.0,0.0,0.0,0.0,1.0,0.0
5000.0,1.734375,1.368484970751322E-6,5000.0,78.60000000000001,49.52592103401105,38.150289017341045,30.065359477124204,5000.0,4163784.0,29983.783333333333,148.736724707908,51629.066666666666,12392.37486421151,34.66666666666665,9.03602332412463,17.833333333333325,4.518011662062315,17.833333333333325,4.518011662062315,6.6000000000000005,1.092346254162594,0.0,0.0,0.0,0.0,1.0,0.0
6000.0,2.15625,1.9046866671285696E-6,6000.0,78.9,55.00605605690989,33.4384858044164,30.592105263157915,6000.0,4913000.0,35973.38333333333,169.10001971220112,63098.533333333355,11815.900484224949,42.56666666666668,7.9582952494134185,21.78333333333334,3.9791476247067092,21.78333333333334,3.9791476247067092,7.083333333333333,1.0133292447137259,0.0,0.0,0.0,0.0,1.0,0.0
7000.0,2.546875,2.457230164307273E-6,7000.0,82.1,59.27282655684738,37.630662020905916,37.4125874125874,7000.0,5467752.0,41971.03333333332,188.33525522743082,71952.53333333333,12930.27902941507,48.70000000000001,8.673552240839753,24.850000000000005,4.336776120419876,24.850000000000005,4.336776120419876,7.45,0.9464474163229598,0.0,0.0,0.0,0.0,1.0,0.0
8000.0,3.015625,3.213563047918595E-6,8000.0,75.8,47.244506452738044,27.10843373493975,24.374999999999993,8000.0,6236976.0,47974.31666666669,200.02215908317606,84510.66666666666,13751.699519827209,58.033333333333324,9.640955481635109,29.516666666666662,4.820477740817554,29.516666666666662,4.820477740817554,8.06666666666667,1.0393392077183294,0.0,0.0,0.0,0.0,1.0,0.0
9000.0,3.5,4.070720978132967E-6,9000.0,76.3,41.255787668176986,30.088495575221234,25.705329153605007,9000.0,6840400.0,53962.549999999996,220.52790476413796,94040.00000000001,15232.968563423126,63.5,10.314544609844615,32.24999999999999,5.157272304922309,32.24999999999999,5.157272304922309,8.316666666666666,1.1122075569413805,0.0,0.0,0.0,0.0,1.0,0.0
10000.0,4.015625,5.062612019375795E-6,10000.0,79.0,47.93526121623231,30.232558139534905,27.083333333333353,10000.0,7435880.0,59969.33333333334,228.26483776130107,103582.26666666669,15766.881614951222,70.43333333333331,11.065853213586053,35.716666666666654,5.532926606793026,35.716666666666654,5.532926606793026,8.633333333333331,1.1344627141151509,0.0,0.0,0.0,0.0,1.0,0.0
11000.0,4.4375,5.934252241988563E-6,11000.0,80.60000000000001,48.199671575237325,32.167832167832195,26.7924528301887,11000.0,7986488.0,65982.49999999999,222.851284302454,111983.46666666667,16467.82468573873,75.83333333333333,11.511477936989035,38.416666666666664,5.7557389684945175,38.416666666666664,5.7557389684945175,8.866666666666667,1.1712179184205551,0.0,0.0,0.0,0.0,1.0,0.0
12000.0,4.953125,7.085019153439337E-6,12000.0,81.10000000000001,48.28690098993648,37.828947368421076,26.45914396887162,12000.0,8626920.0,71983.98333333334,244.69894970902666,121940.39999999998,15473.14320527176,83.2,10.952594306094714,42.1,5.476297153047357,42.1,5.476297153047357,9.283333333333335,1.0430019690032382,0.0,0.0,0.0,0.0,1.0,0.0
13000.0,5.421875,8.209321466791961E-6,13000.0,79.0,54.401354931167766,38.416422287390034,37.125748502994014,13000.0,9271376.0,77981.24999999999,261.0646796277718,132482.0,16358.333751291544,89.83333333333336,11.279449840331967,45.41666666666668,5.639724920165984,45.41666666666668,5.639724920165984,9.499999999999998,1.0814303146406286,0.0,0.0,0.0,0.0,1.0,0.0
14000.0,6.09375,9.765071477482303E-6,14000.0,76.1,55.444529371189944,26.911314984709474,39.340101522842644,14000.0,8950632.0,74957.04999999997,25023.647085747387,127610.93333333332,43659.69675192507,87.29999999999997,29.810304213277256,44.149999999999984,14.905152106638628,44.149999999999984,14.905152106638628,9.16666666666667,2.241115541433885,0.0,0.0,0.0,0.0,1.0,0.0
15000.0,6.71875,1.1349587487832954E-5,15000.0,79.80000000000001,54.348219128548195,32.214765100671165,34.838709677419374,15000.0,9799840.0,81654.35,23088.271368979254,140325.8666666667,38928.50577856042,95.73333333333336,26.749222492528677,48.36666666666668,13.374611246264339,48.36666666666668,13.374611246264339,9.783333333333333,1.4739738362862813,0.0,0.0,0.0,0.0,1.0,0.0
16000.0,7.3125,1.299091145887764E-5,16000.0,79.5,64.08385805940705,41.926345609065166,48.4924623115578,16000.0,1.0685456E7,88346.16666666664,21113.84299471912,153890.66666666666,31632.52562226004,105.7,21.774888351306522,53.35,10.887444175653261,53.35,10.887444175653261,10.233333333333334,1.3450054081759668,0.0,0.0,0.0,0.0,1.0,0.0
17000.0,7.96875,1.4904192810515978E-5,17000.0,80.7,62.955569716466165,41.33738601823709,41.69184290030212,17000.0,1.1269688E7,92628.01666666666,24909.18824313472,161974.26666666672,39220.57474832183,110.93333333333334,26.545686021040844,55.96666666666667,13.272843010520422,55.96666666666667,13.272843010520422,10.233333333333334,2.0031049344782406,0.0,0.0,0.0,0.0,1.0,0.0
18000.0,8.71875,1.6893033720811624E-5,18000.0,76.6,61.64009888330065,30.357142857142854,37.09677419354839,18000.0,1.0250408E7,80342.51666666666,42885.40360174384,145216.93333333335,71563.22760053274,99.29999999999998,49.14430497895363,50.14999999999999,24.572152489476814,50.14999999999999,24.572152489476814,8.9,3.601788632878421,0.0,0.0,0.0,0.0,1.0,0.0
18159.0,8.984375,1.7579754510532238E-5,18159.0,75.5,58.858655131417216,26.86567164179104,33.060109289617486,18159.0,9993408.0,77968.30000000003,44558.2317077936,141457.73333333328,74417.37306316718,96.89999999999998,50.833626932559554,48.94999999999999,25.416813466279777,48.94999999999999,25.416813466279777,8.833333333333336,3.380736388876461,0.0,0.0,0.0,0.0,1.0,0.0
