learning evaluation instances,evaluation time (cpu seconds),model cost (RAM-Hours),classified instances,classifications correct (percent),Kappa Statistic (percent),Kappa Temporal Statistic (percent),Kappa M Statistic (percent),model training instances,model serialized size (bytes),ensemble size,[avg] model training instances,[err] model training instances,[avg] model serialized size (bytes),[err] model serialized size (bytes),[avg] Change detected,[err] Change detected,[avg] Warning detected,[err] Warning detected,[avg] tree size (nodes),[err] tree size (nodes),[avg] tree size (leaves),[err] tree size (leaves),[avg] active learning leaves,[err] active learning leaves,[avg] tree depth,[err] tree depth,[avg] active leaf byte size estimate,[err] active leaf byte size estimate,[avg] inactive leaf byte size estimate,[err] inactive leaf byte size estimate,[avg] byte size estimate overhead,[err] byte size estimate overhead
1000.0,0.328125,6.894862356906136E-8,1000.0,71.2,52.293237566425034,11.926605504587135,11.65644171779139,1000.0,831968.0,20.0,724.0250000000001,375.610920317206,172844.8,170303.063688539,3.9,2.6337885460422137,34.749999999999986,11.871571527237485,1.0,0.0,1.0,0.0,1.0,0.0,0.0,0.0,0.0,0.0,0.0,0.0,1.0,0.0
2000.0,0.65625,1.4003026687229674E-7,2000.0,75.1,49.74387541325067,21.202531645569607,8.791208791208799,2000.0,837376.0,20.0,1467.2250000000001,744.3351356954535,172980.00000000003,170438.86850790933,3.4999999999999996,4.123105625617661,25.1,13.890170701084386,1.0,0.0,1.0,0.0,1.0,0.0,0.0,0.0,0.0,0.0,0.0,0.0,1.0,0.0
3000.0,1.046875,2.2559633685482873E-7,3000.0,75.0,48.7284659557014,14.965986394557834,6.716417910447767,3000.0,846728.0,20.0,2261.35,1065.2356558828205,173213.80000000002,170672.7642627469,2.6500000000000004,3.9373381336821156,26.349999999999998,15.452048067284938,1.0,0.0,1.0,0.0,1.0,0.0,0.0,0.0,0.0,0.0,0.0,0.0,1.0,0.0
4000.0,1.359375,2.9377820384171275E-7,4000.0,72.5,46.45680329592449,16.158536585365837,12.140575079872182,4000.0,843376.0,20.0,2930.8500000000004,1601.6463252797269,173130.00000000003,170589.44957426668,2.7,4.0275367945655,23.7,16.37745562141992,1.0,0.0,1.0,0.0,1.0,0.0,0.0,0.0,0.0,0.0,0.0,0.0,1.0,0.0
5000.0,1.671875,3.6227180519037776E-7,5000.0,70.89999999999999,45.397025545185365,15.895953757225417,4.9019607843137285,5000.0,847232.0,20.0,3521.45,2040.0958493068347,173226.39999999997,170685.52760075682,2.75,3.416292234510822,23.1,15.956849708873582,1.0,0.0,1.0,0.0,1.0,0.0,0.0,0.0,0.0,0.0,0.0,0.0,1.0,0.0
6000.0,2.015625,4.377243264267842E-7,6000.0,72.7,49.177153920619546,13.880126182965281,10.197368421052639,6000.0,848464.0,20.0,3799.124999999999,2633.6454620680806,173257.2,170716.69813979487,3.25,3.596416344962828,26.150000000000002,13.796548004559156,1.0,0.0,1.0,0.0,1.0,0.0,0.0,0.0,0.0,0.0,0.0,0.0,1.0,0.0
7000.0,2.3125,5.019908227647345E-7,7000.0,75.4,49.96257363231035,14.285714285714295,13.986013986013997,7000.0,836784.0,20.0,4394.425,3021.629878465577,172965.20000000004,170423.8476202863,2.5,2.724160904127902,22.400000000000002,16.544676357954955,1.0,0.0,1.0,0.0,1.0,0.0,0.0,0.0,0.0,0.0,0.0,0.0,1.0,0.0
8000.0,2.65625,5.767881197647917E-7,8000.0,65.9,37.12663175750424,-2.7108433734939785,-6.562500000000007,8000.0,841096.0,20.0,5164.075,3462.1388334269723,173073.00000000003,170531.67426489937,2.9000000000000004,3.3857285618810087,25.2,17.75446570954978,1.0,0.0,1.0,0.0,1.0,0.0,0.0,0.0,0.0,0.0,0.0,0.0,1.0,0.0
9000.0,2.9375,6.380022063644397E-7,9000.0,71.8,51.019302216116024,16.814159292035384,11.598746081504679,9000.0,841320.0,20.0,5959.899999999999,3788.8586726117983,173078.60000000003,170537.33580968907,1.9500000000000002,3.456115860631015,20.95,16.39150935537568,1.0,0.0,1.0,0.0,1.0,0.0,0.0,0.0,0.0,0.0,0.0,0.0,1.0,0.0
10000.0,3.234375,7.026312070795232E-7,10000.0,74.0,43.34030683403069,13.621262458471769,9.722222222222229,10000.0,841504.0,20.0,6414.275000000001,4381.646377073114,173083.19999999995,170542.00606290222,2.75,4.8218253804964775,21.25,14.458197456260255,1.0,0.0,1.0,0.0,1.0,0.0,0.0,0.0,0.0,0.0,0.0,0.0,1.0,0.0
11000.0,3.53125,7.672602077946068E-7,11000.0,77.5,49.0258269143634,21.328671328671344,15.094339622641522,11000.0,841504.0,20.0,7073.999999999999,4679.987957468617,173071.8,170553.89290540907,2.45,3.720144309594794,19.349999999999998,13.716202481966931,1.0,0.0,1.0,0.0,1.0,0.0,0.0,0.0,0.0,0.0,0.0,0.0,1.0,0.0
12000.0,3.8125,8.288811659440399E-7,12000.0,72.89999999999999,40.77926618736479,10.855263157894743,-5.447470817120627,12000.0,846912.0,20.0,7864.15,5007.507904419174,173218.39999999997,170677.4270729617,3.5500000000000003,5.462551938811249,21.300000000000004,17.020421171113988,1.0,0.0,1.0,0.0,1.0,0.0,0.0,0.0,0.0,0.0,0.0,0.0,1.0,0.0
13000.0,4.109375,8.940305754852792E-7,13000.0,73.8,50.547749733863846,23.16715542521993,21.5568862275449,13000.0,848280.0,20.0,8772.849999999999,5243.880934858681,173252.60000000003,170712.03747453695,1.7,3.2622239750142685,16.65,18.74278808670572,1.0,0.0,1.0,0.0,1.0,0.0,0.0,0.0,0.0,0.0,0.0,0.0,1.0,0.0
14000.0,4.40625,9.590853652399448E-7,14000.0,73.6,57.71128339847505,19.266055045871543,32.99492385786802,14000.0,847048.0,20.0,9296.325,5890.049764221012,173221.79999999996,170680.86523297484,3.1499999999999995,4.132986686086518,19.55,16.95962698199524,1.0,0.0,1.0,0.0,1.0,0.0,0.0,0.0,0.0,0.0,0.0,0.0,1.0,0.0
15000.0,4.71875,1.0276268262209164E-6,15000.0,74.2,46.3751247090123,13.42281879194632,16.77419354838711,15000.0,848872.0,20.0,9872.824999999997,6381.816656751007,174109.20000000004,170881.72153699223,3.2499999999999996,3.8508372295412654,20.499999999999996,17.224523521024196,1.3,0.7326950970650465,1.1500000000000004,0.36634754853252327,1.1500000000000004,0.36634754853252327,0.15000000000000002,0.3663475485325232,0.0,0.0,0.0,0.0,1.0,0.0
16000.0,5.0625,1.1030402189741532E-6,16000.0,73.4,57.6408838723239,24.645892351274778,33.165829145728644,16000.0,848024.0,20.0,10010.825,6888.316838388434,173845.60000000003,171096.6074199168,2.2,3.5481648332920677,17.349999999999998,16.718332200878994,1.1000000000000003,0.44721359549995787,1.0500000000000003,0.22360679774997894,1.0500000000000003,0.22360679774997894,0.05000000000000001,0.22360679774997896,0.0,0.0,0.0,0.0,1.0,0.0
17000.0,5.375,1.1712123846842183E-6,17000.0,73.7,51.028950641651086,20.06079027355622,20.543806646525667,17000.0,843256.0,20.0,10090.400000000001,7693.092022167578,173734.39999999997,170969.06638018708,2.9999999999999996,3.554093266554554,23.749999999999996,20.524375751773793,1.1,0.4472135954999579,1.05,0.22360679774997896,1.05,0.22360679774997896,0.049999999999999996,0.22360679774997896,0.0,0.0,0.0,0.0,1.0,0.0
18000.0,5.75,1.2535513896081183E-6,18000.0,69.39999999999999,52.70946923333704,8.928571428571404,17.741935483870954,18000.0,848744.0,20.0,10310.850000000002,8360.062641005654,173980.80000000002,171006.4108036859,5.2,4.6859251740549706,31.9,20.565428322922504,1.2,0.8944271909999159,1.1,0.4472135954999579,1.1,0.4472135954999579,0.09999999999999999,0.4472135954999579,0.0,0.0,0.0,0.0,1.0,0.0
18159.0,5.90625,1.2880834078209268E-6,18159.0,68.89999999999999,50.763560601982746,7.164179104477586,15.027322404371567,18159.0,854288.0,20.0,10422.1,8396.50284588921,174127.4,171137.77514170064,0.4000000000000001,0.8207826816681233,3.500000000000001,3.5318103304858144,1.2,0.8944271909999159,1.1,0.4472135954999579,1.1,0.4472135954999579,0.09999999999999999,0.4472135954999579,0.0,0.0,0.0,0.0,1.0,0.0
