learning evaluation instances,evaluation time (cpu seconds),model cost (RAM-Hours),classified instances,classifications correct (percent),Kappa Statistic (percent),Kappa Temporal Statistic (percent),Kappa M Statistic (percent),model training instances,model serialized size (bytes),tree size (nodes),tree size (leaves),active learning leaves,tree depth,active leaf byte size estimate,inactive leaf byte size estimate,byte size estimate overhead,splits
1000.0,0.0,0.0,1000.0,61.1,60.365897146955916,5.582524271844664,52.034525277435264,1000.0,38664.0,1.0,1.0,1.0,0.0,0.0,0.0,1.0,0.0
2000.0,0.0,0.0,2000.0,64.1,61.11954062574796,30.82851637764933,46.49776453055141,2000.0,92600.0,3.0,2.0,2.0,1.0,0.0,0.0,1.0,1.0
3000.0,0.0,0.0,3000.0,74.3,72.63512074619874,33.933161953727506,65.27027027027027,3000.0,167576.0,7.0,4.0,4.0,3.0,0.0,0.0,1.0,3.0
4000.0,0.015625,9.861024510529307E-10,4000.0,77.3,77.15608332494716,18.637992831541233,75.05494505494505,4000.0,243952.0,13.0,7.0,7.0,5.0,0.0,0.0,1.0,6.0
5000.0,0.03125,2.1705636754632E-9,5000.0,74.8,74.65951233639296,26.315789473684205,72.69772481040087,5000.0,293024.0,13.0,7.0,7.0,5.0,0.0,0.0,1.0,6.0
6000.0,0.046875,3.5503116022381522E-9,6000.0,65.0,64.96850668751208,24.07809110629067,63.880288957688336,6000.0,341336.0,15.0,8.0,8.0,6.0,0.0,0.0,1.0,7.0
7000.0,0.0625,4.377507138997317E-9,7000.0,65.60000000000001,63.7136543198156,29.36344969199179,57.791411042944794,7000.0,204640.0,13.0,5.0,4.0,3.0,0.0,0.0,1.0,8.0
8000.0,0.0625,4.377507138997317E-9,8000.0,53.800000000000004,48.514326278755924,-1.0940919037199135,43.173431734317354,8000.0,244696.0,15.0,6.0,5.0,3.0,0.0,0.0,1.0,9.0
9000.0,0.0625,4.377507138997317E-9,9000.0,57.099999999999994,51.98151792130341,16.860465116279062,44.78764478764478,9000.0,247728.0,15.0,6.0,5.0,3.0,0.0,0.0,1.0,9.0
10000.0,0.0625,4.377507138997317E-9,10000.0,75.1,75.08953760579443,38.669950738916256,74.79757085020243,10000.0,247728.0,15.0,6.0,5.0,3.0,0.0,0.0,1.0,9.0
11000.0,0.109375,7.867347449064256E-9,11000.0,47.599999999999994,47.173904715434695,-11.252653927813174,45.586708203530634,11000.0,287784.0,17.0,7.0,6.0,4.0,0.0,0.0,1.0,10.0
12000.0,0.109375,7.867347449064256E-9,12000.0,48.5,47.517314190910604,-8.879492600422841,39.340400471142516,12000.0,327432.0,19.0,8.0,7.0,4.0,0.0,0.0,1.0,11.0
13000.0,0.125,9.581336699840097E-9,13000.0,69.3,68.84371622410197,39.32806324110671,64.09356725146198,13000.0,424024.0,23.0,10.0,9.0,4.0,0.0,0.0,1.0,13.0
14000.0,0.125,9.581336699840097E-9,14000.0,59.9,59.06885211096525,37.14733542319749,53.20886814469078,14000.0,432664.0,23.0,10.0,9.0,4.0,0.0,0.0,1.0,13.0
15000.0,0.203125,1.8413217427829903E-8,15000.0,68.5,68.21103833849695,44.736842105263165,64.96106785317019,15000.0,436984.0,23.0,10.0,9.0,4.0,0.0,0.0,1.0,13.0
16000.0,0.203125,1.8413217427829903E-8,16000.0,80.7,80.67903675487905,-119.31818181818184,80.08255933952529,16000.0,437016.0,25.0,11.0,10.0,5.0,0.0,0.0,1.0,14.0
17000.0,0.28125,2.7855146779782244E-8,17000.0,84.2,84.10213272908021,-222.44897959183652,82.80739934711643,17000.0,467168.0,29.0,13.0,12.0,6.0,0.0,0.0,1.0,16.0
18000.0,0.3125,3.189268884145551E-8,18000.0,84.0,83.84654215042907,-433.333333333333,82.68398268398268,18000.0,499424.0,31.0,14.0,13.0,7.0,0.0,0.0,1.0,17.0
19000.0,0.34375,3.595842928108242E-8,19000.0,84.6,84.5378886989035,-599.9999999999994,83.97502601456816,19000.0,502912.0,33.0,15.0,14.0,7.0,0.0,0.0,1.0,18.0
20000.0,0.375,4.0319670612613363E-8,20000.0,81.8,81.79098653833647,-766.6666666666662,81.63471241170535,20000.0,539464.0,33.0,15.0,14.0,7.0,0.0,0.0,1.0,18.0
21000.0,0.40625,4.4680911944144305E-8,21000.0,81.8,81.8,-599.9999999999995,81.8,21000.0,539464.0,33.0,15.0,14.0,7.0,0.0,0.0,1.0,18.0
22000.0,0.421875,4.701115863604678E-8,22000.0,82.89999999999999,82.89999999999999,-1454.5454545454536,82.89999999999999,22000.0,576480.0,35.0,16.0,15.0,8.0,0.0,0.0,1.0,19.0
23000.0,0.453125,5.1671652019851735E-8,23000.0,88.4,88.4,-624.9999999999993,88.4,23000.0,576480.0,35.0,16.0,15.0,8.0,0.0,0.0,1.0,19.0
24000.0,0.46875,5.400189871175421E-8,24000.0,90.3,90.3,-259.25925925925884,90.3,24000.0,576480.0,35.0,16.0,15.0,8.0,0.0,0.0,1.0,19.0
25000.0,0.5,5.724497087713744E-8,25000.0,92.30000000000001,92.30000000000001,-249.99999999999952,92.30000000000001,25000.0,401152.0,32.0,12.0,10.0,4.0,0.0,0.0,1.0,20.0
26000.0,0.53125,6.048804304252067E-8,26000.0,89.5,89.5,-262.068965517241,89.5,26000.0,401152.0,32.0,12.0,10.0,4.0,0.0,0.0,1.0,20.0
27000.0,0.546875,6.211333028558227E-8,27000.0,92.7,92.7,-160.71428571428532,92.7,27000.0,402080.0,34.0,13.0,11.0,5.0,0.0,0.0,1.0,21.0
28000.0,0.5625,6.373877921659084E-8,28000.0,83.6,83.6,-256.5217391304345,83.6,28000.0,402120.0,36.0,14.0,12.0,6.0,0.0,0.0,1.0,22.0
29000.0,0.578125,6.551369248578944E-8,29000.0,86.8,86.8,-288.23529411764673,86.8,29000.0,439096.0,36.0,14.0,12.0,6.0,0.0,0.0,1.0,22.0
30000.0,0.59375,6.729051367276243E-8,30000.0,87.3,87.3,-309.6774193548383,87.3,30000.0,439568.0,38.0,15.0,13.0,6.0,0.0,0.0,1.0,23.0
31000.0,0.625,7.084415604670841E-8,31000.0,85.8,85.8,-246.34146341463386,85.8,31000.0,439568.0,38.0,15.0,13.0,6.0,0.0,0.0,1.0,23.0
32000.0,0.640625,7.262097723368139E-8,32000.0,85.6,85.6,-323.52941176470557,85.6,32000.0,439568.0,38.0,15.0,13.0,6.0,0.0,0.0,1.0,23.0
33000.0,0.671875,7.61609731449021E-8,33000.0,81.6,81.6,-411.1111111111108,81.6,33000.0,437880.0,40.0,16.0,14.0,7.0,0.0,0.0,1.0,24.0
34000.0,0.6875,7.806837351785762E-8,34000.0,84.0,84.0,-290.2439024390241,84.0,34000.0,471872.0,42.0,17.0,15.0,7.0,0.0,0.0,1.0,25.0
35000.0,0.703125,7.998450503995018E-8,35000.0,85.9,85.9,-340.62499999999966,85.82914572864323,35000.0,474032.0,42.0,17.0,15.0,7.0,0.0,0.0,1.0,25.0
36000.0,0.734375,8.381676808413529E-8,36000.0,78.7,78.7,-587.0967741935477,78.5929648241206,36000.0,474032.0,42.0,17.0,15.0,7.0,0.0,0.0,1.0,25.0
37000.0,0.75,8.573289960622784E-8,37000.0,84.7,84.7,-537.4999999999995,84.54545454545455,37000.0,474032.0,42.0,17.0,15.0,7.0,0.0,0.0,1.0,25.0
38000.0,0.78125,8.956516265041295E-8,38000.0,83.8,83.8,-752.6315789473679,83.8,38000.0,474032.0,42.0,17.0,15.0,7.0,0.0,0.0,1.0,25.0
39000.0,0.796875,9.14812941725055E-8,39000.0,91.2,91.2,-779.9999999999989,91.2,39000.0,474032.0,42.0,17.0,15.0,7.0,0.0,0.0,1.0,25.0
40000.0,0.8125,9.339742569459806E-8,40000.0,94.5,94.5,-1275.0,94.5,40000.0,474032.0,42.0,17.0,15.0,7.0,0.0,0.0,1.0,25.0
41000.0,0.84375,9.721953473571271E-8,41000.0,96.6,96.6,-466.6666666666667,96.6,41000.0,472776.0,44.0,18.0,16.0,7.0,0.0,0.0,1.0,26.0
42000.0,0.859375,9.913058925627004E-8,42000.0,94.5,94.5,-323.0769230769231,94.5,42000.0,472776.0,44.0,18.0,16.0,7.0,0.0,0.0,1.0,26.0
43000.0,0.890625,1.0228660863099824E-7,43000.0,91.60000000000001,91.60000000000001,-459.99999999999926,91.60000000000001,43000.0,390384.0,39.0,13.0,10.0,6.0,0.0,0.0,1.0,26.0
44000.0,0.90625,1.0386461831836234E-7,44000.0,93.4,93.4,-339.99999999999926,93.4,44000.0,390384.0,39.0,13.0,10.0,6.0,0.0,0.0,1.0,26.0
45000.0,0.921875,1.0543564308641682E-7,45000.0,89.7,89.7,-390.4761904761899,89.7,45000.0,388656.0,40.0,13.0,9.0,6.0,0.0,0.0,1.0,27.0
46000.0,0.953125,1.0886297483618057E-7,46000.0,94.19999999999999,94.19999999999999,-314.2857142857143,94.19999999999999,46000.0,423944.0,42.0,14.0,10.0,6.0,0.0,0.0,1.0,28.0
47000.0,0.96875,1.1058537186019947E-7,47000.0,95.89999999999999,95.89999999999999,-310.0,95.89999999999999,47000.0,426104.0,42.0,14.0,10.0,6.0,0.0,0.0,1.0,28.0
48000.0,1.0,1.1433291042016609E-7,48000.0,98.5,98.5,-150.0,98.5,48000.0,463552.0,44.0,15.0,11.0,6.0,0.0,0.0,1.0,29.0
49000.0,1.015625,1.146340380526251E-7,49000.0,91.4,91.4,-974.9999999999986,91.4,49000.0,74496.0,33.0,3.0,-2.0,2.0,0.0,0.0,1.0,30.0
50000.0,1.03125,1.1506555084553027E-7,50000.0,99.4,99.4,40.0,99.4,50000.0,106752.0,35.0,4.0,-1.0,3.0,0.0,0.0,1.0,31.0
51000.0,1.0625,1.1565383627182904E-7,51000.0,97.5,97.5,-108.33333333333333,97.5,51000.0,72768.0,34.0,3.0,-3.0,2.0,0.0,0.0,1.0,31.0
52000.0,1.0625,1.1565383627182904E-7,52000.0,97.89999999999999,97.89999999999999,-75.0,97.89999999999999,52000.0,72768.0,34.0,3.0,-3.0,2.0,0.0,0.0,1.0,31.0
53000.0,1.0625,1.1565383627182904E-7,53000.0,96.6,96.6,-112.5,96.6,53000.0,72768.0,34.0,3.0,-3.0,2.0,0.0,0.0,1.0,31.0
54000.0,1.09375,1.1624212169812782E-7,54000.0,95.5,95.5,-150.0,95.5,54000.0,72768.0,34.0,3.0,-3.0,2.0,0.0,0.0,1.0,31.0
55000.0,1.109375,1.165362644112772E-7,55000.0,92.10000000000001,92.10000000000001,-229.1666666666662,92.10000000000001,55000.0,72768.0,34.0,3.0,-3.0,2.0,0.0,0.0,1.0,31.0
56000.0,1.125,1.1683040712442659E-7,56000.0,87.0,87.0,-364.2857142857139,87.0,56000.0,72768.0,34.0,3.0,-3.0,2.0,0.0,0.0,1.0,31.0
57000.0,1.140625,1.1712454983757597E-7,57000.0,85.3,85.3,-332.35294117647027,85.3,57000.0,72768.0,34.0,3.0,-3.0,2.0,0.0,0.0,1.0,31.0
58000.0,1.15625,1.1741869255072536E-7,58000.0,83.7,83.7,-340.54054054054023,83.7,58000.0,72768.0,34.0,3.0,-3.0,2.0,0.0,0.0,1.0,31.0
59000.0,1.15625,1.1741869255072536E-7,59000.0,83.89999999999999,83.89999999999999,-302.4999999999997,83.89999999999999,59000.0,72768.0,34.0,3.0,-3.0,2.0,0.0,0.0,1.0,31.0
60000.0,1.15625,1.1741869255072536E-7,60000.0,85.39999999999999,85.39999999999999,-342.4242424242421,85.39999999999999,60000.0,72768.0,34.0,3.0,-3.0,2.0,0.0,0.0,1.0,31.0
61000.0,1.171875,1.1771283526387474E-7,61000.0,84.8,84.8,-334.285714285714,84.8,61000.0,72768.0,34.0,3.0,-3.0,2.0,0.0,0.0,1.0,31.0
62000.0,1.1875,1.1801570912616116E-7,62000.0,82.3,82.3,-293.3333333333331,82.3,62000.0,74928.0,34.0,3.0,-3.0,2.0,0.0,0.0,1.0,31.0
63000.0,1.203125,1.1831858298844757E-7,63000.0,72.89999999999999,72.89999999999999,-401.85185185185145,72.89999999999999,63000.0,74928.0,34.0,3.0,-3.0,2.0,0.0,0.0,1.0,31.0
64000.0,1.21875,1.1862145685073398E-7,64000.0,75.6,75.6,-387.99999999999955,75.6,64000.0,74928.0,34.0,3.0,-3.0,2.0,0.0,0.0,1.0,31.0
65000.0,1.234375,1.1892433071302039E-7,65000.0,85.2,85.2,-252.3809523809521,85.2,65000.0,74928.0,34.0,3.0,-3.0,2.0,0.0,0.0,1.0,31.0
66000.0,1.25,1.192272045753068E-7,66000.0,77.2,77.2,-499.9999999999994,77.2,66000.0,74928.0,34.0,3.0,-3.0,2.0,0.0,0.0,1.0,31.0
67000.0,1.265625,1.195300784375932E-7,67000.0,81.69999999999999,81.69999999999999,-509.9999999999996,81.69999999999999,67000.0,74928.0,34.0,3.0,-3.0,2.0,0.0,0.0,1.0,31.0
68000.0,1.28125,1.1983295229987962E-7,68000.0,87.4,87.4,-384.6153846153842,87.4,68000.0,74928.0,34.0,3.0,-3.0,2.0,0.0,0.0,1.0,31.0
69000.0,1.296875,1.2013582616216603E-7,69000.0,88.3,88.3,-387.49999999999955,88.3,69000.0,74928.0,34.0,3.0,-3.0,2.0,0.0,0.0,1.0,31.0
70000.0,1.328125,1.2074157388673886E-7,70000.0,87.9,87.9,-656.2499999999993,87.9,70000.0,74928.0,34.0,3.0,-3.0,2.0,0.0,0.0,1.0,31.0
71000.0,1.34375,1.2104444774902527E-7,71000.0,90.10000000000001,90.10000000000001,-312.49999999999955,90.10000000000001,71000.0,74928.0,34.0,3.0,-3.0,2.0,0.0,0.0,1.0,31.0
72000.0,1.34375,1.2104444774902527E-7,72000.0,80.10000000000001,80.09856709683098,-485.29411764705816,79.91927346115035,72000.0,77088.0,34.0,3.0,-3.0,2.0,0.0,0.0,1.0,31.0
73000.0,1.34375,1.2104444774902527E-7,73000.0,77.7,77.64193610807267,-519.4444444444439,76.4519535374868,73000.0,77088.0,34.0,3.0,-3.0,2.0,0.0,0.0,1.0,31.0
74000.0,1.34375,1.2104444774902527E-7,74000.0,76.0,75.93801633006625,-499.9999999999995,74.84276729559748,74000.0,77088.0,34.0,3.0,-3.0,2.0,0.0,0.0,1.0,31.0
75000.0,1.40625,1.22290867794719E-7,75000.0,70.3,70.28216930158095,-724.9999999999994,69.53846153846153,75000.0,77088.0,34.0,3.0,-3.0,2.0,0.0,0.0,1.0,31.0
76000.0,1.421875,1.2260247280614242E-7,76000.0,80.80000000000001,80.79704274458267,-392.30769230769175,80.58645096056624,76000.0,77088.0,34.0,3.0,-3.0,2.0,0.0,0.0,1.0,31.0
77000.0,1.4375,1.2291407781756586E-7,77000.0,82.1,82.1,-272.9166666666664,82.1,77000.0,77088.0,34.0,3.0,-3.0,2.0,0.0,0.0,1.0,31.0
78000.0,1.453125,1.232256828289893E-7,78000.0,78.8,78.8,-631.0344827586199,78.8,78000.0,77088.0,34.0,3.0,-3.0,2.0,0.0,0.0,1.0,31.0
79000.0,1.46875,1.2353728784041273E-7,79000.0,76.3,76.3,-640.6249999999993,76.3,79000.0,77088.0,34.0,3.0,-3.0,2.0,0.0,0.0,1.0,31.0
80000.0,1.484375,1.2384889285183617E-7,80000.0,70.5,70.5,-1034.6153846153838,70.5,80000.0,77088.0,34.0,3.0,-3.0,2.0,0.0,0.0,1.0,31.0
81000.0,1.5,1.241604978632596E-7,81000.0,73.1,73.1,-796.666666666666,73.1,81000.0,77088.0,34.0,3.0,-3.0,2.0,0.0,0.0,1.0,31.0
82000.0,1.515625,1.2447210287468304E-7,82000.0,77.7,77.7,-1014.999999999999,77.7,82000.0,77088.0,34.0,3.0,-3.0,2.0,0.0,0.0,1.0,31.0
83000.0,1.53125,1.2478370788610648E-7,83000.0,78.7,78.7,-868.1818181818171,78.7,83000.0,77088.0,34.0,3.0,-3.0,2.0,0.0,0.0,1.0,31.0
84000.0,1.53125,1.2478370788610648E-7,84000.0,83.3,83.3,-659.0909090909086,83.3,84000.0,77088.0,34.0,3.0,-3.0,2.0,0.0,0.0,1.0,31.0
85000.0,1.53125,1.2478370788610648E-7,85000.0,79.4,79.4,-414.99999999999943,79.4,85000.0,77088.0,34.0,3.0,-3.0,2.0,0.0,0.0,1.0,31.0
86000.0,1.53125,1.2478370788610648E-7,86000.0,77.8,77.8,-404.54545454545405,77.8,86000.0,77088.0,34.0,3.0,-3.0,2.0,0.0,0.0,1.0,31.0
87000.0,1.53125,1.2478370788610648E-7,87000.0,74.9,74.9,-796.4285714285706,74.9,87000.0,77088.0,34.0,3.0,-3.0,2.0,0.0,0.0,1.0,31.0
88000.0,1.578125,1.2571852292037676E-7,88000.0,77.4,77.4,-391.3043478260865,77.4,88000.0,77088.0,34.0,3.0,-3.0,2.0,0.0,0.0,1.0,31.0
89000.0,1.59375,1.260301279318002E-7,89000.0,82.0,82.0,-499.99999999999966,82.0,89000.0,77088.0,34.0,3.0,-3.0,2.0,0.0,0.0,1.0,31.0
90000.0,1.609375,1.2634173294322364E-7,90000.0,80.10000000000001,80.10000000000001,-804.5454545454536,80.10000000000001,90000.0,77088.0,34.0,3.0,-3.0,2.0,0.0,0.0,1.0,31.0
91000.0,1.609375,1.2634173294322364E-7,91000.0,78.0,78.0,-587.4999999999993,78.0,91000.0,77088.0,34.0,3.0,-3.0,2.0,0.0,0.0,1.0,31.0
92000.0,1.625,1.2665333795464707E-7,92000.0,89.7,89.7,-186.1111111111108,89.7,92000.0,77088.0,34.0,3.0,-3.0,2.0,0.0,0.0,1.0,31.0
93000.0,1.640625,1.269649429660705E-7,93000.0,91.5,91.5,-226.9230769230765,91.5,93000.0,77088.0,34.0,3.0,-3.0,2.0,0.0,0.0,1.0,31.0
94000.0,1.65625,1.2740696547552951E-7,94000.0,92.4,92.4,-245.45454545454498,92.4,94000.0,109352.0,36.0,4.0,-2.0,3.0,0.0,0.0,1.0,32.0
95000.0,1.6875,1.285867700870667E-7,95000.0,90.9,90.9,-249.99999999999955,90.9,95000.0,145936.0,38.0,5.0,-1.0,4.0,0.0,0.0,1.0,33.0
96000.0,1.6875,1.285867700870667E-7,96000.0,91.2,91.2,-174.99999999999966,91.2,96000.0,179912.0,40.0,6.0,0.0,4.0,0.0,0.0,1.0,34.0
97000.0,1.6875,1.285867700870667E-7,97000.0,87.7,87.7,-309.9999999999996,87.7,97000.0,179912.0,40.0,6.0,0.0,4.0,0.0,0.0,1.0,34.0
98000.0,1.734375,1.3076849023087164E-7,98000.0,92.0,92.0,-207.69230769230725,92.0,98000.0,179912.0,40.0,6.0,0.0,4.0,0.0,0.0,1.0,34.0
99000.0,1.75,1.3150446142794364E-7,99000.0,85.2,85.2,-311.1111111111108,85.17034068136272,99000.0,182072.0,40.0,6.0,0.0,4.0,0.0,0.0,1.0,34.0
100000.0,1.765625,1.322578949232897E-7,100000.0,88.7,88.6978638962764,-189.74358974358947,88.4576098059244,100000.0,186392.0,40.0,6.0,0.0,4.0,0.0,0.0,1.0,34.0
101000.0,1.78125,1.3301132841863574E-7,101000.0,88.9,88.89644686299616,-146.6666666666664,88.6734693877551,101000.0,186392.0,40.0,6.0,0.0,4.0,0.0,0.0,1.0,34.0
102000.0,1.796875,1.3375793868261915E-7,102000.0,92.10000000000001,92.09743957042082,-192.59259259259218,91.95519348268839,102000.0,184704.0,42.0,7.0,1.0,5.0,0.0,0.0,1.0,35.0
103000.0,1.828125,1.355290684538584E-7,103000.0,93.5,93.4920342499219,-109.67741935483835,93.25726141078839,103000.0,219080.0,43.0,7.0,0.0,5.0,0.0,0.0,1.0,36.0
104000.0,1.84375,1.36414633339478E-7,104000.0,92.0,91.99454027646856,-142.4242424242421,91.74406604747163,104000.0,219080.0,43.0,7.0,0.0,5.0,0.0,0.0,1.0,36.0
105000.0,1.859375,1.3730019822509762E-7,105000.0,89.1,89.09112017181985,-211.42857142857113,88.85480572597137,105000.0,219080.0,43.0,7.0,0.0,5.0,0.0,0.0,1.0,36.0
106000.0,1.859375,1.3730019822509762E-7,106000.0,93.0,93.0,-149.9999999999996,93.0,106000.0,222584.0,45.0,8.0,1.0,6.0,0.0,0.0,1.0,37.0
107000.0,1.921875,1.4082848792895685E-7,107000.0,92.10000000000001,92.10000000000001,-163.33333333333294,92.10000000000001,107000.0,218216.0,44.0,7.0,-1.0,5.0,0.0,0.0,1.0,37.0
108000.0,1.9375,1.4172281630130288E-7,108000.0,88.7,88.6990055124851,-253.12499999999966,88.57431749241658,108000.0,221248.0,44.0,7.0,-1.0,5.0,0.0,0.0,1.0,37.0
109000.0,1.953125,1.426190525914233E-7,109000.0,88.3,88.29943837304191,-387.49999999999955,88.10975609756098,109000.0,221720.0,46.0,8.0,0.0,6.0,0.0,0.0,1.0,38.0
110000.0,1.984375,1.4441152517166412E-7,110000.0,93.0,92.9990478705104,-191.6666666666662,92.87894201424211,110000.0,221720.0,46.0,8.0,0.0,6.0,0.0,0.0,1.0,38.0
111000.0,2.0,1.4530776146178455E-7,111000.0,94.3,94.29952115977743,-159.0909090909091,94.25981873111782,111000.0,221720.0,46.0,8.0,0.0,6.0,0.0,0.0,1.0,38.0
112000.0,2.015625,1.4620399775190497E-7,112000.0,93.30000000000001,93.29962477898763,-157.69230769230725,93.2527693856999,112000.0,221720.0,46.0,8.0,0.0,6.0,0.0,0.0,1.0,38.0
113000.0,2.03125,1.471002340420254E-7,113000.0,92.2,92.19929793681432,-159.99999999999963,92.12121212121212,113000.0,221720.0,46.0,8.0,0.0,6.0,0.0,0.0,1.0,38.0
114000.0,2.046875,1.4799647033214582E-7,114000.0,91.7,91.6991284084829,-176.66666666666632,91.57360406091371,114000.0,221720.0,46.0,8.0,0.0,6.0,0.0,0.0,1.0,38.0
115000.0,2.046875,1.4799647033214582E-7,115000.0,92.7,92.69974449105719,-160.71428571428532,92.66331658291458,115000.0,221720.0,46.0,8.0,0.0,6.0,0.0,0.0,1.0,38.0
116000.0,2.046875,1.4799647033214582E-7,116000.0,94.39999999999999,94.39999999999999,-180.0,94.39999999999999,116000.0,221720.0,46.0,8.0,0.0,6.0,0.0,0.0,1.0,38.0
117000.0,2.09375,1.5068517920250707E-7,117000.0,84.3,84.3,-390.62499999999966,84.3,117000.0,221720.0,46.0,8.0,0.0,6.0,0.0,0.0,1.0,38.0
118000.0,2.109375,1.515814154926275E-7,118000.0,76.5,76.5,-552.7777777777771,76.5,118000.0,221720.0,46.0,8.0,0.0,6.0,0.0,0.0,1.0,38.0
119000.0,2.125,1.5248990772912913E-7,119000.0,81.6,81.6,-474.99999999999966,81.6,119000.0,224752.0,46.0,8.0,0.0,6.0,0.0,0.0,1.0,38.0
120000.0,2.125,1.5248990772912913E-7,120000.0,80.9,80.9,-281.99999999999955,80.9,120000.0,224752.0,46.0,8.0,0.0,6.0,0.0,0.0,1.0,38.0
121000.0,2.125,1.5248990772912913E-7,121000.0,79.0,79.0,-328.5714285714281,79.0,121000.0,224752.0,46.0,8.0,0.0,6.0,0.0,0.0,1.0,38.0
122000.0,2.15625,1.543068922021324E-7,122000.0,77.10000000000001,77.10000000000001,-518.9189189189183,77.10000000000001,122000.0,224752.0,46.0,8.0,0.0,6.0,0.0,0.0,1.0,38.0
123000.0,2.171875,1.5521538443863405E-7,123000.0,76.3,76.3,-426.66666666666623,76.3,123000.0,224752.0,46.0,8.0,0.0,6.0,0.0,0.0,1.0,38.0
124000.0,2.1875,1.5612387667513569E-7,124000.0,75.7,75.7,-492.6829268292677,75.7,124000.0,224752.0,46.0,8.0,0.0,6.0,0.0,0.0,1.0,38.0
125000.0,2.1875,1.5612387667513569E-7,125000.0,78.2,78.2,-395.454545454545,78.2,125000.0,224752.0,46.0,8.0,0.0,6.0,0.0,0.0,1.0,38.0
126000.0,2.1875,1.5612387667513569E-7,126000.0,82.5,82.5,-236.53846153846132,82.5,126000.0,227784.0,46.0,8.0,0.0,6.0,0.0,0.0,1.0,38.0
127000.0,2.234375,1.5888612122378428E-7,127000.0,84.3,84.3,-213.9999999999998,84.3,127000.0,227784.0,46.0,8.0,0.0,6.0,0.0,0.0,1.0,38.0
128000.0,2.25,1.5980686940666713E-7,128000.0,84.8,84.8,-261.90476190476164,84.8,128000.0,227784.0,46.0,8.0,0.0,6.0,0.0,0.0,1.0,38.0
129000.0,2.265625,1.6072761758955E-7,129000.0,86.7,86.7,-232.49999999999972,86.7,129000.0,227784.0,46.0,8.0,0.0,6.0,0.0,0.0,1.0,38.0
130000.0,2.296875,1.6256911395531572E-7,130000.0,87.3,87.3,-262.85714285714255,87.3,130000.0,227784.0,46.0,8.0,0.0,6.0,0.0,0.0,1.0,38.0
131000.0,2.328125,1.6441061032108146E-7,131000.0,89.8,89.8,-343.47826086956474,89.8,131000.0,227784.0,46.0,8.0,0.0,6.0,0.0,0.0,1.0,38.0
132000.0,2.34375,1.6533135850396432E-7,132000.0,91.9,91.9,-237.49999999999955,91.9,132000.0,227784.0,46.0,8.0,0.0,6.0,0.0,0.0,1.0,38.0
133000.0,2.359375,1.6625210668684717E-7,133000.0,87.6,87.6,-463.6363636363631,87.6,133000.0,227784.0,46.0,8.0,0.0,6.0,0.0,0.0,1.0,38.0
134000.0,2.359375,1.6625210668684717E-7,134000.0,87.8,87.8,-430.4347826086952,87.8,134000.0,227784.0,46.0,8.0,0.0,6.0,0.0,0.0,1.0,38.0
135000.0,2.375,1.6718158601886705E-7,135000.0,88.2,88.2,-371.9999999999996,88.10483870967742,135000.0,229944.0,46.0,8.0,0.0,6.0,0.0,0.0,1.0,38.0
136000.0,2.390625,1.6811106535088693E-7,136000.0,87.5,87.5,-362.96296296296254,87.12667353244078,136000.0,229944.0,46.0,8.0,0.0,6.0,0.0,0.0,1.0,38.0
137000.0,2.4375,1.708995033469466E-7,137000.0,85.1,85.1,-413.7931034482755,84.52751817237798,137000.0,229944.0,46.0,8.0,0.0,6.0,0.0,0.0,1.0,38.0
138000.0,2.453125,1.7197511624544868E-7,138000.0,87.4,87.39584062740704,-349.9999999999996,86.97001034126164,138000.0,266096.0,48.0,9.0,1.0,6.0,0.0,0.0,1.0,39.0
139000.0,2.46875,1.730629527527426E-7,139000.0,90.60000000000001,90.5960033014031,-193.74999999999966,90.35897435897436,139000.0,269120.0,48.0,9.0,1.0,6.0,0.0,0.0,1.0,39.0
140000.0,2.5,1.7523862576733042E-7,140000.0,87.8,87.79086756894156,-258.82352941176435,87.37060041407867,140000.0,269120.0,48.0,9.0,1.0,6.0,0.0,0.0,1.0,39.0
141000.0,2.515625,1.7632646227462433E-7,141000.0,86.2,86.18395957706898,-199.99999999999974,85.57993730407524,141000.0,269120.0,48.0,9.0,1.0,6.0,0.0,0.0,1.0,39.0
142000.0,2.53125,1.7741429878191824E-7,142000.0,81.89999999999999,81.8837134583991,-320.93023255813927,81.35942327497425,142000.0,269120.0,48.0,9.0,1.0,6.0,0.0,0.0,1.0,39.0
143000.0,2.546875,1.7850213528921215E-7,143000.0,78.2,78.19171285088333,-651.7241379310337,77.75510204081633,143000.0,269120.0,48.0,9.0,1.0,6.0,0.0,0.0,1.0,39.0
144000.0,2.5625,1.7958997179650606E-7,144000.0,83.39999999999999,83.39717752017842,-453.333333333333,83.23232323232322,144000.0,269120.0,48.0,9.0,1.0,6.0,0.0,0.0,1.0,39.0
145000.0,2.59375,1.817656448110939E-7,145000.0,84.7,84.69926556474711,-565.2173913043473,84.65396188565697,145000.0,269120.0,48.0,9.0,1.0,6.0,0.0,0.0,1.0,39.0
146000.0,2.609375,1.828534813183878E-7,146000.0,81.2,81.2,-526.666666666666,81.2,146000.0,269120.0,48.0,9.0,1.0,6.0,0.0,0.0,1.0,39.0
147000.0,2.625,1.839413178256817E-7,147000.0,75.8,75.8,-706.666666666666,75.8,147000.0,269120.0,48.0,9.0,1.0,6.0,0.0,0.0,1.0,39.0
148000.0,2.625,1.839413178256817E-7,148000.0,76.5,76.5,-921.7391304347817,76.5,148000.0,269120.0,48.0,9.0,1.0,6.0,0.0,0.0,1.0,39.0
149000.0,2.65625,1.8611699084026954E-7,149000.0,68.30000000000001,68.30000000000001,-1484.9999999999984,68.30000000000001,149000.0,269120.0,48.0,9.0,1.0,6.0,0.0,0.0,1.0,39.0
150000.0,2.671875,1.8720482734756345E-7,150000.0,70.0,70.0,-1053.846153846153,70.0,150000.0,269120.0,48.0,9.0,1.0,6.0,0.0,0.0,1.0,39.0
151000.0,2.6875,1.8829266385485736E-7,151000.0,68.8,68.8,-1199.999999999999,68.8,151000.0,269120.0,48.0,9.0,1.0,6.0,0.0,0.0,1.0,39.0
152000.0,2.71875,1.9046833686944518E-7,152000.0,76.3,76.3,-540.54054054054,76.3,152000.0,269120.0,48.0,9.0,1.0,6.0,0.0,0.0,1.0,39.0
153000.0,2.734375,1.915561733767391E-7,153000.0,75.3,75.3,-782.1428571428563,75.3,153000.0,269120.0,48.0,9.0,1.0,6.0,0.0,0.0,1.0,39.0
154000.0,2.75,1.92644009884033E-7,154000.0,84.5,84.5,-416.66666666666634,84.5,154000.0,269120.0,48.0,9.0,1.0,6.0,0.0,0.0,1.0,39.0
155000.0,2.765625,1.9373184639132692E-7,155000.0,83.8,83.8,-478.5714285714282,83.8,155000.0,269120.0,48.0,9.0,1.0,6.0,0.0,0.0,1.0,39.0
156000.0,2.796875,1.9619280161956954E-7,156000.0,83.8,83.8,-547.9999999999995,83.8,156000.0,304408.0,50.0,10.0,2.0,6.0,0.0,0.0,1.0,40.0
157000.0,2.8125,1.9742518715146524E-7,157000.0,87.6,87.6,-287.49999999999966,87.6,157000.0,304880.0,52.0,11.0,3.0,7.0,0.0,0.0,1.0,41.0
158000.0,2.84375,2.0046744288669702E-7,158000.0,93.2,93.2,-151.85185185185145,93.2,158000.0,376312.0,56.0,13.0,5.0,8.0,0.0,0.0,1.0,43.0
159000.0,2.875,2.0380519951383282E-7,159000.0,86.6,86.6,-234.99999999999974,86.6,159000.0,412864.0,56.0,13.0,5.0,8.0,0.0,0.0,1.0,43.0
160000.0,2.890625,2.056167189342281E-7,160000.0,83.2,83.2,-249.99999999999977,83.2,160000.0,448152.0,58.0,14.0,6.0,8.0,0.0,0.0,1.0,44.0
161000.0,2.890625,2.056167189342281E-7,161000.0,83.3,83.3,-209.25925925925904,83.3,161000.0,448152.0,58.0,14.0,6.0,8.0,0.0,0.0,1.0,44.0
162000.0,2.890625,2.056167189342281E-7,162000.0,84.3,84.3,-227.0833333333331,84.3,162000.0,448152.0,58.0,14.0,6.0,8.0,0.0,0.0,1.0,44.0
163000.0,2.9375,2.11051277195414E-7,163000.0,79.5,79.5,-286.79245283018827,79.5,163000.0,448152.0,58.0,14.0,6.0,8.0,0.0,0.0,1.0,44.0
164000.0,2.96875,2.149316585726209E-7,164000.0,72.8,72.8,-345.9016393442619,72.8,164000.0,479984.0,60.0,15.0,7.0,8.0,0.0,0.0,1.0,45.0
165000.0,2.984375,2.1700747311115275E-7,165000.0,75.1,75.1,-418.74999999999955,75.1,165000.0,513536.0,62.0,16.0,8.0,8.0,0.0,0.0,1.0,46.0
166000.0,3.015625,2.214443844018712E-7,166000.0,79.5,79.5,-365.90909090909037,79.5,166000.0,548824.0,64.0,17.0,9.0,8.0,0.0,0.0,1.0,47.0
167000.0,3.03125,2.2368382714274868E-7,167000.0,79.80000000000001,79.80000000000001,-369.7674418604646,79.80000000000001,167000.0,554016.0,64.0,17.0,9.0,8.0,0.0,0.0,1.0,47.0
168000.0,3.03125,2.2368382714274868E-7,168000.0,83.8,83.8,-268.18181818181796,83.8,168000.0,554016.0,64.0,17.0,9.0,8.0,0.0,0.0,1.0,47.0
169000.0,3.078125,2.3040787911870425E-7,169000.0,84.1,84.1,-367.6470588235291,84.1,169000.0,554488.0,66.0,18.0,10.0,8.0,0.0,0.0,1.0,48.0
170000.0,3.109375,2.3516156943514954E-7,170000.0,82.1,82.1,-426.47058823529375,82.1,170000.0,588008.0,66.0,18.0,10.0,8.0,0.0,0.0,1.0,48.0
171000.0,3.140625,2.401760300724872E-7,171000.0,87.6,87.6,-217.94871794871767,87.55020080321285,171000.0,620264.0,68.0,19.0,11.0,8.0,0.0,0.0,1.0,49.0
172000.0,3.171875,2.4553863719726613E-7,172000.0,85.6,85.6,-213.0434782608693,85.29111338100101,172000.0,663328.0,70.0,20.0,12.0,8.0,0.0,0.0,1.0,50.0
173000.0,3.1875,2.482199407596556E-7,173000.0,81.2,81.2,-317.77777777777726,80.53830227743272,173000.0,663328.0,70.0,20.0,12.0,8.0,0.0,0.0,1.0,50.0
174000.0,3.21875,2.536000101827086E-7,174000.0,84.7,84.7,-247.7272727272725,84.29158110882956,174000.0,665488.0,70.0,20.0,12.0,8.0,0.0,0.0,1.0,50.0
175000.0,3.25,2.592373574669991E-7,175000.0,80.5,80.5,-274.99999999999955,79.51680672268908,175000.0,697312.0,72.0,21.0,13.0,8.0,0.0,0.0,1.0,51.0
176000.0,3.265625,2.620647622582814E-7,176000.0,78.7,78.7,-309.6153846153842,77.6495278069255,176000.0,699472.0,72.0,21.0,13.0,8.0,0.0,0.0,1.0,51.0
177000.0,3.28125,2.6489216704956367E-7,177000.0,84.6,84.6,-207.99999999999977,83.66914103923648,177000.0,699472.0,72.0,21.0,13.0,8.0,0.0,0.0,1.0,51.0
178000.0,3.28125,2.6489216704956367E-7,178000.0,74.7,74.7,-386.5384615384611,73.72793354101765,178000.0,699472.0,72.0,21.0,13.0,8.0,0.0,0.0,1.0,51.0
179000.0,3.328125,2.733743814234105E-7,179000.0,69.69999999999999,69.69999999999999,-482.6923076923073,69.08163265306122,179000.0,699472.0,72.0,21.0,13.0,8.0,0.0,0.0,1.0,51.0
180000.0,3.328125,2.733743814234105E-7,180000.0,78.9,78.89145103767025,-390.69767441860415,78.31449126413156,180000.0,737792.0,74.0,22.0,14.0,8.0,0.0,0.0,1.0,52.0
181000.0,3.390625,2.853385133979222E-7,181000.0,80.4,80.39392211585591,-402.56410256410203,79.77296181630548,181000.0,739952.0,74.0,22.0,14.0,8.0,0.0,0.0,1.0,52.0
182000.0,3.40625,2.883295463915501E-7,182000.0,73.2,73.19887435272281,-587.1794871794866,72.62512768130746,182000.0,739952.0,74.0,22.0,14.0,8.0,0.0,0.0,1.0,52.0
183000.0,3.4375,2.9431161237880596E-7,183000.0,69.69999999999999,69.69915157624413,-982.1428571428564,69.26977687626774,183000.0,739952.0,74.0,22.0,14.0,8.0,0.0,0.0,1.0,52.0
184000.0,3.484375,3.032847113596897E-7,184000.0,64.4,64.39800628835215,-1048.3870967741925,63.894523326572006,184000.0,739952.0,74.0,22.0,14.0,8.0,0.0,0.0,1.0,52.0
185000.0,3.484375,3.032847113596897E-7,185000.0,56.99999999999999,56.99999999999999,-877.2727272727265,56.56565656565656,185000.0,739952.0,74.0,22.0,14.0,8.0,0.0,0.0,1.0,52.0
186000.0,3.484375,3.032847113596897E-7,186000.0,59.099999999999994,59.099999999999994,-976.3157894736834,58.60323886639676,186000.0,739952.0,74.0,22.0,14.0,8.0,0.0,0.0,1.0,52.0
187000.0,3.5625,3.1828353207351443E-7,187000.0,61.3,61.3,-945.945945945945,60.30769230769231,187000.0,742112.0,74.0,22.0,14.0,8.0,0.0,0.0,1.0,52.0
188000.0,3.59375,3.242830603590443E-7,188000.0,59.3,59.29829052820218,-653.7037037037031,58.42696629213483,188000.0,742112.0,74.0,22.0,14.0,8.0,0.0,0.0,1.0,52.0
189000.0,3.609375,3.272915556509463E-7,189000.0,59.3,59.292184099347075,-667.9245283018862,58.29918032786885,189000.0,744272.0,74.0,22.0,14.0,8.0,0.0,0.0,1.0,52.0
190000.0,3.640625,3.33576366150131E-7,190000.0,65.9,65.9,-519.9999999999994,65.09723643807574,190000.0,777400.0,76.0,23.0,15.0,8.0,0.0,0.0,1.0,53.0
191000.0,3.65625,3.367187713997233E-7,191000.0,59.0,58.98736810937769,-619.2982456140345,57.818930041152264,191000.0,777400.0,76.0,23.0,15.0,8.0,0.0,0.0,1.0,53.0
192000.0,3.703125,3.461459871485003E-7,192000.0,54.7,54.66037316614722,-978.5714285714275,52.91060291060291,192000.0,777400.0,76.0,23.0,15.0,8.0,0.0,0.0,1.0,53.0
193000.0,3.734375,3.526989409389597E-7,193000.0,66.2,66.18579803517478,-838.888888888888,65.4749744637385,193000.0,810568.0,80.0,25.0,17.0,8.0,0.0,0.0,1.0,55.0
194000.0,3.765625,3.5927634194700273E-7,194000.0,74.9,74.88576022604818,-543.589743589743,74.20349434737923,194000.0,813592.0,80.0,25.0,17.0,8.0,0.0,0.0,1.0,55.0
195000.0,3.796875,3.6439971558542733E-7,195000.0,76.5,76.47713577597425,-710.3448275862062,75.84789311408016,195000.0,633736.0,77.0,21.0,12.0,8.0,0.0,0.0,1.0,56.0
196000.0,3.796875,3.6439971558542733E-7,196000.0,74.6,74.58347926152,-586.4864864864859,73.94871794871794,196000.0,667256.0,77.0,21.0,12.0,8.0,0.0,0.0,1.0,56.0
197000.0,3.84375,3.7253375113424346E-7,197000.0,79.10000000000001,79.09004686230647,-574.1935483870961,78.7385554425229,197000.0,670760.0,79.0,22.0,13.0,8.0,0.0,0.0,1.0,57.0
198000.0,3.875,3.782556935523949E-7,198000.0,85.9,85.89754617303412,-354.838709677419,85.8148893360161,198000.0,707776.0,81.0,23.0,14.0,8.0,0.0,0.0,1.0,58.0
199000.0,3.921875,3.850945116331182E-7,199000.0,87.2,87.19883509399355,-326.6666666666663,87.10976837865056,199000.0,563952.0,75.0,17.0,5.0,8.0,0.0,0.0,1.0,59.0
200000.0,3.96875,3.923612530343236E-7,200000.0,90.0,89.99714918751845,-212.49999999999966,89.84771573604061,200000.0,599240.0,77.0,18.0,6.0,8.0,0.0,0.0,1.0,60.0
201000.0,3.984375,3.947835001680588E-7,201000.0,89.2,89.19636998031338,-217.64705882352908,89.02439024390245,201000.0,599240.0,77.0,18.0,6.0,8.0,0.0,0.0,1.0,60.0
202000.0,4.0,3.9720574730179395E-7,202000.0,87.6,87.59343692813498,-264.7058823529409,87.30808597748208,202000.0,599240.0,77.0,18.0,6.0,8.0,0.0,0.0,1.0,60.0
203000.0,4.0,3.9720574730179395E-7,203000.0,87.2,87.18959795353827,-212.19512195121925,86.81771369721936,203000.0,563952.0,76.0,17.0,4.0,8.0,0.0,0.0,1.0,60.0
204000.0,4.03125,4.020642114078835E-7,204000.0,87.5,87.49312121666917,-190.69767441860438,87.21881390593047,204000.0,600968.0,78.0,18.0,5.0,8.0,0.0,0.0,1.0,61.0
205000.0,4.0625,4.0692267551397304E-7,205000.0,89.5,89.49540949394886,-162.49999999999974,89.29663608562691,205000.0,600968.0,78.0,18.0,5.0,8.0,0.0,0.0,1.0,61.0
206000.0,4.078125,4.094874020665886E-7,206000.0,85.1,85.09687034277198,-338.23529411764673,84.88843813387423,206000.0,634488.0,78.0,18.0,5.0,8.0,0.0,0.0,1.0,61.0
207000.0,4.09375,4.111473875430725E-7,207000.0,91.3,91.29652731439845,-180.64516129032222,91.11338100102145,207000.0,410664.0,72.0,12.0,-2.0,7.0,0.0,0.0,1.0,61.0
208000.0,4.09375,4.111473875430725E-7,208000.0,91.4,91.3945096971868,-177.41935483870932,91.14315139031926,208000.0,448504.0,72.0,12.0,-2.0,7.0,0.0,0.0,1.0,61.0
209000.0,4.15625,4.1894863695941056E-7,209000.0,93.60000000000001,93.57416815598707,-120.68965517241341,93.19148936170214,209000.0,482488.0,74.0,13.0,-1.0,7.0,0.0,0.0,1.0,62.0
210000.0,4.171875,4.2089894931349506E-7,210000.0,91.0,90.99401101732653,-119.51219512195095,90.82568807339449,210000.0,482488.0,74.0,13.0,-1.0,7.0,0.0,0.0,1.0,62.0
211000.0,4.203125,4.251202335581185E-7,211000.0,89.9,89.89855549343557,-165.78947368421024,89.78766430738119,211000.0,522152.0,76.0,14.0,0.0,7.0,0.0,0.0,1.0,63.0
212000.0,4.21875,4.272483379787043E-7,212000.0,89.1,89.09389257984472,-211.42857142857113,88.78600823045268,212000.0,526472.0,76.0,14.0,0.0,7.0,0.0,0.0,1.0,63.0
213000.0,4.234375,4.2937644239929007E-7,213000.0,91.9,91.89365273008767,-107.6923076923074,91.65808444902163,213000.0,526472.0,76.0,14.0,0.0,7.0,0.0,0.0,1.0,63.0
214000.0,4.234375,4.2937644239929007E-7,214000.0,91.8,91.79133164621841,-115.78947368421024,91.52892561983471,214000.0,529504.0,76.0,14.0,0.0,7.0,0.0,0.0,1.0,63.0
215000.0,4.265625,4.339809270782605E-7,215000.0,87.9,87.88346092416148,-202.49999999999972,87.40894901144641,215000.0,569552.0,78.0,15.0,1.0,7.0,0.0,0.0,1.0,64.0
216000.0,4.296875,4.385854117572309E-7,216000.0,92.10000000000001,92.0769041756721,-139.39393939393904,91.64021164021165,216000.0,569552.0,78.0,15.0,1.0,7.0,0.0,0.0,1.0,64.0
217000.0,4.3125,4.4089994238068677E-7,217000.0,88.2,88.17104271256035,-180.95238095238068,87.60504201680672,217000.0,572592.0,78.0,15.0,1.0,7.0,0.0,0.0,1.0,64.0
218000.0,4.34375,4.4552900362759845E-7,218000.0,84.1,84.0297308155886,-238.2978723404253,83.17460317460316,218000.0,572592.0,78.0,15.0,1.0,7.0,0.0,0.0,1.0,64.0
219000.0,4.359375,4.4802659734462717E-7,219000.0,85.6,85.57728422265068,-349.99999999999966,85.07772020725388,219000.0,617880.0,80.0,16.0,2.0,7.0,0.0,0.0,1.0,65.0
220000.0,4.390625,4.530780521842343E-7,220000.0,84.1,84.08739721859713,-341.66666666666634,83.74233128834355,220000.0,624840.0,80.0,16.0,2.0,7.0,0.0,0.0,1.0,65.0
221000.0,4.40625,4.556037796040378E-7,221000.0,90.2,90.19639227235623,-133.33333333333306,89.96929375639714,221000.0,624840.0,80.0,16.0,2.0,7.0,0.0,0.0,1.0,65.0
222000.0,4.40625,4.556037796040378E-7,222000.0,88.7,88.69519545806968,-135.41666666666643,88.41025641025641,222000.0,632632.0,80.0,16.0,2.0,7.0,0.0,0.0,1.0,65.0
223000.0,4.453125,4.6371433806295215E-7,223000.0,88.5,88.49806767536947,-144.68085106382955,88.3367139959432,223000.0,668824.0,82.0,17.0,3.0,7.0,0.0,0.0,1.0,66.0
224000.0,4.484375,4.6914989878940934E-7,224000.0,86.3,86.29890391231298,-185.41666666666643,86.18951612903226,224000.0,672352.0,84.0,18.0,4.0,7.0,0.0,0.0,1.0,67.0
225000.0,4.515625,4.7492649173364065E-7,225000.0,84.39999999999999,84.39923556254256,-246.6666666666664,84.29003021148036,225000.0,714536.0,84.0,18.0,4.0,7.0,0.0,0.0,1.0,67.0
226000.0,4.53125,4.778147882057563E-7,226000.0,88.4,88.39936196490808,-222.22222222222192,88.27098078867543,226000.0,714536.0,84.0,18.0,4.0,7.0,0.0,0.0,1.0,67.0
227000.0,4.546875,4.80703084677872E-7,227000.0,89.4,89.39933215792595,-211.76470588235264,89.3037336024218,227000.0,714536.0,84.0,18.0,4.0,7.0,0.0,0.0,1.0,67.0
228000.0,4.578125,4.868107498623434E-7,228000.0,87.6,87.59791644996359,-244.44444444444414,87.4239350912779,228000.0,755488.0,86.0,19.0,5.0,7.0,0.0,0.0,1.0,68.0
229000.0,4.625,4.943575671253108E-7,229000.0,86.5,86.49773161891197,-255.26315789473654,86.30831643002028,229000.0,622336.0,85.0,17.0,2.0,7.0,0.0,0.0,1.0,69.0
230000.0,4.65625,4.996986374155518E-7,230000.0,85.0,84.99810976183,-257.1428571428569,84.78701825557809,230000.0,660664.0,87.0,18.0,3.0,7.0,0.0,0.0,1.0,70.0
231000.0,4.6875,5.054227141146034E-7,231000.0,88.5,88.49470756548013,-144.68085106382955,88.22927328556807,231000.0,708040.0,87.0,18.0,3.0,7.0,0.0,0.0,1.0,70.0
232000.0,4.6875,5.054227141146034E-7,232000.0,88.5,88.49461548004466,-167.441860465116,88.19301848049281,232000.0,708040.0,87.0,18.0,3.0,7.0,0.0,0.0,1.0,70.0
233000.0,4.6875,5.054227141146034E-7,233000.0,88.7,88.69527462479316,-125.99999999999977,88.44580777096115,233000.0,714112.0,87.0,18.0,3.0,7.0,0.0,0.0,1.0,70.0
234000.0,4.75,5.170811911941406E-7,234000.0,89.7,89.69711519225383,-123.91304347826062,89.48979591836735,234000.0,721048.0,87.0,18.0,3.0,7.0,0.0,0.0,1.0,70.0
235000.0,4.78125,5.22969801548041E-7,235000.0,87.2,87.19521100891734,-161.22448979591815,86.9120654396728,235000.0,728392.0,87.0,18.0,3.0,7.0,0.0,0.0,1.0,70.0
236000.0,4.8125,5.288933364984894E-7,236000.0,81.10000000000001,81.09376094111057,-231.57894736842067,80.67484662576688,236000.0,732712.0,87.0,18.0,3.0,7.0,0.0,0.0,1.0,70.0
237000.0,4.828125,5.318551039737135E-7,237000.0,81.69999999999999,81.686667894227,-265.9999999999998,81.17283950617283,237000.0,732712.0,87.0,18.0,3.0,7.0,0.0,0.0,1.0,70.0
238000.0,4.84375,5.348168714489377E-7,238000.0,81.69999999999999,81.6636941143464,-273.4693877551018,80.85774058577405,238000.0,732712.0,87.0,18.0,3.0,7.0,0.0,0.0,1.0,70.0
239000.0,4.84375,5.348168714489377E-7,239000.0,78.60000000000001,78.46250462955508,-275.43859649122766,76.63755458515284,239000.0,734872.0,87.0,18.0,3.0,7.0,0.0,0.0,1.0,70.0
240000.0,4.921875,5.49774300048335E-7,240000.0,77.0,76.82479545362943,-318.1818181818178,74.72527472527473,240000.0,740064.0,87.0,18.0,3.0,7.0,0.0,0.0,1.0,70.0
241000.0,4.9375,5.527657857682145E-7,241000.0,76.1,75.88812898943013,-334.5454545454541,73.41490545050056,241000.0,740064.0,87.0,18.0,3.0,7.0,0.0,0.0,1.0,70.0
242000.0,4.96875,5.590483973113203E-7,242000.0,80.5,80.33957089853202,-167.123287671233,78.429203539823,242000.0,777128.0,89.0,19.0,4.0,7.0,0.0,0.0,1.0,71.0
243000.0,5.0,5.65365933450974E-7,243000.0,74.4,74.24816719377449,-250.68493150684955,72.56162915326902,243000.0,781448.0,89.0,19.0,4.0,7.0,0.0,0.0,1.0,71.0
244000.0,5.0,5.65365933450974E-7,244000.0,72.7,72.63794285439377,-307.46268656716455,71.1416490486258,244000.0,781448.0,89.0,19.0,4.0,7.0,0.0,0.0,1.0,71.0
245000.0,5.046875,5.749214970920652E-7,245000.0,77.7,77.67023442248518,-253.96825396825423,76.69801462904911,245000.0,787984.0,91.0,20.0,5.0,7.0,0.0,0.0,1.0,72.0
246000.0,5.0625,5.78115416121566E-7,246000.0,81.0,80.95841317437284,-239.28571428571388,79.87288135593221,246000.0,790144.0,91.0,20.0,5.0,7.0,0.0,0.0,1.0,72.0
247000.0,5.09375,5.845032541805675E-7,247000.0,82.6,82.55646092647247,-286.6666666666664,81.41025641025642,247000.0,790144.0,91.0,20.0,5.0,7.0,0.0,0.0,1.0,72.0
248000.0,5.125,5.908910922395691E-7,248000.0,79.4,79.34888849903513,-311.99999999999955,78.2010582010582,248000.0,790144.0,91.0,20.0,5.0,7.0,0.0,0.0,1.0,72.0
249000.0,5.140625,5.940850112690699E-7,249000.0,80.10000000000001,80.0852431651854,-410.2564102564097,79.29240374609782,249000.0,790144.0,91.0,20.0,5.0,7.0,0.0,0.0,1.0,72.0
250000.0,5.140625,5.940850112690699E-7,250000.0,76.7,76.69622478841572,-441.86046511627853,76.05344295991779,250000.0,790144.0,91.0,20.0,5.0,7.0,0.0,0.0,1.0,72.0
251000.0,5.1875,6.036667683575721E-7,251000.0,76.2,76.19695321001089,-453.48837209302275,75.41322314049587,251000.0,790144.0,91.0,20.0,5.0,7.0,0.0,0.0,1.0,72.0
252000.0,5.203125,6.068606873870729E-7,252000.0,77.2,77.19954399087982,-456.0975609756092,76.73469387755102,252000.0,790144.0,91.0,20.0,5.0,7.0,0.0,0.0,1.0,72.0
253000.0,5.234375,6.13575652500408E-7,253000.0,72.39999999999999,72.34524358229294,-541.8604651162785,71.1297071129707,253000.0,830608.0,91.0,20.0,5.0,7.0,0.0,0.0,1.0,72.0
254000.0,5.28125,6.236481001704108E-7,254000.0,73.6,73.59471894378876,-528.571428571428,73.33333333333333,254000.0,830608.0,91.0,20.0,5.0,7.0,0.0,0.0,1.0,72.0
255000.0,5.296875,6.270055827270784E-7,255000.0,74.1,74.09792783422674,-684.8484848484842,73.96984924623115,255000.0,830608.0,91.0,20.0,5.0,7.0,0.0,0.0,1.0,72.0
256000.0,5.296875,6.270055827270784E-7,256000.0,80.0,79.99873992061501,-365.11627906976696,79.8183652875883,256000.0,830608.0,91.0,20.0,5.0,7.0,0.0,0.0,1.0,72.0
257000.0,5.359375,6.404355129537487E-7,257000.0,75.4,75.4,-499.9999999999995,75.4,257000.0,830608.0,91.0,20.0,5.0,7.0,0.0,0.0,1.0,72.0
258000.0,5.375,6.437929955104163E-7,258000.0,81.69999999999999,81.69999999999999,-408.33333333333303,81.69999999999999,258000.0,830608.0,91.0,20.0,5.0,7.0,0.0,0.0,1.0,72.0
259000.0,5.40625,6.505079606237515E-7,259000.0,79.80000000000001,79.79878792727564,-417.94871794871733,79.75951903807615,259000.0,830608.0,91.0,20.0,5.0,7.0,0.0,0.0,1.0,72.0
260000.0,5.421875,6.538741743295561E-7,260000.0,76.7,76.68174180383241,-356.8627450980388,76.05344295991779,260000.0,832768.0,91.0,20.0,5.0,7.0,0.0,0.0,1.0,72.0
261000.0,5.4375,6.570399273186926E-7,261000.0,76.9,76.88835172927155,-424.9999999999995,76.40449438202246,261000.0,783176.0,90.0,19.0,3.0,7.0,0.0,0.0,1.0,72.0
262000.0,5.46875,6.633714332969656E-7,262000.0,82.1,82.02450291223137,-265.30612244897935,81.03813559322033,262000.0,783176.0,90.0,19.0,3.0,7.0,0.0,0.0,1.0,72.0
263000.0,5.5,6.697029392752387E-7,263000.0,85.2,85.16885459464876,-138.70967741935465,84.55114822546973,263000.0,783176.0,90.0,19.0,3.0,7.0,0.0,0.0,1.0,72.0
264000.0,5.53125,6.760344452535117E-7,264000.0,81.10000000000001,81.02314373211506,-142.30769230769235,79.43416757344941,264000.0,783176.0,90.0,19.0,3.0,7.0,0.0,0.0,1.0,72.0
265000.0,5.5625,6.826726409296199E-7,265000.0,81.3,81.2653784193189,-107.7777777777779,79.97858672376873,265000.0,821112.0,92.0,20.0,4.0,7.0,0.0,0.0,1.0,73.0
266000.0,5.5625,6.826726409296199E-7,266000.0,84.5,84.49392161727397,-127.94117647058845,84.05349794238683,266000.0,861216.0,94.0,21.0,5.0,7.0,0.0,0.0,1.0,74.0
267000.0,5.609375,6.931424528981254E-7,267000.0,82.8,82.78917439069174,-149.27536231884082,82.5025432349949,267000.0,863376.0,94.0,21.0,5.0,7.0,0.0,0.0,1.0,74.0
268000.0,5.640625,7.001223275437957E-7,268000.0,80.30000000000001,80.28840958483589,-286.27450980392115,79.87742594484169,268000.0,863376.0,94.0,21.0,5.0,7.0,0.0,0.0,1.0,74.0
269000.0,5.65625,7.036122648666308E-7,269000.0,79.60000000000001,79.5962865241474,-218.75000000000023,79.3103448275862,269000.0,863376.0,94.0,21.0,5.0,7.0,0.0,0.0,1.0,74.0
270000.0,5.6875,7.105921395123011E-7,270000.0,79.60000000000001,79.59730684450348,-213.846153846154,79.37310414560163,270000.0,863376.0,94.0,21.0,5.0,7.0,0.0,0.0,1.0,74.0
271000.0,5.71875,7.175720141579714E-7,271000.0,81.39999999999999,81.39661418378145,-186.15384615384647,81.13590263691684,271000.0,863376.0,94.0,21.0,5.0,7.0,0.0,0.0,1.0,74.0
272000.0,5.734375,7.210619514808065E-7,272000.0,81.10000000000001,81.08694999549691,-237.4999999999996,80.51546391752578,272000.0,863376.0,94.0,21.0,5.0,7.0,0.0,0.0,1.0,74.0
273000.0,5.734375,7.210619514808065E-7,273000.0,74.8,74.78459338655918,-300.00000000000034,73.55718782791185,273000.0,865536.0,94.0,21.0,5.0,7.0,0.0,0.0,1.0,74.0
274000.0,5.78125,7.319911189066874E-7,274000.0,72.7,72.66851412827577,-468.74999999999955,70.58189655172413,274000.0,901256.0,96.0,22.0,6.0,7.0,0.0,0.0,1.0,75.0
275000.0,5.8125,7.392772305239413E-7,275000.0,76.0,75.97078046905037,-410.63829787233993,74.35897435897436,275000.0,901256.0,96.0,22.0,6.0,7.0,0.0,0.0,1.0,75.0
276000.0,5.84375,7.465633421411952E-7,276000.0,74.5,74.4644545206928,-507.1428571428566,72.92993630573248,276000.0,901256.0,96.0,22.0,6.0,7.0,0.0,0.0,1.0,75.0
277000.0,5.875,7.513370170878874E-7,277000.0,79.10000000000001,79.09498279587102,-301.9230769230765,78.78172588832487,277000.0,590480.0,91.0,16.0,-1.0,7.0,0.0,0.0,1.0,76.0
278000.0,5.90625,7.564445453075078E-7,278000.0,75.1,75.08405379442844,-397.99999999999955,74.59183673469387,278000.0,631776.0,91.0,16.0,-1.0,7.0,0.0,0.0,1.0,76.0
279000.0,5.9375,7.618268136866398E-7,279000.0,81.39999999999999,81.39609317956771,-304.3478260869563,81.11675126903552,279000.0,665760.0,93.0,17.0,0.0,7.0,0.0,0.0,1.0,77.0
280000.0,5.984375,7.698586947905527E-7,280000.0,77.5,77.49662449367405,-368.74999999999955,77.27272727272727,280000.0,662336.0,95.0,18.0,1.0,7.0,0.0,0.0,1.0,78.0
281000.0,6.0,7.726959625466008E-7,281000.0,78.0,77.9984158859438,-436.58536585365806,77.82258064516128,281000.0,701912.0,95.0,18.0,1.0,7.0,0.0,0.0,1.0,78.0
282000.0,6.015625,7.75533230302649E-7,282000.0,77.2,77.18412014762275,-355.99999999999955,76.63934426229508,282000.0,701912.0,95.0,18.0,1.0,7.0,0.0,0.0,1.0,78.0
283000.0,6.03125,7.783704980586971E-7,283000.0,74.2,74.1742000258258,-514.2857142857138,73.48406988694758,283000.0,701912.0,95.0,18.0,1.0,7.0,0.0,0.0,1.0,78.0
284000.0,6.046875,7.813908612459076E-7,284000.0,70.7,70.66682417814548,-581.3953488372089,69.82492276004119,284000.0,747208.0,97.0,19.0,2.0,7.0,0.0,0.0,1.0,79.0
285000.0,6.09375,7.90431481113451E-7,285000.0,73.4,73.39494503955751,-548.7804878048775,73.13131313131312,285000.0,745520.0,99.0,20.0,3.0,7.0,0.0,0.0,1.0,80.0
286000.0,6.109375,7.936102014759355E-7,286000.0,76.0,75.99831988239177,-458.1395348837204,75.83081570996978,286000.0,786384.0,99.0,20.0,3.0,7.0,0.0,0.0,1.0,80.0
287000.0,6.125,7.9678892183842E-7,287000.0,74.8,74.79929438024264,-447.82608695652124,74.69879518072288,287000.0,786384.0,99.0,20.0,3.0,7.0,0.0,0.0,1.0,80.0
288000.0,6.15625,8.03163824861663E-7,288000.0,74.2,74.19963879494314,-426.5306122448975,74.14829659318637,288000.0,788544.0,99.0,20.0,3.0,7.0,0.0,0.0,1.0,80.0
289000.0,6.1875,8.095387278849059E-7,289000.0,75.6,75.6,-542.1052631578941,75.6,289000.0,788544.0,99.0,20.0,3.0,7.0,0.0,0.0,1.0,80.0
290000.0,6.21875,8.159136309081489E-7,290000.0,74.3,74.3,-446.8085106382974,74.3,290000.0,788544.0,99.0,20.0,3.0,7.0,0.0,0.0,1.0,80.0
291000.0,6.25,8.216830449075342E-7,291000.0,74.6,74.59817106831692,-398.0392156862741,74.39516129032258,291000.0,713648.0,97.0,18.0,0.0,7.0,0.0,0.0,1.0,80.0
292000.0,6.28125,8.27709736768157E-7,292000.0,74.2,74.19752296220437,-386.79245283018827,73.99193548387096,292000.0,745472.0,99.0,19.0,1.0,7.0,0.0,0.0,1.0,81.0
293000.0,6.28125,8.27709736768157E-7,293000.0,77.4,77.39762675080884,-451.21951219512135,77.24068479355488,293000.0,745472.0,99.0,19.0,1.0,7.0,0.0,0.0,1.0,81.0
294000.0,6.328125,8.371986526375023E-7,294000.0,77.0,76.99641144018466,-434.883720930232,76.72064777327935,294000.0,782488.0,101.0,20.0,2.0,7.0,0.0,0.0,1.0,82.0
295000.0,6.359375,8.43159246465399E-7,295000.0,82.0,81.99967599416789,-318.60465116279045,81.94583751253761,295000.0,737296.0,102.0,20.0,1.0,7.0,0.0,0.0,1.0,83.0
296000.0,6.390625,8.494921106224266E-7,296000.0,82.8,82.8,-282.222222222222,82.8,296000.0,783344.0,102.0,20.0,1.0,7.0,0.0,0.0,1.0,83.0
297000.0,6.40625,8.526585427009405E-7,297000.0,77.9,77.9,-439.02439024390196,77.9,297000.0,783344.0,102.0,20.0,1.0,7.0,0.0,0.0,1.0,83.0
298000.0,6.40625,8.526585427009405E-7,298000.0,81.6,81.6,-397.297297297297,81.6,298000.0,783344.0,102.0,20.0,1.0,7.0,0.0,0.0,1.0,83.0
299000.0,6.40625,8.526585427009405E-7,299000.0,79.4,79.4,-390.4761904761899,79.4,299000.0,788112.0,102.0,20.0,1.0,7.0,0.0,0.0,1.0,83.0
300000.0,6.421875,8.558442479827345E-7,300000.0,74.9,74.9,-470.454545454545,74.9,300000.0,788112.0,102.0,20.0,1.0,7.0,0.0,0.0,1.0,83.0
301000.0,6.453125,8.622156585463226E-7,301000.0,81.8,81.8,-333.3333333333331,81.8,301000.0,788112.0,102.0,20.0,1.0,7.0,0.0,0.0,1.0,83.0
302000.0,6.46875,8.654100949772537E-7,302000.0,79.9,79.9,-491.1764705882346,79.9,302000.0,790272.0,102.0,20.0,1.0,7.0,0.0,0.0,1.0,83.0
303000.0,6.5,8.717989678391159E-7,303000.0,87.1,87.1,-222.49999999999974,87.1,303000.0,790272.0,102.0,20.0,1.0,7.0,0.0,0.0,1.0,83.0
304000.0,6.515625,8.749934042700469E-7,304000.0,86.1,86.1,-223.25581395348811,86.1,304000.0,790272.0,102.0,20.0,1.0,7.0,0.0,0.0,1.0,83.0
305000.0,6.546875,8.813822771319091E-7,305000.0,86.5,86.5,-193.47826086956496,86.5,305000.0,790272.0,102.0,20.0,1.0,7.0,0.0,0.0,1.0,83.0
306000.0,6.5625,8.846029070102512E-7,306000.0,83.0,82.99795975517061,-209.0909090909089,82.74111675126903,306000.0,796752.0,102.0,20.0,1.0,7.0,0.0,0.0,1.0,83.0
307000.0,6.578125,8.878235368885934E-7,307000.0,75.1,75.09232843715866,-308.196721311475,74.74645030425964,307000.0,796752.0,102.0,20.0,1.0,7.0,0.0,0.0,1.0,83.0
308000.0,6.609375,8.942647966452777E-7,308000.0,64.5,64.4742082752078,-582.692307692307,63.701431492842545,308000.0,796752.0,102.0,20.0,1.0,7.0,0.0,0.0,1.0,83.0
309000.0,6.625,8.974854265236198E-7,309000.0,58.099999999999994,58.07064945461823,-810.8695652173905,57.244897959183675,309000.0,796752.0,102.0,20.0,1.0,7.0,0.0,0.0,1.0,83.0
310000.0,6.640625,9.00706056401962E-7,310000.0,63.6,63.5672104894405,-674.4680851063823,62.857142857142854,310000.0,796752.0,102.0,20.0,1.0,7.0,0.0,0.0,1.0,83.0
311000.0,6.671875,9.071473161586463E-7,311000.0,69.1,69.06275155286966,-618.6046511627902,68.20987654320987,311000.0,796752.0,102.0,20.0,1.0,7.0,0.0,0.0,1.0,83.0
312000.0,6.703125,9.135885759153306E-7,312000.0,70.5,70.42902967121091,-555.5555555555551,69.27083333333333,312000.0,796752.0,102.0,20.0,1.0,7.0,0.0,0.0,1.0,83.0
313000.0,6.734375,9.203325801839437E-7,313000.0,75.9,75.88396283528547,-460.46511627906926,75.02590673575129,313000.0,834200.0,104.0,21.0,2.0,7.0,0.0,0.0,1.0,84.0
314000.0,6.765625,9.271187526691297E-7,314000.0,74.3,74.2796294665375,-458.69565217391255,73.66803278688523,314000.0,839416.0,104.0,21.0,2.0,7.0,0.0,0.0,1.0,84.0
315000.0,6.78125,9.305118389117227E-7,315000.0,72.39999999999999,72.37687944809805,-499.99999999999955,71.63412127440904,315000.0,839416.0,104.0,21.0,2.0,7.0,0.0,0.0,1.0,84.0
316000.0,6.8125,9.372980113969087E-7,316000.0,76.8,76.77696274704508,-373.4693877551016,76.03305785123968,316000.0,839416.0,104.0,21.0,2.0,7.0,0.0,0.0,1.0,84.0
317000.0,6.828125,9.406910976395018E-7,317000.0,73.9,73.89686762411489,-690.9090909090902,73.63636363636363,317000.0,839416.0,104.0,21.0,2.0,7.0,0.0,0.0,1.0,84.0
318000.0,6.859375,9.474392411195576E-7,318000.0,81.69999999999999,81.6853482786229,-454.5454545454542,81.23076923076923,318000.0,834712.0,106.0,22.0,3.0,7.0,0.0,0.0,1.0,85.0
319000.0,6.890625,9.537670606126395E-7,319000.0,90.3,90.29767144114588,-185.2941176470585,90.10204081632654,319000.0,782720.0,109.0,23.0,3.0,7.0,0.0,0.0,1.0,87.0
320000.0,6.921875,9.604602301907214E-7,320000.0,89.7,89.6977231968265,-232.25806451612868,89.52187182095625,320000.0,827912.0,109.0,23.0,3.0,7.0,0.0,0.0,1.0,87.0
321000.0,6.953125,9.674386819824583E-7,321000.0,89.0,88.99768951479811,-339.99999999999955,88.83248730964468,321000.0,863200.0,111.0,24.0,4.0,8.0,0.0,0.0,1.0,88.0
322000.0,6.984375,9.74720136986839E-7,322000.0,90.9,90.89313342260064,-213.7931034482755,90.65708418891171,322000.0,900680.0,113.0,25.0,5.0,8.0,0.0,0.0,1.0,89.0
323000.0,7.015625,9.822729690414343E-7,323000.0,89.9,89.89618075632589,-260.7142857142853,89.71486761710794,323000.0,934248.0,115.0,26.0,6.0,8.0,0.0,0.0,1.0,90.0
324000.0,7.0625,9.940617666062388E-7,324000.0,84.8,84.77917791538825,-270.7317073170729,84.1995841995842,324000.0,972144.0,117.0,27.0,7.0,8.0,0.0,0.0,1.0,91.0
325000.0,7.0625,9.940617666062388E-7,325000.0,85.5,85.49366072973889,-314.285714285714,85.15864892528148,325000.0,977328.0,117.0,27.0,7.0,8.0,0.0,0.0,1.0,91.0
326000.0,7.125,1.0098639823910269E-6,326000.0,83.1,83.09107208606143,-302.3809523809521,82.719836400818,326000.0,977328.0,117.0,27.0,7.0,8.0,0.0,0.0,1.0,91.0
327000.0,7.15625,1.017782552581695E-6,327000.0,82.39999999999999,82.35617273306893,-291.11111111111086,81.55136268343814,327000.0,979488.0,117.0,27.0,7.0,8.0,0.0,0.0,1.0,91.0
328000.0,7.1875,1.0257011227723632E-6,328000.0,80.2,80.18039841403149,-330.4347826086952,79.7338792221085,328000.0,979488.0,117.0,27.0,7.0,8.0,0.0,0.0,1.0,91.0
329000.0,7.203125,1.0296728255020255E-6,329000.0,76.6,76.50281564550983,-325.45454545454504,75.44596012591815,329000.0,982560.0,117.0,27.0,7.0,8.0,0.0,0.0,1.0,91.0
330000.0,7.234375,1.03761623096135E-6,330000.0,81.6,81.58939549180327,-327.9069767441858,81.30081300813008,330000.0,982560.0,117.0,27.0,7.0,8.0,0.0,0.0,1.0,91.0
331000.0,7.265625,1.0457858055209128E-6,331000.0,78.2,78.14807983769437,-335.99999999999955,77.38589211618257,331000.0,1010536.0,119.0,28.0,8.0,9.0,0.0,0.0,1.0,92.0
332000.0,7.3125,1.058704995860657E-6,332000.0,79.60000000000001,79.59346991037133,-334.0425531914889,79.18367346938776,332000.0,1065360.0,121.0,29.0,9.0,10.0,0.0,0.0,1.0,93.0
333000.0,7.359375,1.0716871474869558E-6,333000.0,74.7,74.68881245510516,-427.08333333333286,74.26246185147508,333000.0,1070552.0,121.0,29.0,9.0,10.0,0.0,0.0,1.0,93.0
334000.0,7.375,1.076035518457907E-6,334000.0,75.9,75.87433028742583,-372.5490196078427,75.20576131687243,334000.0,1075744.0,121.0,29.0,9.0,10.0,0.0,0.0,1.0,93.0
335000.0,7.40625,1.0847322603998092E-6,335000.0,78.60000000000001,78.59308556663804,-421.9512195121946,78.22990844354018,335000.0,1075744.0,121.0,29.0,9.0,10.0,0.0,0.0,1.0,93.0
336000.0,7.4375,1.0934290023417115E-6,336000.0,76.6,76.57481792927398,-408.69565217391255,76.0,336000.0,1075744.0,121.0,29.0,9.0,10.0,0.0,0.0,1.0,93.0
337000.0,7.484375,1.106474115254565E-6,337000.0,78.10000000000001,78.09583820925977,-356.24999999999955,77.87878787878788,337000.0,1075744.0,121.0,29.0,9.0,10.0,0.0,0.0,1.0,93.0
338000.0,7.515625,1.1151708571964674E-6,338000.0,79.3,79.29130234698573,-283.3333333333329,79.00608519269777,338000.0,1075744.0,121.0,29.0,9.0,10.0,0.0,0.0,1.0,93.0
339000.0,7.515625,1.1151708571964674E-6,339000.0,79.60000000000001,79.5984698852414,-334.0425531914889,79.49748743718594,339000.0,1078776.0,121.0,29.0,9.0,10.0,0.0,0.0,1.0,93.0
340000.0,7.59375,1.1367220819617318E-6,340000.0,77.2,77.19888274525452,-406.6666666666662,77.0392749244713,340000.0,1066312.0,123.0,30.0,10.0,11.0,0.0,0.0,1.0,94.0
341000.0,7.640625,1.1501006277588514E-6,341000.0,76.8,76.78514249119436,-393.61702127659527,76.32653061224491,341000.0,1103240.0,124.0,30.0,9.0,10.0,0.0,0.0,1.0,95.0
342000.0,7.671875,1.159346850019777E-6,342000.0,81.39999999999999,81.39962799255984,-295.7446808510636,81.32530120481927,342000.0,1143712.0,126.0,31.0,10.0,11.0,0.0,0.0,1.0,96.0
343000.0,7.671875,1.159346850019777E-6,343000.0,78.9,78.89810082907462,-379.54545454545405,78.68686868686869,343000.0,1188552.0,128.0,32.0,11.0,11.0,0.0,0.0,1.0,97.0
344000.0,7.734375,1.1785992278924427E-6,344000.0,84.0,83.99591895933463,-272.0930232558137,83.75634517766497,344000.0,1190712.0,128.0,32.0,11.0,11.0,0.0,0.0,1.0,97.0
345000.0,7.765625,1.1884968585541687E-6,345000.0,81.0,80.99560998590675,-304.2553191489357,80.59244126659858,345000.0,1224288.0,130.0,33.0,12.0,11.0,0.0,0.0,1.0,98.0
346000.0,7.8125,1.2038136224469385E-6,346000.0,83.89999999999999,83.88330310201368,-187.4999999999998,83.28141225337487,346000.0,1263072.0,132.0,34.0,13.0,12.0,0.0,0.0,1.0,99.0
347000.0,7.84375,1.2140422606737257E-6,347000.0,81.6,81.58397806091298,-253.84615384615364,81.05046343975283,347000.0,1265232.0,132.0,34.0,13.0,12.0,0.0,0.0,1.0,99.0
348000.0,7.875,1.2242953461180966E-6,348000.0,84.2,84.18837845816675,-229.16666666666643,83.86108273748722,348000.0,1268256.0,132.0,34.0,13.0,12.0,0.0,0.0,1.0,99.0
349000.0,7.90625,1.2345484315624676E-6,349000.0,85.8,85.77952251241788,-230.23255813953463,85.36082474226804,349000.0,1268256.0,132.0,34.0,13.0,12.0,0.0,0.0,1.0,99.0
350000.0,7.953125,1.2500015954073113E-6,350000.0,85.8,85.78162986578658,-208.6956521739128,85.30020703933747,350000.0,1274320.0,132.0,34.0,13.0,12.0,0.0,0.0,1.0,99.0
351000.0,7.953125,1.2500015954073113E-6,351000.0,83.6,83.59580052493439,-343.24324324324294,83.33333333333333,351000.0,1274320.0,132.0,34.0,13.0,12.0,0.0,0.0,1.0,99.0
352000.0,8.015625,1.270640738463651E-6,352000.0,82.3,82.28582866293034,-353.8461538461536,81.71487603305785,352000.0,1276480.0,132.0,34.0,13.0,12.0,0.0,0.0,1.0,99.0
353000.0,8.046875,1.2812633778796437E-6,353000.0,80.2,80.15904827564093,-349.9999999999995,79.3103448275862,353000.0,1313968.0,134.0,35.0,14.0,13.0,0.0,0.0,1.0,100.0
354000.0,8.09375,1.2971973370036325E-6,354000.0,81.2,81.18191582110408,-347.6190476190471,80.5985552115583,354000.0,1313968.0,134.0,35.0,14.0,13.0,0.0,0.0,1.0,100.0
355000.0,8.09375,1.2971973370036325E-6,355000.0,80.10000000000001,80.06828864723776,-323.4042553191485,79.33541017653167,355000.0,1313968.0,134.0,35.0,14.0,13.0,0.0,0.0,1.0,100.0
356000.0,8.15625,1.3184426158356178E-6,356000.0,79.2,79.19011530476978,-617.2413793103441,78.79714576962283,356000.0,1313968.0,134.0,35.0,14.0,13.0,0.0,0.0,1.0,100.0
357000.0,8.1875,1.3290827175498845E-6,357000.0,85.1,85.09947848174686,-351.51515151515116,84.99496475327291,357000.0,1316128.0,134.0,35.0,14.0,13.0,0.0,0.0,1.0,100.0
358000.0,8.25,1.3503217875647056E-6,358000.0,84.3,84.29905794347661,-313.1578947368418,84.14141414141415,358000.0,1313584.0,136.0,36.0,15.0,13.0,0.0,0.0,1.0,101.0
359000.0,8.25,1.3503217875647056E-6,359000.0,84.3,84.2982728100091,-265.1162790697672,84.14141414141415,359000.0,700280.0,121.0,20.0,-2.0,10.0,0.0,0.0,1.0,102.0
360000.0,8.3125,1.3616793957124988E-6,360000.0,76.6,76.58798963868465,-444.18604651162735,75.95066803699896,360000.0,702440.0,121.0,20.0,-2.0,10.0,0.0,0.0,1.0,102.0
361000.0,8.328125,1.3645187977494473E-6,361000.0,76.7,76.7,-513.1578947368415,76.39311043566363,361000.0,702440.0,121.0,20.0,-2.0,10.0,0.0,0.0,1.0,102.0
362000.0,8.359375,1.370472794709107E-6,362000.0,87.5,87.49988749898749,-331.0344827586203,87.38647830474268,362000.0,736480.0,123.0,21.0,-1.0,10.0,0.0,0.0,1.0,103.0
363000.0,8.390625,1.376673850851755E-6,363000.0,88.1,88.09764333338,-249.9999999999997,87.8323108384458,363000.0,767040.0,125.0,22.0,0.0,10.0,0.0,0.0,1.0,104.0
364000.0,8.421875,1.3829037521241447E-6,364000.0,90.10000000000001,90.10000000000001,-199.99999999999966,89.91853360488798,364000.0,770608.0,129.0,24.0,2.0,10.0,0.0,0.0,1.0,106.0
365000.0,8.46875,1.3898698509567321E-6,365000.0,87.5,87.49944997579894,-204.87804878048755,87.36097067745197,365000.0,574448.0,120.0,15.0,-8.0,6.0,0.0,0.0,1.0,106.0
366000.0,8.484375,1.3922164281312798E-6,366000.0,88.9,88.89946717442437,-177.49999999999972,88.76518218623481,366000.0,580520.0,120.0,15.0,-8.0,6.0,0.0,0.0,1.0,106.0
367000.0,8.515625,1.397212326992304E-6,367000.0,82.69999999999999,82.69667776213032,-276.0869565217389,82.41869918699186,367000.0,617968.0,122.0,16.0,-7.0,6.0,0.0,0.0,1.0,107.0
368000.0,8.5625,1.4047690395576267E-6,368000.0,86.7,86.6979248762807,-241.02564102564074,86.52482269503547,368000.0,623152.0,122.0,16.0,-7.0,6.0,0.0,0.0,1.0,107.0
369000.0,8.5625,1.4047690395576267E-6,369000.0,78.7,78.69846628957285,-373.33333333333286,78.4412955465587,369000.0,695032.0,126.0,18.0,-5.0,7.0,0.0,0.0,1.0,109.0
370000.0,8.625,1.4160417938708438E-6,370000.0,86.4,86.39455782312925,-171.99999999999977,86.05128205128206,370000.0,697192.0,126.0,18.0,-5.0,7.0,0.0,0.0,1.0,109.0
371000.0,8.65625,1.4217762832736811E-6,371000.0,87.5,87.49606125929668,-115.51724137931015,87.23186925434116,371000.0,709328.0,126.0,18.0,-5.0,7.0,0.0,0.0,1.0,109.0
372000.0,8.671875,1.4246522591242367E-6,372000.0,85.1,85.09403761504602,-181.1320754716979,84.71794871794872,372000.0,711488.0,126.0,18.0,-5.0,7.0,0.0,0.0,1.0,109.0
373000.0,8.703125,1.430404210825348E-6,373000.0,85.8,85.79509930926169,-195.83333333333312,85.46571136131013,373000.0,711488.0,126.0,18.0,-5.0,7.0,0.0,0.0,1.0,109.0
374000.0,8.71875,1.4337048115622674E-6,374000.0,83.89999999999999,83.89908224768811,-215.6862745098037,83.5881753312946,374000.0,816536.0,132.0,21.0,-2.0,8.0,0.0,0.0,1.0,112.0
375000.0,8.765625,1.4436328072204367E-6,375000.0,88.0,87.998487809464,-192.682926829268,87.78004073319755,375000.0,818696.0,132.0,21.0,-2.0,8.0,0.0,0.0,1.0,112.0
376000.0,8.796875,1.450554603555551E-6,376000.0,86.8,86.79900992574443,-149.0566037735847,86.46153846153845,376000.0,856192.0,134.0,22.0,-1.0,8.0,0.0,0.0,1.0,113.0
377000.0,8.828125,1.4574279581817496E-6,377000.0,89.9,89.9,-180.55555555555526,89.78766430738119,377000.0,850200.0,136.0,23.0,0.0,9.0,0.0,0.0,1.0,114.0
378000.0,8.859375,1.4649589300259127E-6,378000.0,88.0,87.99891990279124,-160.86956521739106,87.78004073319755,378000.0,931544.0,138.0,24.0,1.0,9.0,0.0,0.0,1.0,115.0
379000.0,8.859375,1.4649589300259127E-6,379000.0,89.9,89.89855549343557,-225.80645161290283,89.76697061803445,379000.0,934568.0,138.0,24.0,1.0,9.0,0.0,0.0,1.0,115.0
380000.0,8.90625,1.4767935176173024E-6,380000.0,87.1,87.09261697691079,-214.63414634146315,86.80981595092024,380000.0,975920.0,140.0,25.0,2.0,9.0,0.0,0.0,1.0,116.0
381000.0,8.9375,1.484700704976503E-6,381000.0,88.7,88.6977960702337,-276.6666666666663,88.55116514690982,381000.0,978080.0,140.0,25.0,2.0,9.0,0.0,0.0,1.0,116.0
382000.0,8.9375,1.484700704976503E-6,382000.0,85.9,85.890913748454,-281.0810810810808,85.56806550665301,382000.0,1038352.0,144.0,27.0,4.0,9.0,0.0,0.0,1.0,118.0
383000.0,8.9375,1.484700704976503E-6,383000.0,88.0,87.99843979717363,-328.57142857142816,87.87878787878788,383000.0,1078824.0,146.0,28.0,5.0,10.0,0.0,0.0,1.0,119.0
384000.0,9.0,1.5022419069686702E-6,384000.0,88.3,88.29121841381036,-172.0930232558137,88.0,384000.0,1084880.0,146.0,28.0,5.0,10.0,0.0,0.0,1.0,119.0
385000.0,9.03125,1.511360783802553E-6,385000.0,89.1,89.0977323283243,-220.5882352941173,88.92276422764228,385000.0,1127960.0,148.0,29.0,6.0,10.0,0.0,0.0,1.0,120.0
386000.0,9.0625,1.5205320475312576E-6,386000.0,85.6,85.58079361709797,-242.85714285714258,85.04672897196261,386000.0,1134440.0,148.0,29.0,6.0,10.0,0.0,0.0,1.0,120.0
387000.0,9.09375,1.5296548695510466E-6,387000.0,87.6,87.59285348360656,-244.44444444444414,87.29508196721312,387000.0,1128448.0,150.0,30.0,7.0,10.0,0.0,0.0,1.0,121.0
388000.0,9.09375,1.5296548695510466E-6,388000.0,83.7,83.6867536439589,-340.54054054054023,83.21318228630278,388000.0,1133640.0,150.0,30.0,7.0,10.0,0.0,0.0,1.0,121.0
389000.0,9.15625,1.5480334857582225E-6,389000.0,86.3,86.2925157135796,-302.9411764705879,85.93429158110882,389000.0,1136672.0,150.0,30.0,7.0,10.0,0.0,0.0,1.0,121.0
390000.0,9.203125,1.561766031146464E-6,390000.0,78.5,78.49516141131755,-497.2222222222216,78.1725888324873,390000.0,1132432.0,154.0,32.0,9.0,11.0,0.0,0.0,1.0,123.0
391000.0,9.234375,1.5696648107324216E-6,391000.0,84.1,84.09699433192873,-278.57142857142827,83.65878725590954,391000.0,977040.0,149.0,29.0,1.0,8.0,0.0,0.0,1.0,124.0
392000.0,9.234375,1.5696648107324216E-6,392000.0,77.60000000000001,77.59932797983939,-357.14285714285666,77.46478873239437,392000.0,1021832.0,151.0,30.0,2.0,9.0,0.0,0.0,1.0,125.0
393000.0,9.265625,1.5788018612915448E-6,393000.0,85.39999999999999,85.39807254557601,-256.0975609756095,85.2376137512639,393000.0,1130208.0,153.0,31.0,3.0,9.0,0.0,0.0,1.0,126.0
394000.0,9.296875,1.588244825446358E-6,394000.0,82.5,82.49947498424952,-316.6666666666664,82.39436619718309,394000.0,1168048.0,153.0,31.0,3.0,9.0,0.0,0.0,1.0,126.0
395000.0,9.328125,1.5979800567341354E-6,395000.0,83.6,83.59822860868974,-290.4761904761902,83.40080971659918,395000.0,1204200.0,155.0,32.0,4.0,10.0,0.0,0.0,1.0,127.0
396000.0,9.328125,1.5979800567341354E-6,396000.0,86.3,86.29942457583219,-270.27027027027,86.20342396777441,396000.0,1204200.0,155.0,32.0,4.0,10.0,0.0,0.0,1.0,127.0
397000.0,9.40625,1.622361790699264E-6,397000.0,82.39999999999999,82.39492973976505,-291.11111111111086,82.07739307535641,397000.0,1206360.0,155.0,32.0,4.0,10.0,0.0,0.0,1.0,127.0
398000.0,9.453125,1.6374239930883056E-6,398000.0,78.4,78.39669469428823,-414.28571428571377,78.0264496439471,398000.0,1242080.0,157.0,33.0,5.0,10.0,0.0,0.0,1.0,128.0
399000.0,9.46875,1.6427125471333669E-6,399000.0,82.89999999999999,82.89243845779835,-263.8297872340423,82.29813664596273,399000.0,1308336.0,161.0,35.0,7.0,10.0,0.0,0.0,1.0,130.0
400000.0,9.515625,1.6586987961394097E-6,400000.0,80.7,80.69691150584094,-328.8888888888884,80.3061224489796,400000.0,1318280.0,161.0,35.0,7.0,10.0,0.0,0.0,1.0,130.0
401000.0,9.546875,1.6693982049926293E-6,401000.0,84.6,84.59491632238638,-284.9999999999997,84.12371134020619,401000.0,1323464.0,161.0,35.0,7.0,10.0,0.0,0.0,1.0,130.0
402000.0,9.578125,1.680132538442397E-6,402000.0,80.60000000000001,80.58291296340781,-280.3921568627447,79.79166666666667,402000.0,1327784.0,161.0,35.0,7.0,10.0,0.0,0.0,1.0,130.0
403000.0,9.609375,1.6898379544727508E-6,403000.0,82.8,82.78819270019233,-201.75438596491207,81.91377497371187,403000.0,1200512.0,163.0,35.0,6.0,8.0,0.0,0.0,1.0,132.0
404000.0,9.65625,1.7049708791698023E-6,404000.0,84.6,84.58381300365383,-136.92307692307713,84.04145077720206,404000.0,1247912.0,165.0,36.0,7.0,9.0,0.0,0.0,1.0,133.0
405000.0,9.703125,1.7206517319815858E-6,405000.0,88.1,88.0731168052791,-137.99999999999977,87.48685594111461,405000.0,1293096.0,165.0,36.0,7.0,9.0,0.0,0.0,1.0,133.0
406000.0,9.734375,1.7311230961543823E-6,406000.0,90.10000000000001,90.08691472744023,-106.24999999999977,89.76215098241985,406000.0,1295256.0,165.0,36.0,7.0,9.0,0.0,0.0,1.0,133.0
407000.0,9.75,1.7366389834529001E-6,407000.0,88.2,88.17047350186064,-140.81632653061203,87.55274261603375,407000.0,1364576.0,169.0,38.0,9.0,9.0,0.0,0.0,1.0,135.0
408000.0,9.84375,1.7699543322022595E-6,408000.0,90.0,89.98802567871175,-156.41025641025612,89.73305954825463,408000.0,1373648.0,169.0,38.0,9.0,9.0,0.0,0.0,1.0,135.0
409000.0,9.875,1.7813797199374277E-6,409000.0,89.1,89.08318810968893,-186.8421052631576,88.59832635983264,409000.0,1413264.0,171.0,39.0,10.0,10.0,0.0,0.0,1.0,136.0
410000.0,9.921875,1.7986282020703792E-6,410000.0,91.0,90.99405607701084,-104.54545454545429,90.81632653061224,410000.0,1422368.0,171.0,39.0,10.0,10.0,0.0,0.0,1.0,136.0
411000.0,9.953125,1.8101271901590135E-6,411000.0,88.9,88.89400276149121,-158.13953488372067,88.6734693877551,411000.0,1422368.0,171.0,39.0,10.0,10.0,0.0,0.0,1.0,136.0
412000.0,10.0,1.8281589533823238E-6,412000.0,85.2,85.18132847387709,-260.9756097560973,84.50261780104712,412000.0,1486960.0,177.0,42.0,13.0,11.0,0.0,0.0,1.0,139.0
413000.0,10.046875,1.846733406030884E-6,413000.0,92.80000000000001,92.79221559284028,-124.99999999999964,92.5311203319502,413000.0,1531712.0,177.0,42.0,13.0,11.0,0.0,0.0,1.0,139.0
414000.0,10.046875,1.846733406030884E-6,414000.0,94.5,94.48808323595614,-66.66666666666666,94.23480083857442,414000.0,1534744.0,177.0,42.0,13.0,11.0,0.0,0.0,1.0,139.0
415000.0,10.125,1.8783083133813413E-6,415000.0,93.89999999999999,93.89615457738375,-90.625,93.76915219611848,415000.0,1562264.0,179.0,43.0,14.0,11.0,0.0,0.0,1.0,140.0
416000.0,10.171875,1.8977970143573156E-6,416000.0,93.5,93.49590241852368,-96.96969696969663,93.36057201225742,416000.0,1607104.0,181.0,44.0,15.0,11.0,0.0,0.0,1.0,141.0
417000.0,10.171875,1.8977970143573156E-6,417000.0,95.89999999999999,95.89960636221076,-24.242424242424242,95.86693548387096,417000.0,1453008.0,178.0,41.0,11.0,11.0,0.0,0.0,1.0,141.0
418000.0,10.234375,1.9212904024041366E-6,418000.0,90.60000000000001,90.59454483600489,-141.02564102564074,90.40816326530613,418000.0,1453008.0,178.0,41.0,11.0,11.0,0.0,0.0,1.0,141.0
419000.0,10.265625,1.9330616083203096E-6,419000.0,90.2,90.19827489638178,-206.24999999999966,90.09100101112236,419000.0,1456040.0,178.0,41.0,11.0,11.0,0.0,0.0,1.0,141.0
420000.0,10.296875,1.944749706631734E-6,420000.0,87.2,87.19046970946384,-219.99999999999972,86.88524590163934,420000.0,1445760.0,180.0,42.0,12.0,11.0,0.0,0.0,1.0,142.0
421000.0,10.34375,1.962298055231158E-6,421000.0,90.5,90.49717766176555,-187.87878787878753,90.39433771486351,421000.0,1447096.0,182.0,43.0,13.0,11.0,0.0,0.0,1.0,143.0
422000.0,10.375,1.9739969542974405E-6,422000.0,90.60000000000001,90.59789392823993,-213.33333333333297,90.5241935483871,422000.0,1447096.0,182.0,43.0,13.0,11.0,0.0,0.0,1.0,143.0
423000.0,10.421875,1.992379709716059E-6,423000.0,93.10000000000001,93.09981369496977,-129.99999999999963,93.07923771313942,423000.0,1515904.0,184.0,44.0,14.0,11.0,0.0,0.0,1.0,144.0
424000.0,10.421875,1.992379709716059E-6,424000.0,90.5,90.49938245985989,-163.88888888888857,90.45226130653266,424000.0,1545192.0,186.0,45.0,15.0,11.0,0.0,0.0,1.0,145.0
425000.0,10.484375,2.017559438374722E-6,425000.0,88.2,88.19830055527996,-168.18181818181793,88.05668016194332,425000.0,1557304.0,186.0,45.0,15.0,11.0,0.0,0.0,1.0,145.0
426000.0,10.53125,2.0369035903260946E-6,426000.0,89.60000000000001,89.59805483625438,-159.99999999999972,89.42014242115972,426000.0,1595184.0,188.0,46.0,16.0,12.0,0.0,0.0,1.0,146.0
427000.0,10.546875,2.043351640976552E-6,427000.0,90.60000000000001,90.59749893471664,-213.33333333333297,90.41794087665647,427000.0,1595184.0,188.0,46.0,16.0,12.0,0.0,0.0,1.0,146.0
428000.0,10.609375,2.069143843578382E-6,428000.0,91.7,91.69721026264826,-159.37499999999966,91.5650406504065,428000.0,1595184.0,188.0,46.0,16.0,12.0,0.0,0.0,1.0,146.0
429000.0,10.640625,2.0820574071775713E-6,429000.0,92.0,91.99963998379927,-149.99999999999966,91.92734611503532,429000.0,1597344.0,188.0,46.0,16.0,12.0,0.0,0.0,1.0,146.0
430000.0,10.6875,2.101855675896837E-6,430000.0,90.10000000000001,90.09964358716914,-349.9999999999995,90.04024144869216,430000.0,1632632.0,190.0,47.0,17.0,13.0,0.0,0.0,1.0,147.0
431000.0,10.71875,2.115054521709681E-6,431000.0,93.7,93.69973538888634,-214.99999999999946,93.65558912386707,431000.0,1632632.0,190.0,47.0,17.0,13.0,0.0,0.0,1.0,147.0
432000.0,10.78125,2.141487137931917E-6,432000.0,93.4,93.39976899191473,-106.24999999999964,93.36683417085428,432000.0,1634792.0,190.0,47.0,17.0,13.0,0.0,0.0,1.0,147.0
433000.0,10.828125,2.161202363721613E-6,433000.0,90.9,90.89980889598682,-193.54838709677384,90.83585095669689,433000.0,1625784.0,192.0,48.0,18.0,13.0,0.0,0.0,1.0,148.0
434000.0,10.828125,2.161202363721613E-6,434000.0,86.1,86.1,-334.37499999999966,86.1,434000.0,1627944.0,192.0,48.0,18.0,13.0,0.0,0.0,1.0,148.0
435000.0,10.890625,2.188087188793968E-6,435000.0,81.39999999999999,81.39999999999999,-499.99999999999966,81.39999999999999,435000.0,1662760.0,192.0,48.0,18.0,13.0,0.0,0.0,1.0,148.0
436000.0,10.9375,2.2082565313515573E-6,436000.0,80.7,80.7,-565.5172413793096,80.7,436000.0,1663232.0,194.0,49.0,19.0,13.0,0.0,0.0,1.0,149.0
437000.0,10.953125,2.2149796455374205E-6,437000.0,84.8,84.8,-406.6666666666663,84.8,437000.0,1663232.0,194.0,49.0,19.0,13.0,0.0,0.0,1.0,149.0
438000.0,11.0,2.23514898809501E-6,438000.0,89.3,89.3,-256.6666666666663,89.3,438000.0,1663232.0,194.0,49.0,19.0,13.0,0.0,0.0,1.0,149.0
439000.0,11.046875,2.25531881571644E-6,439000.0,87.7,87.7,-284.37499999999966,87.7,439000.0,1663272.0,196.0,50.0,20.0,13.0,0.0,0.0,1.0,150.0
440000.0,11.078125,2.2684737470828836E-6,440000.0,85.7,85.7,-297.22222222222194,85.7,440000.0,1627200.0,198.0,51.0,21.0,13.0,0.0,0.0,1.0,151.0
441000.0,11.125,2.289499421345278E-6,441000.0,78.9,78.9,-321.9999999999996,78.9,441000.0,1733848.0,200.0,52.0,22.0,13.0,0.0,0.0,1.0,152.0
442000.0,11.171875,2.3109734886222426E-6,442000.0,78.7,78.7,-609.9999999999992,78.7,442000.0,1770824.0,200.0,52.0,22.0,13.0,0.0,0.0,1.0,152.0
443000.0,11.21875,2.3324737493466182E-6,443000.0,87.6,87.6,-313.333333333333,87.6,443000.0,1772984.0,200.0,52.0,22.0,13.0,0.0,0.0,1.0,152.0
444000.0,11.21875,2.3324737493466182E-6,444000.0,87.8,87.8,-335.7142857142853,87.8,444000.0,1775144.0,200.0,52.0,22.0,13.0,0.0,0.0,1.0,152.0
445000.0,11.296875,2.3681938505938493E-6,445000.0,90.7,90.7,-190.62499999999966,90.7,445000.0,1767360.0,200.0,52.0,21.0,13.0,0.0,0.0,1.0,152.0
446000.0,11.34375,2.3901795632102434E-6,446000.0,92.9,92.9,-121.87499999999964,92.9,446000.0,1813016.0,202.0,53.0,22.0,13.0,0.0,0.0,1.0,153.0
447000.0,11.390625,2.4131051355248533E-6,447000.0,88.7,88.7,-264.5161290322577,88.7,447000.0,1890520.0,206.0,55.0,24.0,13.0,0.0,0.0,1.0,155.0
448000.0,11.4375,2.4360154768348576E-6,448000.0,88.0,88.0,-199.99999999999974,88.0,448000.0,1889264.0,208.0,56.0,25.0,13.0,0.0,0.0,1.0,156.0
449000.0,11.46875,2.4513309472240515E-6,449000.0,88.6,88.6,-267.7419354838706,88.6,449000.0,1894448.0,208.0,56.0,25.0,13.0,0.0,0.0,1.0,156.0
450000.0,11.515625,2.4743041528078424E-6,450000.0,91.9,91.9,-211.5384615384611,91.9,450000.0,1894448.0,208.0,56.0,25.0,13.0,0.0,0.0,1.0,156.0
451000.0,11.5625,2.4976750137284404E-6,451000.0,86.0,86.0,-337.49999999999966,86.0,451000.0,1927240.0,214.0,59.0,28.0,13.0,0.0,0.0,1.0,159.0
452000.0,11.59375,2.5132800348930894E-6,452000.0,83.5,83.5,-449.99999999999966,83.5,452000.0,1930264.0,214.0,59.0,28.0,13.0,0.0,0.0,1.0,159.0
453000.0,11.65625,2.5456229276541213E-6,453000.0,83.8,83.8,-439.9999999999996,83.8,453000.0,2000328.0,214.0,59.0,28.0,13.0,0.0,0.0,1.0,159.0
454000.0,11.703125,2.569906290672306E-6,454000.0,85.2,85.2,-348.48484848484816,85.2,454000.0,2002488.0,214.0,59.0,28.0,13.0,0.0,0.0,1.0,159.0
455000.0,11.71875,2.5780130332956715E-6,455000.0,85.3,85.3,-319.99999999999966,85.3,455000.0,2005528.0,214.0,59.0,28.0,13.0,0.0,0.0,1.0,159.0
456000.0,11.78125,2.6103565728084913E-6,456000.0,87.2,87.2,-255.55555555555526,87.2,456000.0,2000368.0,216.0,60.0,29.0,13.0,0.0,0.0,1.0,160.0
457000.0,11.828125,2.634651286320554E-6,457000.0,84.1,84.1,-318.4210526315787,84.1,457000.0,2003424.0,216.0,60.0,29.0,13.0,0.0,0.0,1.0,160.0
458000.0,11.859375,2.6508760250483953E-6,458000.0,80.10000000000001,80.10000000000001,-437.8378378378373,80.10000000000001,458000.0,2006920.0,218.0,61.0,30.0,13.0,0.0,0.0,1.0,161.0
459000.0,11.921875,2.6838884352602893E-6,459000.0,79.0,79.0,-467.56756756756704,79.0,459000.0,2041736.0,218.0,61.0,30.0,13.0,0.0,0.0,1.0,161.0
460000.0,11.96875,2.70864774291921E-6,460000.0,88.2,88.2,-321.42857142857105,88.2,460000.0,2041736.0,218.0,61.0,30.0,13.0,0.0,0.0,1.0,161.0
461000.0,11.96875,2.70864774291921E-6,461000.0,88.4,88.4,-274.19354838709637,88.4,461000.0,2041736.0,218.0,61.0,30.0,13.0,0.0,0.0,1.0,161.0
462000.0,12.046875,2.749913255684078E-6,462000.0,88.8,88.8,-261.2903225806448,88.8,462000.0,2041736.0,218.0,61.0,30.0,13.0,0.0,0.0,1.0,161.0
463000.0,12.09375,2.7746987567904097E-6,463000.0,84.5,84.5,-342.85714285714255,84.5,463000.0,2043896.0,218.0,61.0,30.0,13.0,0.0,0.0,1.0,161.0
464000.0,12.09375,2.7746987567904097E-6,464000.0,83.39999999999999,83.39999999999999,-388.23529411764673,83.39999999999999,464000.0,2043896.0,218.0,61.0,30.0,13.0,0.0,0.0,1.0,161.0
465000.0,12.1875,2.825199335347861E-6,465000.0,84.2,84.2,-294.9999999999997,84.2,465000.0,2082224.0,220.0,62.0,31.0,14.0,0.0,0.0,1.0,162.0
466000.0,12.203125,2.8336058150873417E-6,466000.0,82.5,82.5,-386.1111111111108,82.5,466000.0,2079680.0,222.0,63.0,32.0,14.0,0.0,0.0,1.0,163.0
467000.0,12.265625,2.8672807578307886E-6,467000.0,80.30000000000001,80.30000000000001,-462.8571428571422,80.30000000000001,467000.0,2082712.0,222.0,63.0,32.0,14.0,0.0,0.0,1.0,163.0
468000.0,12.3125,2.892485645134002E-6,468000.0,83.8,83.8,-259.9999999999997,83.8,468000.0,2078480.0,226.0,65.0,34.0,15.0,0.0,0.0,1.0,165.0
469000.0,12.328125,2.9010578873567282E-6,469000.0,83.8,83.8,-276.74418604651135,83.8,469000.0,2120688.0,228.0,66.0,35.0,15.0,0.0,0.0,1.0,166.0
470000.0,12.40625,2.943962754216045E-6,470000.0,79.4,79.4,-357.7777777777773,79.4,470000.0,2122848.0,228.0,66.0,35.0,15.0,0.0,0.0,1.0,166.0
471000.0,12.453125,2.970602460360775E-6,471000.0,75.8,75.8,-365.38461538461496,75.8,471000.0,2196800.0,228.0,66.0,35.0,15.0,0.0,0.0,1.0,166.0
472000.0,12.5,2.9976753285154695E-6,472000.0,76.3,76.3,-288.5245901639341,76.3,472000.0,2232520.0,230.0,67.0,36.0,15.0,0.0,0.0,1.0,167.0
473000.0,12.546875,3.025181552705665E-6,473000.0,79.3,79.3,-263.15789473684174,79.3,473000.0,2268256.0,232.0,68.0,37.0,16.0,0.0,0.0,1.0,168.0
474000.0,12.578125,3.0435193588750226E-6,474000.0,80.2,80.2,-312.49999999999955,80.2,474000.0,2268296.0,234.0,69.0,38.0,16.0,0.0,0.0,1.0,169.0
475000.0,12.671875,3.098606119035846E-6,475000.0,85.9,85.9,-171.15384615384593,85.9,475000.0,2271320.0,234.0,69.0,38.0,16.0,0.0,0.0,1.0,169.0
476000.0,12.71875,3.126149499116258E-6,476000.0,83.0,83.0,-226.9230769230767,83.0,476000.0,2271320.0,234.0,69.0,38.0,16.0,0.0,0.0,1.0,169.0
477000.0,12.71875,3.126149499116258E-6,477000.0,81.3,81.3,-259.6153846153844,81.3,477000.0,1695160.0,215.0,50.0,18.0,16.0,0.0,0.0,1.0,169.0
478000.0,12.78125,3.1541358718338106E-6,478000.0,77.10000000000001,77.10000000000001,-340.38461538461496,77.10000000000001,478000.0,1730888.0,217.0,51.0,19.0,17.0,0.0,0.0,1.0,170.0
479000.0,12.828125,3.1737732933834188E-6,479000.0,80.9,80.9,-241.07142857142816,80.9,479000.0,1619368.0,214.0,47.0,14.0,17.0,0.0,0.0,1.0,171.0
480000.0,12.828125,3.1737732933834188E-6,480000.0,81.8,81.8,-263.9999999999998,81.8,480000.0,1619368.0,214.0,47.0,14.0,17.0,0.0,0.0,1.0,171.0
481000.0,12.90625,3.2072417282809805E-6,481000.0,81.69999999999999,81.69999999999999,-369.23076923076894,81.69999999999999,481000.0,1655952.0,216.0,48.0,15.0,17.0,0.0,0.0,1.0,172.0
482000.0,12.96875,3.2340037998639865E-6,482000.0,86.1,86.1,-239.02439024390216,86.1,482000.0,1655168.0,220.0,50.0,17.0,18.0,0.0,0.0,1.0,174.0
483000.0,12.984375,3.240844008461054E-6,483000.0,80.2,80.2,-499.9999999999993,80.2,483000.0,1692200.0,222.0,51.0,18.0,18.0,0.0,0.0,1.0,175.0
484000.0,13.0625,3.2750450514463906E-6,484000.0,82.3,82.3,-489.9999999999996,82.3,484000.0,1692200.0,222.0,51.0,18.0,18.0,0.0,0.0,1.0,175.0
485000.0,13.109375,3.2956134075195415E-6,485000.0,88.7,88.7,-318.51851851851814,88.7,485000.0,1696136.0,224.0,52.0,19.0,18.0,0.0,0.0,1.0,176.0
486000.0,13.109375,3.2956134075195415E-6,486000.0,88.4,88.4,-299.9999999999996,88.4,486000.0,1691872.0,226.0,53.0,20.0,18.0,0.0,0.0,1.0,177.0
487000.0,13.1875,3.330511487244317E-6,487000.0,89.9,89.9,-359.0909090909086,89.9,487000.0,1726688.0,226.0,53.0,20.0,18.0,0.0,0.0,1.0,177.0
488000.0,13.21875,3.344495166351811E-6,488000.0,90.3,90.3,-259.25925925925884,90.3,488000.0,1729712.0,226.0,53.0,20.0,18.0,0.0,0.0,1.0,177.0
489000.0,13.234375,3.3516523480001414E-6,489000.0,85.2,85.2,-279.4871794871792,85.2,489000.0,1770616.0,228.0,54.0,21.0,18.0,0.0,0.0,1.0,178.0
490000.0,13.3125,3.3875868474650704E-6,490000.0,84.1,84.1,-467.85714285714243,84.1,490000.0,1777968.0,228.0,54.0,21.0,18.0,0.0,0.0,1.0,178.0
491000.0,13.359375,3.409147547144028E-6,491000.0,82.69999999999999,82.69999999999999,-476.6666666666663,82.69999999999999,491000.0,1777968.0,228.0,54.0,21.0,18.0,0.0,0.0,1.0,178.0
492000.0,13.375,3.4163329271703124E-6,492000.0,80.7,80.7,-421.62162162162105,80.7,492000.0,1777592.0,230.0,55.0,22.0,18.0,0.0,0.0,1.0,179.0
493000.0,13.453125,3.4522782597276894E-6,493000.0,78.7,78.7,-301.88679245282975,78.7,493000.0,1778504.0,232.0,56.0,22.0,18.0,0.0,0.0,1.0,180.0
494000.0,13.5,3.474357201614313E-6,494000.0,80.10000000000001,80.10000000000001,-437.8378378378373,80.10000000000001,494000.0,1820704.0,234.0,57.0,23.0,18.0,0.0,0.0,1.0,181.0
495000.0,13.515625,3.4821495258559777E-6,495000.0,82.0,82.0,-318.60465116279045,82.0,495000.0,1927744.0,234.0,57.0,23.0,18.0,0.0,0.0,1.0,181.0
496000.0,13.609375,3.529051318764686E-6,496000.0,79.60000000000001,79.60000000000001,-466.66666666666606,79.60000000000001,496000.0,1933840.0,234.0,57.0,23.0,18.0,0.0,0.0,1.0,181.0
497000.0,13.65625,3.55250221521904E-6,497000.0,81.10000000000001,81.10000000000001,-372.49999999999943,81.10000000000001,497000.0,1933840.0,234.0,57.0,23.0,18.0,0.0,0.0,1.0,181.0
498000.0,13.703125,3.5759326419793065E-6,498000.0,78.7,78.7,-432.4999999999995,78.7,498000.0,1932152.0,236.0,58.0,24.0,18.0,0.0,0.0,1.0,182.0
499000.0,13.75,3.599811461754143E-6,499000.0,75.8,75.8,-536.8421052631574,75.75150300601202,499000.0,1969128.0,236.0,58.0,24.0,18.0,0.0,0.0,1.0,182.0
500000.0,13.796875,3.62371647497639E-6,500000.0,77.3,77.2998864994325,-382.9787234042549,77.1859296482412,500000.0,1971288.0,236.0,58.0,24.0,18.0,0.0,0.0,1.0,182.0
501000.0,13.84375,3.6360473798898352E-6,501000.0,81.2,81.19996239992481,-382.0512820512815,81.1623246492986,501000.0,1016848.0,206.0,27.0,-8.0,7.0,0.0,0.0,1.0,183.0
502000.0,13.875,3.644553330054299E-6,502000.0,75.2,75.1996031936511,-490.47619047618997,75.1004016064257,502000.0,1052144.0,208.0,28.0,-7.0,8.0,0.0,0.0,1.0,184.0
503000.0,13.90625,3.653059280218763E-6,503000.0,81.6,81.59985279882238,-384.2105263157892,81.52610441767068,503000.0,1052144.0,208.0,28.0,-7.0,8.0,0.0,0.0,1.0,184.0
504000.0,13.9375,3.6615897422759892E-6,504000.0,84.2,84.19928896800356,-409.6774193548383,84.05650857719476,504000.0,1055176.0,208.0,28.0,-7.0,8.0,0.0,0.0,1.0,184.0
505000.0,13.9375,3.6615897422759892E-6,505000.0,82.8,82.7987959157141,-493.10344827586164,82.62626262626263,505000.0,1090464.0,210.0,29.0,-6.0,8.0,0.0,0.0,1.0,185.0
506000.0,14.0,3.6792212308177514E-6,506000.0,77.0,76.99953999079982,-666.666666666666,76.90763052208835,506000.0,1090464.0,210.0,29.0,-6.0,8.0,0.0,0.0,1.0,185.0
507000.0,14.046875,3.692444847224073E-6,507000.0,74.9,74.8964101866567,-829.6296296296289,74.62082912032356,507000.0,1090464.0,210.0,29.0,-6.0,8.0,0.0,0.0,1.0,185.0
508000.0,14.078125,3.701246945032229E-6,508000.0,76.4,76.3947124155811,-637.4999999999993,76.06490872210954,508000.0,1088776.0,212.0,30.0,-5.0,9.0,0.0,0.0,1.0,186.0
509000.0,14.078125,3.701246945032229E-6,509000.0,78.10000000000001,78.0984668926825,-563.636363636363,77.87878787878788,509000.0,1130072.0,212.0,30.0,-5.0,9.0,0.0,0.0,1.0,186.0
510000.0,14.140625,3.7195188471943966E-6,510000.0,81.2,81.19648374245985,-437.1428571428565,80.99089989888778,510000.0,1130072.0,212.0,30.0,-5.0,9.0,0.0,0.0,1.0,186.0
511000.0,14.171875,3.7286547982754806E-6,511000.0,79.5,79.49827785533985,-399.9999999999995,79.35548841893252,511000.0,1130072.0,212.0,30.0,-5.0,9.0,0.0,0.0,1.0,186.0
512000.0,14.203125,3.7377771028938393E-6,512000.0,79.4,79.39509603285583,-402.4390243902434,79.10750507099392,512000.0,1128384.0,214.0,31.0,-4.0,9.0,0.0,0.0,1.0,187.0
513000.0,14.203125,3.7377771028938393E-6,513000.0,77.5,77.49527400754158,-435.71428571428515,77.15736040609137,513000.0,1161904.0,214.0,31.0,-4.0,9.0,0.0,0.0,1.0,187.0
514000.0,14.25,3.7518670433200895E-6,514000.0,77.9,77.89535802518529,-391.11111111111063,77.58620689655173,514000.0,1161904.0,214.0,31.0,-4.0,9.0,0.0,0.0,1.0,187.0
515000.0,14.28125,3.761277799235864E-6,515000.0,79.5,79.49507881891654,-318.3673469387751,79.16666666666667,515000.0,1164064.0,214.0,31.0,-4.0,9.0,0.0,0.0,1.0,187.0
516000.0,14.296875,3.765983177193751E-6,516000.0,79.0,78.99726964505386,-424.9999999999995,78.7878787878788,516000.0,1164064.0,214.0,31.0,-4.0,9.0,0.0,0.0,1.0,187.0
517000.0,14.34375,3.7809500160316628E-6,517000.0,85.6,85.59844463202026,-278.9473684210523,85.46922300706356,517000.0,1234216.0,218.0,33.0,-2.0,10.0,0.0,0.0,1.0,189.0
518000.0,14.375,3.7909279085902706E-6,518000.0,91.9,91.89886584121777,-107.6923076923074,91.81818181818183,518000.0,1234216.0,218.0,33.0,-2.0,10.0,0.0,0.0,1.0,189.0
519000.0,14.421875,3.8058947474281823E-6,519000.0,89.2,89.19833654382775,-145.45454545454518,89.0798786653185,519000.0,1234216.0,218.0,33.0,-2.0,10.0,0.0,0.0,1.0,189.0
520000.0,14.4375,3.811033319733623E-6,520000.0,84.8,84.79936157318608,-299.9999999999997,84.7542627883651,520000.0,1271232.0,220.0,34.0,-1.0,11.0,0.0,0.0,1.0,190.0
521000.0,14.484375,3.826428566955858E-6,521000.0,86.5,86.49948698050525,-321.87499999999966,86.47294589178357,521000.0,1269544.0,222.0,35.0,0.0,11.0,0.0,0.0,1.0,191.0
522000.0,14.515625,3.836741024214361E-6,522000.0,86.8,86.8,-407.6923076923073,86.8,522000.0,1275600.0,222.0,35.0,0.0,11.0,0.0,0.0,1.0,191.0
523000.0,14.546875,3.847053481472864E-6,523000.0,90.2,90.2,-216.12903225806414,90.2,523000.0,1275600.0,222.0,35.0,0.0,11.0,0.0,0.0,1.0,191.0
524000.0,14.59375,3.862919046595279E-6,524000.0,90.5,90.5,-206.45161290322545,90.5,524000.0,1308328.0,226.0,37.0,2.0,12.0,0.0,0.0,1.0,193.0
525000.0,14.609375,3.868348301491804E-6,525000.0,88.0,88.0,-328.57142857142816,88.0,525000.0,1343144.0,226.0,37.0,2.0,12.0,0.0,0.0,1.0,193.0
526000.0,14.65625,3.884646931611416E-6,526000.0,85.8,85.8,-545.4545454545449,85.8,526000.0,1344040.0,228.0,38.0,3.0,12.0,0.0,0.0,1.0,194.0
527000.0,14.703125,3.900945561731027E-6,527000.0,91.9,91.9,-304.99999999999943,91.9,527000.0,1344040.0,228.0,38.0,3.0,12.0,0.0,0.0,1.0,194.0
528000.0,14.734375,3.911835827036865E-6,528000.0,92.4,92.4,-322.2222222222216,92.4,528000.0,1347072.0,228.0,38.0,3.0,12.0,0.0,0.0,1.0,194.0
529000.0,14.765625,3.922743554640975E-6,529000.0,88.7,88.7,-707.1428571428563,88.7,529000.0,1349232.0,228.0,38.0,3.0,12.0,0.0,0.0,1.0,194.0
530000.0,14.8125,3.939527345614301E-6,530000.0,88.6,88.6,-659.9999999999992,88.6,530000.0,1384048.0,228.0,38.0,3.0,12.0,0.0,0.0,1.0,194.0
531000.0,14.859375,3.956348001439539E-6,531000.0,88.3,88.3,-679.9999999999993,88.3,531000.0,1387088.0,228.0,38.0,3.0,12.0,0.0,0.0,1.0,194.0
532000.0,14.875,3.9619548867146175E-6,532000.0,89.1,89.1,-989.999999999999,89.1,532000.0,1387088.0,228.0,38.0,3.0,12.0,0.0,0.0,1.0,194.0
533000.0,14.9375,3.984382427814934E-6,533000.0,87.1,87.1,-821.4285714285706,87.1,533000.0,1387088.0,228.0,38.0,3.0,12.0,0.0,0.0,1.0,194.0
534000.0,14.96875,3.995596198365093E-6,534000.0,88.9,88.9,-692.8571428571421,88.9,534000.0,1387088.0,228.0,38.0,3.0,12.0,0.0,0.0,1.0,194.0
535000.0,15.015625,4.01241685419033E-6,535000.0,84.89999999999999,84.89999999999999,-420.68965517241344,84.89999999999999,535000.0,1387088.0,228.0,38.0,3.0,12.0,0.0,0.0,1.0,194.0
536000.0,15.015625,4.01241685419033E-6,536000.0,82.6,82.6,-443.74999999999966,82.6,536000.0,1387088.0,228.0,38.0,3.0,12.0,0.0,0.0,1.0,194.0
537000.0,15.078125,4.034852156312102E-6,537000.0,79.5,79.5,-336.170212765957,79.5,537000.0,1387568.0,230.0,39.0,4.0,12.0,0.0,0.0,1.0,195.0
538000.0,15.125,4.052164375833753E-6,538000.0,78.10000000000001,78.10000000000001,-329.4117647058819,78.10000000000001,538000.0,1427624.0,232.0,40.0,5.0,13.0,0.0,0.0,1.0,196.0
539000.0,15.15625,4.063705855514854E-6,539000.0,74.0,74.0,-534.1463414634142,74.0,539000.0,1427624.0,232.0,40.0,5.0,13.0,0.0,0.0,1.0,196.0
540000.0,15.1875,4.075741130186038E-6,540000.0,83.2,83.2,-546.1538461538457,83.2,540000.0,1488704.0,236.0,42.0,7.0,14.0,0.0,0.0,1.0,198.0
541000.0,15.234375,4.093794042192813E-6,541000.0,81.10000000000001,81.10000000000001,-844.9999999999989,81.10000000000001,541000.0,1488704.0,236.0,42.0,7.0,14.0,0.0,0.0,1.0,198.0
542000.0,15.28125,4.112311645359215E-6,542000.0,76.2,76.2,-1222.222222222221,76.2,542000.0,1527024.0,238.0,43.0,8.0,15.0,0.0,0.0,1.0,199.0
543000.0,15.3125,4.124656714136816E-6,543000.0,83.3,83.3,-734.9999999999994,83.3,543000.0,1527024.0,238.0,43.0,8.0,15.0,0.0,0.0,1.0,199.0
544000.0,15.34375,4.137078746377181E-6,544000.0,88.4,88.4,-169.76744186046486,88.4,544000.0,1536544.0,238.0,43.0,8.0,15.0,0.0,0.0,1.0,199.0
545000.0,15.375,4.150095531561723E-6,545000.0,90.60000000000001,90.60000000000001,-147.36842105263128,90.60000000000001,545000.0,1610112.0,240.0,44.0,9.0,15.0,0.0,0.0,1.0,200.0
546000.0,15.40625,4.163112316746265E-6,546000.0,83.7,83.7,-365.7142857142854,83.7,546000.0,1610112.0,240.0,44.0,9.0,15.0,0.0,0.0,1.0,200.0
547000.0,15.453125,4.182637494523079E-6,547000.0,82.19999999999999,82.19999999999999,-535.7142857142853,82.19999999999999,547000.0,1610112.0,240.0,44.0,9.0,15.0,0.0,0.0,1.0,200.0
548000.0,15.515625,4.209089383948595E-6,548000.0,88.6,88.6,-245.4545454545451,88.6,548000.0,1635984.0,246.0,47.0,12.0,16.0,0.0,0.0,1.0,203.0
549000.0,15.546875,4.2223087317931166E-6,549000.0,98.0,98.0,-5.263157894736842,98.0,549000.0,1635168.0,248.0,48.0,13.0,16.0,0.0,0.0,1.0,204.0
550000.0,15.609375,4.2492134768205395E-6,550000.0,88.2,88.2,-321.42857142857105,88.2,550000.0,1663992.0,250.0,49.0,14.0,16.0,0.0,0.0,1.0,205.0
551000.0,15.65625,4.2701173030460885E-6,551000.0,86.1,86.1,-504.347826086956,86.1,551000.0,1723800.0,256.0,52.0,17.0,16.0,0.0,0.0,1.0,208.0
552000.0,15.65625,4.2701173030460885E-6,552000.0,76.1,76.1,-939.1304347826077,76.1,552000.0,1729000.0,256.0,52.0,17.0,16.0,0.0,0.0,1.0,208.0
553000.0,15.6875,4.284119737955432E-6,553000.0,72.3,72.3,-1007.9999999999991,72.3,553000.0,1732032.0,256.0,52.0,17.0,16.0,0.0,0.0,1.0,208.0
554000.0,15.6875,4.284119737955432E-6,554000.0,72.7,72.7,-727.2727272727266,72.7,554000.0,1769008.0,256.0,52.0,17.0,16.0,0.0,0.0,1.0,208.0
555000.0,15.71875,4.298400405483942E-6,555000.0,75.8,75.79842689774836,-462.7906976744181,75.48125633232017,555000.0,1766448.0,258.0,53.0,18.0,16.0,0.0,0.0,1.0,209.0
556000.0,15.78125,4.326961740540962E-6,556000.0,75.8,75.79927397821935,-572.2222222222216,75.55555555555556,556000.0,1766448.0,258.0,53.0,18.0,16.0,0.0,0.0,1.0,209.0
557000.0,15.828125,4.348789225332439E-6,557000.0,81.89999999999999,81.89999999999999,-546.428571428571,81.80904522613065,557000.0,1799968.0,258.0,53.0,18.0,16.0,0.0,0.0,1.0,209.0
558000.0,15.84375,4.356128079557999E-6,558000.0,85.0,85.0,-524.9999999999995,85.0,558000.0,1815560.0,258.0,53.0,18.0,16.0,0.0,0.0,1.0,209.0
559000.0,15.875,4.370823250307392E-6,559000.0,88.0,87.99867985478403,-199.99999999999974,87.8665318503539,559000.0,1817720.0,258.0,53.0,18.0,16.0,0.0,0.0,1.0,209.0
560000.0,15.921875,4.393681495760878E-6,560000.0,86.3,86.29980819731476,-168.62745098039193,86.28628628628628,560000.0,1884968.0,264.0,56.0,21.0,16.0,0.0,0.0,1.0,212.0
561000.0,15.953125,4.408920326063203E-6,561000.0,88.0,88.0,-139.99999999999977,88.0,561000.0,1884968.0,264.0,56.0,21.0,16.0,0.0,0.0,1.0,212.0
562000.0,16.0,4.4322064948371715E-6,562000.0,78.10000000000001,78.10000000000001,-277.58620689655135,78.10000000000001,562000.0,1920256.0,266.0,57.0,22.0,16.0,0.0,0.0,1.0,213.0
563000.0,16.046875,4.455899147109853E-6,563000.0,75.8,75.8,-520.5128205128199,75.8,563000.0,1953776.0,266.0,57.0,22.0,16.0,0.0,0.0,1.0,213.0
564000.0,16.078125,4.471931283155249E-6,564000.0,83.1,83.1,-412.1212121212118,83.1,564000.0,1983096.0,270.0,59.0,24.0,16.0,0.0,0.0,1.0,215.0
565000.0,16.171875,4.521051564046906E-6,565000.0,89.5,89.5,-138.63636363636337,89.5,565000.0,2025312.0,272.0,60.0,25.0,16.0,0.0,0.0,1.0,216.0
566000.0,16.21875,4.545664091387556E-6,566000.0,75.3,75.3,-425.53191489361654,75.3,566000.0,2029632.0,272.0,60.0,25.0,16.0,0.0,0.0,1.0,216.0
567000.0,16.21875,4.545664091387556E-6,567000.0,83.6,83.6,-331.57894736842076,83.6,567000.0,2055448.0,276.0,62.0,27.0,16.0,0.0,0.0,1.0,218.0
568000.0,16.25,4.562563327555027E-6,568000.0,84.89999999999999,84.89999999999999,-214.5833333333331,84.89999999999999,568000.0,2090352.0,278.0,63.0,28.0,16.0,0.0,0.0,1.0,219.0
569000.0,16.265625,4.571032251179631E-6,569000.0,90.8,90.8,-76.9230769230767,90.8,569000.0,2095128.0,280.0,64.0,29.0,16.0,0.0,0.0,1.0,220.0
570000.0,16.265625,4.571032251179631E-6,570000.0,95.6,95.6,22.807017543859647,95.6,570000.0,2140072.0,282.0,65.0,30.0,16.0,0.0,0.0,1.0,221.0
571000.0,16.265625,4.571032251179631E-6,571000.0,89.5,89.5,-56.71641791044786,89.5,571000.0,2146616.0,282.0,65.0,30.0,16.0,0.0,0.0,1.0,221.0
572000.0,16.296875,4.588494937504744E-6,572000.0,85.6,85.6,-69.41176470588243,85.6,572000.0,2160048.0,282.0,65.0,30.0,16.0,0.0,0.0,1.0,221.0
573000.0,16.328125,4.6045845697840876E-6,573000.0,79.9,79.9,-111.57894736842107,79.9,573000.0,1990208.0,277.0,61.0,23.0,16.0,0.0,0.0,1.0,221.0
574000.0,16.390625,4.637418993903944E-6,574000.0,87.4,87.4,-85.29411764705897,87.4,574000.0,2030728.0,279.0,62.0,24.0,16.0,0.0,0.0,1.0,222.0
575000.0,16.453125,4.671528812549593E-6,575000.0,85.39999999999999,85.39999999999999,-170.37037037037018,85.39999999999999,575000.0,2109608.0,283.0,64.0,26.0,16.0,0.0,0.0,1.0,224.0
576000.0,16.5,4.697137369981241E-6,576000.0,87.1,87.1,-95.45454545454561,87.1,576000.0,2111768.0,283.0,64.0,26.0,16.0,0.0,0.0,1.0,224.0
577000.0,16.53125,4.714287351816891E-6,577000.0,83.2,83.2,-130.13698630137006,83.2,577000.0,2121368.0,285.0,65.0,27.0,16.0,0.0,0.0,1.0,225.0
578000.0,16.578125,4.740476433653383E-6,578000.0,95.1,95.1,-2.083333333333333,95.1,578000.0,2159640.0,285.0,65.0,27.0,16.0,0.0,0.0,1.0,225.0
579000.0,16.609375,4.757953283842651E-6,579000.0,89.3,89.3,-143.18181818181793,89.3,579000.0,2161800.0,285.0,65.0,27.0,16.0,0.0,0.0,1.0,225.0
580000.0,16.65625,4.784168559126554E-6,580000.0,67.80000000000001,67.80000000000001,-747.3684210526307,67.80000000000001,580000.0,2161800.0,285.0,65.0,27.0,16.0,0.0,0.0,1.0,225.0
581000.0,16.703125,4.810383834410457E-6,581000.0,77.3,77.3,-1034.9999999999989,77.3,581000.0,2161800.0,285.0,65.0,27.0,16.0,0.0,0.0,1.0,225.0
581012.0,16.734375,4.827860684599726E-6,581012.0,77.4,77.4,-1029.9999999999989,77.4,581012.0,2161800.0,285.0,65.0,27.0,16.0,0.0,0.0,1.0,225.0
