learning evaluation instances,evaluation time (cpu seconds),model cost (RAM-Hours),classified instances,classifications correct (percent),Kappa Statistic (percent),Kappa Temporal Statistic (percent),Kappa M Statistic (percent),model training instances,model serialized size (bytes),tree size (nodes),tree size (leaves),active learning leaves,tree depth,active leaf byte size estimate,inactive leaf byte size estimate,byte size estimate overhead
1000.0,0.0,0.0,1000.0,61.1,60.365897146955916,5.582524271844664,52.034525277435264,1000.0,38584.0,1.0,1.0,1.0,0.0,0.0,0.0,1.0
2000.0,0.0,0.0,2000.0,57.9,55.140083347807135,18.882466281310208,37.25782414307003,2000.0,52008.0,1.0,1.0,1.0,0.0,0.0,0.0,1.0
3000.0,0.015625,2.1022666866580646E-10,3000.0,47.4,47.014263840760734,-35.21850899742931,28.918918918918912,3000.0,52008.0,1.0,1.0,1.0,0.0,0.0,0.0,1.0
4000.0,0.03125,4.204533373316129E-10,4000.0,64.3,64.17425162319742,-27.95698924731181,60.769230769230774,4000.0,52008.0,1.0,1.0,1.0,0.0,0.0,0.0,1.0
5000.0,0.03125,4.204533373316129E-10,5000.0,57.4,57.31783683590912,-24.561403508771953,53.84615384615383,5000.0,52008.0,1.0,1.0,1.0,0.0,0.0,0.0,1.0
6000.0,0.078125,1.0511333433290323E-9,6000.0,59.0,58.973291612839965,11.062906724511917,57.68833849329204,6000.0,52008.0,1.0,1.0,1.0,0.0,0.0,0.0,1.0
7000.0,0.09375,1.2613600119948388E-9,7000.0,50.9,49.3153442375882,-0.8213552361396311,39.75460122699387,7000.0,52008.0,1.0,1.0,1.0,0.0,0.0,0.0,1.0
8000.0,0.109375,1.6104766271180578E-9,8000.0,64.5,63.454393656918086,22.31947483588621,56.33456334563346,8000.0,86368.0,5.0,3.0,3.0,2.0,0.0,0.0,1.0
9000.0,0.140625,2.3610967521866162E-9,9000.0,66.9,65.3224488427546,35.85271317829458,57.4002574002574,9000.0,92848.0,5.0,3.0,3.0,2.0,0.0,0.0,1.0
10000.0,0.171875,3.1117168772551747E-9,10000.0,75.4,75.39970479645756,39.4088669950739,75.10121457489879,10000.0,92848.0,5.0,3.0,3.0,2.0,0.0,0.0,1.0
11000.0,0.203125,3.862337002323733E-9,11000.0,61.8,61.77029551961874,18.895966029723983,60.33229491173417,11000.0,92848.0,5.0,3.0,3.0,2.0,0.0,0.0,1.0
12000.0,0.234375,4.9116271030571725E-9,12000.0,56.8,56.49121817539074,8.668076109936559,49.116607773851584,12000.0,129792.0,5.0,3.0,3.0,2.0,0.0,0.0,1.0
13000.0,0.234375,4.9116271030571725E-9,13000.0,65.7,65.29235875356058,32.213438735177874,59.88304093567252,13000.0,138864.0,5.0,3.0,3.0,2.0,0.0,0.0,1.0
14000.0,0.234375,4.9116271030571725E-9,14000.0,52.7,52.01379730141017,25.86206896551725,44.807467911318554,14000.0,138864.0,5.0,3.0,3.0,2.0,0.0,0.0,1.0
15000.0,0.3125,7.718206486768192E-9,15000.0,57.099999999999994,56.53367728129803,24.73684210526315,52.28031145717463,15000.0,138864.0,5.0,3.0,3.0,2.0,0.0,0.0,1.0
16000.0,0.328125,8.279522363510397E-9,16000.0,79.0,78.99218509285456,-138.63636363636368,78.328173374613,16000.0,138864.0,5.0,3.0,3.0,2.0,0.0,0.0,1.0
17000.0,0.359375,9.402154116994804E-9,17000.0,78.3,78.27536426307434,-342.8571428571424,76.38737758433079,17000.0,138864.0,5.0,3.0,3.0,2.0,0.0,0.0,1.0
18000.0,0.375,9.928448384420738E-9,18000.0,79.2,79.2,-593.3333333333326,77.4891774891775,18000.0,130200.0,7.0,4.0,4.0,3.0,0.0,0.0,1.0
19000.0,0.375,9.928448384420738E-9,19000.0,76.3,76.3,-977.2727272727262,75.33818938605619,19000.0,130200.0,7.0,4.0,4.0,3.0,0.0,0.0,1.0
20000.0,0.4375,1.2082519889291789E-8,20000.0,82.19999999999999,82.19999999999999,-747.6190476190471,82.03834510595358,20000.0,133224.0,7.0,4.0,4.0,3.0,0.0,0.0,1.0
21000.0,0.453125,1.2621037765509551E-8,21000.0,82.19999999999999,82.19999999999999,-584.6153846153842,82.19999999999999,21000.0,133224.0,7.0,4.0,4.0,3.0,0.0,0.0,1.0
22000.0,0.453125,1.2621037765509551E-8,22000.0,84.8,84.8,-1281.8181818181808,84.8,22000.0,133224.0,7.0,4.0,4.0,3.0,0.0,0.0,1.0
23000.0,0.515625,1.4775109270380601E-8,23000.0,84.6,84.6,-862.4999999999993,84.6,23000.0,133224.0,7.0,4.0,4.0,3.0,0.0,0.0,1.0
24000.0,0.515625,1.4775109270380601E-8,24000.0,79.7,79.7,-651.851851851851,79.7,24000.0,133224.0,7.0,4.0,4.0,3.0,0.0,0.0,1.0
25000.0,0.5625,1.6207114741620088E-8,25000.0,86.4,86.4,-518.1818181818177,86.4,25000.0,118088.0,9.0,5.0,5.0,3.0,0.0,0.0,1.0
26000.0,0.5625,1.6207114741620088E-8,26000.0,91.3,91.3,-199.99999999999963,91.3,26000.0,154984.0,11.0,6.0,6.0,4.0,0.0,0.0,1.0
27000.0,0.59375,1.746006698037187E-8,27000.0,92.0,92.0,-185.71428571428532,92.0,27000.0,154984.0,11.0,6.0,6.0,4.0,0.0,0.0,1.0
28000.0,0.625,1.8713019219123654E-8,28000.0,82.69999999999999,82.69999999999999,-276.0869565217389,82.69999999999999,28000.0,154984.0,11.0,6.0,6.0,4.0,0.0,0.0,1.0
29000.0,0.640625,1.9339495338499546E-8,29000.0,80.7,80.7,-467.6470588235287,80.7,29000.0,154984.0,11.0,6.0,6.0,4.0,0.0,0.0,1.0
30000.0,0.65625,1.9965971457875438E-8,30000.0,83.2,83.2,-441.93548387096735,83.2,30000.0,154984.0,11.0,6.0,6.0,4.0,0.0,0.0,1.0
31000.0,0.65625,1.9965971457875438E-8,31000.0,79.0,79.0,-412.195121951219,79.0,31000.0,154984.0,11.0,6.0,6.0,4.0,0.0,0.0,1.0
32000.0,0.65625,1.9965971457875438E-8,32000.0,80.30000000000001,80.30000000000001,-479.4117647058817,80.30000000000001,32000.0,154984.0,11.0,6.0,6.0,4.0,0.0,0.0,1.0
33000.0,0.6875,2.121892369662722E-8,33000.0,78.8,78.8,-488.8888888888883,78.8,33000.0,154984.0,11.0,6.0,6.0,4.0,0.0,0.0,1.0
34000.0,0.6875,2.121892369662722E-8,34000.0,78.7,78.7,-419.5121951219507,78.7,34000.0,190160.0,13.0,7.0,7.0,4.0,0.0,0.0,1.0
35000.0,0.71875,2.2773714994804728E-8,35000.0,88.9,88.9,-246.87499999999966,88.84422110552764,35000.0,192320.0,13.0,7.0,7.0,4.0,0.0,0.0,1.0
36000.0,0.71875,2.2773714994804728E-8,36000.0,88.4,88.4,-274.19354838709637,88.34170854271358,36000.0,192320.0,13.0,7.0,7.0,4.0,0.0,0.0,1.0
37000.0,0.71875,2.2773714994804728E-8,37000.0,92.4,92.4,-216.6666666666662,92.32323232323233,37000.0,192320.0,13.0,7.0,7.0,4.0,0.0,0.0,1.0
38000.0,0.765625,2.510590194207099E-8,38000.0,92.4,92.4,-299.99999999999943,92.4,38000.0,192320.0,13.0,7.0,7.0,4.0,0.0,0.0,1.0
39000.0,0.78125,2.5883297591159742E-8,39000.0,95.89999999999999,95.89999999999999,-310.0,95.89999999999999,39000.0,192320.0,13.0,7.0,7.0,4.0,0.0,0.0,1.0
40000.0,0.796875,2.6660693240248495E-8,40000.0,97.8,97.8,-450.0,97.8,40000.0,192320.0,13.0,7.0,7.0,4.0,0.0,0.0,1.0
41000.0,0.8125,2.743808888933725E-8,41000.0,95.89999999999999,95.89999999999999,-583.3333333333333,95.89999999999999,41000.0,192320.0,13.0,7.0,7.0,4.0,0.0,0.0,1.0
42000.0,0.828125,2.8215484538426002E-8,42000.0,88.4,88.4,-792.3076923076915,88.4,42000.0,192320.0,13.0,7.0,7.0,4.0,0.0,0.0,1.0
43000.0,0.84375,2.8996178621633186E-8,43000.0,85.6,85.6,-859.9999999999992,85.6,43000.0,193136.0,15.0,8.0,8.0,5.0,0.0,0.0,1.0
44000.0,0.875,3.1109504763864806E-8,44000.0,88.4,88.4,-673.3333333333326,88.4,44000.0,261408.0,15.0,8.0,8.0,5.0,0.0,0.0,1.0
45000.0,0.875,3.1109504763864806E-8,45000.0,85.5,85.5,-590.47619047619,85.5,45000.0,261408.0,15.0,8.0,8.0,5.0,0.0,0.0,1.0
46000.0,0.875,3.1109504763864806E-8,46000.0,85.0,85.0,-971.4285714285706,85.0,46000.0,261408.0,15.0,8.0,8.0,5.0,0.0,0.0,1.0
47000.0,0.875,3.1109504763864806E-8,47000.0,86.8,86.8,-1219.9999999999989,86.8,47000.0,261408.0,15.0,8.0,8.0,5.0,0.0,0.0,1.0
48000.0,0.9375,3.5336157048328054E-8,48000.0,92.10000000000001,92.10000000000001,-1216.666666666665,92.10000000000001,48000.0,261408.0,15.0,8.0,8.0,5.0,0.0,0.0,1.0
49000.0,0.953125,3.640507606582509E-8,49000.0,93.2,93.2,-749.9999999999986,93.2,49000.0,264440.0,15.0,8.0,8.0,5.0,0.0,0.0,1.0
50000.0,0.96875,3.747399508332213E-8,50000.0,95.5,95.5,-350.0,95.5,50000.0,264440.0,15.0,8.0,8.0,5.0,0.0,0.0,1.0
51000.0,0.984375,3.854291410081917E-8,51000.0,97.6,97.6,-100.0,97.6,51000.0,264440.0,15.0,8.0,8.0,5.0,0.0,0.0,1.0
52000.0,1.0,3.961183311831621E-8,52000.0,98.1,98.1,-58.333333333333336,98.1,52000.0,264440.0,15.0,8.0,8.0,5.0,0.0,0.0,1.0
53000.0,1.03125,4.174967115331028E-8,53000.0,96.5,96.5,-118.75,96.5,53000.0,264440.0,15.0,8.0,8.0,5.0,0.0,0.0,1.0
54000.0,1.0625,4.4129588382525584E-8,54000.0,94.19999999999999,94.19999999999999,-222.22222222222223,94.19999999999999,54000.0,294384.0,19.0,10.0,10.0,6.0,0.0,0.0,1.0
55000.0,1.0625,4.4129588382525584E-8,55000.0,92.10000000000001,92.10000000000001,-229.1666666666662,92.10000000000001,55000.0,328248.0,21.0,11.0,11.0,6.0,0.0,0.0,1.0
56000.0,1.109375,4.81836549523804E-8,56000.0,89.5,89.5,-274.9999999999996,89.5,56000.0,334312.0,21.0,11.0,11.0,6.0,0.0,0.0,1.0
57000.0,1.125,4.953501047566534E-8,57000.0,89.2,89.2,-217.64705882352908,89.2,57000.0,334312.0,21.0,11.0,11.0,6.0,0.0,0.0,1.0
58000.0,1.125,4.953501047566534E-8,58000.0,89.2,89.2,-191.8918918918916,89.2,58000.0,337344.0,21.0,11.0,11.0,6.0,0.0,0.0,1.0
59000.0,1.140625,5.08986219453315E-8,59000.0,89.0,89.0,-174.99999999999974,89.0,59000.0,337344.0,21.0,11.0,11.0,6.0,0.0,0.0,1.0
60000.0,1.140625,5.08986219453315E-8,60000.0,90.7,90.7,-181.81818181818147,90.7,60000.0,337344.0,21.0,11.0,11.0,6.0,0.0,0.0,1.0
61000.0,1.140625,5.08986219453315E-8,61000.0,91.9,91.9,-131.4285714285711,91.9,61000.0,337344.0,21.0,11.0,11.0,6.0,0.0,0.0,1.0
62000.0,1.15625,5.2270964564134683E-8,62000.0,86.3,86.3,-204.4444444444442,86.3,62000.0,339504.0,21.0,11.0,11.0,6.0,0.0,0.0,1.0
63000.0,1.171875,5.365203833207489E-8,63000.0,78.10000000000001,78.10000000000001,-305.55555555555515,78.10000000000001,63000.0,341664.0,21.0,11.0,11.0,6.0,0.0,0.0,1.0
64000.0,1.171875,5.365203833207489E-8,64000.0,80.60000000000001,80.60000000000001,-287.99999999999955,80.60000000000001,64000.0,341664.0,21.0,11.0,11.0,6.0,0.0,0.0,1.0
65000.0,1.171875,5.365203833207489E-8,65000.0,84.6,84.6,-266.6666666666664,84.6,65000.0,341664.0,21.0,11.0,11.0,6.0,0.0,0.0,1.0
66000.0,1.234375,5.91763334038357E-8,66000.0,77.9,77.9,-481.5789473684204,77.9,66000.0,341664.0,21.0,11.0,11.0,6.0,0.0,0.0,1.0
67000.0,1.25,6.05574071717759E-8,67000.0,82.69999999999999,82.69999999999999,-476.6666666666663,82.69999999999999,67000.0,341664.0,21.0,11.0,11.0,6.0,0.0,0.0,1.0
68000.0,1.265625,6.19384809397161E-8,68000.0,88.1,88.1,-357.6923076923073,88.1,68000.0,341664.0,21.0,11.0,11.0,6.0,0.0,0.0,1.0
69000.0,1.28125,6.331955470765631E-8,69000.0,92.4,92.4,-216.6666666666662,92.4,69000.0,341664.0,21.0,11.0,11.0,6.0,0.0,0.0,1.0
70000.0,1.296875,6.470062847559651E-8,70000.0,96.5,96.5,-118.75,96.5,70000.0,341664.0,21.0,11.0,11.0,6.0,0.0,0.0,1.0
71000.0,1.3125,6.608170224353672E-8,71000.0,91.5,91.5,-254.1666666666662,91.5,71000.0,341664.0,21.0,11.0,11.0,6.0,0.0,0.0,1.0
72000.0,1.34375,6.915965867746208E-8,72000.0,83.8,83.79912515275825,-376.4705882352938,83.65287588294652,72000.0,380728.0,23.0,12.0,12.0,7.0,0.0,0.0,1.0
73000.0,1.34375,6.915965867746208E-8,73000.0,86.4,86.37038284191549,-277.77777777777743,85.6388595564942,73000.0,419792.0,25.0,13.0,13.0,8.0,0.0,0.0,1.0
74000.0,1.34375,6.915965867746208E-8,74000.0,89.5,89.47821991522453,-162.49999999999974,88.9937106918239,74000.0,419792.0,25.0,13.0,13.0,8.0,0.0,0.0,1.0
75000.0,1.390625,7.425030667541757E-8,75000.0,86.2,86.19206043474999,-283.33333333333303,85.84615384615385,75000.0,419792.0,25.0,13.0,13.0,8.0,0.0,0.0,1.0
76000.0,1.421875,7.764407200738789E-8,76000.0,87.7,87.69824084844132,-215.3846153846151,87.56319514661274,76000.0,419792.0,25.0,13.0,13.0,8.0,0.0,0.0,1.0
77000.0,1.453125,8.103783733935821E-8,77000.0,80.0,80.0,-316.66666666666623,80.0,77000.0,419792.0,25.0,13.0,13.0,8.0,0.0,0.0,1.0
78000.0,1.46875,8.273472000534337E-8,78000.0,80.30000000000001,80.30000000000001,-579.3103448275854,80.30000000000001,78000.0,419792.0,25.0,13.0,13.0,8.0,0.0,0.0,1.0
79000.0,1.484375,8.443160267132853E-8,79000.0,78.7,78.7,-565.6249999999993,78.7,79000.0,419792.0,25.0,13.0,13.0,8.0,0.0,0.0,1.0
80000.0,1.5,8.626543502840733E-8,80000.0,81.2,81.2,-623.0769230769222,81.2,80000.0,453672.0,27.0,14.0,14.0,8.0,0.0,0.0,1.0
81000.0,1.5,8.626543502840733E-8,81000.0,85.7,85.7,-376.6666666666663,85.7,81000.0,453672.0,27.0,14.0,14.0,8.0,0.0,0.0,1.0
82000.0,1.53125,8.993309974256491E-8,82000.0,88.5,88.5,-474.9999999999995,88.5,82000.0,453672.0,27.0,14.0,14.0,8.0,0.0,0.0,1.0
83000.0,1.5625,9.360076445672249E-8,83000.0,88.5,88.5,-422.72727272727224,88.5,83000.0,453672.0,27.0,14.0,14.0,8.0,0.0,0.0,1.0
84000.0,1.59375,9.756677577065099E-8,84000.0,90.5,90.5,-331.8181818181813,90.5,84000.0,490576.0,29.0,15.0,15.0,8.0,0.0,0.0,1.0
85000.0,1.609375,9.966574402319062E-8,85000.0,87.4,87.4,-214.99999999999972,87.4,85000.0,519264.0,31.0,16.0,16.0,8.0,0.0,0.0,1.0
86000.0,1.609375,9.966574402319062E-8,86000.0,80.80000000000001,80.80000000000001,-336.36363636363586,80.80000000000001,86000.0,519264.0,31.0,16.0,16.0,8.0,0.0,0.0,1.0
87000.0,1.65625,1.0596264878080953E-7,87000.0,83.5,83.5,-489.2857142857139,83.5,87000.0,519264.0,31.0,16.0,16.0,8.0,0.0,0.0,1.0
88000.0,1.65625,1.0596264878080953E-7,88000.0,77.2,77.2,-395.65217391304304,77.2,88000.0,525320.0,31.0,16.0,16.0,8.0,0.0,0.0,1.0
89000.0,1.6875,1.1020954439623491E-7,89000.0,88.2,88.2,-293.333333333333,88.2,89000.0,525320.0,31.0,16.0,16.0,8.0,0.0,0.0,1.0
90000.0,1.703125,1.123329922039476E-7,90000.0,88.9,88.9,-404.54545454545405,88.9,90000.0,525320.0,31.0,16.0,16.0,8.0,0.0,0.0,1.0
91000.0,1.71875,1.1445644001166029E-7,91000.0,81.2,81.2,-487.4999999999993,81.2,91000.0,525320.0,31.0,16.0,16.0,8.0,0.0,0.0,1.0
92000.0,1.734375,1.1657988781937298E-7,92000.0,87.4,87.4,-249.9999999999997,87.4,92000.0,525320.0,31.0,16.0,16.0,8.0,0.0,0.0,1.0
93000.0,1.75,1.1870333562708567E-7,93000.0,93.2,93.2,-161.53846153846112,93.2,93000.0,525320.0,31.0,16.0,16.0,8.0,0.0,0.0,1.0
94000.0,1.765625,1.209689718153742E-7,94000.0,93.10000000000001,93.10000000000001,-213.63636363636314,93.10000000000001,94000.0,560496.0,33.0,17.0,17.0,8.0,0.0,0.0,1.0
95000.0,1.78125,1.2323460800366271E-7,95000.0,91.60000000000001,91.60000000000001,-223.07692307692264,91.60000000000001,95000.0,560496.0,33.0,17.0,17.0,8.0,0.0,0.0,1.0
96000.0,1.796875,1.255211989498801E-7,96000.0,86.2,86.2,-331.24999999999966,86.2,96000.0,565680.0,33.0,17.0,17.0,8.0,0.0,0.0,1.0
97000.0,1.8125,1.2780778989609747E-7,97000.0,83.89999999999999,83.89999999999999,-436.6666666666663,83.89999999999999,97000.0,565680.0,33.0,17.0,17.0,8.0,0.0,0.0,1.0
98000.0,1.828125,1.3009438084231484E-7,98000.0,90.5,90.5,-265.38461538461496,90.5,98000.0,565680.0,33.0,17.0,17.0,8.0,0.0,0.0,1.0
99000.0,1.859375,1.3468502503302365E-7,99000.0,84.39999999999999,84.39999999999999,-333.33333333333303,84.3687374749499,99000.0,567840.0,33.0,17.0,17.0,8.0,0.0,0.0,1.0
100000.0,1.875,1.3698034712837805E-7,100000.0,86.5,86.49914944641512,-246.15384615384585,86.21041879468847,100000.0,567840.0,33.0,17.0,17.0,8.0,0.0,0.0,1.0
101000.0,1.890625,1.3927566922373245E-7,101000.0,89.3,89.29571828731493,-137.77777777777754,89.08163265306122,101000.0,567840.0,33.0,17.0,17.0,8.0,0.0,0.0,1.0
102000.0,1.90625,1.4157099131908685E-7,102000.0,92.5,92.49729902764996,-177.77777777777737,92.36252545824848,102000.0,567840.0,33.0,17.0,17.0,8.0,0.0,0.0,1.0
103000.0,1.921875,1.4387504456357828E-7,103000.0,91.5,91.49234310879793,-174.19354838709643,91.18257261410788,103000.0,570000.0,33.0,17.0,17.0,8.0,0.0,0.0,1.0
104000.0,1.9375,1.461790978080697E-7,104000.0,91.0,90.99553378475724,-172.7272727272724,90.71207430340557,104000.0,570000.0,33.0,17.0,17.0,8.0,0.0,0.0,1.0
105000.0,1.96875,1.5080466659532658E-7,105000.0,89.2,89.19524590819961,-208.57142857142827,88.95705521472392,105000.0,572160.0,33.0,17.0,17.0,8.0,0.0,0.0,1.0
106000.0,1.984375,1.53117450988955E-7,106000.0,92.30000000000001,92.30000000000001,-174.9999999999996,92.30000000000001,106000.0,572160.0,33.0,17.0,17.0,8.0,0.0,0.0,1.0
107000.0,2.0,1.5543023538258344E-7,107000.0,92.2,92.2,-159.99999999999963,92.2,107000.0,572160.0,33.0,17.0,17.0,8.0,0.0,0.0,1.0
108000.0,2.015625,1.5774301977621186E-7,108000.0,87.2,87.19831017694337,-299.99999999999966,87.05763397371082,108000.0,572160.0,33.0,17.0,17.0,8.0,0.0,0.0,1.0
109000.0,2.015625,1.5774301977621186E-7,109000.0,88.0,87.99769555754705,-399.99999999999955,87.8048780487805,109000.0,572160.0,33.0,17.0,17.0,8.0,0.0,0.0,1.0
110000.0,2.015625,1.5774301977621186E-7,110000.0,91.5,91.49812108475973,-254.1666666666662,91.353001017294,110000.0,572160.0,33.0,17.0,17.0,8.0,0.0,0.0,1.0
111000.0,2.0625,1.650555512040026E-7,111000.0,95.5,95.49971648213838,-104.54545454545455,95.46827794561933,111000.0,603016.0,35.0,18.0,18.0,9.0,0.0,0.0,1.0
112000.0,2.09375,1.6997946659103038E-7,112000.0,92.60000000000001,92.59958557679231,-184.6153846153842,92.54783484390735,112000.0,609064.0,35.0,18.0,18.0,9.0,0.0,0.0,1.0
113000.0,2.109375,1.7244142428454429E-7,113000.0,90.5,90.49914492304308,-216.6666666666663,90.40404040404042,113000.0,609064.0,35.0,18.0,18.0,9.0,0.0,0.0,1.0
114000.0,2.125,1.749033819780582E-7,114000.0,92.5,92.49876229577882,-149.99999999999963,92.38578680203045,114000.0,609064.0,35.0,18.0,18.0,9.0,0.0,0.0,1.0
115000.0,2.140625,1.773653396715721E-7,115000.0,95.19999999999999,95.19985599567987,-71.42857142857143,95.17587939698493,115000.0,609064.0,35.0,18.0,18.0,9.0,0.0,0.0,1.0
116000.0,2.15625,1.79827297365086E-7,116000.0,96.2,96.2,-90.0,96.2,116000.0,609064.0,35.0,18.0,18.0,9.0,0.0,0.0,1.0
117000.0,2.171875,1.822892550585999E-7,117000.0,89.4,89.4,-231.24999999999966,89.4,117000.0,609064.0,35.0,18.0,18.0,9.0,0.0,0.0,1.0
118000.0,2.1875,1.847512127521138E-7,118000.0,87.1,87.1,-258.33333333333303,87.1,118000.0,609064.0,35.0,18.0,18.0,9.0,0.0,0.0,1.0
119000.0,2.203125,1.8721317044562772E-7,119000.0,86.1,86.1,-334.37499999999966,86.1,119000.0,609064.0,35.0,18.0,18.0,9.0,0.0,0.0,1.0
120000.0,2.21875,1.898104932883548E-7,120000.0,84.5,84.5,-209.99999999999977,84.5,120000.0,642552.0,35.0,18.0,18.0,9.0,0.0,0.0,1.0
121000.0,2.21875,1.898104932883548E-7,121000.0,87.2,87.2,-161.22448979591815,87.2,121000.0,642552.0,35.0,18.0,18.0,9.0,0.0,0.0,1.0
122000.0,2.25,1.9500513897380902E-7,122000.0,83.1,83.1,-356.75675675675643,83.1,122000.0,642552.0,35.0,18.0,18.0,9.0,0.0,0.0,1.0
123000.0,2.25,1.9500513897380902E-7,123000.0,80.7,80.7,-328.8888888888884,80.7,123000.0,642552.0,35.0,18.0,18.0,9.0,0.0,0.0,1.0
124000.0,2.28125,2.0019978465926323E-7,124000.0,77.9,77.9,-439.02439024390196,77.9,124000.0,642552.0,35.0,18.0,18.0,9.0,0.0,0.0,1.0
125000.0,2.296875,2.0279710750199035E-7,125000.0,78.3,78.3,-393.1818181818177,78.3,125000.0,642552.0,35.0,18.0,18.0,9.0,0.0,0.0,1.0
126000.0,2.328125,2.0799175318744456E-7,126000.0,78.3,78.3,-317.30769230769187,78.3,126000.0,642552.0,35.0,18.0,18.0,9.0,0.0,0.0,1.0
127000.0,2.328125,2.0799175318744456E-7,127000.0,76.8,76.8,-363.99999999999955,76.8,127000.0,642944.0,37.0,19.0,19.0,9.0,0.0,0.0,1.0
128000.0,2.359375,2.1347077563405045E-7,128000.0,80.30000000000001,80.30000000000001,-369.0476190476185,80.30000000000001,128000.0,677728.0,37.0,19.0,19.0,9.0,0.0,0.0,1.0
129000.0,2.375,2.1621901800649041E-7,129000.0,85.2,85.2,-269.9999999999997,85.2,129000.0,679888.0,37.0,19.0,19.0,9.0,0.0,0.0,1.0
130000.0,2.390625,2.1896726037893037E-7,130000.0,85.2,85.2,-322.85714285714255,85.2,130000.0,679888.0,37.0,19.0,19.0,9.0,0.0,0.0,1.0
131000.0,2.40625,2.2171550275137033E-7,131000.0,86.0,86.0,-508.69565217391255,86.0,131000.0,679888.0,37.0,19.0,19.0,9.0,0.0,0.0,1.0
132000.0,2.421875,2.2458847120611211E-7,132000.0,90.5,90.5,-295.83333333333286,90.5,132000.0,710744.0,39.0,20.0,20.0,10.0,0.0,0.0,1.0
133000.0,2.453125,2.303588553331793E-7,133000.0,89.9,89.9,-359.0909090909086,89.9,133000.0,713768.0,39.0,20.0,20.0,10.0,0.0,0.0,1.0
134000.0,2.46875,2.3324404739671292E-7,134000.0,89.4,89.4,-360.8695652173908,89.4,134000.0,713768.0,39.0,20.0,20.0,10.0,0.0,0.0,1.0
135000.0,2.46875,2.3324404739671292E-7,135000.0,87.1,87.09969039256941,-415.99999999999955,86.99596774193549,135000.0,715928.0,39.0,20.0,20.0,10.0,0.0,0.0,1.0
136000.0,2.5,2.3903189382205413E-7,136000.0,83.7,83.69196013634722,-503.7037037037033,83.21318228630278,136000.0,715928.0,39.0,20.0,20.0,10.0,0.0,0.0,1.0
137000.0,2.515625,2.4192390911695035E-7,137000.0,84.7,84.69490340283315,-427.58620689655135,84.11214953271028,137000.0,715456.0,41.0,21.0,21.0,11.0,0.0,0.0,1.0
138000.0,2.546875,2.477079397067428E-7,138000.0,86.3,86.29773912695595,-389.2857142857139,85.83247156153051,138000.0,715456.0,41.0,21.0,21.0,11.0,0.0,0.0,1.0
139000.0,2.578125,2.5376270059496173E-7,139000.0,86.8,86.79933996699835,-312.49999999999966,86.46153846153845,139000.0,748944.0,41.0,21.0,21.0,11.0,0.0,0.0,1.0
140000.0,2.59375,2.5680754333734523E-7,140000.0,86.9,86.8964358305459,-285.2941176470585,86.43892339544513,140000.0,753264.0,41.0,21.0,21.0,11.0,0.0,0.0,1.0
141000.0,2.59375,2.5680754333734523E-7,141000.0,84.0,84.0,-247.82608695652152,83.28108672936258,141000.0,753264.0,41.0,21.0,21.0,11.0,0.0,0.0,1.0
142000.0,2.59375,2.5680754333734523E-7,142000.0,85.5,85.49915895121917,-237.20930232558115,85.0669412976313,142000.0,759312.0,41.0,21.0,21.0,11.0,0.0,0.0,1.0
143000.0,2.640625,2.660154132172466E-7,143000.0,80.0,79.99599919983997,-589.6551724137923,79.59183673469387,143000.0,759312.0,41.0,21.0,21.0,11.0,0.0,0.0,1.0
144000.0,2.640625,2.660154132172466E-7,144000.0,86.2,86.19917195031702,-359.9999999999996,86.06060606060606,144000.0,760136.0,43.0,22.0,22.0,11.0,0.0,0.0,1.0
145000.0,2.671875,2.7216065468059654E-7,145000.0,87.3,87.2993141629648,-452.1739130434778,87.2617853560682,145000.0,760136.0,43.0,22.0,22.0,11.0,0.0,0.0,1.0
146000.0,2.671875,2.7216065468059654E-7,146000.0,86.1,86.1,-363.333333333333,86.1,146000.0,760136.0,43.0,22.0,22.0,11.0,0.0,0.0,1.0
147000.0,2.703125,2.7854480625440684E-7,147000.0,80.7,80.7,-543.3333333333326,80.7,147000.0,789688.0,45.0,23.0,23.0,11.0,0.0,0.0,1.0
148000.0,2.703125,2.7854480625440684E-7,148000.0,77.2,77.2,-891.3043478260861,77.2,148000.0,789688.0,45.0,23.0,23.0,11.0,0.0,0.0,1.0
149000.0,2.734375,2.8492895782821714E-7,149000.0,70.7,70.7,-1364.9999999999989,70.7,149000.0,789688.0,45.0,23.0,23.0,11.0,0.0,0.0,1.0
150000.0,2.75,2.881210336151223E-7,150000.0,73.9,73.9,-903.8461538461529,73.9,150000.0,789688.0,45.0,23.0,23.0,11.0,0.0,0.0,1.0
151000.0,2.78125,2.945051851889326E-7,151000.0,71.5,71.5,-1087.499999999999,71.5,151000.0,789688.0,45.0,23.0,23.0,11.0,0.0,0.0,1.0
152000.0,2.796875,2.977059921249748E-7,152000.0,75.2,75.2,-570.2702702702696,75.2,152000.0,791848.0,45.0,23.0,23.0,11.0,0.0,0.0,1.0
153000.0,2.8125,3.0090679906101697E-7,153000.0,74.0,74.0,-828.5714285714278,74.0,153000.0,791848.0,45.0,23.0,23.0,11.0,0.0,0.0,1.0
154000.0,2.84375,3.0733292482586375E-7,154000.0,81.5,81.5,-516.6666666666663,81.5,154000.0,794880.0,45.0,23.0,23.0,11.0,0.0,0.0,1.0
155000.0,2.875,3.1404310397596825E-7,155000.0,85.3,85.3,-424.99999999999966,85.3,155000.0,830016.0,49.0,25.0,25.0,11.0,0.0,0.0,1.0
156000.0,2.90625,3.2103449080346363E-7,156000.0,90.9,90.9,-263.99999999999955,90.9,156000.0,864800.0,49.0,25.0,25.0,11.0,0.0,0.0,1.0
157000.0,2.921875,3.245301842172113E-7,157000.0,90.60000000000001,90.60000000000001,-193.74999999999966,90.60000000000001,157000.0,864800.0,49.0,25.0,25.0,11.0,0.0,0.0,1.0
158000.0,2.953125,3.317780081286199E-7,158000.0,88.8,88.8,-314.8148148148144,88.8,158000.0,896520.0,51.0,26.0,26.0,11.0,0.0,0.0,1.0
159000.0,2.96875,3.35414143693116E-7,159000.0,84.6,84.6,-284.9999999999997,84.6,159000.0,899544.0,51.0,26.0,26.0,11.0,0.0,0.0,1.0
160000.0,2.984375,3.391871966111164E-7,160000.0,82.89999999999999,82.89999999999999,-256.2499999999998,82.89999999999999,160000.0,933416.0,53.0,27.0,27.0,11.0,0.0,0.0,1.0
161000.0,3.015625,3.467578143398795E-7,161000.0,78.60000000000001,78.60000000000001,-296.2962962962959,78.60000000000001,161000.0,936448.0,53.0,27.0,27.0,11.0,0.0,0.0,1.0
162000.0,3.046875,3.543458943669167E-7,162000.0,78.5,78.5,-347.91666666666623,78.5,162000.0,938608.0,53.0,27.0,27.0,11.0,0.0,0.0,1.0
163000.0,3.0625,3.581399343804353E-7,163000.0,79.2,79.2,-292.45283018867883,79.2,163000.0,938608.0,53.0,27.0,27.0,11.0,0.0,0.0,1.0
164000.0,3.0625,3.581399343804353E-7,164000.0,67.0,67.0,-440.98360655737656,67.0,164000.0,938608.0,53.0,27.0,27.0,11.0,0.0,0.0,1.0
165000.0,3.0625,3.581399343804353E-7,165000.0,64.1,64.1,-647.916666666666,64.1,165000.0,938608.0,53.0,27.0,27.0,11.0,0.0,0.0,1.0
166000.0,3.125,3.7331609443450967E-7,166000.0,60.3,60.3,-802.2727272727265,60.3,166000.0,938608.0,53.0,27.0,27.0,11.0,0.0,0.0,1.0
167000.0,3.140625,3.7711171898990867E-7,167000.0,60.6,60.6,-816.279069767441,60.6,167000.0,939000.0,55.0,28.0,28.0,11.0,0.0,0.0,1.0
168000.0,3.171875,3.8470296810070673E-7,168000.0,67.5,67.5,-638.6363636363628,67.5,168000.0,939000.0,55.0,28.0,28.0,11.0,0.0,0.0,1.0
169000.0,3.171875,3.8470296810070673E-7,169000.0,68.0,68.0,-841.1764705882342,68.0,169000.0,942024.0,55.0,28.0,28.0,11.0,0.0,0.0,1.0
170000.0,3.171875,3.8470296810070673E-7,170000.0,62.6,62.6,-999.999999999999,62.6,170000.0,942024.0,55.0,28.0,28.0,11.0,0.0,0.0,1.0
171000.0,3.25,4.045063461590972E-7,171000.0,70.8,70.8,-648.7179487179482,70.68273092369478,171000.0,979832.0,55.0,28.0,28.0,11.0,0.0,0.0,1.0
172000.0,3.28125,4.1248706919658514E-7,172000.0,68.60000000000001,68.59670265377865,-582.6086956521732,67.926455566905,172000.0,987176.0,55.0,28.0,28.0,11.0,0.0,0.0,1.0
173000.0,3.296875,4.164774307153291E-7,173000.0,63.0,62.97608254932686,-722.2222222222215,61.697722567287784,173000.0,987176.0,55.0,28.0,28.0,11.0,0.0,0.0,1.0
174000.0,3.296875,4.164774307153291E-7,174000.0,54.300000000000004,54.282170046318065,-938.6363636363626,53.08008213552362,174000.0,987176.0,55.0,28.0,28.0,11.0,0.0,0.0,1.0
175000.0,3.328125,4.2473936143020786E-7,175000.0,59.699999999999996,59.632182065870666,-674.9999999999994,57.66806722689075,175000.0,1021960.0,55.0,28.0,28.0,11.0,0.0,0.0,1.0
176000.0,3.359375,4.3300446122884745E-7,176000.0,63.7,63.62991484590806,-598.0769230769224,61.90975865687304,176000.0,1022352.0,57.0,29.0,29.0,11.0,0.0,0.0,1.0
177000.0,3.390625,4.412870233257611E-7,177000.0,78.7,78.65010529607693,-325.99999999999955,77.41251325556733,177000.0,1024512.0,57.0,29.0,29.0,11.0,0.0,0.0,1.0
178000.0,3.421875,4.4956958542267473E-7,178000.0,79.4,79.36411419458439,-296.15384615384573,78.6085150571132,178000.0,1024512.0,57.0,29.0,29.0,11.0,0.0,0.0,1.0
179000.0,3.421875,4.4956958542267473E-7,179000.0,73.2,73.18391034620772,-415.38461538461496,72.65306122448979,179000.0,1024512.0,57.0,29.0,29.0,11.0,0.0,0.0,1.0
180000.0,3.46875,4.6240893425419916E-7,180000.0,81.8,81.78376933848058,-323.2558139534881,81.29496402877697,180000.0,1058776.0,61.0,31.0,31.0,11.0,0.0,0.0,1.0
181000.0,3.46875,4.6240893425419916E-7,181000.0,74.2,74.17518235023857,-561.538461538461,73.37461300309597,181000.0,1060936.0,61.0,31.0,31.0,11.0,0.0,0.0,1.0
182000.0,3.5,4.7098596244015615E-7,182000.0,69.1,69.07792163604813,-692.3076923076917,68.43718079673135,182000.0,1060936.0,61.0,31.0,31.0,11.0,0.0,0.0,1.0
183000.0,3.5,4.7098596244015615E-7,183000.0,80.30000000000001,80.29227457163208,-603.5714285714278,80.02028397565924,183000.0,1060936.0,61.0,31.0,31.0,11.0,0.0,0.0,1.0
184000.0,3.515625,4.7527447653313464E-7,184000.0,81.0,80.99308148165932,-512.9032258064509,80.73022312373226,184000.0,1060936.0,61.0,31.0,31.0,11.0,0.0,0.0,1.0
185000.0,3.5625,4.881184819775322E-7,185000.0,73.5,73.49522914124542,-502.2727272727268,73.23232323232322,185000.0,1059160.0,63.0,32.0,32.0,11.0,0.0,0.0,1.0
186000.0,3.578125,4.923998171256647E-7,186000.0,68.60000000000001,68.59585465281418,-726.3157894736834,68.21862348178138,186000.0,1059160.0,63.0,32.0,32.0,11.0,0.0,0.0,1.0
187000.0,3.609375,5.012468641830813E-7,187000.0,73.8,73.78623777483179,-608.1081081081076,73.12820512820512,187000.0,1094336.0,65.0,33.0,33.0,11.0,0.0,0.0,1.0
188000.0,3.625,5.056791188609267E-7,188000.0,78.60000000000001,78.5905584362704,-296.2962962962959,78.14096016343207,188000.0,1096496.0,65.0,33.0,33.0,11.0,0.0,0.0,1.0
189000.0,3.640625,5.101323282967009E-7,189000.0,77.3,77.28637182309386,-328.3018867924524,76.74180327868852,189000.0,1101680.0,65.0,33.0,33.0,11.0,0.0,0.0,1.0
190000.0,3.671875,5.190387471682493E-7,190000.0,77.3,77.29216579720003,-312.72727272727235,76.7656090071648,190000.0,1101680.0,65.0,33.0,33.0,11.0,0.0,0.0,1.0
191000.0,3.703125,5.279451660397977E-7,191000.0,81.3,81.29161864515302,-228.07017543859632,80.76131687242798,191000.0,1101680.0,65.0,33.0,33.0,11.0,0.0,0.0,1.0
192000.0,3.734375,5.374066919709243E-7,192000.0,81.69999999999999,81.69304335647546,-335.71428571428544,80.97713097713097,192000.0,1170344.0,67.0,34.0,34.0,11.0,0.0,0.0,1.0
193000.0,3.75,5.421584420320058E-7,193000.0,82.19999999999999,82.19887852934734,-394.4444444444442,81.81818181818181,193000.0,1175536.0,67.0,34.0,34.0,11.0,0.0,0.0,1.0
194000.0,3.75,5.421584420320058E-7,194000.0,77.9,77.89820975499015,-466.66666666666606,77.28674203494347,194000.0,1175536.0,67.0,34.0,34.0,11.0,0.0,0.0,1.0
195000.0,3.8125,5.611654422763318E-7,195000.0,75.3,75.28732239638934,-751.7241379310337,74.61459403905447,195000.0,1175536.0,67.0,34.0,34.0,11.0,0.0,0.0,1.0
196000.0,3.828125,5.660578285136981E-7,196000.0,70.89999999999999,70.89781733630022,-686.4864864864859,70.15384615384615,196000.0,1210328.0,67.0,34.0,34.0,11.0,0.0,0.0,1.0
197000.0,3.859375,5.758426009884308E-7,197000.0,81.2,81.2,-506.4516129032251,80.87487283825025,197000.0,1210328.0,67.0,34.0,34.0,11.0,0.0,0.0,1.0
198000.0,3.859375,5.758426009884308E-7,198000.0,79.0,79.0,-577.419354838709,78.87323943661973,198000.0,1210328.0,67.0,34.0,34.0,11.0,0.0,0.0,1.0
199000.0,3.890625,5.856273734631635E-7,199000.0,77.9,77.9,-636.666666666666,77.74420946626385,199000.0,1210328.0,67.0,34.0,34.0,11.0,0.0,0.0,1.0
200000.0,3.90625,5.905197597005298E-7,200000.0,78.5,78.5,-571.8749999999993,78.1725888324873,200000.0,1210328.0,67.0,34.0,34.0,11.0,0.0,0.0,1.0
201000.0,3.921875,5.95563065467609E-7,201000.0,70.7,70.7,-761.7647058823522,70.22357723577235,201000.0,1247664.0,69.0,35.0,35.0,11.0,0.0,0.0,1.0
202000.0,3.9375,6.006063712346882E-7,202000.0,69.3,69.3,-802.9411764705875,68.57727737973387,202000.0,1247664.0,69.0,35.0,35.0,11.0,0.0,0.0,1.0
203000.0,3.96875,6.106929827688466E-7,203000.0,72.7,72.7,-565.8536585365848,71.88465499485068,203000.0,1247664.0,69.0,35.0,35.0,11.0,0.0,0.0,1.0
204000.0,3.984375,6.157362885359258E-7,204000.0,79.7,79.7,-372.0930232558134,79.24335378323109,204000.0,1247664.0,69.0,35.0,35.0,11.0,0.0,0.0,1.0
205000.0,4.0,6.20779594303005E-7,205000.0,84.1,84.1,-297.4999999999997,83.79204892966361,205000.0,1247664.0,69.0,35.0,35.0,11.0,0.0,0.0,1.0
206000.0,4.015625,6.259582652192974E-7,206000.0,86.8,86.8,-288.23529411764673,86.61257606490872,206000.0,1281152.0,69.0,35.0,35.0,11.0,0.0,0.0,1.0
207000.0,4.015625,6.259582652192974E-7,207000.0,83.39999999999999,83.39999999999999,-435.48387096774155,83.04392236976507,207000.0,1281152.0,69.0,35.0,35.0,11.0,0.0,0.0,1.0
208000.0,4.0625,6.415204714155857E-7,208000.0,84.39999999999999,84.39864268191333,-403.2258064516125,83.9340885684861,208000.0,1283312.0,69.0,35.0,35.0,11.0,0.0,0.0,1.0
209000.0,4.078125,6.467200970898069E-7,209000.0,79.7,79.6425921097495,-599.9999999999992,78.40425531914896,209000.0,1286336.0,69.0,35.0,35.0,11.0,0.0,0.0,1.0
210000.0,4.109375,6.571193484382495E-7,210000.0,79.9,79.89465197742601,-390.2439024390238,79.51070336391439,210000.0,1286336.0,69.0,35.0,35.0,11.0,0.0,0.0,1.0
211000.0,4.125,6.623312300588519E-7,211000.0,83.0,82.99981299794298,-347.3684210526313,82.81092012133468,211000.0,1289368.0,69.0,35.0,35.0,11.0,0.0,0.0,1.0
212000.0,4.15625,6.727795051928193E-7,212000.0,82.69999999999999,82.69999999999999,-394.28571428571394,82.20164609053498,212000.0,1292400.0,69.0,35.0,35.0,11.0,0.0,0.0,1.0
213000.0,4.1875,6.832277803267867E-7,213000.0,83.1,83.1,-333.33333333333303,82.59526261585994,213000.0,1292400.0,69.0,35.0,35.0,11.0,0.0,0.0,1.0
214000.0,4.203125,6.884519178937704E-7,214000.0,84.7,84.6995103843323,-302.63157894736815,84.19421487603306,214000.0,1292400.0,69.0,35.0,35.0,11.0,0.0,0.0,1.0
215000.0,4.234375,6.989001930277378E-7,215000.0,84.2,84.18025696068693,-294.9999999999997,83.55879292403746,215000.0,1292400.0,69.0,35.0,35.0,11.0,0.0,0.0,1.0
216000.0,4.25,7.041365865411028E-7,216000.0,85.5,85.45841105561907,-339.39393939393904,84.65608465608466,216000.0,1295432.0,69.0,35.0,35.0,11.0,0.0,0.0,1.0
217000.0,4.28125,7.146230847057366E-7,217000.0,85.5,85.46511627906976,-245.23809523809499,84.76890756302521,217000.0,1297128.0,71.0,36.0,36.0,11.0,0.0,0.0,1.0
218000.0,4.3125,7.251095828703705E-7,218000.0,85.1,85.03828291703276,-217.02127659574444,84.23280423280423,218000.0,1297128.0,71.0,36.0,36.0,11.0,0.0,0.0,1.0
219000.0,4.359375,7.409336265280011E-7,219000.0,81.2,81.15382687584582,-487.4999999999993,80.51813471502591,219000.0,1304904.0,71.0,36.0,36.0,11.0,0.0,0.0,1.0
220000.0,4.359375,7.409336265280011E-7,220000.0,82.5,82.47493916300309,-386.1111111111108,82.10633946830266,220000.0,1304904.0,71.0,36.0,36.0,11.0,0.0,0.0,1.0
221000.0,4.390625,7.514829889664216E-7,221000.0,90.60000000000001,90.59112743316948,-123.80952380952354,90.37871033776868,221000.0,1304904.0,71.0,36.0,36.0,11.0,0.0,0.0,1.0
222000.0,4.4375,7.676709275175297E-7,222000.0,86.3,86.2869726239928,-185.41666666666643,85.94871794871794,222000.0,1334912.0,73.0,37.0,37.0,11.0,0.0,0.0,1.0
223000.0,4.453125,7.730669070345657E-7,223000.0,84.89999999999999,84.89429004163573,-221.2765957446806,84.68559837728195,223000.0,1334912.0,73.0,37.0,37.0,11.0,0.0,0.0,1.0
224000.0,4.46875,7.784628865516017E-7,224000.0,82.39999999999999,82.396620151069,-266.6666666666664,82.25806451612902,224000.0,1334912.0,73.0,37.0,37.0,11.0,0.0,0.0,1.0
225000.0,4.484375,7.838588660686377E-7,225000.0,82.8,82.797230354087,-282.222222222222,82.67875125881167,225000.0,1334912.0,73.0,37.0,37.0,11.0,0.0,0.0,1.0
226000.0,4.5,7.892548455856737E-7,226000.0,86.1,86.09632943096977,-286.1111111111108,85.9453993933266,226000.0,1334912.0,73.0,37.0,37.0,11.0,0.0,0.0,1.0
227000.0,4.53125,8.000468046197458E-7,227000.0,88.6,88.59825553309658,-235.29411764705847,88.49646821392533,227000.0,1334912.0,73.0,37.0,37.0,11.0,0.0,0.0,1.0
228000.0,4.5625,8.108387636538178E-7,228000.0,89.2,89.19667257515314,-199.9999999999997,89.04665314401623,228000.0,1334912.0,73.0,37.0,37.0,11.0,0.0,0.0,1.0
229000.0,4.59375,8.216307226878898E-7,229000.0,90.3,90.29796257214015,-155.26315789473654,90.16227180527385,229000.0,1334912.0,73.0,37.0,37.0,11.0,0.0,0.0,1.0
230000.0,4.625,8.324226817219618E-7,230000.0,85.7,85.6971966505435,-240.4761904761902,85.49695740365112,230000.0,1334912.0,73.0,37.0,37.0,11.0,0.0,0.0,1.0
231000.0,4.65625,8.432146407560339E-7,231000.0,87.5,87.49165693517577,-165.9574468085104,87.2057318321392,231000.0,1334912.0,73.0,37.0,37.0,11.0,0.0,0.0,1.0
232000.0,4.6875,8.540310470076895E-7,232000.0,87.2,87.19367367479535,-197.67441860465092,86.8583162217659,232000.0,1337936.0,73.0,37.0,37.0,11.0,0.0,0.0,1.0
233000.0,4.6875,8.540310470076895E-7,233000.0,85.7,85.69213067186952,-185.9999999999998,85.37832310838446,233000.0,1337936.0,73.0,37.0,37.0,11.0,0.0,0.0,1.0
234000.0,4.6875,8.540310470076895E-7,234000.0,84.0,83.991995997999,-247.82608695652152,83.67346938775509,234000.0,1337936.0,73.0,37.0,37.0,11.0,0.0,0.0,1.0
235000.0,4.71875,8.651636502084629E-7,235000.0,80.9,80.88780642049628,-289.79591836734653,80.47034764826176,235000.0,1377048.0,75.0,38.0,38.0,11.0,0.0,0.0,1.0
236000.0,4.75,8.763137157075104E-7,236000.0,81.6,81.58825330560897,-222.80701754385944,81.18609406952964,236000.0,1379208.0,75.0,38.0,38.0,11.0,0.0,0.0,1.0
237000.0,4.78125,8.874637812065579E-7,237000.0,76.8,76.77398686528912,-363.99999999999955,76.13168724279835,237000.0,1379208.0,75.0,38.0,38.0,11.0,0.0,0.0,1.0
238000.0,4.8125,8.986138467056053E-7,238000.0,73.8,73.7341251859664,-434.69387755101997,72.59414225941421,238000.0,1379208.0,75.0,38.0,38.0,11.0,0.0,0.0,1.0
239000.0,4.84375,9.097813745029268E-7,239000.0,73.5,73.34100575834276,-364.912280701754,71.06986899563319,239000.0,1381368.0,75.0,38.0,38.0,11.0,0.0,0.0,1.0
240000.0,4.875,9.209489023002483E-7,240000.0,69.89999999999999,69.65970486251109,-447.2727272727269,66.92307692307692,240000.0,1381368.0,75.0,38.0,38.0,11.0,0.0,0.0,1.0
241000.0,4.90625,9.324044933439126E-7,241000.0,74.5,74.29489899911394,-363.6363636363632,71.63515016685206,241000.0,1417000.0,77.0,39.0,39.0,11.0,0.0,0.0,1.0
242000.0,4.9375,9.43877546685851E-7,242000.0,76.1,75.91269713290546,-227.3972602739728,73.56194690265487,242000.0,1419160.0,77.0,39.0,39.0,11.0,0.0,0.0,1.0
243000.0,4.96875,9.553506000277894E-7,243000.0,63.6,63.43586359166298,-398.6301369863017,60.986066452304385,243000.0,1419160.0,77.0,39.0,39.0,11.0,0.0,0.0,1.0
244000.0,4.984375,9.610871266987587E-7,244000.0,64.4,64.26492140290297,-431.34328358208995,62.36786469344609,244000.0,1419160.0,77.0,39.0,39.0,11.0,0.0,0.0,1.0
245000.0,5.03125,9.782962216478254E-7,245000.0,74.3,74.24129591338661,-307.9365079365083,73.14524555903866,245000.0,1419120.0,79.0,40.0,40.0,11.0,0.0,0.0,1.0
246000.0,5.046875,9.840325866308475E-7,246000.0,82.5,82.46760012503105,-212.49999999999983,81.46186440677965,246000.0,1419120.0,79.0,40.0,40.0,11.0,0.0,0.0,1.0
247000.0,5.0625,9.897689516138697E-7,247000.0,79.4,79.36037191407502,-357.7777777777773,77.99145299145299,247000.0,1419120.0,79.0,40.0,40.0,11.0,0.0,0.0,1.0
248000.0,5.078125,9.955053165968919E-7,248000.0,78.4,78.37264139136008,-331.99999999999955,77.14285714285715,248000.0,1419120.0,79.0,40.0,40.0,11.0,0.0,0.0,1.0
249000.0,5.09375,1.0012539375262954E-6,249000.0,80.5,80.48477812693902,-399.99999999999943,79.70863683662853,249000.0,1422152.0,79.0,40.0,40.0,11.0,0.0,0.0,1.0
250000.0,5.125,1.0127511793851022E-6,250000.0,76.2,76.1955009496795,-453.48837209302275,75.53956834532374,250000.0,1422152.0,79.0,40.0,40.0,11.0,0.0,0.0,1.0
251000.0,5.140625,1.0185085314636425E-6,251000.0,75.5,75.48744957418198,-469.7674418604646,74.69008264462809,251000.0,1424312.0,79.0,40.0,40.0,11.0,0.0,0.0,1.0
252000.0,5.171875,1.0302551608118742E-6,252000.0,69.19999999999999,69.19260622549412,-651.2195121951214,68.57142857142856,252000.0,1453000.0,81.0,41.0,41.0,11.0,0.0,0.0,1.0
253000.0,5.203125,1.042078818298048E-6,253000.0,72.1,72.07419655761925,-548.837209302325,70.81589958158996,253000.0,1462528.0,81.0,41.0,41.0,11.0,0.0,0.0,1.0
254000.0,5.234375,1.0539024757842218E-6,254000.0,68.0,67.99711974077668,-661.9047619047611,67.67676767676768,254000.0,1462528.0,81.0,41.0,41.0,11.0,0.0,0.0,1.0
255000.0,5.265625,1.0660319821909066E-6,255000.0,75.7,75.6998784993925,-636.3636363636357,75.57788944723617,255000.0,1500360.0,83.0,42.0,42.0,11.0,0.0,0.0,1.0
256000.0,5.296875,1.0781789508958654E-6,256000.0,82.3,82.3,-311.62790697674393,82.13925327951563,256000.0,1502520.0,83.0,42.0,42.0,11.0,0.0,0.0,1.0
257000.0,5.3125,1.0842524352483448E-6,257000.0,82.39999999999999,82.39999999999999,-329.2682926829265,82.39999999999999,257000.0,1502520.0,83.0,42.0,42.0,11.0,0.0,0.0,1.0
258000.0,5.34375,1.0963994039533037E-6,258000.0,88.3,88.3,-224.9999999999997,88.3,258000.0,1502520.0,83.0,42.0,42.0,11.0,0.0,0.0,1.0
259000.0,5.375,1.108570819875846E-6,259000.0,86.5,86.5,-246.15384615384585,86.47294589178357,259000.0,1505544.0,83.0,42.0,42.0,11.0,0.0,0.0,1.0
260000.0,5.40625,1.1207422357983884E-6,260000.0,83.2,83.19727795902936,-229.41176470588212,82.73381294964028,260000.0,1505544.0,83.0,42.0,42.0,11.0,0.0,0.0,1.0
261000.0,5.421875,1.1268279437596596E-6,261000.0,83.89999999999999,83.89797114436419,-265.90909090909065,83.55464759959142,261000.0,1505544.0,83.0,42.0,42.0,11.0,0.0,0.0,1.0
262000.0,5.453125,1.139016821980476E-6,262000.0,79.2,79.19650501284217,-324.4897959183669,77.96610169491525,262000.0,1507704.0,83.0,42.0,42.0,11.0,0.0,0.0,1.0
263000.0,5.484375,1.1512057002012923E-6,263000.0,79.7,79.7,-227.4193548387093,78.81002087682673,263000.0,1507704.0,83.0,42.0,42.0,11.0,0.0,0.0,1.0
264000.0,5.515625,1.1633945784221087E-6,264000.0,78.4,78.39650023303776,-176.92307692307702,76.4961915125136,264000.0,1507704.0,83.0,42.0,42.0,11.0,0.0,0.0,1.0
265000.0,5.546875,1.1756009189411993E-6,265000.0,74.3,74.28472512672528,-185.55555555555566,72.48394004282656,265000.0,1509864.0,83.0,42.0,42.0,11.0,0.0,0.0,1.0
266000.0,5.5625,1.1817040892007444E-6,266000.0,79.2,79.1918432025354,-205.88235294117663,78.6008230452675,266000.0,1509864.0,83.0,42.0,42.0,11.0,0.0,0.0,1.0
267000.0,5.578125,1.1878247217585638E-6,267000.0,81.5,81.49244891915902,-168.11594202898578,81.18006103763987,267000.0,1514184.0,83.0,42.0,42.0,11.0,0.0,0.0,1.0
268000.0,5.625,1.2061866194320218E-6,268000.0,84.7,84.69389286325244,-199.99999999999977,84.37180796731359,268000.0,1514184.0,83.0,42.0,42.0,11.0,0.0,0.0,1.0
269000.0,5.65625,1.2184278845476604E-6,269000.0,82.5,82.49632422808789,-173.4375000000003,82.25152129817444,269000.0,1514184.0,83.0,42.0,42.0,11.0,0.0,0.0,1.0
270000.0,5.6875,1.230669149663299E-6,270000.0,79.7,79.69866011156736,-212.3076923076925,79.474216380182,270000.0,1514184.0,83.0,42.0,42.0,11.0,0.0,0.0,1.0
271000.0,5.6875,1.230669149663299E-6,271000.0,79.9,79.89915576454212,-209.23076923076943,79.61460446247465,271000.0,1508576.0,85.0,43.0,43.0,11.0,0.0,0.0,1.0
272000.0,5.75,1.2550610052939087E-6,272000.0,80.9,80.88681190021116,-241.07142857142816,80.30927835051547,272000.0,1508576.0,85.0,43.0,43.0,11.0,0.0,0.0,1.0
273000.0,5.78125,1.2672569331092135E-6,273000.0,74.4,74.33244298994954,-306.3492063492067,73.13746065057713,273000.0,1508576.0,85.0,43.0,43.0,11.0,0.0,0.0,1.0
274000.0,5.8125,1.2794320355169472E-6,274000.0,80.4,80.29501182299292,-308.33333333333286,78.87931034482759,274000.0,1506000.0,87.0,44.0,44.0,11.0,0.0,0.0,1.0
275000.0,5.84375,1.2916071379246809E-6,275000.0,77.10000000000001,77.02058313531566,-387.234042553191,75.53418803418805,275000.0,1506000.0,87.0,44.0,44.0,11.0,0.0,0.0,1.0
276000.0,5.875,1.3037822403324146E-6,276000.0,73.1,73.0311755600292,-540.47619047619,71.44373673036092,276000.0,1506000.0,87.0,44.0,44.0,11.0,0.0,0.0,1.0
277000.0,5.890625,1.3098697915362813E-6,277000.0,76.5,76.49118419407279,-351.9230769230765,76.14213197969544,277000.0,1506000.0,87.0,44.0,44.0,11.0,0.0,0.0,1.0
278000.0,5.921875,1.322044893944015E-6,278000.0,74.0,73.974495005105,-419.99999999999955,73.46938775510205,278000.0,1506000.0,87.0,44.0,44.0,11.0,0.0,0.0,1.0
279000.0,5.953125,1.3342199963517486E-6,279000.0,75.2,75.18324869286769,-439.13043478260823,74.82233502538071,279000.0,1506000.0,87.0,44.0,44.0,11.0,0.0,0.0,1.0
280000.0,5.984375,1.3466759830609791E-6,280000.0,69.3,69.29355164584562,-539.5833333333328,68.98989898989899,280000.0,1540744.0,89.0,45.0,45.0,11.0,0.0,0.0,1.0
281000.0,6.015625,1.359419903666195E-6,281000.0,73.7,73.69768539631487,-541.4634146341458,73.48790322580645,281000.0,1576360.0,91.0,46.0,46.0,11.0,0.0,0.0,1.0
282000.0,6.0625,1.3785357845740186E-6,282000.0,74.4,74.38524590163934,-411.99999999999955,73.77049180327869,282000.0,1576360.0,91.0,46.0,46.0,11.0,0.0,0.0,1.0
283000.0,6.09375,1.3915783751548992E-6,283000.0,72.7,72.68229812918771,-549.9999999999994,71.94244604316546,283000.0,1613304.0,91.0,46.0,46.0,11.0,0.0,0.0,1.0
284000.0,6.109375,1.3981050384851793E-6,284000.0,69.69999999999999,69.67801656200746,-604.6511627906972,68.79505664263645,284000.0,1614632.0,93.0,47.0,47.0,11.0,0.0,0.0,1.0
285000.0,6.15625,1.4181906590238212E-6,285000.0,71.3,71.2971297129713,-599.9999999999994,71.010101010101,285000.0,1656328.0,93.0,47.0,47.0,11.0,0.0,0.0,1.0
286000.0,6.203125,1.4391406633270283E-6,286000.0,75.3,75.2972332901285,-474.4186046511623,75.12588116817724,286000.0,1727608.0,97.0,49.0,49.0,11.0,0.0,0.0,1.0
287000.0,6.234375,1.4531492423783574E-6,287000.0,74.8,74.79969759637115,-447.82608695652124,74.69879518072288,287000.0,1732792.0,97.0,49.0,49.0,11.0,0.0,0.0,1.0
288000.0,6.28125,1.474214497850173E-6,288000.0,70.39999999999999,70.39982239893439,-504.08163265306075,70.34068136272545,288000.0,1737112.0,97.0,49.0,49.0,11.0,0.0,0.0,1.0
289000.0,6.3125,1.4882824487156339E-6,289000.0,70.0,70.0,-689.4736842105258,70.0,289000.0,1740136.0,97.0,49.0,49.0,11.0,0.0,0.0,1.0
290000.0,6.34375,1.5023994233666195E-6,290000.0,70.7,70.7,-523.4042553191484,70.7,290000.0,1746200.0,97.0,49.0,49.0,11.0,0.0,0.0,1.0
291000.0,6.34375,1.5023994233666195E-6,291000.0,75.3,75.29901196047842,-384.3137254901956,75.1008064516129,291000.0,1749224.0,97.0,49.0,49.0,11.0,0.0,0.0,1.0
292000.0,6.375,1.516540845235189E-6,292000.0,77.9,77.89858550947261,-316.9811320754713,77.72177419354838,292000.0,1749224.0,97.0,49.0,49.0,11.0,0.0,0.0,1.0
293000.0,6.390625,1.5236115561694736E-6,293000.0,80.60000000000001,80.59850608496855,-373.1707317073165,80.46324269889224,293000.0,1749224.0,97.0,49.0,49.0,11.0,0.0,0.0,1.0
294000.0,6.421875,1.537752978038043E-6,294000.0,79.10000000000001,79.09573553004815,-386.04651162790645,78.84615384615385,294000.0,1749224.0,97.0,49.0,49.0,11.0,0.0,0.0,1.0
295000.0,6.4375,1.5448324201214646E-6,295000.0,79.7,79.69878192691561,-372.0930232558134,79.63891675025076,295000.0,1751384.0,97.0,49.0,49.0,11.0,0.0,0.0,1.0
296000.0,6.484375,1.5664973115134572E-6,296000.0,77.8,77.8,-393.3333333333328,77.8,296000.0,1786560.0,99.0,50.0,50.0,11.0,0.0,0.0,1.0
297000.0,6.5,1.5737276731265918E-6,297000.0,78.60000000000001,78.60000000000001,-421.9512195121946,78.60000000000001,297000.0,1788720.0,99.0,50.0,50.0,11.0,0.0,0.0,1.0
298000.0,6.546875,1.5954187579659955E-6,298000.0,81.5,81.5,-399.9999999999997,81.5,298000.0,1788720.0,99.0,50.0,50.0,11.0,0.0,0.0,1.0
299000.0,6.578125,1.6098969434905387E-6,299000.0,80.4,80.4,-366.6666666666661,80.4,299000.0,1790880.0,99.0,50.0,50.0,11.0,0.0,0.0,1.0
300000.0,6.609375,1.6243751290150818E-6,300000.0,79.0,79.0,-377.27272727272674,79.0,300000.0,1790880.0,99.0,50.0,50.0,11.0,0.0,0.0,1.0
301000.0,6.640625,1.638853314539625E-6,301000.0,78.2,78.2,-419.0476190476185,78.2,301000.0,1790880.0,99.0,50.0,50.0,11.0,0.0,0.0,1.0
302000.0,6.65625,1.6462015143285198E-6,302000.0,84.3,84.3,-361.76470588235264,84.3,302000.0,1817872.0,103.0,52.0,52.0,11.0,0.0,0.0,1.0
303000.0,6.71875,1.6756781325158149E-6,303000.0,89.1,89.1,-172.49999999999972,89.1,303000.0,1823056.0,103.0,52.0,52.0,11.0,0.0,0.0,1.0
304000.0,6.75,1.690440888827046E-6,304000.0,88.8,88.8,-160.46511627906952,88.8,304000.0,1826080.0,103.0,52.0,52.0,11.0,0.0,0.0,1.0
305000.0,6.765625,1.6978309981317986E-6,305000.0,87.7,87.7,-167.39130434782587,87.7,305000.0,1828240.0,103.0,52.0,52.0,11.0,0.0,0.0,1.0
306000.0,6.8125,1.7200537129408786E-6,306000.0,87.5,87.49568601167402,-127.27272727272707,87.30964467005076,306000.0,1832560.0,103.0,52.0,52.0,11.0,0.0,0.0,1.0
307000.0,6.828125,1.7274612845439052E-6,307000.0,82.69999999999999,82.69273094699774,-183.606557377049,82.45436105476674,307000.0,1832560.0,103.0,52.0,52.0,11.0,0.0,0.0,1.0
308000.0,6.859375,1.7422764277499585E-6,308000.0,77.5,77.47522274501952,-332.6923076923073,76.99386503067484,308000.0,1832560.0,103.0,52.0,52.0,11.0,0.0,0.0,1.0
309000.0,6.90625,1.7644991425590384E-6,309000.0,74.5,74.48009447368948,-454.347826086956,73.9795918367347,309000.0,1832560.0,103.0,52.0,52.0,11.0,0.0,0.0,1.0
310000.0,6.9375,1.7793142857650917E-6,310000.0,78.60000000000001,78.58543809790658,-355.3191489361697,78.16326530612245,310000.0,1832560.0,103.0,52.0,52.0,11.0,0.0,0.0,1.0
311000.0,6.96875,1.794129428971145E-6,311000.0,81.10000000000001,81.06925647251137,-339.5348837209297,80.55555555555556,311000.0,1832560.0,103.0,52.0,52.0,11.0,0.0,0.0,1.0
312000.0,6.96875,1.794129428971145E-6,312000.0,78.7,78.63847881899872,-373.33333333333286,77.8125,312000.0,1832560.0,103.0,52.0,52.0,11.0,0.0,0.0,1.0
313000.0,7.03125,1.8237597153832516E-6,313000.0,83.3,83.2619208699792,-288.37209302325556,82.69430051813471,313000.0,1832560.0,103.0,52.0,52.0,11.0,0.0,0.0,1.0
314000.0,7.046875,1.8311760181354153E-6,314000.0,69.8,69.7477240671881,-556.5217391304343,69.05737704918032,314000.0,1834720.0,103.0,52.0,52.0,11.0,0.0,0.0,1.0
315000.0,7.09375,1.8538729313554037E-6,315000.0,67.30000000000001,67.2336481374784,-610.8695652173906,66.39260020554984,315000.0,1871664.0,103.0,52.0,52.0,11.0,0.0,0.0,1.0
316000.0,7.125,1.869004206835396E-6,316000.0,67.2,67.15690986574387,-569.3877551020402,66.11570247933885,316000.0,1871664.0,103.0,52.0,52.0,11.0,0.0,0.0,1.0
317000.0,7.171875,1.8917011200553844E-6,317000.0,73.6,73.59788783102648,-699.9999999999993,73.33333333333333,317000.0,1871664.0,103.0,52.0,52.0,11.0,0.0,0.0,1.0
318000.0,7.203125,1.9068323955353767E-6,318000.0,67.80000000000001,67.79597449681211,-875.7575757575747,66.97435897435898,318000.0,1871664.0,103.0,52.0,52.0,11.0,0.0,0.0,1.0
319000.0,7.234375,1.921970267883606E-6,319000.0,70.7,70.6906209987196,-761.7647058823522,70.10204081632652,319000.0,1872480.0,105.0,53.0,53.0,11.0,0.0,0.0,1.0
320000.0,7.28125,1.9450831718535893E-6,320000.0,74.6,74.58185144192953,-719.3548387096766,74.16073245167854,320000.0,1905968.0,105.0,53.0,53.0,11.0,0.0,0.0,1.0
321000.0,7.3125,1.9604917745002447E-6,321000.0,75.8,75.79019502898674,-867.9999999999991,75.43147208121827,321000.0,1905968.0,105.0,53.0,53.0,11.0,0.0,0.0,1.0
322000.0,7.34375,1.9759003771469E-6,322000.0,77.7,77.67736484795583,-668.9655172413785,77.1047227926078,322000.0,1905968.0,105.0,53.0,53.0,11.0,0.0,0.0,1.0
323000.0,7.375,1.9913089797935555E-6,323000.0,75.1,75.08744407181219,-789.2857142857135,74.64358452138494,323000.0,1905968.0,105.0,53.0,53.0,11.0,0.0,0.0,1.0
324000.0,7.40625,2.006717582440211E-6,324000.0,81.8,81.76743664184232,-343.90243902439,81.08108108108108,324000.0,1905968.0,105.0,53.0,53.0,11.0,0.0,0.0,1.0
325000.0,7.4375,2.02238262217078E-6,325000.0,79.60000000000001,79.58685393393345,-482.8571428571422,79.11975435005118,325000.0,1937688.0,107.0,54.0,54.0,11.0,0.0,0.0,1.0
326000.0,7.46875,2.038089571417206E-6,326000.0,78.9,78.88652960588855,-402.38095238095184,78.42535787321063,326000.0,1942872.0,107.0,54.0,54.0,11.0,0.0,0.0,1.0
327000.0,7.5,2.0537965206636323E-6,327000.0,74.3,74.22768287815612,-471.1111111111106,73.06079664570231,327000.0,1942872.0,107.0,54.0,54.0,11.0,0.0,0.0,1.0
328000.0,7.53125,2.0695034699100586E-6,328000.0,78.8,78.78243185357476,-360.8695652173908,78.30092118730809,328000.0,1942872.0,107.0,54.0,54.0,11.0,0.0,0.0,1.0
329000.0,7.5625,2.0852489655630457E-6,329000.0,70.89999999999999,70.80256816998323,-429.09090909090867,69.46484784889822,329000.0,1947640.0,107.0,54.0,54.0,11.0,0.0,0.0,1.0
330000.0,7.59375,2.100994461216033E-6,330000.0,78.8,78.78710255835549,-393.02325581395297,78.45528455284553,330000.0,1947640.0,107.0,54.0,54.0,11.0,0.0,0.0,1.0
331000.0,7.625,2.1167644040866035E-6,331000.0,76.4,76.34293916927629,-371.9999999999996,75.51867219917013,331000.0,1950664.0,107.0,54.0,54.0,11.0,0.0,0.0,1.0
332000.0,7.671875,2.1404560862316028E-6,332000.0,75.0,74.98348910280785,-431.9148936170208,74.48979591836735,332000.0,1953696.0,107.0,54.0,54.0,11.0,0.0,0.0,1.0
333000.0,7.703125,2.1562505409949356E-6,333000.0,77.0,76.98865540711571,-379.16666666666623,76.60223804679552,333000.0,1953696.0,107.0,54.0,54.0,11.0,0.0,0.0,1.0
334000.0,7.734375,2.1720449957582685E-6,334000.0,68.8,68.75363038749504,-511.76470588235253,67.90123456790123,334000.0,1953696.0,107.0,54.0,54.0,11.0,0.0,0.0,1.0
335000.0,7.765625,2.1878394505216014E-6,335000.0,78.2,78.18776333523107,-431.7073170731702,77.82299084435402,335000.0,1953696.0,107.0,54.0,54.0,11.0,0.0,0.0,1.0
336000.0,7.796875,2.2036339052849343E-6,336000.0,74.8,74.75771917962587,-447.82608695652124,74.15384615384615,336000.0,1953696.0,107.0,54.0,54.0,11.0,0.0,0.0,1.0
337000.0,7.8125,2.2115311326666007E-6,337000.0,70.7,70.68886176747164,-510.4166666666662,70.4040404040404,337000.0,1953696.0,107.0,54.0,54.0,11.0,0.0,0.0,1.0
338000.0,7.859375,2.2352173820965816E-6,338000.0,76.6,76.58688865764829,-333.3333333333329,76.26774847870182,338000.0,1953248.0,109.0,55.0,55.0,11.0,0.0,0.0,1.0
339000.0,7.890625,2.251008215049902E-6,339000.0,77.5,77.49808733742368,-378.7234042553187,77.38693467336684,339000.0,1953248.0,109.0,55.0,55.0,11.0,0.0,0.0,1.0
340000.0,7.921875,2.2671217124702196E-6,340000.0,80.4,80.39821623767763,-335.5555555555551,80.26183282980867,340000.0,1993160.0,113.0,57.0,57.0,11.0,0.0,0.0,1.0
341000.0,7.953125,2.283235209890537E-6,341000.0,78.0,77.97445036242041,-368.08510638297827,77.55102040816327,341000.0,1993160.0,113.0,57.0,57.0,11.0,0.0,0.0,1.0
342000.0,7.96875,2.2913042145470772E-6,342000.0,82.6,82.59721555448871,-270.21276595744655,82.53012048192771,342000.0,1996192.0,113.0,57.0,57.0,11.0,0.0,0.0,1.0
343000.0,7.984375,2.299366169609129E-6,343000.0,80.60000000000001,80.59747767209737,-340.90909090909037,80.40404040404042,343000.0,1994448.0,115.0,58.0,58.0,11.0,0.0,0.0,1.0
344000.0,8.03125,2.3240262332061923E-6,344000.0,83.0,82.99795975517061,-295.3488372093021,82.74111675126903,344000.0,2033552.0,115.0,58.0,58.0,11.0,0.0,0.0,1.0
345000.0,8.09375,2.357468215955628E-6,345000.0,83.1,83.0914781049649,-259.57446808510616,82.73748723186924,345000.0,2068304.0,117.0,59.0,59.0,12.0,0.0,0.0,1.0
346000.0,8.109375,2.365837442792124E-6,346000.0,82.39999999999999,82.37652553200863,-214.2857142857141,81.72377985462097,346000.0,2070464.0,117.0,59.0,59.0,12.0,0.0,0.0,1.0
347000.0,8.15625,2.3909451233016116E-6,347000.0,78.0,77.97317132267102,-323.07692307692264,77.34294541709578,347000.0,2070464.0,117.0,59.0,59.0,12.0,0.0,0.0,1.0
348000.0,8.203125,2.4160528038110993E-6,348000.0,81.2,81.18182163970395,-291.66666666666623,80.79673135852912,348000.0,2070464.0,117.0,59.0,59.0,12.0,0.0,0.0,1.0
349000.0,8.21875,2.4244220306475953E-6,349000.0,80.60000000000001,80.55508223997434,-351.16279069767387,80.0,349000.0,2070464.0,117.0,59.0,59.0,12.0,0.0,0.0,1.0
350000.0,8.265625,2.449529711157083E-6,350000.0,72.6,72.53088771348713,-495.65217391304304,71.63561076604555,350000.0,2070464.0,117.0,59.0,59.0,12.0,0.0,0.0,1.0
351000.0,8.296875,2.4662714632641933E-6,351000.0,79.80000000000001,79.79029934368496,-445.94594594594537,79.47154471544717,351000.0,2070872.0,119.0,60.0,60.0,12.0,0.0,0.0,1.0
352000.0,8.328125,2.483526154214309E-6,352000.0,73.7,73.63334509640372,-574.3589743589738,72.8305785123967,352000.0,2134320.0,123.0,62.0,62.0,12.0,0.0,0.0,1.0
353000.0,8.375,2.5094081906394823E-6,353000.0,77.2,77.11734786047202,-418.18181818181773,76.17554858934169,353000.0,2134320.0,123.0,62.0,62.0,12.0,0.0,0.0,1.0
354000.0,8.40625,2.526662881589598E-6,354000.0,78.4,78.3610932456557,-414.28571428571377,77.70897832817337,354000.0,2134320.0,123.0,62.0,62.0,12.0,0.0,0.0,1.0
355000.0,8.421875,2.5352989582137927E-6,355000.0,69.6,69.46215215482688,-546.8085106382974,68.4319833852544,355000.0,2136480.0,123.0,62.0,62.0,12.0,0.0,0.0,1.0
356000.0,8.484375,2.570327423099014E-6,356000.0,78.2,78.1742893128105,-651.7241379310337,77.77777777777779,356000.0,2166424.0,127.0,64.0,64.0,12.0,0.0,0.0,1.0
357000.0,8.515625,2.587841655541625E-6,357000.0,82.1,82.09260424555342,-442.4242424242421,81.97381671701913,357000.0,2166424.0,127.0,64.0,64.0,12.0,0.0,0.0,1.0
358000.0,8.546875,2.6056266182826624E-6,358000.0,78.2,78.180580716838,-473.6842105263152,77.97979797979798,358000.0,2199912.0,127.0,64.0,64.0,12.0,0.0,0.0,1.0
359000.0,8.59375,2.6323040623942183E-6,359000.0,83.6,83.59327324202923,-281.39534883720904,83.43434343434343,359000.0,2199912.0,127.0,64.0,64.0,12.0,0.0,0.0,1.0
360000.0,8.625,2.6500890251352556E-6,360000.0,75.6,75.55644157889358,-467.4418604651158,74.92291880781089,360000.0,2199912.0,127.0,64.0,64.0,12.0,0.0,0.0,1.0
361000.0,8.65625,2.667873987876293E-6,361000.0,77.60000000000001,77.58397254036636,-489.47368421052573,77.30496453900709,361000.0,2199912.0,127.0,64.0,64.0,12.0,0.0,0.0,1.0
362000.0,8.703125,2.6945776254352598E-6,362000.0,88.4,88.39686715413163,-299.9999999999996,88.29465186680122,362000.0,2202072.0,127.0,64.0,64.0,12.0,0.0,0.0,1.0
363000.0,8.734375,2.7129319884503885E-6,363000.0,85.1,85.08260631896792,-338.23529411764673,84.76482617586912,363000.0,2270344.0,127.0,64.0,64.0,12.0,0.0,0.0,1.0
364000.0,8.78125,2.740489726420492E-6,364000.0,84.2,84.18291755095503,-378.78787878787847,83.91038696537679,364000.0,2272504.0,127.0,64.0,64.0,12.0,0.0,0.0,1.0
365000.0,8.8125,2.758879014032169E-6,365000.0,84.6,84.5916949235638,-275.6097560975607,84.42871587462083,365000.0,2274664.0,127.0,64.0,64.0,12.0,0.0,0.0,1.0
366000.0,8.84375,2.7772683016438456E-6,366000.0,85.9,85.89746154307775,-252.49999999999972,85.72874493927125,366000.0,2274664.0,127.0,64.0,64.0,12.0,0.0,0.0,1.0
367000.0,8.875,2.7956575892555223E-6,367000.0,79.60000000000001,79.58954984952295,-343.47826086956474,79.26829268292683,367000.0,2274664.0,127.0,64.0,64.0,12.0,0.0,0.0,1.0
368000.0,8.90625,2.814046876867199E-6,368000.0,76.4,76.3901783141787,-505.12820512820457,76.08915906788248,368000.0,2274664.0,127.0,64.0,64.0,12.0,0.0,0.0,1.0
369000.0,8.9375,2.8326786317241696E-6,369000.0,73.7,73.69305496651116,-484.44444444444395,73.38056680161942,369000.0,2304656.0,129.0,65.0,65.0,13.0,0.0,0.0,1.0
370000.0,8.96875,2.851327848879414E-6,370000.0,78.3,78.28914457228615,-333.99999999999955,77.74358974358975,370000.0,2306816.0,129.0,65.0,65.0,13.0,0.0,0.0,1.0
371000.0,9.015625,2.8800766126045757E-6,371000.0,75.6,75.59333698099582,-320.6896551724134,75.07660878447395,371000.0,2370720.0,131.0,66.0,66.0,13.0,0.0,0.0,1.0
372000.0,9.046875,2.8992914141983627E-6,372000.0,77.4,77.39265261209893,-326.4150943396222,76.82051282051282,372000.0,2376776.0,131.0,66.0,66.0,13.0,0.0,0.0,1.0
373000.0,9.078125,2.9187874881447196E-6,373000.0,76.9,76.89255940412812,-381.24999999999955,76.35619242579324,373000.0,2411568.0,131.0,66.0,66.0,13.0,0.0,0.0,1.0
374000.0,9.109375,2.938634683636742E-6,374000.0,79.5,79.49571460435232,-301.960784313725,79.10295616717636,374000.0,2455000.0,133.0,67.0,67.0,13.0,0.0,0.0,1.0
375000.0,9.171875,2.978329074620787E-6,375000.0,82.1,82.09452092340256,-336.58536585365823,81.77189409368634,375000.0,2455000.0,133.0,67.0,67.0,13.0,0.0,0.0,1.0
376000.0,9.21875,3.008474240131263E-6,376000.0,80.60000000000001,80.58252427184468,-266.03773584905616,80.10256410256412,376000.0,2485872.0,135.0,68.0,68.0,13.0,0.0,0.0,1.0
377000.0,9.265625,3.0386194056417384E-6,377000.0,82.69999999999999,82.69733538965001,-380.55555555555526,82.50758341759352,377000.0,2485872.0,135.0,68.0,68.0,13.0,0.0,0.0,1.0
378000.0,9.296875,3.0587650770838894E-6,378000.0,85.7,85.69459255598616,-210.86956521739103,85.43788187372708,378000.0,2491920.0,135.0,68.0,68.0,13.0,0.0,0.0,1.0
379000.0,9.328125,3.0788514413870875E-6,379000.0,83.8,83.79747240569529,-422.58064516128997,83.58662613981762,379000.0,2484584.0,137.0,69.0,69.0,13.0,0.0,0.0,1.0
380000.0,9.375,3.109533766595026E-6,380000.0,83.39999999999999,83.38903676426442,-304.8780487804875,83.02658486707566,380000.0,2530168.0,137.0,69.0,69.0,13.0,0.0,0.0,1.0
381000.0,9.40625,3.1300061123652595E-6,381000.0,84.2,84.19609643581964,-426.6666666666663,83.9918946301925,381000.0,2532328.0,137.0,69.0,69.0,13.0,0.0,0.0,1.0
382000.0,9.453125,3.160751301846985E-6,382000.0,82.1,82.08104174216321,-383.7837837837835,81.67860798362334,382000.0,2535352.0,137.0,69.0,69.0,13.0,0.0,0.0,1.0
383000.0,9.515625,3.201849661612263E-6,383000.0,80.10000000000001,80.09701455218283,-610.714285714285,79.8989898989899,383000.0,2541832.0,137.0,69.0,69.0,13.0,0.0,0.0,1.0
384000.0,9.53125,3.2121242515535823E-6,384000.0,83.6,83.58563743275366,-281.39534883720904,83.17948717948718,384000.0,2541832.0,137.0,69.0,69.0,13.0,0.0,0.0,1.0
385000.0,9.59375,3.2533903787326484E-6,385000.0,83.7,83.69556519373269,-379.41176470588204,83.4349593495935,385000.0,2552208.0,137.0,69.0,69.0,13.0,0.0,0.0,1.0
386000.0,9.640625,3.284339974116948E-6,386000.0,85.1,85.0779153146657,-254.76190476190447,84.52751817237798,386000.0,2552208.0,137.0,69.0,69.0,13.0,0.0,0.0,1.0
387000.0,9.671875,3.3049730377064814E-6,387000.0,83.5,83.49167980662253,-358.33333333333303,83.09426229508196,387000.0,2552208.0,137.0,69.0,69.0,13.0,0.0,0.0,1.0
388000.0,9.703125,3.3256061012960147E-6,388000.0,79.9,79.88132987412318,-443.2432432432426,79.29969104016477,388000.0,2552208.0,137.0,69.0,69.0,13.0,0.0,0.0,1.0
389000.0,9.734375,3.34626367677831E-6,389000.0,79.60000000000001,79.59522528271617,-499.9999999999994,79.05544147843942,389000.0,2555240.0,137.0,69.0,69.0,13.0,0.0,0.0,1.0
390000.0,9.765625,3.3669212522606057E-6,390000.0,80.4,80.39823584122571,-444.44444444444383,80.1015228426396,390000.0,2555240.0,137.0,69.0,69.0,13.0,0.0,0.0,1.0
391000.0,9.828125,3.408784072639214E-6,391000.0,81.3,81.28736897405749,-345.238095238095,80.78108941418294,391000.0,2589112.0,139.0,70.0,70.0,13.0,0.0,0.0,1.0
392000.0,9.828125,3.408784072639214E-6,392000.0,74.4,74.39846390783447,-422.44897959183623,74.24547283702213,392000.0,2591272.0,139.0,70.0,70.0,13.0,0.0,0.0,1.0
393000.0,9.90625,3.461156253858159E-6,393000.0,72.89999999999999,72.89284371073963,-560.975609756097,72.59858442871587,393000.0,2591272.0,139.0,70.0,70.0,13.0,0.0,0.0,1.0
394000.0,9.90625,3.461156253858159E-6,394000.0,72.2,72.19883235095874,-561.9047619047615,72.03219315895372,394000.0,2594296.0,139.0,70.0,70.0,13.0,0.0,0.0,1.0
395000.0,9.984375,3.513633208866749E-6,395000.0,70.89999999999999,70.89685686054094,-592.8571428571423,70.54655870445343,395000.0,2596456.0,139.0,70.0,70.0,13.0,0.0,0.0,1.0
396000.0,10.046875,3.5561562334704733E-6,396000.0,76.7,76.69902135889708,-529.7297297297291,76.53575025176234,396000.0,2629944.0,139.0,70.0,70.0,13.0,0.0,0.0,1.0
397000.0,10.078125,3.5774352080706096E-6,397000.0,81.39999999999999,81.39464165679715,-313.3333333333331,81.05906313645622,397000.0,2632104.0,139.0,70.0,70.0,13.0,0.0,0.0,1.0
398000.0,10.125,3.609353669970814E-6,398000.0,77.8,77.79584782354301,-428.57142857142804,77.41607324516787,398000.0,2632104.0,139.0,70.0,70.0,13.0,0.0,0.0,1.0
399000.0,10.15625,3.6306675691674985E-6,399000.0,79.0,78.97927356373384,-346.8085106382974,78.26086956521739,399000.0,2636424.0,139.0,70.0,70.0,13.0,0.0,0.0,1.0
400000.0,10.234375,3.6839523171592095E-6,400000.0,71.39999999999999,71.38970029210515,-535.5555555555551,70.81632653061224,400000.0,2636424.0,139.0,70.0,70.0,13.0,0.0,0.0,1.0
401000.0,10.28125,3.715943635648324E-6,401000.0,76.7,76.68181181321431,-482.4999999999995,75.97938144329896,401000.0,2638112.0,141.0,71.0,71.0,13.0,0.0,0.0,1.0
402000.0,10.34375,3.7591747241094715E-6,402000.0,72.3,72.27782225780625,-443.1372549019604,71.14583333333333,402000.0,2673736.0,145.0,73.0,73.0,14.0,0.0,0.0,1.0
403000.0,10.390625,3.791661001741887E-6,403000.0,81.10000000000001,81.06474255062928,-231.57894736842067,80.12618296529969,403000.0,2678928.0,145.0,73.0,73.0,14.0,0.0,0.0,1.0
404000.0,10.4375,3.823735460173339E-6,404000.0,76.7,76.67387473970847,-258.46153846153874,75.85492227979275,404000.0,2644968.0,147.0,74.0,74.0,14.0,0.0,0.0,1.0
405000.0,10.484375,3.856294691407432E-6,405000.0,77.60000000000001,77.55380573219686,-347.99999999999955,76.44584647739222,405000.0,2684944.0,147.0,74.0,74.0,14.0,0.0,0.0,1.0
406000.0,10.53125,3.8888539226415255E-6,406000.0,82.8,82.78238638126804,-258.3333333333331,82.21302998965874,406000.0,2684944.0,147.0,74.0,74.0,14.0,0.0,0.0,1.0
407000.0,10.578125,3.9217980035270255E-6,407000.0,82.89999999999999,82.86435786435786,-248.97959183673447,81.9620253164557,407000.0,2716680.0,149.0,75.0,75.0,14.0,0.0,0.0,1.0
408000.0,10.625,3.955205514406164E-6,408000.0,88.7,88.69235603267809,-189.74358974358947,88.39835728952772,408000.0,2754896.0,151.0,76.0,76.0,14.0,0.0,0.0,1.0
409000.0,10.625,3.955205514406164E-6,409000.0,90.0,89.98236896938612,-163.15789473684183,89.5397489539749,409000.0,2757056.0,151.0,76.0,76.0,14.0,0.0,0.0,1.0
410000.0,10.703125,4.010928354950414E-6,410000.0,88.7,88.6963828425096,-156.81818181818156,88.46938775510205,410000.0,2757056.0,151.0,76.0,76.0,14.0,0.0,0.0,1.0
411000.0,10.75,4.044398827116108E-6,411000.0,83.8,83.79513854156247,-276.74418604651135,83.46938775510205,411000.0,2760088.0,151.0,76.0,76.0,14.0,0.0,0.0,1.0
412000.0,10.796875,4.0779534093518215E-6,412000.0,83.5,83.47843936336919,-302.4390243902436,82.72251308900523,412000.0,2767024.0,151.0,76.0,76.0,14.0,0.0,0.0,1.0
413000.0,10.828125,4.10034764273506E-6,413000.0,81.8,81.78623039017496,-468.74999999999966,81.12033195020746,413000.0,2770056.0,151.0,76.0,76.0,14.0,0.0,0.0,1.0
414000.0,10.875,4.133938992809917E-6,414000.0,84.5,84.47786543611188,-369.69696969696935,83.75262054507337,414000.0,2770056.0,151.0,76.0,76.0,14.0,0.0,0.0,1.0
415000.0,10.921875,4.167530342884775E-6,415000.0,77.3,77.2918932058745,-609.3749999999993,76.81307456588355,415000.0,2770056.0,151.0,76.0,76.0,14.0,0.0,0.0,1.0
416000.0,10.9375,4.178727459576394E-6,416000.0,83.2,83.19576533286389,-409.0909090909087,82.83963227783453,416000.0,2770056.0,151.0,76.0,76.0,14.0,0.0,0.0,1.0
417000.0,10.984375,4.2123555774903954E-6,417000.0,81.69999999999999,81.69926797071882,-454.5454545454542,81.5524193548387,417000.0,2773088.0,151.0,76.0,76.0,14.0,0.0,0.0,1.0
418000.0,11.015625,4.234774322766397E-6,418000.0,83.39999999999999,83.39368960204877,-325.64102564102535,83.06122448979592,418000.0,2773088.0,151.0,76.0,76.0,14.0,0.0,0.0,1.0
419000.0,11.0625,4.268402440680398E-6,419000.0,85.3,85.29854455591104,-359.37499999999966,85.13650151668351,419000.0,2773088.0,151.0,76.0,76.0,14.0,0.0,0.0,1.0
420000.0,11.109375,4.302030558594399E-6,420000.0,80.2,80.18716128050978,-394.99999999999943,79.71311475409837,420000.0,2773088.0,151.0,76.0,76.0,14.0,0.0,0.0,1.0
421000.0,11.125,4.313239931232399E-6,421000.0,79.7,79.69486280028848,-515.1515151515146,79.474216380182,421000.0,2773088.0,151.0,76.0,76.0,14.0,0.0,0.0,1.0
422000.0,11.1875,4.358639837139182E-6,422000.0,79.3,79.29585917183437,-589.9999999999992,79.13306451612904,422000.0,2807872.0,151.0,76.0,76.0,14.0,0.0,0.0,1.0
423000.0,11.21875,4.381339790092574E-6,423000.0,81.8,81.79863489761732,-506.6666666666663,81.74523570712135,423000.0,2807872.0,151.0,76.0,76.0,14.0,0.0,0.0,1.0
424000.0,11.265625,4.415373615403143E-6,424000.0,85.3,85.29845633791547,-308.33333333333303,85.22613065326632,424000.0,2806544.0,153.0,77.0,77.0,14.0,0.0,0.0,1.0
425000.0,11.28125,4.426886832031111E-6,425000.0,83.2,83.19758045158503,-281.8181818181816,82.99595141700405,425000.0,2848256.0,153.0,77.0,77.0,14.0,0.0,0.0,1.0
426000.0,11.359375,4.4844529151709545E-6,426000.0,81.2,81.19968039456671,-369.99999999999943,80.87487283825025,426000.0,2848256.0,153.0,77.0,77.0,14.0,0.0,0.0,1.0
427000.0,11.390625,4.5074793484268916E-6,427000.0,85.6,85.59917915321174,-379.9999999999996,85.3211009174312,427000.0,2848256.0,153.0,77.0,77.0,14.0,0.0,0.0,1.0
428000.0,11.4375,4.5419662233649025E-6,428000.0,89.5,89.49882386827325,-228.12499999999966,89.32926829268293,428000.0,2843904.0,155.0,78.0,78.0,14.0,0.0,0.0,1.0
429000.0,11.484375,4.5764530983029134E-6,429000.0,91.5,91.4992349311438,-165.62499999999966,91.42280524722503,429000.0,2843904.0,155.0,78.0,78.0,14.0,0.0,0.0,1.0
430000.0,11.5,4.58794872328225E-6,430000.0,87.4,87.39947077777266,-472.72727272727224,87.32394366197182,430000.0,2843904.0,155.0,78.0,78.0,14.0,0.0,0.0,1.0
431000.0,11.578125,4.645426848178935E-6,431000.0,90.8,90.79903389855936,-359.99999999999943,90.73514602215509,431000.0,2843904.0,155.0,78.0,78.0,14.0,0.0,0.0,1.0
432000.0,11.59375,4.656922473158272E-6,432000.0,86.0,85.99845983058137,-337.49999999999966,85.92964824120602,432000.0,2843904.0,155.0,78.0,78.0,14.0,0.0,0.0,1.0
433000.0,11.65625,4.70290497307562E-6,433000.0,81.6,81.59639289300702,-493.54838709677387,81.47029204431017,433000.0,2843904.0,155.0,78.0,78.0,14.0,0.0,0.0,1.0
434000.0,11.6875,4.725896223034294E-6,434000.0,78.8,78.8,-562.4999999999993,78.8,434000.0,2843904.0,155.0,78.0,78.0,14.0,0.0,0.0,1.0
435000.0,11.734375,4.760435484867128E-6,435000.0,77.9,77.9,-612.9032258064509,77.9,435000.0,2848224.0,155.0,78.0,78.0,14.0,0.0,0.0,1.0
436000.0,11.78125,4.794974746699961E-6,436000.0,75.2,75.2,-755.1724137931027,75.2,436000.0,2848224.0,155.0,78.0,78.0,14.0,0.0,0.0,1.0
437000.0,11.796875,4.8064878339775724E-6,437000.0,76.8,76.8,-673.3333333333326,76.8,437000.0,2848224.0,155.0,78.0,78.0,14.0,0.0,0.0,1.0
438000.0,11.890625,4.876410174700948E-6,438000.0,77.3,77.3,-656.666666666666,77.3,438000.0,2883016.0,155.0,78.0,78.0,14.0,0.0,0.0,1.0
439000.0,11.90625,4.8880638981548435E-6,439000.0,79.5,79.5,-540.6249999999993,79.5,439000.0,2883016.0,155.0,78.0,78.0,14.0,0.0,0.0,1.0
440000.0,11.984375,4.9463926633406E-6,440000.0,81.89999999999999,81.89999999999999,-402.7777777777775,81.89999999999999,440000.0,2885992.0,157.0,79.0,79.0,14.0,0.0,0.0,1.0
441000.0,12.0,4.958058416377752E-6,441000.0,79.80000000000001,79.80000000000001,-303.99999999999955,79.80000000000001,441000.0,2885992.0,157.0,79.0,79.0,14.0,0.0,0.0,1.0
442000.0,12.0625,5.005283973231497E-6,442000.0,75.6,75.6,-713.3333333333326,75.6,442000.0,2920784.0,157.0,79.0,79.0,14.0,0.0,0.0,1.0
443000.0,12.109375,5.040703140871806E-6,443000.0,73.2,73.2,-793.3333333333326,73.2,443000.0,2920784.0,157.0,79.0,79.0,14.0,0.0,0.0,1.0
444000.0,12.15625,5.076122308512115E-6,444000.0,76.9,76.9,-724.9999999999992,76.9,444000.0,2920784.0,157.0,79.0,79.0,14.0,0.0,0.0,1.0
445000.0,12.203125,5.111567669599835E-6,445000.0,79.9,79.9,-528.1249999999993,79.9,445000.0,2922944.0,157.0,79.0,79.0,14.0,0.0,0.0,1.0
446000.0,12.21875,5.1235284708026386E-6,446000.0,84.6,84.6,-381.24999999999966,84.6,446000.0,2958984.0,159.0,80.0,80.0,15.0,0.0,0.0,1.0
447000.0,12.296875,5.183454874592523E-6,447000.0,82.8,82.8,-454.83870967741905,82.8,447000.0,2965040.0,159.0,80.0,80.0,15.0,0.0,0.0,1.0
448000.0,12.359375,5.231430922220979E-6,448000.0,79.60000000000001,79.60000000000001,-409.99999999999943,79.60000000000001,448000.0,2967200.0,159.0,80.0,80.0,15.0,0.0,0.0,1.0
449000.0,12.421875,5.280024747157263E-6,449000.0,79.80000000000001,79.80000000000001,-551.6129032258057,79.80000000000001,449000.0,3005408.0,161.0,81.0,81.0,15.0,0.0,0.0,1.0
450000.0,12.453125,5.304321659625405E-6,450000.0,80.5,80.5,-649.9999999999991,80.5,450000.0,3005408.0,161.0,81.0,81.0,15.0,0.0,0.0,1.0
451000.0,12.5,5.340793221775029E-6,451000.0,76.4,76.4,-637.4999999999993,76.4,451000.0,3007568.0,161.0,81.0,81.0,15.0,0.0,0.0,1.0
452000.0,12.53125,5.365107596541445E-6,452000.0,81.8,81.8,-506.6666666666663,81.8,452000.0,3007568.0,161.0,81.0,81.0,15.0,0.0,0.0,1.0
453000.0,12.578125,5.401579158691069E-6,453000.0,82.69999999999999,82.69999999999999,-476.6666666666663,82.69999999999999,453000.0,3007568.0,161.0,81.0,81.0,15.0,0.0,0.0,1.0
454000.0,12.625,5.4380507208406925E-6,454000.0,84.1,84.1,-381.8181818181815,84.1,454000.0,3007568.0,161.0,81.0,81.0,15.0,0.0,0.0,1.0
455000.0,12.671875,5.474522282990316E-6,455000.0,82.89999999999999,82.89999999999999,-388.57142857142827,82.89999999999999,455000.0,3007568.0,161.0,81.0,81.0,15.0,0.0,0.0,1.0
456000.0,12.703125,5.4988366577567325E-6,456000.0,83.8,83.8,-349.9999999999997,83.8,456000.0,3007568.0,161.0,81.0,81.0,15.0,0.0,0.0,1.0
457000.0,12.71875,5.511006101086321E-6,457000.0,82.0,82.0,-373.6842105263155,82.0,457000.0,3010600.0,161.0,81.0,81.0,15.0,0.0,0.0,1.0
458000.0,12.796875,5.571853317734267E-6,458000.0,80.0,80.0,-440.5405405405399,80.0,458000.0,3010600.0,161.0,81.0,81.0,15.0,0.0,0.0,1.0
459000.0,12.84375,5.608361647723035E-6,459000.0,82.19999999999999,82.19999999999999,-381.0810810810808,82.19999999999999,459000.0,3010600.0,161.0,81.0,81.0,15.0,0.0,0.0,1.0
460000.0,12.890625,5.644869977711802E-6,460000.0,81.69999999999999,81.69999999999999,-553.5714285714282,81.69999999999999,460000.0,3010600.0,161.0,81.0,81.0,15.0,0.0,0.0,1.0
461000.0,12.921875,5.669208864370981E-6,461000.0,82.89999999999999,82.89999999999999,-451.61290322580606,82.89999999999999,461000.0,3010600.0,161.0,81.0,81.0,15.0,0.0,0.0,1.0
462000.0,12.96875,5.705717194359748E-6,462000.0,83.6,83.6,-429.03225806451576,83.6,462000.0,3010600.0,161.0,81.0,81.0,15.0,0.0,0.0,1.0
463000.0,13.0,5.730056081018927E-6,463000.0,81.8,81.8,-419.99999999999966,81.8,463000.0,3010600.0,161.0,81.0,81.0,15.0,0.0,0.0,1.0
464000.0,13.0625,5.778712511528282E-6,464000.0,81.39999999999999,81.39999999999999,-447.0588235294114,81.39999999999999,464000.0,3009280.0,163.0,82.0,82.0,15.0,0.0,0.0,1.0
465000.0,13.09375,5.803058189081234E-6,465000.0,78.5,78.5,-437.4999999999995,78.5,465000.0,3011440.0,163.0,82.0,82.0,15.0,0.0,0.0,1.0
466000.0,13.15625,5.852332914299848E-6,466000.0,80.4,80.4,-444.44444444444383,80.4,466000.0,3047520.0,163.0,82.0,82.0,15.0,0.0,0.0,1.0
467000.0,13.203125,5.8892937118394506E-6,467000.0,84.89999999999999,84.89999999999999,-331.4285714285711,84.89999999999999,467000.0,3047912.0,165.0,83.0,83.0,15.0,0.0,0.0,1.0
468000.0,13.25,5.926254509379053E-6,468000.0,82.0,82.0,-299.9999999999997,82.0,468000.0,3047912.0,165.0,83.0,83.0,15.0,0.0,0.0,1.0
469000.0,13.296875,5.963215306918655E-6,469000.0,79.7,79.7,-372.0930232558134,79.7,469000.0,3047912.0,165.0,83.0,83.0,15.0,0.0,0.0,1.0
470000.0,13.34375,6.0002652591922225E-6,470000.0,78.3,78.3,-382.2222222222217,78.3,470000.0,3055264.0,165.0,83.0,83.0,15.0,0.0,0.0,1.0
471000.0,13.390625,6.037341404913201E-6,471000.0,75.0,75.0,-380.7692307692304,75.0,471000.0,3057424.0,165.0,83.0,83.0,15.0,0.0,0.0,1.0
472000.0,13.453125,6.086776265874506E-6,472000.0,71.2,71.2,-372.13114754098325,71.2,472000.0,3057424.0,165.0,83.0,83.0,15.0,0.0,0.0,1.0
473000.0,13.46875,6.099134981114833E-6,473000.0,64.3,64.3,-526.3157894736836,64.3,473000.0,3057424.0,165.0,83.0,83.0,15.0,0.0,0.0,1.0
474000.0,13.515625,6.136211126835811E-6,474000.0,64.7,64.7,-635.416666666666,64.7,474000.0,3057424.0,165.0,83.0,83.0,15.0,0.0,0.0,1.0
475000.0,13.5625,6.17328727255679E-6,475000.0,67.10000000000001,67.10000000000001,-532.692307692307,67.10000000000001,475000.0,3057424.0,165.0,83.0,83.0,15.0,0.0,0.0,1.0
476000.0,13.59375,6.198004703037442E-6,476000.0,61.7,61.7,-636.5384615384609,61.7,476000.0,3057424.0,165.0,83.0,83.0,15.0,0.0,0.0,1.0
477000.0,13.65625,6.247439563998747E-6,477000.0,62.2,62.2,-626.9230769230763,62.2,477000.0,3057424.0,165.0,83.0,83.0,15.0,0.0,0.0,1.0
478000.0,13.703125,6.2845157097197254E-6,478000.0,59.099999999999994,59.099999999999994,-686.5384615384609,59.099999999999994,478000.0,3057424.0,165.0,83.0,83.0,15.0,0.0,0.0,1.0
479000.0,13.71875,6.296874424960052E-6,479000.0,62.1,62.1,-576.7857142857137,62.1,479000.0,3057424.0,165.0,83.0,83.0,15.0,0.0,0.0,1.0
480000.0,13.8125,6.371026716402009E-6,480000.0,64.9,64.9,-601.9999999999993,64.9,480000.0,3057424.0,165.0,83.0,83.0,15.0,0.0,0.0,1.0
481000.0,13.8125,6.371026716402009E-6,481000.0,62.4,62.4,-864.1025641025632,62.4,481000.0,3057424.0,165.0,83.0,83.0,15.0,0.0,0.0,1.0
482000.0,13.890625,6.432863948349325E-6,482000.0,63.6,63.6,-787.8048780487796,63.6,482000.0,3059584.0,165.0,83.0,83.0,15.0,0.0,0.0,1.0
483000.0,13.90625,6.445231394738788E-6,483000.0,67.30000000000001,67.30000000000001,-890.90909090909,67.30000000000001,483000.0,3059584.0,165.0,83.0,83.0,15.0,0.0,0.0,1.0
484000.0,13.96875,6.4947011802966406E-6,484000.0,80.80000000000001,80.80000000000001,-539.9999999999992,80.80000000000001,484000.0,3059584.0,165.0,83.0,83.0,15.0,0.0,0.0,1.0
485000.0,14.0,6.519436073075567E-6,485000.0,86.1,86.1,-414.81481481481444,86.1,485000.0,3059584.0,165.0,83.0,83.0,15.0,0.0,0.0,1.0
486000.0,14.015625,6.53180351946503E-6,486000.0,78.0,78.0,-658.6206896551716,78.0,486000.0,3059584.0,165.0,83.0,83.0,15.0,0.0,0.0,1.0
487000.0,14.078125,6.581273305022883E-6,487000.0,70.89999999999999,70.89999999999999,-1222.7272727272718,70.89999999999999,487000.0,3059584.0,165.0,83.0,83.0,15.0,0.0,0.0,1.0
488000.0,14.140625,6.630743090580735E-6,488000.0,61.5,61.5,-1325.9259259259247,61.5,488000.0,3059584.0,165.0,83.0,83.0,15.0,0.0,0.0,1.0
489000.0,14.171875,6.655527007145187E-6,489000.0,58.599999999999994,58.599999999999994,-961.5384615384606,58.599999999999994,489000.0,3065648.0,165.0,83.0,83.0,15.0,0.0,0.0,1.0
490000.0,14.21875,6.692707829643042E-6,490000.0,63.0,63.0,-1221.4285714285702,63.0,490000.0,3066056.0,167.0,84.0,84.0,16.0,0.0,0.0,1.0
491000.0,14.265625,6.730289023835213E-6,491000.0,58.4,58.4,-1286.6666666666654,58.4,491000.0,3099072.0,169.0,85.0,85.0,16.0,0.0,0.0,1.0
492000.0,14.28125,6.7428160885659366E-6,492000.0,56.8,56.8,-1067.5675675675666,56.8,492000.0,3099072.0,169.0,85.0,85.0,16.0,0.0,0.0,1.0
493000.0,14.390625,6.8315135366800765E-6,493000.0,60.099999999999994,60.099999999999994,-652.8301886792447,60.099999999999994,493000.0,3134696.0,171.0,86.0,86.0,17.0,0.0,0.0,1.0
494000.0,14.390625,6.8315135366800765E-6,494000.0,65.8,65.8,-824.3243243243235,65.8,494000.0,3172504.0,171.0,86.0,86.0,17.0,0.0,0.0,1.0
495000.0,14.5,6.921280776926628E-6,495000.0,63.6,63.6,-746.511627906976,63.6,495000.0,3172504.0,171.0,86.0,86.0,17.0,0.0,0.0,1.0
496000.0,14.5,6.921280776926628E-6,496000.0,58.4,58.4,-1055.5555555555547,58.4,496000.0,3179848.0,171.0,86.0,86.0,17.0,0.0,0.0,1.0
497000.0,14.578125,6.9855486637809215E-6,497000.0,63.1,63.1,-822.4999999999992,63.1,497000.0,3179848.0,171.0,86.0,86.0,17.0,0.0,0.0,1.0
498000.0,14.59375,6.9984022411517804E-6,498000.0,70.6,70.6,-634.9999999999994,70.6,498000.0,3179848.0,171.0,86.0,86.0,17.0,0.0,0.0,1.0
499000.0,14.671875,7.062670128006074E-6,499000.0,69.0,68.99925598214357,-715.78947368421,68.937875751503,499000.0,3179848.0,171.0,86.0,86.0,17.0,0.0,0.0,1.0
500000.0,14.6875,7.075523705376933E-6,500000.0,72.2,72.19860993049653,-491.48936170212716,72.06030150753769,500000.0,3179848.0,171.0,86.0,86.0,17.0,0.0,0.0,1.0
501000.0,14.765625,7.139791592231227E-6,501000.0,73.6,73.59936638479323,-576.9230769230763,73.54709418837675,501000.0,3179848.0,171.0,86.0,86.0,17.0,0.0,0.0,1.0
502000.0,14.78125,7.152645169602086E-6,502000.0,72.3,72.2991135716343,-559.523809523809,72.18875502008032,502000.0,3179848.0,171.0,86.0,86.0,17.0,0.0,0.0,1.0
503000.0,14.84375,7.204059479085522E-6,503000.0,70.6,70.59835350779643,-673.6842105263153,70.48192771084338,503000.0,3179848.0,171.0,86.0,86.0,17.0,0.0,0.0,1.0
504000.0,14.875,7.22976663382724E-6,504000.0,71.2,71.19714851770324,-829.0322580645155,70.93844601412714,504000.0,3179848.0,171.0,86.0,86.0,17.0,0.0,0.0,1.0
505000.0,14.9375,7.2811809433106754E-6,505000.0,77.7,77.69799281935374,-668.9655172413785,77.47474747474747,505000.0,3179848.0,171.0,86.0,86.0,17.0,0.0,0.0,1.0
506000.0,14.96875,7.306888098052393E-6,506000.0,77.0,76.99889594700545,-666.666666666666,76.90763052208835,506000.0,3179848.0,171.0,86.0,86.0,17.0,0.0,0.0,1.0
507000.0,15.03125,7.358302407535829E-6,507000.0,77.5,77.49801982574466,-733.3333333333325,77.24974721941355,507000.0,3179848.0,171.0,86.0,86.0,17.0,0.0,0.0,1.0
508000.0,15.078125,7.396863139648406E-6,508000.0,82.0,81.99924396824666,-462.49999999999966,81.7444219066937,508000.0,3179848.0,171.0,86.0,86.0,17.0,0.0,0.0,1.0
509000.0,15.125,7.435423871760983E-6,509000.0,83.5,83.5,-399.99999999999966,83.33333333333333,509000.0,3179848.0,171.0,86.0,86.0,17.0,0.0,0.0,1.0
510000.0,15.171875,7.4739846038735596E-6,510000.0,76.8,76.79974479719277,-562.8571428571422,76.54196157735086,510000.0,3179848.0,171.0,86.0,86.0,17.0,0.0,0.0,1.0
511000.0,15.21875,7.512545335986136E-6,511000.0,71.2,71.19979839858878,-602.4390243902434,70.99697885196375,511000.0,3179848.0,171.0,86.0,86.0,17.0,0.0,0.0,1.0
512000.0,15.265625,7.551106068098713E-6,512000.0,66.3,66.3,-721.9512195121944,65.82150101419879,512000.0,3179848.0,171.0,86.0,86.0,17.0,0.0,0.0,1.0
513000.0,15.265625,7.551106068098713E-6,513000.0,63.7,63.7,-764.2857142857135,63.14720812182741,513000.0,3173344.0,173.0,87.0,87.0,17.0,0.0,0.0,1.0
514000.0,15.359375,7.629164869690109E-6,514000.0,71.7,71.7,-528.8888888888885,71.29817444219067,514000.0,3218496.0,173.0,87.0,87.0,17.0,0.0,0.0,1.0
515000.0,15.390625,7.655184470220575E-6,515000.0,74.3,74.3,-424.48979591836695,73.8821138211382,515000.0,3218496.0,173.0,87.0,87.0,17.0,0.0,0.0,1.0
516000.0,15.4375,7.694213871016272E-6,516000.0,73.7,73.7,-557.4999999999994,73.43434343434343,516000.0,3218496.0,173.0,87.0,87.0,17.0,0.0,0.0,1.0
517000.0,15.5,7.747320988629428E-6,517000.0,73.5,73.5,-597.368421052631,73.25933400605449,517000.0,3284544.0,177.0,89.0,89.0,17.0,0.0,0.0,1.0
518000.0,15.546875,7.787177520286707E-6,518000.0,73.8,73.8,-571.7948717948711,73.53535353535354,518000.0,3286704.0,177.0,89.0,89.0,17.0,0.0,0.0,1.0
519000.0,15.546875,7.787177520286707E-6,519000.0,72.8,72.8,-518.1818181818177,72.4974721941355,519000.0,3289736.0,177.0,89.0,89.0,17.0,0.0,0.0,1.0
520000.0,15.640625,7.866964119279552E-6,520000.0,73.5,73.5,-597.368421052631,73.42026078234703,520000.0,3289736.0,177.0,89.0,89.0,17.0,0.0,0.0,1.0
521000.0,15.65625,7.880261885778358E-6,521000.0,73.9,73.9,-715.6249999999993,73.84769539078157,521000.0,3289736.0,177.0,89.0,89.0,17.0,0.0,0.0,1.0
522000.0,15.734375,7.946750718272396E-6,522000.0,77.5,77.5,-765.3846153846146,77.5,522000.0,3289736.0,177.0,89.0,89.0,17.0,0.0,0.0,1.0
523000.0,15.765625,7.973346251270011E-6,523000.0,75.0,75.0,-706.451612903225,75.0,523000.0,3289736.0,177.0,89.0,89.0,17.0,0.0,0.0,1.0
524000.0,15.8125,8.013239550766433E-6,524000.0,77.3,77.3,-632.2580645161283,77.3,524000.0,3289736.0,177.0,89.0,89.0,17.0,0.0,0.0,1.0
525000.0,15.84375,8.039835083764048E-6,525000.0,77.8,77.8,-692.8571428571421,77.8,525000.0,3289736.0,177.0,89.0,89.0,17.0,0.0,0.0,1.0
526000.0,15.890625,8.07972838326047E-6,526000.0,77.3,77.3,-931.8181818181807,77.3,526000.0,3289736.0,177.0,89.0,89.0,17.0,0.0,0.0,1.0
527000.0,15.90625,8.093026149759277E-6,527000.0,72.0,72.0,-1299.9999999999989,72.0,527000.0,3289736.0,177.0,89.0,89.0,17.0,0.0,0.0,1.0
528000.0,15.984375,8.159514982253314E-6,528000.0,79.5,79.5,-1038.8888888888878,79.5,528000.0,3289736.0,177.0,89.0,89.0,17.0,0.0,0.0,1.0
529000.0,16.03125,8.199408281749736E-6,529000.0,84.89999999999999,84.89999999999999,-978.5714285714278,84.89999999999999,529000.0,3289736.0,177.0,89.0,89.0,17.0,0.0,0.0,1.0
530000.0,16.078125,8.239301581246159E-6,530000.0,85.6,85.6,-859.9999999999992,85.6,530000.0,3289736.0,177.0,89.0,89.0,17.0,0.0,0.0,1.0
531000.0,16.125,8.279147150460631E-6,531000.0,82.39999999999999,82.39999999999999,-1073.3333333333326,82.39999999999999,531000.0,3285800.0,179.0,90.0,90.0,17.0,0.0,0.0,1.0
532000.0,16.171875,8.318934706039728E-6,532000.0,81.8,81.8,-1719.9999999999989,81.8,532000.0,3281016.0,181.0,91.0,91.0,18.0,0.0,0.0,1.0
533000.0,16.203125,8.345772382906743E-6,533000.0,88.4,88.4,-728.5714285714278,88.4,533000.0,3319688.0,181.0,91.0,91.0,18.0,0.0,0.0,1.0
534000.0,16.265625,8.399447736640773E-6,534000.0,91.2,91.2,-528.5714285714278,91.2,534000.0,3319688.0,181.0,91.0,91.0,18.0,0.0,0.0,1.0
535000.0,16.3125,8.439756638836118E-6,535000.0,89.8,89.8,-251.7241379310341,89.8,535000.0,3324008.0,181.0,91.0,91.0,18.0,0.0,0.0,1.0
536000.0,16.359375,8.480091734478873E-6,536000.0,83.5,83.5,-415.62499999999966,83.5,536000.0,3326168.0,181.0,91.0,91.0,18.0,0.0,0.0,1.0
537000.0,16.40625,8.520426830121628E-6,537000.0,77.4,77.4,-380.85106382978677,77.4,537000.0,3326168.0,181.0,91.0,91.0,18.0,0.0,0.0,1.0
538000.0,16.453125,8.560761925764383E-6,538000.0,65.8,65.8,-570.588235294117,65.8,538000.0,3326168.0,181.0,91.0,91.0,18.0,0.0,0.0,1.0
539000.0,16.484375,8.58765198952622E-6,539000.0,65.8,65.8,-734.1463414634138,65.8,539000.0,3326168.0,181.0,91.0,91.0,18.0,0.0,0.0,1.0
540000.0,16.5625,8.654920804676498E-6,540000.0,65.8,65.8,-1215.384615384614,65.8,540000.0,3328328.0,181.0,91.0,91.0,18.0,0.0,0.0,1.0
541000.0,16.59375,8.681828330736608E-6,541000.0,71.0,71.0,-1349.9999999999989,71.0,541000.0,3328328.0,181.0,91.0,91.0,18.0,0.0,0.0,1.0
542000.0,16.65625,8.73564338285683E-6,542000.0,72.5,72.5,-1427.7777777777767,72.5,542000.0,3328328.0,181.0,91.0,91.0,18.0,0.0,0.0,1.0
543000.0,16.6875,8.76255090891694E-6,543000.0,75.6,75.6,-1119.9999999999989,75.6,543000.0,3328328.0,181.0,91.0,91.0,18.0,0.0,0.0,1.0
544000.0,16.75,8.816365961037162E-6,544000.0,74.2,74.2,-499.9999999999995,74.2,544000.0,3328328.0,181.0,91.0,91.0,18.0,0.0,0.0,1.0
545000.0,16.796875,8.857154009294592E-6,545000.0,90.0,90.0,-163.15789473684183,90.0,545000.0,3363520.0,183.0,92.0,92.0,18.0,0.0,0.0,1.0
546000.0,16.859375,8.911538073637832E-6,546000.0,95.39999999999999,95.39999999999999,-31.428571428571427,95.39999999999999,546000.0,3363520.0,183.0,92.0,92.0,18.0,0.0,0.0,1.0
547000.0,16.875,8.925134089723642E-6,547000.0,95.1,95.1,-75.0,95.1,547000.0,3363520.0,183.0,92.0,92.0,18.0,0.0,0.0,1.0
548000.0,16.953125,8.993114170152692E-6,548000.0,85.39999999999999,85.39999999999999,-342.4242424242421,85.39999999999999,548000.0,3363520.0,183.0,92.0,92.0,18.0,0.0,0.0,1.0
549000.0,16.984375,9.020323664622586E-6,549000.0,83.5,83.5,-768.4210526315784,83.5,549000.0,3365680.0,183.0,92.0,92.0,18.0,0.0,0.0,1.0
550000.0,17.0625,9.088347400797321E-6,550000.0,88.5,88.5,-310.7142857142853,88.5,550000.0,3365680.0,183.0,92.0,92.0,18.0,0.0,0.0,1.0
551000.0,17.09375,9.116108121816066E-6,551000.0,92.60000000000001,92.60000000000001,-221.73913043478214,92.60000000000001,551000.0,3433864.0,187.0,94.0,94.0,18.0,0.0,0.0,1.0
552000.0,17.1875,9.200306279429543E-6,552000.0,94.69999999999999,94.69999999999999,-130.43478260869566,94.69999999999999,552000.0,3471632.0,189.0,95.0,95.0,19.0,0.0,0.0,1.0
553000.0,17.21875,9.228386301805987E-6,553000.0,94.0,94.0,-140.0,94.0,553000.0,3473360.0,191.0,96.0,96.0,19.0,0.0,0.0,1.0
554000.0,17.296875,9.298586357747099E-6,554000.0,89.0,89.0,-233.333333333333,89.0,554000.0,3473360.0,191.0,96.0,96.0,19.0,0.0,0.0,1.0
555000.0,17.3125,9.312898716113217E-6,555000.0,74.2,74.2,-499.9999999999995,73.86018237082067,555000.0,3540736.0,193.0,97.0,97.0,19.0,0.0,0.0,1.0
556000.0,17.40625,9.398772866309929E-6,556000.0,76.4,76.39811184894792,-555.5555555555549,76.16161616161617,556000.0,3540736.0,193.0,97.0,97.0,19.0,0.0,0.0,1.0
557000.0,17.421875,9.413085224676047E-6,557000.0,83.2,83.2,-499.99999999999966,83.11557788944724,557000.0,3540736.0,193.0,97.0,97.0,19.0,0.0,0.0,1.0
558000.0,17.484375,9.470369582737069E-6,558000.0,80.2,80.2,-724.9999999999991,80.2,558000.0,3542896.0,193.0,97.0,97.0,19.0,0.0,0.0,1.0
559000.0,17.546875,9.52765394079809E-6,559000.0,69.39999999999999,69.39999999999999,-664.9999999999994,69.05965621840242,559000.0,3542896.0,193.0,97.0,97.0,19.0,0.0,0.0,1.0
560000.0,17.59375,9.570643402791269E-6,560000.0,74.4,74.39956479260147,-401.960784313725,74.37437437437437,560000.0,3545056.0,193.0,97.0,97.0,19.0,0.0,0.0,1.0
561000.0,17.640625,9.613137420577304E-6,561000.0,83.8,83.8,-223.9999999999998,83.8,561000.0,3504200.0,197.0,99.0,99.0,19.0,0.0,0.0,1.0
562000.0,17.6875,9.656417047760135E-6,562000.0,86.5,86.5,-132.75862068965498,86.5,562000.0,3568984.0,199.0,100.0,100.0,20.0,0.0,0.0,1.0
563000.0,17.75,9.714123217337243E-6,563000.0,83.7,83.7,-317.9487179487177,83.7,563000.0,3568984.0,199.0,100.0,100.0,20.0,0.0,0.0,1.0
564000.0,17.796875,9.757402844520075E-6,564000.0,81.2,81.2,-469.696969696969,81.2,564000.0,3568984.0,199.0,100.0,100.0,20.0,0.0,0.0,1.0
565000.0,17.890625,9.844700560077193E-6,565000.0,89.8,89.8,-131.81818181818156,89.8,565000.0,3599432.0,201.0,101.0,101.0,20.0,0.0,0.0,1.0
566000.0,17.90625,9.859404753014027E-6,566000.0,77.60000000000001,77.60000000000001,-376.5957446808506,77.60000000000001,566000.0,3637672.0,201.0,101.0,101.0,20.0,0.0,0.0,1.0
567000.0,17.984375,9.9338470156201E-6,567000.0,91.10000000000001,91.10000000000001,-134.21052631578917,91.10000000000001,567000.0,3683256.0,201.0,101.0,101.0,20.0,0.0,0.0,1.0
568000.0,18.0,9.948735468141316E-6,568000.0,87.3,87.3,-164.58333333333312,87.3,568000.0,3683256.0,201.0,101.0,101.0,20.0,0.0,0.0,1.0
569000.0,18.078125,1.002317773074739E-5,569000.0,87.8,87.8,-134.61538461538441,87.8,569000.0,3683256.0,201.0,101.0,101.0,20.0,0.0,0.0,1.0
570000.0,18.109375,1.005295463578982E-5,570000.0,90.3,90.3,-70.17543859649103,90.3,570000.0,3683256.0,201.0,101.0,101.0,20.0,0.0,0.0,1.0
571000.0,18.140625,1.0082766594779154E-5,571000.0,84.7,84.7,-128.3582089552241,84.7,571000.0,3687592.0,201.0,101.0,101.0,20.0,0.0,0.0,1.0
572000.0,18.171875,1.0112616970824692E-5,572000.0,82.19999999999999,82.19999999999999,-109.41176470588249,82.19999999999999,572000.0,3692344.0,201.0,101.0,101.0,20.0,0.0,0.0,1.0
573000.0,18.234375,1.0172317722915769E-5,573000.0,59.099999999999994,59.099999999999994,-330.5263157894738,59.099999999999994,573000.0,3692344.0,201.0,101.0,101.0,20.0,0.0,0.0,1.0
574000.0,18.296875,1.0232018475006845E-5,574000.0,61.7,61.7,-463.23529411764747,61.7,574000.0,3692344.0,201.0,101.0,101.0,20.0,0.0,0.0,1.0
575000.0,18.34375,1.0276794039075153E-5,575000.0,65.3,65.3,-542.5925925925919,65.3,575000.0,3692344.0,201.0,101.0,101.0,20.0,0.0,0.0,1.0
576000.0,18.40625,1.0336494791166229E-5,576000.0,83.7,83.7,-146.96969696969722,83.7,576000.0,3692344.0,201.0,101.0,101.0,20.0,0.0,0.0,1.0
577000.0,18.4375,1.0366345167211767E-5,577000.0,60.4,60.4,-442.4657534246579,60.4,577000.0,3692344.0,201.0,101.0,101.0,20.0,0.0,0.0,1.0
578000.0,18.515625,1.0440971107325613E-5,578000.0,76.2,76.2,-395.83333333333286,76.2,578000.0,3692344.0,201.0,101.0,101.0,20.0,0.0,0.0,1.0
579000.0,18.53125,1.0455896295348383E-5,579000.0,73.3,73.3,-506.8181818181813,73.3,579000.0,3692344.0,201.0,101.0,101.0,20.0,0.0,0.0,1.0
580000.0,18.609375,1.0530522235462229E-5,580000.0,48.199999999999996,48.199999999999996,-1263.157894736841,48.199999999999996,580000.0,3692344.0,201.0,101.0,101.0,20.0,0.0,0.0,1.0
581000.0,18.625,1.0545447423484999E-5,581000.0,82.8,82.8,-759.9999999999994,82.8,581000.0,3692344.0,201.0,101.0,101.0,20.0,0.0,0.0,1.0
581012.0,18.703125,1.0620073363598845E-5,581012.0,82.89999999999999,82.89999999999999,-754.9999999999994,82.89999999999999,581012.0,3692344.0,201.0,101.0,101.0,20.0,0.0,0.0,1.0
