learning evaluation instances,evaluation time (cpu seconds),model cost (RAM-Hours),classified instances,classifications correct (percent),Kappa Statistic (percent),Kappa Temporal Statistic (percent),Kappa M Statistic (percent),model training instances,model serialized size (bytes),tree size (nodes),tree size (leaves),active learning leaves,tree depth,active leaf byte size estimate,inactive leaf byte size estimate,byte size estimate overhead
1000.0,0.015625,1.5596419365869628E-10,1000.0,61.1,60.365897146955916,5.582524271844664,52.034525277435264,1000.0,38584.0,1.0,1.0,1.0,0.0,0.0,0.0,1.0
2000.0,0.015625,1.5596419365869628E-10,2000.0,57.9,55.140083347807135,18.882466281310208,37.25782414307003,2000.0,52008.0,1.0,1.0,1.0,0.0,0.0,0.0,1.0
3000.0,0.046875,5.764175309903092E-10,3000.0,47.4,47.014263840760734,-35.21850899742931,28.918918918918912,3000.0,52008.0,1.0,1.0,1.0,0.0,0.0,0.0,1.0
4000.0,0.078125,9.96870868321922E-10,4000.0,64.3,64.17425162319742,-27.95698924731181,60.769230769230774,4000.0,52008.0,1.0,1.0,1.0,0.0,0.0,0.0,1.0
5000.0,0.078125,9.96870868321922E-10,5000.0,57.4,57.31783683590912,-24.561403508771953,53.84615384615383,5000.0,52008.0,1.0,1.0,1.0,0.0,0.0,0.0,1.0
6000.0,0.078125,9.96870868321922E-10,6000.0,59.0,58.973291612839965,11.062906724511917,57.68833849329204,6000.0,52008.0,1.0,1.0,1.0,0.0,0.0,0.0,1.0
7000.0,0.125,1.6275508743193415E-9,7000.0,50.9,49.3153442375882,-0.8213552361396311,39.75460122699387,7000.0,52008.0,1.0,1.0,1.0,0.0,0.0,0.0,1.0
8000.0,0.171875,2.6696620302067863E-9,8000.0,63.0,61.9980013002846,19.03719912472647,54.48954489544896,8000.0,85936.0,5.0,3.0,3.0,2.0,0.0,0.0,1.0
9000.0,0.203125,3.416789695620537E-9,9000.0,66.9,65.2900119125518,35.85271317829458,57.4002574002574,9000.0,92416.0,5.0,3.0,3.0,2.0,0.0,0.0,1.0
10000.0,0.25,4.537481193741163E-9,10000.0,75.2,75.19970239642876,38.91625615763547,74.89878542510121,10000.0,92416.0,5.0,3.0,3.0,2.0,0.0,0.0,1.0
11000.0,0.265625,4.9110450264480375E-9,11000.0,61.8,61.77029551961874,18.895966029723983,60.33229491173417,11000.0,92416.0,5.0,3.0,3.0,2.0,0.0,0.0,1.0
12000.0,0.265625,4.9110450264480375E-9,12000.0,57.099999999999994,56.793362493617195,9.302325581395333,49.46996466431094,12000.0,129360.0,5.0,3.0,3.0,2.0,0.0,0.0,1.0
13000.0,0.28125,5.470614673362837E-9,13000.0,65.9,65.48460724823248,32.60869565217392,60.11695906432749,13000.0,138432.0,5.0,3.0,3.0,2.0,0.0,0.0,1.0
14000.0,0.28125,5.470614673362837E-9,14000.0,52.7,52.02075786915361,25.86206896551725,44.807467911318554,14000.0,138432.0,5.0,3.0,3.0,2.0,0.0,0.0,1.0
15000.0,0.28125,5.470614673362837E-9,15000.0,57.9,57.33987252626992,26.140350877192976,53.17018909899889,15000.0,138432.0,5.0,3.0,3.0,2.0,0.0,0.0,1.0
16000.0,0.34375,7.708893261022037E-9,16000.0,79.0,78.99218509285456,-138.63636363636368,78.328173374613,16000.0,138432.0,5.0,3.0,3.0,2.0,0.0,0.0,1.0
17000.0,0.359375,8.268462907936838E-9,17000.0,78.2,78.17348077914666,-344.89795918367304,76.278563656148,17000.0,138432.0,5.0,3.0,3.0,2.0,0.0,0.0,1.0
18000.0,0.359375,8.268462907936838E-9,18000.0,79.60000000000001,79.60000000000001,-579.9999999999993,77.92207792207793,18000.0,138432.0,5.0,3.0,3.0,2.0,0.0,0.0,1.0
19000.0,0.40625,9.842107020732429E-9,19000.0,75.9,75.9,-995.4545454545445,74.92195629552549,19000.0,129768.0,7.0,4.0,4.0,3.0,0.0,0.0,1.0
20000.0,0.40625,9.842107020732429E-9,20000.0,82.19999999999999,82.19999999999999,-747.6190476190471,82.03834510595358,20000.0,132792.0,7.0,4.0,4.0,3.0,0.0,0.0,1.0
21000.0,0.40625,9.842107020732429E-9,21000.0,82.39999999999999,82.39999999999999,-576.9230769230765,82.39999999999999,21000.0,132792.0,7.0,4.0,4.0,3.0,0.0,0.0,1.0
22000.0,0.40625,9.842107020732429E-9,22000.0,84.8,84.8,-1281.8181818181808,84.8,22000.0,132792.0,7.0,4.0,4.0,3.0,0.0,0.0,1.0
23000.0,0.40625,9.842107020732429E-9,23000.0,84.6,84.6,-862.4999999999993,84.6,23000.0,132792.0,7.0,4.0,4.0,3.0,0.0,0.0,1.0
24000.0,0.46875,1.1989193606293863E-8,24000.0,79.9,79.9,-644.4444444444437,79.9,24000.0,132792.0,7.0,4.0,4.0,3.0,0.0,0.0,1.0
25000.0,0.46875,1.1989193606293863E-8,25000.0,86.7,86.7,-504.54545454545405,86.7,25000.0,132792.0,7.0,4.0,4.0,3.0,0.0,0.0,1.0
26000.0,0.515625,1.3599508545464938E-8,26000.0,83.5,83.5,-468.9655172413789,83.5,26000.0,132792.0,7.0,4.0,4.0,3.0,0.0,0.0,1.0
27000.0,0.515625,1.3599508545464938E-8,27000.0,84.7,84.7,-446.428571428571,84.7,27000.0,132792.0,7.0,4.0,4.0,3.0,0.0,0.0,1.0
28000.0,0.515625,1.3599508545464938E-8,28000.0,77.0,77.0,-399.9999999999995,77.0,28000.0,132792.0,7.0,4.0,4.0,3.0,0.0,0.0,1.0
29000.0,0.578125,1.5746595131026374E-8,29000.0,76.8,76.8,-582.3529411764699,76.8,29000.0,132792.0,7.0,4.0,4.0,3.0,0.0,0.0,1.0
30000.0,0.59375,1.6283366777416734E-8,30000.0,76.9,76.9,-645.1612903225799,76.9,30000.0,132792.0,7.0,4.0,4.0,3.0,0.0,0.0,1.0
31000.0,0.59375,1.6283366777416734E-8,31000.0,73.1,73.1,-556.0975609756092,73.1,31000.0,132792.0,7.0,4.0,4.0,3.0,0.0,0.0,1.0
32000.0,0.59375,1.6283366777416734E-8,32000.0,78.60000000000001,78.60000000000001,-529.4117647058818,78.60000000000001,32000.0,132792.0,7.0,4.0,4.0,3.0,0.0,0.0,1.0
33000.0,0.59375,1.6283366777416734E-8,33000.0,78.9,78.9,-486.1111111111105,78.9,33000.0,132792.0,7.0,4.0,4.0,3.0,0.0,0.0,1.0
34000.0,0.609375,1.696407303421034E-8,34000.0,85.39999999999999,85.39999999999999,-256.0975609756095,85.39999999999999,34000.0,168400.0,9.0,5.0,5.0,4.0,0.0,0.0,1.0
35000.0,0.625,1.7644779291003945E-8,35000.0,89.8,89.8,-218.74999999999966,89.74874371859298,35000.0,168400.0,9.0,5.0,5.0,4.0,0.0,0.0,1.0
36000.0,0.625,1.7644779291003945E-8,36000.0,89.0,89.0,-254.838709677419,88.94472361809045,36000.0,168400.0,9.0,5.0,5.0,4.0,0.0,0.0,1.0
37000.0,0.625,1.7644779291003945E-8,37000.0,93.5,93.5,-170.8333333333329,93.43434343434343,37000.0,168400.0,9.0,5.0,5.0,4.0,0.0,0.0,1.0
38000.0,0.671875,1.968689806138476E-8,38000.0,96.1,96.1,-105.26315789473684,96.1,38000.0,168400.0,9.0,5.0,5.0,4.0,0.0,0.0,1.0
39000.0,0.6875,2.0367604318178365E-8,39000.0,97.6,97.6,-140.0,97.6,39000.0,168400.0,9.0,5.0,5.0,4.0,0.0,0.0,1.0
40000.0,0.71875,2.1729016831765576E-8,40000.0,95.89999999999999,95.89999999999999,-925.0,95.89999999999999,40000.0,168400.0,9.0,5.0,5.0,4.0,0.0,0.0,1.0
41000.0,0.734375,2.2409723088559182E-8,41000.0,96.39999999999999,96.39999999999999,-500.0,96.39999999999999,41000.0,168400.0,9.0,5.0,5.0,4.0,0.0,0.0,1.0
42000.0,0.796875,2.51325481157336E-8,42000.0,90.8,90.8,-607.6923076923068,90.8,42000.0,168400.0,9.0,5.0,5.0,4.0,0.0,0.0,1.0
43000.0,0.796875,2.51325481157336E-8,43000.0,86.4,86.4,-806.666666666666,86.4,43000.0,168400.0,9.0,5.0,5.0,4.0,0.0,0.0,1.0
44000.0,0.796875,2.51325481157336E-8,44000.0,88.6,88.6,-659.9999999999992,88.6,44000.0,203184.0,9.0,5.0,5.0,4.0,0.0,0.0,1.0
45000.0,0.796875,2.51325481157336E-8,45000.0,82.89999999999999,82.89999999999999,-714.2857142857138,82.89999999999999,45000.0,203184.0,9.0,5.0,5.0,4.0,0.0,0.0,1.0
46000.0,0.796875,2.51325481157336E-8,46000.0,83.5,83.5,-1078.5714285714278,83.5,46000.0,203184.0,9.0,5.0,5.0,4.0,0.0,0.0,1.0
47000.0,0.828125,2.677516830671165E-8,47000.0,83.3,83.3,-1569.9999999999989,83.3,47000.0,203184.0,9.0,5.0,5.0,4.0,0.0,0.0,1.0
48000.0,0.828125,2.677516830671165E-8,48000.0,87.8,87.8,-1933.3333333333314,87.8,48000.0,203184.0,9.0,5.0,5.0,4.0,0.0,0.0,1.0
49000.0,0.859375,2.84177884976897E-8,49000.0,89.60000000000001,89.60000000000001,-1199.9999999999986,89.60000000000001,49000.0,203184.0,9.0,5.0,5.0,4.0,0.0,0.0,1.0
50000.0,0.875,2.9239098593178728E-8,50000.0,91.4,91.4,-759.9999999999989,91.4,50000.0,203184.0,9.0,5.0,5.0,4.0,0.0,0.0,1.0
51000.0,0.875,2.9239098593178728E-8,51000.0,92.7,92.7,-508.3333333333324,92.7,51000.0,203184.0,9.0,5.0,5.0,4.0,0.0,0.0,1.0
52000.0,0.875,2.9239098593178728E-8,52000.0,95.19999999999999,95.19999999999999,-300.0,95.19999999999999,52000.0,203184.0,9.0,5.0,5.0,4.0,0.0,0.0,1.0
53000.0,0.9375,3.2524338975134825E-8,53000.0,95.3,95.3,-193.75,95.3,53000.0,203184.0,9.0,5.0,5.0,4.0,0.0,0.0,1.0
54000.0,0.9375,3.2524338975134825E-8,54000.0,94.39999999999999,94.39999999999999,-211.11111111111111,94.39999999999999,54000.0,203184.0,9.0,5.0,5.0,4.0,0.0,0.0,1.0
55000.0,0.984375,3.49882692616019E-8,55000.0,92.30000000000001,92.30000000000001,-220.83333333333286,92.30000000000001,55000.0,203184.0,9.0,5.0,5.0,4.0,0.0,0.0,1.0
56000.0,0.984375,3.49882692616019E-8,56000.0,89.9,89.9,-260.7142857142853,89.9,56000.0,203184.0,9.0,5.0,5.0,4.0,0.0,0.0,1.0
57000.0,0.984375,3.49882692616019E-8,57000.0,86.3,86.3,-302.9411764705879,86.3,57000.0,203184.0,9.0,5.0,5.0,4.0,0.0,0.0,1.0
58000.0,1.03125,3.745219954806898E-8,58000.0,86.7,86.7,-259.45945945945914,86.7,58000.0,203184.0,9.0,5.0,5.0,4.0,0.0,0.0,1.0
59000.0,1.046875,3.8273509643558006E-8,59000.0,85.2,85.2,-269.9999999999997,85.2,59000.0,203184.0,9.0,5.0,5.0,4.0,0.0,0.0,1.0
60000.0,1.0625,3.909481973904703E-8,60000.0,87.6,87.6,-275.7575757575754,87.6,60000.0,203184.0,9.0,5.0,5.0,4.0,0.0,0.0,1.0
61000.0,1.078125,3.991612983453606E-8,61000.0,85.3,85.3,-319.99999999999966,85.3,61000.0,203184.0,9.0,5.0,5.0,4.0,0.0,0.0,1.0
62000.0,1.109375,4.155875002551411E-8,62000.0,80.0,80.0,-344.44444444444395,80.0,62000.0,203184.0,9.0,5.0,5.0,4.0,0.0,0.0,1.0
63000.0,1.125,4.2388791270140154E-8,63000.0,74.9,74.9,-364.8148148148144,74.9,63000.0,205344.0,9.0,5.0,5.0,4.0,0.0,0.0,1.0
64000.0,1.140625,4.32188325147662E-8,64000.0,73.3,73.3,-433.99999999999955,73.3,64000.0,205344.0,9.0,5.0,5.0,4.0,0.0,0.0,1.0
65000.0,1.15625,4.41980470592777E-8,65000.0,83.6,83.6,-290.4761904761902,83.6,65000.0,242248.0,11.0,6.0,6.0,5.0,0.0,0.0,1.0
66000.0,1.15625,4.41980470592777E-8,66000.0,81.89999999999999,81.89999999999999,-376.31578947368394,81.89999999999999,66000.0,242248.0,11.0,6.0,6.0,5.0,0.0,0.0,1.0
67000.0,1.203125,4.7135690692812216E-8,67000.0,86.2,86.2,-359.9999999999996,86.2,67000.0,242248.0,11.0,6.0,6.0,5.0,0.0,0.0,1.0
68000.0,1.21875,4.811490523732372E-8,68000.0,91.3,91.3,-234.6153846153842,91.3,68000.0,242248.0,11.0,6.0,6.0,5.0,0.0,0.0,1.0
69000.0,1.234375,4.9094119781835224E-8,69000.0,92.60000000000001,92.60000000000001,-208.33333333333286,92.60000000000001,69000.0,242248.0,11.0,6.0,6.0,5.0,0.0,0.0,1.0
70000.0,1.234375,4.9094119781835224E-8,70000.0,95.5,95.5,-181.25,95.5,70000.0,242248.0,11.0,6.0,6.0,5.0,0.0,0.0,1.0
71000.0,1.234375,4.9094119781835224E-8,71000.0,92.5,92.5,-212.49999999999955,92.5,71000.0,242248.0,11.0,6.0,6.0,5.0,0.0,0.0,1.0
72000.0,1.28125,5.203176341536974E-8,72000.0,78.0,78.0,-547.0588235294111,77.80020181634713,72000.0,242248.0,11.0,6.0,6.0,5.0,0.0,0.0,1.0
73000.0,1.296875,5.301097795988124E-8,73000.0,75.1,75.1,-591.6666666666661,73.7064413938754,73000.0,242248.0,11.0,6.0,6.0,5.0,0.0,0.0,1.0
74000.0,1.328125,5.496940704890425E-8,74000.0,77.7,77.7,-457.4999999999995,76.62473794549265,74000.0,242248.0,11.0,6.0,6.0,5.0,0.0,0.0,1.0
75000.0,1.34375,5.5948621593415754E-8,75000.0,77.7,77.7,-519.4444444444439,77.12820512820512,75000.0,242248.0,11.0,6.0,6.0,5.0,0.0,0.0,1.0
76000.0,1.375,5.790705068243876E-8,76000.0,85.39999999999999,85.39999999999999,-274.3589743589741,85.2376137512639,76000.0,242248.0,11.0,6.0,6.0,5.0,0.0,0.0,1.0
77000.0,1.390625,5.8886265226950266E-8,77000.0,85.8,85.8,-195.83333333333312,85.8,77000.0,242248.0,11.0,6.0,6.0,5.0,0.0,0.0,1.0
78000.0,1.40625,5.986547977146177E-8,78000.0,84.2,84.2,-444.82758620689617,84.2,78000.0,242248.0,11.0,6.0,6.0,5.0,0.0,0.0,1.0
79000.0,1.421875,6.084469431597327E-8,79000.0,81.8,81.8,-468.74999999999966,81.8,79000.0,242248.0,11.0,6.0,6.0,5.0,0.0,0.0,1.0
80000.0,1.46875,6.378233794950777E-8,80000.0,85.7,85.7,-449.99999999999955,85.7,80000.0,242248.0,11.0,6.0,6.0,5.0,0.0,0.0,1.0
81000.0,1.484375,6.476155249401927E-8,81000.0,86.7,86.7,-343.333333333333,86.7,81000.0,242248.0,11.0,6.0,6.0,5.0,0.0,0.0,1.0
82000.0,1.484375,6.476155249401927E-8,82000.0,86.2,86.2,-589.9999999999994,86.2,82000.0,242248.0,11.0,6.0,6.0,5.0,0.0,0.0,1.0
83000.0,1.515625,6.671998158304228E-8,83000.0,80.5,80.5,-786.3636363636354,80.5,83000.0,242248.0,11.0,6.0,6.0,5.0,0.0,0.0,1.0
84000.0,1.53125,6.769919612755378E-8,84000.0,83.2,83.2,-663.6363636363632,83.2,84000.0,242248.0,11.0,6.0,6.0,5.0,0.0,0.0,1.0
85000.0,1.546875,6.867841067206528E-8,85000.0,80.30000000000001,80.30000000000001,-392.49999999999943,80.30000000000001,85000.0,242248.0,11.0,6.0,6.0,5.0,0.0,0.0,1.0
86000.0,1.546875,6.867841067206528E-8,86000.0,77.9,77.9,-402.2727272727268,77.9,86000.0,242248.0,11.0,6.0,6.0,5.0,0.0,0.0,1.0
87000.0,1.578125,7.063683976108828E-8,87000.0,78.60000000000001,78.60000000000001,-664.2857142857135,78.60000000000001,87000.0,242248.0,11.0,6.0,6.0,5.0,0.0,0.0,1.0
88000.0,1.578125,7.063683976108828E-8,88000.0,77.9,77.9,-380.4347826086952,77.9,88000.0,242248.0,11.0,6.0,6.0,5.0,0.0,0.0,1.0
89000.0,1.640625,7.45536979391343E-8,89000.0,82.19999999999999,82.19999999999999,-493.33333333333303,82.19999999999999,89000.0,242248.0,11.0,6.0,6.0,5.0,0.0,0.0,1.0
90000.0,1.65625,7.55329124836458E-8,90000.0,71.89999999999999,71.89999999999999,-1177.2727272727263,71.89999999999999,90000.0,242248.0,11.0,6.0,6.0,5.0,0.0,0.0,1.0
91000.0,1.671875,7.65121270281573E-8,91000.0,75.4,75.4,-668.7499999999993,75.4,91000.0,242248.0,11.0,6.0,6.0,5.0,0.0,0.0,1.0
92000.0,1.6875,7.749134157266879E-8,92000.0,81.8,81.8,-405.55555555555526,81.8,92000.0,242248.0,11.0,6.0,6.0,5.0,0.0,0.0,1.0
93000.0,1.71875,7.94497706616918E-8,93000.0,91.9,91.9,-211.5384615384611,91.9,93000.0,242248.0,11.0,6.0,6.0,5.0,0.0,0.0,1.0
94000.0,1.734375,8.04289852062033E-8,94000.0,89.60000000000001,89.60000000000001,-372.72727272727224,89.60000000000001,94000.0,242248.0,11.0,6.0,6.0,5.0,0.0,0.0,1.0
95000.0,1.75,8.14081997507148E-8,95000.0,88.2,88.2,-353.8461538461534,88.2,95000.0,242248.0,11.0,6.0,6.0,5.0,0.0,0.0,1.0
96000.0,1.765625,8.23874142952263E-8,96000.0,87.8,87.8,-281.24999999999966,87.8,96000.0,242248.0,11.0,6.0,6.0,5.0,0.0,0.0,1.0
97000.0,1.765625,8.23874142952263E-8,97000.0,88.7,88.7,-276.6666666666663,88.7,97000.0,242248.0,11.0,6.0,6.0,5.0,0.0,0.0,1.0
98000.0,1.8125,8.53250579287608E-8,98000.0,92.30000000000001,92.30000000000001,-196.15384615384573,92.30000000000001,98000.0,242248.0,11.0,6.0,6.0,5.0,0.0,0.0,1.0
99000.0,1.828125,8.63042724732723E-8,99000.0,83.3,83.3,-363.8888888888886,83.26653306613227,99000.0,242248.0,11.0,6.0,6.0,5.0,0.0,0.0,1.0
100000.0,1.84375,8.72834870177838E-8,100000.0,81.8,81.8,-366.6666666666664,81.40960163432072,100000.0,242248.0,11.0,6.0,6.0,5.0,0.0,0.0,1.0
101000.0,1.859375,8.826270156229529E-8,101000.0,85.8,85.8,-215.55555555555532,85.51020408163265,101000.0,242248.0,11.0,6.0,6.0,5.0,0.0,0.0,1.0
102000.0,1.875,8.924191610680679E-8,102000.0,89.9,89.9,-274.0740740740736,89.71486761710794,102000.0,242248.0,11.0,6.0,6.0,5.0,0.0,0.0,1.0
103000.0,1.890625,9.022113065131829E-8,103000.0,87.8,87.8,-293.54838709677387,87.34439834024896,103000.0,242248.0,11.0,6.0,6.0,5.0,0.0,0.0,1.0
104000.0,1.921875,9.21795597403413E-8,104000.0,89.8,89.8,-209.09090909090878,89.47368421052632,104000.0,242248.0,11.0,6.0,6.0,5.0,0.0,0.0,1.0
105000.0,1.921875,9.21795597403413E-8,105000.0,87.7,87.7,-251.4285714285711,87.42331288343557,105000.0,242248.0,11.0,6.0,6.0,5.0,0.0,0.0,1.0
106000.0,1.953125,9.41379888293643E-8,106000.0,93.60000000000001,93.60000000000001,-128.57142857142819,93.60000000000001,106000.0,242248.0,11.0,6.0,6.0,5.0,0.0,0.0,1.0
107000.0,1.96875,9.51172033738758E-8,107000.0,91.60000000000001,91.60000000000001,-179.99999999999963,91.60000000000001,107000.0,242248.0,11.0,6.0,6.0,5.0,0.0,0.0,1.0
108000.0,1.96875,9.51172033738758E-8,108000.0,88.0,88.0,-274.99999999999966,87.8665318503539,108000.0,242248.0,11.0,6.0,6.0,5.0,0.0,0.0,1.0
109000.0,1.96875,9.51172033738758E-8,109000.0,90.60000000000001,90.60000000000001,-291.66666666666623,90.44715447154472,109000.0,242248.0,11.0,6.0,6.0,5.0,0.0,0.0,1.0
110000.0,2.0,9.707563246289881E-8,110000.0,91.60000000000001,91.60000000000001,-249.99999999999955,91.45473041709054,110000.0,242248.0,11.0,6.0,6.0,5.0,0.0,0.0,1.0
111000.0,2.0,9.707563246289881E-8,111000.0,94.69999999999999,94.69999999999999,-140.9090909090909,94.66263846928499,111000.0,242248.0,11.0,6.0,6.0,5.0,0.0,0.0,1.0
112000.0,2.046875,1.0001327609643332E-7,112000.0,93.2,93.2,-161.53846153846112,93.15206445115811,112000.0,242248.0,11.0,6.0,6.0,5.0,0.0,0.0,1.0
113000.0,2.0625,1.0099249064094481E-7,113000.0,92.0,92.0,-166.6666666666663,91.91919191919192,113000.0,242248.0,11.0,6.0,6.0,5.0,0.0,0.0,1.0
114000.0,2.0625,1.0099249064094481E-7,114000.0,91.10000000000001,91.10000000000001,-196.6666666666663,90.96446700507614,114000.0,242248.0,11.0,6.0,6.0,5.0,0.0,0.0,1.0
115000.0,2.0625,1.0099249064094481E-7,115000.0,93.0,93.0,-149.9999999999996,92.96482412060301,115000.0,242248.0,11.0,6.0,6.0,5.0,0.0,0.0,1.0
116000.0,2.0625,1.0099249064094481E-7,116000.0,94.8,94.8,-160.0,94.8,116000.0,242248.0,11.0,6.0,6.0,5.0,0.0,0.0,1.0
117000.0,2.09375,1.0295091972996782E-7,117000.0,80.5,80.5,-509.3749999999993,80.5,117000.0,242248.0,11.0,6.0,6.0,5.0,0.0,0.0,1.0
118000.0,2.109375,1.0393013427447932E-7,118000.0,72.0,72.0,-677.7777777777771,72.0,118000.0,242248.0,11.0,6.0,6.0,5.0,0.0,0.0,1.0
119000.0,2.125,1.0490934881899082E-7,119000.0,77.5,77.5,-603.1249999999993,77.5,119000.0,242248.0,11.0,6.0,6.0,5.0,0.0,0.0,1.0
120000.0,2.140625,1.0588856336350232E-7,120000.0,78.8,78.8,-323.9999999999996,78.8,120000.0,242248.0,11.0,6.0,6.0,5.0,0.0,0.0,1.0
121000.0,2.140625,1.0588856336350232E-7,121000.0,79.3,79.3,-322.4489795918363,79.3,121000.0,242248.0,11.0,6.0,6.0,5.0,0.0,0.0,1.0
122000.0,2.171875,1.0784699245252532E-7,122000.0,75.0,75.0,-575.675675675675,75.0,122000.0,242248.0,11.0,6.0,6.0,5.0,0.0,0.0,1.0
123000.0,2.1875,1.0882620699703682E-7,123000.0,78.7,78.7,-373.33333333333286,78.7,123000.0,242248.0,11.0,6.0,6.0,5.0,0.0,0.0,1.0
124000.0,2.203125,1.0980542154154832E-7,124000.0,76.6,76.6,-470.7317073170726,76.6,124000.0,242248.0,11.0,6.0,6.0,5.0,0.0,0.0,1.0
125000.0,2.21875,1.1078463608605982E-7,125000.0,78.10000000000001,78.10000000000001,-397.72727272727224,78.10000000000001,125000.0,242248.0,11.0,6.0,6.0,5.0,0.0,0.0,1.0
126000.0,2.234375,1.1176385063057131E-7,126000.0,80.5,80.5,-274.99999999999955,80.5,126000.0,242248.0,11.0,6.0,6.0,5.0,0.0,0.0,1.0
127000.0,2.234375,1.1176385063057131E-7,127000.0,78.0,78.0,-339.99999999999955,78.0,127000.0,242248.0,11.0,6.0,6.0,5.0,0.0,0.0,1.0
128000.0,2.28125,1.1470149426410582E-7,128000.0,82.19999999999999,82.19999999999999,-323.80952380952357,82.19999999999999,128000.0,242248.0,11.0,6.0,6.0,5.0,0.0,0.0,1.0
129000.0,2.296875,1.1568070880861732E-7,129000.0,84.2,84.2,-294.9999999999997,84.2,129000.0,242248.0,11.0,6.0,6.0,5.0,0.0,0.0,1.0
130000.0,2.328125,1.1763913789764033E-7,130000.0,84.6,84.6,-339.99999999999966,84.6,130000.0,242248.0,11.0,6.0,6.0,5.0,0.0,0.0,1.0
131000.0,2.34375,1.1861835244215182E-7,131000.0,86.6,86.6,-482.60869565217337,86.6,131000.0,242248.0,11.0,6.0,6.0,5.0,0.0,0.0,1.0
132000.0,2.34375,1.1861835244215182E-7,132000.0,88.5,88.5,-379.16666666666623,88.5,132000.0,242248.0,11.0,6.0,6.0,5.0,0.0,0.0,1.0
133000.0,2.34375,1.1861835244215182E-7,133000.0,87.3,87.3,-477.2727272727268,87.3,133000.0,242248.0,11.0,6.0,6.0,5.0,0.0,0.0,1.0
134000.0,2.390625,1.2155599607568633E-7,134000.0,88.2,88.2,-413.0434782608691,88.2,134000.0,242248.0,11.0,6.0,6.0,5.0,0.0,0.0,1.0
135000.0,2.40625,1.2253521062019784E-7,135000.0,88.3,88.3,-367.99999999999955,88.20564516129032,135000.0,242248.0,11.0,6.0,6.0,5.0,0.0,0.0,1.0
136000.0,2.4375,1.2449363970922084E-7,136000.0,85.1,85.1,-451.85185185185145,84.65499485066941,136000.0,242248.0,11.0,6.0,6.0,5.0,0.0,0.0,1.0
137000.0,2.453125,1.2547285425373235E-7,137000.0,84.8,84.8,-424.1379310344824,84.2159916926272,137000.0,242248.0,11.0,6.0,6.0,5.0,0.0,0.0,1.0
138000.0,2.46875,1.2658028734020045E-7,138000.0,87.6,87.6,-342.8571428571425,87.17683557394002,138000.0,273968.0,13.0,7.0,7.0,6.0,0.0,0.0,1.0
139000.0,2.5,1.2883706302899438E-7,139000.0,88.9,88.9,-246.87499999999966,88.61538461538461,139000.0,279152.0,13.0,7.0,7.0,6.0,0.0,0.0,1.0
140000.0,2.5,1.2883706302899438E-7,140000.0,88.0,88.0,-252.94117647058792,87.5776397515528,140000.0,281312.0,13.0,7.0,7.0,6.0,0.0,0.0,1.0
141000.0,2.5,1.2883706302899438E-7,141000.0,86.5,86.49941947503741,-193.47826086956496,85.89341692789968,141000.0,281312.0,13.0,7.0,7.0,6.0,0.0,0.0,1.0
142000.0,2.5,1.2883706302899438E-7,142000.0,87.3,87.29668443463744,-195.34883720930208,86.92070030895984,142000.0,281312.0,13.0,7.0,7.0,6.0,0.0,0.0,1.0
143000.0,2.578125,1.3446073151297025E-7,143000.0,85.7,85.69485014605259,-393.1034482758617,85.40816326530613,143000.0,278248.0,15.0,8.0,8.0,6.0,0.0,0.0,1.0
144000.0,2.578125,1.3446073151297025E-7,144000.0,84.39999999999999,84.39750360057609,-419.99999999999966,84.24242424242424,144000.0,278248.0,15.0,8.0,8.0,6.0,0.0,0.0,1.0
145000.0,2.578125,1.3446073151297025E-7,145000.0,84.2,84.1986252803994,-586.9565217391299,84.15245737211634,145000.0,278248.0,15.0,8.0,8.0,6.0,0.0,0.0,1.0
146000.0,2.625,1.3787160342973125E-7,146000.0,80.30000000000001,80.30000000000001,-556.666666666666,80.30000000000001,146000.0,281272.0,15.0,8.0,8.0,6.0,0.0,0.0,1.0
147000.0,2.640625,1.3914392588453145E-7,147000.0,72.89999999999999,72.89999999999999,-803.3333333333326,72.89999999999999,147000.0,314760.0,15.0,8.0,8.0,6.0,0.0,0.0,1.0
148000.0,2.65625,1.4041624833933165E-7,148000.0,70.8,70.8,-1169.5652173913033,70.8,148000.0,314760.0,15.0,8.0,8.0,6.0,0.0,0.0,1.0
149000.0,2.671875,1.4170079440292367E-7,149000.0,65.0,65.0,-1649.9999999999982,65.0,149000.0,317784.0,15.0,8.0,8.0,6.0,0.0,0.0,1.0
150000.0,2.6875,1.429853404665157E-7,150000.0,71.6,71.6,-992.3076923076915,71.6,150000.0,317784.0,15.0,8.0,8.0,6.0,0.0,0.0,1.0
151000.0,2.71875,1.4555443259369978E-7,151000.0,71.5,71.5,-1087.499999999999,71.5,151000.0,317784.0,15.0,8.0,8.0,6.0,0.0,0.0,1.0
152000.0,2.734375,1.468389786572918E-7,152000.0,83.0,83.0,-359.45945945945914,83.0,152000.0,317784.0,15.0,8.0,8.0,6.0,0.0,0.0,1.0
153000.0,2.75,1.4811637811362724E-7,153000.0,89.1,89.1,-289.2857142857139,89.1,153000.0,316016.0,17.0,9.0,9.0,7.0,0.0,0.0,1.0
154000.0,2.78125,1.5067117702629812E-7,154000.0,90.3,90.3,-223.33333333333297,90.3,154000.0,316016.0,17.0,9.0,9.0,7.0,0.0,0.0,1.0
155000.0,2.796875,1.5194857648263355E-7,155000.0,91.10000000000001,91.10000000000001,-217.8571428571425,91.10000000000001,155000.0,316016.0,17.0,9.0,9.0,7.0,0.0,0.0,1.0
156000.0,2.8125,1.53225975938969E-7,156000.0,89.60000000000001,89.60000000000001,-315.99999999999955,89.60000000000001,156000.0,316016.0,17.0,9.0,9.0,7.0,0.0,0.0,1.0
157000.0,2.84375,1.5578077485163986E-7,157000.0,88.0,88.0,-274.99999999999966,88.0,157000.0,316016.0,17.0,9.0,9.0,7.0,0.0,0.0,1.0
158000.0,2.84375,1.5578077485163986E-7,158000.0,86.7,86.7,-392.59259259259215,86.7,158000.0,316016.0,17.0,9.0,9.0,7.0,0.0,0.0,1.0
159000.0,2.84375,1.5578077485163986E-7,159000.0,77.8,77.8,-454.99999999999943,77.8,159000.0,351624.0,19.0,10.0,10.0,7.0,0.0,0.0,1.0
160000.0,2.890625,1.6004477705185593E-7,160000.0,80.2,80.2,-312.49999999999955,80.2,160000.0,351624.0,19.0,10.0,10.0,7.0,0.0,0.0,1.0
161000.0,2.890625,1.6004477705185593E-7,161000.0,80.5,80.5,-261.11111111111074,80.5,161000.0,388528.0,21.0,11.0,11.0,8.0,0.0,0.0,1.0
162000.0,2.9375,1.6478249259913942E-7,162000.0,79.80000000000001,79.80000000000001,-320.83333333333286,79.80000000000001,162000.0,390688.0,21.0,11.0,11.0,8.0,0.0,0.0,1.0
163000.0,2.953125,1.663617311149006E-7,163000.0,74.2,74.2,-386.79245283018827,74.2,163000.0,390688.0,21.0,11.0,11.0,8.0,0.0,0.0,1.0
164000.0,2.96875,1.6794096963066177E-7,164000.0,78.7,78.7,-249.18032786885212,78.7,164000.0,390688.0,21.0,11.0,11.0,8.0,0.0,0.0,1.0
165000.0,2.984375,1.6952020814642294E-7,165000.0,68.89999999999999,68.89999999999999,-547.9166666666662,68.89999999999999,165000.0,390688.0,21.0,11.0,11.0,8.0,0.0,0.0,1.0
166000.0,2.984375,1.6952020814642294E-7,166000.0,61.7,61.7,-770.4545454545447,61.7,166000.0,424176.0,21.0,11.0,11.0,8.0,0.0,0.0,1.0
167000.0,2.984375,1.6952020814642294E-7,167000.0,75.0,75.0,-481.3953488372088,75.0,167000.0,424176.0,21.0,11.0,11.0,8.0,0.0,0.0,1.0
168000.0,3.0625,1.780932264712948E-7,168000.0,77.9,77.9,-402.2727272727268,77.9,168000.0,424176.0,21.0,11.0,11.0,8.0,0.0,0.0,1.0
169000.0,3.078125,1.7980783013626916E-7,169000.0,76.9,76.9,-579.4117647058818,76.9,169000.0,424176.0,21.0,11.0,11.0,8.0,0.0,0.0,1.0
170000.0,3.109375,1.8352109085147564E-7,170000.0,79.3,79.3,-508.82352941176407,79.3,170000.0,459312.0,25.0,13.0,13.0,10.0,0.0,0.0,1.0
171000.0,3.125,1.8553054865656612E-7,171000.0,86.4,86.4,-248.71794871794842,86.34538152610442,171000.0,497120.0,25.0,13.0,13.0,10.0,0.0,0.0,1.0
172000.0,3.15625,1.8954946426674707E-7,172000.0,81.69999999999999,81.69999999999999,-297.8260869565215,81.30745658835546,172000.0,497120.0,25.0,13.0,13.0,10.0,0.0,0.0,1.0
173000.0,3.15625,1.8954946426674707E-7,173000.0,71.0,71.0,-544.4444444444439,69.97929606625259,173000.0,497120.0,25.0,13.0,13.0,10.0,0.0,0.0,1.0
174000.0,3.15625,1.8954946426674707E-7,174000.0,69.6,69.6,-590.9090909090904,68.78850102669404,174000.0,497120.0,25.0,13.0,13.0,10.0,0.0,0.0,1.0
175000.0,3.203125,1.955778376820185E-7,175000.0,67.7,67.7,-521.1538461538455,66.07142857142857,175000.0,497120.0,25.0,13.0,13.0,10.0,0.0,0.0,1.0
176000.0,3.21875,1.9759602663624603E-7,176000.0,71.7,71.7,-444.23076923076883,70.30430220356769,176000.0,499280.0,25.0,13.0,13.0,10.0,0.0,0.0,1.0
177000.0,3.25,2.0163240454470103E-7,177000.0,75.0,75.0,-399.99999999999955,73.48886532343583,177000.0,499280.0,25.0,13.0,13.0,10.0,0.0,0.0,1.0
178000.0,3.265625,2.0365059349892854E-7,178000.0,64.5,64.5,-582.692307692307,63.136033229491176,178000.0,499280.0,25.0,13.0,13.0,10.0,0.0,0.0,1.0
179000.0,3.28125,2.058162095232141E-7,179000.0,62.9,62.9,-613.4615384615378,62.142857142857146,179000.0,535752.0,27.0,14.0,14.0,10.0,0.0,0.0,1.0
180000.0,3.28125,2.058162095232141E-7,180000.0,70.8,70.8,-579.06976744186,69.98972250770812,180000.0,538776.0,27.0,14.0,14.0,10.0,0.0,0.0,1.0
181000.0,3.28125,2.058162095232141E-7,181000.0,65.7,65.7,-779.4871794871787,64.60268317853458,181000.0,538776.0,27.0,14.0,14.0,10.0,0.0,0.0,1.0
182000.0,3.328125,2.1234972842244623E-7,182000.0,62.0,62.0,-874.3589743589736,61.18488253319714,182000.0,538776.0,27.0,14.0,14.0,10.0,0.0,0.0,1.0
183000.0,3.34375,2.1452756805552361E-7,183000.0,73.2,73.2,-857.1428571428564,72.81947261663286,183000.0,538776.0,27.0,14.0,14.0,10.0,0.0,0.0,1.0
184000.0,3.359375,2.1698105330061566E-7,184000.0,70.5,70.5,-851.6129032258057,70.08113590263692,184000.0,606968.0,31.0,16.0,16.0,10.0,0.0,0.0,1.0
185000.0,3.390625,2.2189112819938181E-7,185000.0,65.4,65.4,-686.3636363636356,65.05050505050505,185000.0,607352.0,33.0,17.0,17.0,10.0,0.0,0.0,1.0
186000.0,3.40625,2.2434616564876488E-7,186000.0,67.80000000000001,67.80000000000001,-747.3684210526307,67.4089068825911,186000.0,607352.0,33.0,17.0,17.0,10.0,0.0,0.0,1.0
187000.0,3.421875,2.2680120309814795E-7,187000.0,70.5,70.5,-697.2972972972966,69.74358974358974,187000.0,607352.0,33.0,17.0,17.0,10.0,0.0,0.0,1.0
188000.0,3.4375,2.29256240547531E-7,188000.0,74.4,74.4,-374.0740740740736,73.8508682328907,188000.0,607352.0,33.0,17.0,17.0,10.0,0.0,0.0,1.0
189000.0,3.453125,2.3171127799691408E-7,189000.0,78.0,78.0,-315.0943396226411,77.45901639344262,189000.0,607352.0,33.0,17.0,17.0,10.0,0.0,0.0,1.0
190000.0,3.46875,2.3416631544629715E-7,190000.0,79.10000000000001,79.10000000000001,-279.9999999999996,78.60798362333675,190000.0,607352.0,33.0,17.0,17.0,10.0,0.0,0.0,1.0
191000.0,3.5,2.390763903450633E-7,191000.0,73.6,73.6,-363.15789473684174,72.8395061728395,191000.0,607352.0,33.0,17.0,17.0,10.0,0.0,0.0,1.0
192000.0,3.515625,2.4181072755406284E-7,192000.0,69.39999999999999,69.39651120227705,-628.571428571428,68.19126819126818,192000.0,676448.0,35.0,18.0,18.0,11.0,0.0,0.0,1.0
193000.0,3.53125,2.445573207094436E-7,193000.0,77.9,77.8995358902537,-513.8888888888883,77.42594484167518,193000.0,679480.0,35.0,18.0,18.0,11.0,0.0,0.0,1.0
194000.0,3.53125,2.445573207094436E-7,194000.0,80.10000000000001,80.09785056786133,-410.2564102564097,79.54779033915726,194000.0,679480.0,35.0,18.0,18.0,11.0,0.0,0.0,1.0
195000.0,3.59375,2.5606342306774507E-7,195000.0,80.0,79.9994599854196,-589.6551724137923,79.44501541623843,195000.0,711624.0,37.0,19.0,19.0,11.0,0.0,0.0,1.0
196000.0,3.609375,2.5895220460370164E-7,196000.0,74.1,74.1,-599.9999999999994,73.43589743589743,196000.0,714656.0,37.0,19.0,19.0,11.0,0.0,0.0,1.0
197000.0,3.625,2.618409861396582E-7,197000.0,70.5,70.5,-851.6129032258057,69.98982706002033,197000.0,714656.0,37.0,19.0,19.0,11.0,0.0,0.0,1.0
198000.0,3.65625,2.6763601150984545E-7,198000.0,74.4,74.4,-725.8064516129025,74.24547283702213,198000.0,716816.0,37.0,19.0,19.0,11.0,0.0,0.0,1.0
199000.0,3.65625,2.6763601150984545E-7,199000.0,72.3,72.3,-823.3333333333326,72.10473313192345,199000.0,718976.0,37.0,19.0,19.0,11.0,0.0,0.0,1.0
200000.0,3.6875,2.7344849917830675E-7,200000.0,75.6,75.6,-662.4999999999993,75.22842639593908,200000.0,718976.0,37.0,19.0,19.0,11.0,0.0,0.0,1.0
201000.0,3.703125,2.763634741616744E-7,201000.0,66.9,66.9,-873.529411764705,66.36178861788619,201000.0,721136.0,37.0,19.0,19.0,11.0,0.0,0.0,1.0
202000.0,3.734375,2.821934241284097E-7,202000.0,73.1,73.1,-691.1764705882346,72.46673490276356,202000.0,721136.0,37.0,19.0,19.0,11.0,0.0,0.0,1.0
203000.0,3.75,2.851083991117774E-7,203000.0,79.5,79.5,-399.9999999999995,78.8877445932029,203000.0,721136.0,37.0,19.0,19.0,11.0,0.0,0.0,1.0
204000.0,3.78125,2.909383490785127E-7,204000.0,83.8,83.8,-276.74418604651135,83.43558282208589,204000.0,721136.0,37.0,19.0,19.0,11.0,0.0,0.0,1.0
205000.0,3.796875,2.9387078636015435E-7,205000.0,82.6,82.6,-334.9999999999997,82.26299694189602,205000.0,725456.0,37.0,19.0,19.0,11.0,0.0,0.0,1.0
206000.0,3.796875,2.9387078636015435E-7,206000.0,85.6,85.6,-323.52941176470557,85.39553752535497,206000.0,725456.0,37.0,19.0,19.0,11.0,0.0,0.0,1.0
207000.0,3.859375,3.0560053548672114E-7,207000.0,83.3,83.3,-438.7096774193544,82.9417773237998,207000.0,725456.0,37.0,19.0,19.0,11.0,0.0,0.0,1.0
208000.0,3.875,3.085329727683628E-7,208000.0,87.5,87.5,-303.2258064516125,87.12667353244078,208000.0,725456.0,37.0,19.0,19.0,11.0,0.0,0.0,1.0
209000.0,3.90625,3.143978473316462E-7,209000.0,89.0,88.97486268692619,-279.3103448275858,88.29787234042554,209000.0,725456.0,37.0,19.0,19.0,11.0,0.0,0.0,1.0
210000.0,3.921875,3.173302846132879E-7,210000.0,77.9,77.8406350613293,-439.02439024390196,77.47196738022426,210000.0,725456.0,37.0,19.0,19.0,11.0,0.0,0.0,1.0
211000.0,3.9375,3.202749778413108E-7,211000.0,77.8,77.76869832724476,-484.21052631578885,77.5530839231547,211000.0,728488.0,37.0,19.0,19.0,11.0,0.0,0.0,1.0
212000.0,3.9375,3.202749778413108E-7,212000.0,66.5,66.34735158679771,-857.1428571428562,65.53497942386831,212000.0,731520.0,37.0,19.0,19.0,11.0,0.0,0.0,1.0
213000.0,3.96875,3.261888761901191E-7,213000.0,67.5,67.39599321836658,-733.3333333333325,66.52935118434604,213000.0,731520.0,37.0,19.0,19.0,11.0,0.0,0.0,1.0
214000.0,3.984375,3.291458253645233E-7,214000.0,78.60000000000001,78.60000000000001,-463.1578947368415,77.89256198347107,214000.0,731520.0,37.0,19.0,19.0,11.0,0.0,0.0,1.0
215000.0,4.015625,3.350734348512356E-7,215000.0,68.8,68.8,-679.9999999999994,67.53381893860562,215000.0,733216.0,39.0,20.0,20.0,11.0,0.0,0.0,1.0
216000.0,4.03125,3.380372395945918E-7,216000.0,68.2,68.2,-863.6363636363626,66.34920634920636,216000.0,733216.0,39.0,20.0,20.0,11.0,0.0,0.0,1.0
217000.0,4.046875,3.4100104433794796E-7,217000.0,73.6,73.6,-528.571428571428,72.26890756302521,217000.0,733216.0,39.0,20.0,20.0,11.0,0.0,0.0,1.0
218000.0,4.0625,3.4396484908130413E-7,218000.0,74.5,74.5,-442.5531914893612,73.01587301587301,218000.0,733216.0,39.0,20.0,20.0,11.0,0.0,0.0,1.0
219000.0,4.09375,3.4989245856801647E-7,219000.0,77.9,77.9,-590.6249999999993,77.09844559585493,219000.0,733216.0,39.0,20.0,20.0,11.0,0.0,0.0,1.0
220000.0,4.109375,3.5285626331137264E-7,220000.0,82.19999999999999,82.19999999999999,-394.4444444444442,81.79959100204498,220000.0,733216.0,39.0,20.0,20.0,11.0,0.0,0.0,1.0
221000.0,4.140625,3.58783872798085E-7,221000.0,88.1,88.1,-183.33333333333306,87.81985670419652,221000.0,733216.0,39.0,20.0,20.0,11.0,0.0,0.0,1.0
222000.0,4.15625,3.6174767754144115E-7,222000.0,87.5,87.5,-160.41666666666643,87.17948717948718,222000.0,733216.0,39.0,20.0,20.0,11.0,0.0,0.0,1.0
223000.0,4.171875,3.647114822847973E-7,223000.0,87.7,87.7,-161.70212765957424,87.52535496957404,223000.0,733216.0,39.0,20.0,20.0,11.0,0.0,0.0,1.0
224000.0,4.171875,3.647114822847973E-7,224000.0,85.8,85.8,-195.83333333333312,85.68548387096774,224000.0,733216.0,39.0,20.0,20.0,11.0,0.0,0.0,1.0
225000.0,4.21875,3.7360289651486583E-7,225000.0,87.1,87.1,-186.66666666666643,87.00906344410876,225000.0,733216.0,39.0,20.0,20.0,11.0,0.0,0.0,1.0
226000.0,4.25,3.795305060015782E-7,226000.0,88.5,88.5,-219.44444444444414,88.37209302325581,226000.0,733216.0,39.0,20.0,20.0,11.0,0.0,0.0,1.0
227000.0,4.265625,3.8249431074493435E-7,227000.0,89.60000000000001,89.60000000000001,-205.88235294117615,89.50554994954591,227000.0,733216.0,39.0,20.0,20.0,11.0,0.0,0.0,1.0
228000.0,4.296875,3.884219202316467E-7,228000.0,87.8,87.8,-238.88888888888857,87.62677484787018,228000.0,733216.0,39.0,20.0,20.0,11.0,0.0,0.0,1.0
229000.0,4.296875,3.884219202316467E-7,229000.0,85.3,85.3,-286.84210526315763,85.09127789046653,229000.0,733216.0,39.0,20.0,20.0,11.0,0.0,0.0,1.0
230000.0,4.296875,3.884219202316467E-7,230000.0,80.30000000000001,80.30000000000001,-369.0476190476185,80.02028397565924,230000.0,733216.0,39.0,20.0,20.0,11.0,0.0,0.0,1.0
231000.0,4.359375,4.0027713920507137E-7,231000.0,82.0,82.0,-282.97872340425505,81.57625383828045,231000.0,733216.0,39.0,20.0,20.0,11.0,0.0,0.0,1.0
232000.0,4.375,4.0324094394842754E-7,232000.0,83.1,83.1,-293.0232558139532,82.64887063655031,232000.0,733216.0,39.0,20.0,20.0,11.0,0.0,0.0,1.0
233000.0,4.40625,4.091685534351399E-7,233000.0,83.0,83.0,-239.99999999999977,82.61758691206543,233000.0,733216.0,39.0,20.0,20.0,11.0,0.0,0.0,1.0
234000.0,4.421875,4.1213235817849605E-7,234000.0,81.6,81.6,-299.9999999999998,81.22448979591836,234000.0,733216.0,39.0,20.0,20.0,11.0,0.0,0.0,1.0
235000.0,4.421875,4.1213235817849605E-7,235000.0,76.5,76.5,-379.5918367346934,75.97137014314929,235000.0,733216.0,39.0,20.0,20.0,11.0,0.0,0.0,1.0
236000.0,4.421875,4.1213235817849605E-7,236000.0,70.5,70.5,-417.5438596491224,69.83640081799591,236000.0,733216.0,39.0,20.0,20.0,11.0,0.0,0.0,1.0
237000.0,4.484375,4.2398757715192073E-7,237000.0,67.80000000000001,67.80000000000001,-543.9999999999993,66.8724279835391,237000.0,733216.0,39.0,20.0,20.0,11.0,0.0,0.0,1.0
238000.0,4.5,4.269513818952769E-7,238000.0,67.5,67.5,-563.2653061224482,66.00418410041841,238000.0,733216.0,39.0,20.0,20.0,11.0,0.0,0.0,1.0
239000.0,4.53125,4.3287899138198924E-7,239000.0,64.3,64.3,-526.3157894736836,61.02620087336245,239000.0,733216.0,39.0,20.0,20.0,11.0,0.0,0.0,1.0
240000.0,4.546875,4.358427961253454E-7,240000.0,62.4,62.4,-583.6363636363631,58.681318681318686,240000.0,733216.0,39.0,20.0,20.0,11.0,0.0,0.0,1.0
241000.0,4.546875,4.358427961253454E-7,241000.0,64.9,64.9,-538.1818181818176,60.956618464961075,241000.0,733216.0,39.0,20.0,20.0,11.0,0.0,0.0,1.0
242000.0,4.59375,4.447342103554139E-7,242000.0,65.5,65.5,-372.60273972602766,61.83628318584071,242000.0,733216.0,39.0,20.0,20.0,11.0,0.0,0.0,1.0
243000.0,4.609375,4.476980150987701E-7,243000.0,62.7,62.7,-410.95890410958935,60.021436227224015,243000.0,733216.0,39.0,20.0,20.0,11.0,0.0,0.0,1.0
244000.0,4.640625,4.5362562458548244E-7,244000.0,64.0,64.0,-437.3134328358213,61.94503171247357,244000.0,733216.0,39.0,20.0,20.0,11.0,0.0,0.0,1.0
245000.0,4.65625,4.565894293288386E-7,245000.0,71.8,71.8,-347.61904761904805,70.53291536050156,245000.0,733216.0,39.0,20.0,20.0,11.0,0.0,0.0,1.0
246000.0,4.671875,4.595532340721948E-7,246000.0,76.2,76.2,-324.9999999999996,74.78813559322035,246000.0,733216.0,39.0,20.0,20.0,11.0,0.0,0.0,1.0
247000.0,4.703125,4.654808435589071E-7,247000.0,71.2,71.2,-539.9999999999995,69.23076923076923,247000.0,733216.0,39.0,20.0,20.0,11.0,0.0,0.0,1.0
248000.0,4.734375,4.7140845304561946E-7,248000.0,70.6,70.6,-487.99999999999955,68.88888888888889,248000.0,733216.0,39.0,20.0,20.0,11.0,0.0,0.0,1.0
249000.0,4.75,4.7438451373535684E-7,249000.0,74.7,74.7,-548.7179487179482,73.6732570239334,249000.0,736248.0,39.0,20.0,20.0,11.0,0.0,0.0,1.0
250000.0,4.765625,4.773605744250943E-7,250000.0,74.1,74.1,-502.3255813953483,73.38129496402878,250000.0,736248.0,39.0,20.0,20.0,11.0,0.0,0.0,1.0
251000.0,4.765625,4.773605744250943E-7,251000.0,72.89999999999999,72.89999999999999,-530.2325581395344,72.00413223140497,251000.0,736248.0,39.0,20.0,20.0,11.0,0.0,0.0,1.0
252000.0,4.796875,4.833126958045691E-7,252000.0,68.2,68.2,-675.6097560975602,67.55102040816327,252000.0,736248.0,39.0,20.0,20.0,11.0,0.0,0.0,1.0
253000.0,4.828125,4.892822794823179E-7,253000.0,72.1,72.08771859618231,-548.837209302325,70.81589958158996,253000.0,738408.0,39.0,20.0,20.0,11.0,0.0,0.0,1.0
254000.0,4.859375,4.952518631600668E-7,254000.0,69.69999999999999,69.6978788515196,-621.4285714285709,69.39393939393939,254000.0,738408.0,39.0,20.0,20.0,11.0,0.0,0.0,1.0
255000.0,4.890625,5.012459587305781E-7,255000.0,71.89999999999999,71.89999999999999,-751.5151515151508,71.75879396984925,255000.0,741440.0,39.0,20.0,20.0,11.0,0.0,0.0,1.0
256000.0,4.890625,5.012459587305781E-7,256000.0,79.80000000000001,79.80000000000001,-369.7674418604646,79.61654894046418,256000.0,741440.0,39.0,20.0,20.0,11.0,0.0,0.0,1.0
257000.0,4.921875,5.072400543010894E-7,257000.0,72.7,72.7,-565.8536585365848,72.7,257000.0,741440.0,39.0,20.0,20.0,11.0,0.0,0.0,1.0
258000.0,4.921875,5.072400543010894E-7,258000.0,80.9,80.9,-430.5555555555549,80.9,258000.0,744472.0,39.0,20.0,20.0,11.0,0.0,0.0,1.0
259000.0,4.96875,5.16267965496E-7,259000.0,82.1,82.1,-358.97435897435867,82.06412825651303,259000.0,744472.0,39.0,20.0,20.0,11.0,0.0,0.0,1.0
260000.0,4.96875,5.16267965496E-7,260000.0,76.3,76.29744012353335,-364.7058823529407,75.64234326824256,260000.0,744472.0,39.0,20.0,20.0,11.0,0.0,0.0,1.0
261000.0,5.0,5.222865729592738E-7,261000.0,73.4,73.39776541229463,-504.54545454545405,72.82941777323799,261000.0,744472.0,39.0,20.0,20.0,11.0,0.0,0.0,1.0
262000.0,5.0,5.222865729592738E-7,262000.0,69.19999999999999,69.19482473055473,-528.5714285714281,67.37288135593221,262000.0,776192.0,41.0,21.0,21.0,11.0,0.0,0.0,1.0
263000.0,5.0,5.222865729592738E-7,263000.0,75.5,75.5,-295.16129032258027,74.4258872651357,263000.0,776192.0,41.0,21.0,21.0,11.0,0.0,0.0,1.0
264000.0,5.0,5.222865729592738E-7,264000.0,75.4,75.4,-215.38461538461556,73.23177366702937,264000.0,782248.0,41.0,21.0,21.0,11.0,0.0,0.0,1.0
265000.0,5.046875,5.317725784455734E-7,265000.0,72.39999999999999,72.39999999999999,-206.66666666666677,70.44967880085653,265000.0,782248.0,41.0,21.0,21.0,11.0,0.0,0.0,1.0
266000.0,5.078125,5.380965821031064E-7,266000.0,76.6,76.6,-244.11764705882376,75.92592592592592,266000.0,782248.0,41.0,21.0,21.0,11.0,0.0,0.0,1.0
267000.0,5.125,5.475825875894061E-7,267000.0,82.1,82.1,-159.42028985507272,81.79043743641911,267000.0,782248.0,41.0,21.0,21.0,11.0,0.0,0.0,1.0
268000.0,5.140625,5.507445894181726E-7,268000.0,85.1,85.1,-192.1568627450978,84.78038815117466,268000.0,782248.0,41.0,21.0,21.0,11.0,0.0,0.0,1.0
269000.0,5.140625,5.507445894181726E-7,269000.0,80.80000000000001,80.80000000000001,-200.00000000000017,80.52738336713996,269000.0,782248.0,41.0,21.0,21.0,11.0,0.0,0.0,1.0
270000.0,5.140625,5.507445894181726E-7,270000.0,75.1,75.1,-283.0769230769234,74.82305358948432,270000.0,817424.0,43.0,22.0,22.0,11.0,0.0,0.0,1.0
271000.0,5.203125,5.639613502555421E-7,271000.0,75.9,75.9,-270.76923076923106,75.5578093306288,271000.0,817424.0,43.0,22.0,22.0,11.0,0.0,0.0,1.0
272000.0,5.203125,5.639613502555421E-7,272000.0,72.5,72.5,-391.07142857142816,71.64948453608247,272000.0,817424.0,43.0,22.0,22.0,11.0,0.0,0.0,1.0
273000.0,5.203125,5.639613502555421E-7,273000.0,68.0,68.0,-407.9365079365083,66.42182581322142,273000.0,853032.0,45.0,23.0,23.0,11.0,0.0,0.0,1.0
274000.0,5.25,5.74305724714779E-7,274000.0,69.0,69.0,-545.8333333333328,66.59482758620689,274000.0,853032.0,45.0,23.0,23.0,11.0,0.0,0.0,1.0
275000.0,5.296875,5.846500991740159E-7,275000.0,73.2,73.2,-470.2127659574463,71.36752136752136,275000.0,853032.0,45.0,23.0,23.0,11.0,0.0,0.0,1.0
276000.0,5.296875,5.846500991740159E-7,276000.0,70.3,70.3,-607.1428571428565,68.47133757961782,276000.0,853032.0,45.0,23.0,23.0,11.0,0.0,0.0,1.0
277000.0,5.328125,5.918027858974203E-7,277000.0,70.39999999999999,70.39999999999999,-469.23076923076883,69.9492385786802,277000.0,884752.0,47.0,24.0,24.0,11.0,0.0,0.0,1.0
278000.0,5.359375,5.989973821366825E-7,278000.0,71.2,71.2,-475.99999999999955,70.61224489795917,278000.0,889936.0,47.0,24.0,24.0,11.0,0.0,0.0,1.0
279000.0,5.375,6.025946802563136E-7,279000.0,72.89999999999999,72.89999999999999,-489.13043478260823,72.48730964467005,279000.0,889936.0,47.0,24.0,24.0,11.0,0.0,0.0,1.0
280000.0,5.40625,6.097892764955757E-7,280000.0,66.5,66.5,-597.916666666666,66.16161616161617,280000.0,889936.0,47.0,24.0,24.0,11.0,0.0,0.0,1.0
281000.0,5.4375,6.169838727348378E-7,281000.0,67.7,67.7,-687.8048780487796,67.43951612903226,281000.0,889936.0,47.0,24.0,24.0,11.0,0.0,0.0,1.0
282000.0,5.453125,6.20581170854469E-7,282000.0,67.2,67.2,-555.9999999999993,66.39344262295083,282000.0,889936.0,47.0,24.0,24.0,11.0,0.0,0.0,1.0
283000.0,5.484375,6.277757670937311E-7,283000.0,66.60000000000001,66.60000000000001,-695.2380952380945,65.6731757451182,283000.0,889936.0,47.0,24.0,24.0,11.0,0.0,0.0,1.0
284000.0,5.5,6.313730652133622E-7,284000.0,64.4,64.4,-727.9069767441853,63.33676622039135,284000.0,889936.0,47.0,24.0,24.0,11.0,0.0,0.0,1.0
285000.0,5.5,6.313730652133622E-7,285000.0,63.7,63.7,-785.3658536585358,63.33333333333333,285000.0,889936.0,47.0,24.0,24.0,11.0,0.0,0.0,1.0
286000.0,5.546875,6.421649595722555E-7,286000.0,68.30000000000001,68.30000000000001,-637.2093023255807,68.07653575025176,286000.0,889936.0,47.0,24.0,24.0,11.0,0.0,0.0,1.0
287000.0,5.5625,6.457709888410236E-7,287000.0,67.30000000000001,67.30000000000001,-610.8695652173906,67.16867469879519,287000.0,892096.0,47.0,24.0,24.0,11.0,0.0,0.0,1.0
288000.0,5.59375,6.529830473785598E-7,288000.0,64.5,64.5,-624.4897959183667,64.42885771543087,288000.0,892096.0,47.0,24.0,24.0,11.0,0.0,0.0,1.0
289000.0,5.609375,6.56589076647328E-7,289000.0,67.4,67.4,-757.8947368421044,67.4,289000.0,892096.0,47.0,24.0,24.0,11.0,0.0,0.0,1.0
290000.0,5.609375,6.56589076647328E-7,290000.0,65.9,65.9,-625.5319148936163,65.9,290000.0,895128.0,47.0,24.0,24.0,11.0,0.0,0.0,1.0
291000.0,5.65625,6.67443932292776E-7,291000.0,68.5,68.5,-517.6470588235287,68.24596774193549,291000.0,895128.0,47.0,24.0,24.0,11.0,0.0,0.0,1.0
292000.0,5.671875,6.710622175079253E-7,292000.0,71.7,71.7,-433.962264150943,71.47177419354838,292000.0,895128.0,47.0,24.0,24.0,11.0,0.0,0.0,1.0
293000.0,5.703125,6.78298787938224E-7,293000.0,72.3,72.3,-575.6097560975604,72.10473313192345,293000.0,895128.0,47.0,24.0,24.0,11.0,0.0,0.0,1.0
294000.0,5.71875,6.819170731533733E-7,294000.0,67.30000000000001,67.30000000000001,-660.465116279069,66.90283400809717,294000.0,895128.0,47.0,24.0,24.0,11.0,0.0,0.0,1.0
295000.0,5.734375,6.855440895176596E-7,295000.0,70.5,70.5,-586.0465116279064,70.4112337011033,295000.0,897288.0,47.0,24.0,24.0,11.0,0.0,0.0,1.0
296000.0,5.765625,6.927981222462323E-7,296000.0,64.4,64.4,-691.1111111111103,64.4,296000.0,897288.0,47.0,24.0,24.0,11.0,0.0,0.0,1.0
297000.0,5.78125,6.964251386105186E-7,297000.0,67.30000000000001,67.30000000000001,-697.5609756097552,67.30000000000001,297000.0,897288.0,47.0,24.0,24.0,11.0,0.0,0.0,1.0
298000.0,5.828125,7.073061877033776E-7,298000.0,66.9,66.9,-794.5945945945937,66.9,298000.0,897288.0,47.0,24.0,24.0,11.0,0.0,0.0,1.0
299000.0,5.84375,7.10933204067664E-7,299000.0,66.8,66.8,-690.4761904761897,66.8,299000.0,897288.0,47.0,24.0,24.0,11.0,0.0,0.0,1.0
300000.0,5.859375,7.145602204319503E-7,300000.0,70.8,70.8,-563.6363636363632,70.8,300000.0,897288.0,47.0,24.0,24.0,11.0,0.0,0.0,1.0
301000.0,5.859375,7.145602204319503E-7,301000.0,64.2,64.2,-752.3809523809516,64.2,301000.0,897288.0,47.0,24.0,24.0,11.0,0.0,0.0,1.0
302000.0,5.90625,7.254412695248093E-7,302000.0,70.5,70.5,-767.6470588235287,70.5,302000.0,897288.0,47.0,24.0,24.0,11.0,0.0,0.0,1.0
303000.0,5.9375,7.32695302253382E-7,303000.0,69.1,69.1,-672.4999999999994,69.1,303000.0,897288.0,47.0,24.0,24.0,11.0,0.0,0.0,1.0
304000.0,5.953125,7.363223186176683E-7,304000.0,70.6,70.6,-583.7209302325576,70.6,304000.0,897288.0,47.0,24.0,24.0,11.0,0.0,0.0,1.0
305000.0,5.96875,7.399493349819546E-7,305000.0,72.6,72.6,-495.65217391304304,72.6,305000.0,897288.0,47.0,24.0,24.0,11.0,0.0,0.0,1.0
306000.0,5.96875,7.399493349819546E-7,306000.0,72.39999999999999,72.3966876025123,-401.8181818181814,71.97969543147208,306000.0,899448.0,47.0,24.0,24.0,11.0,0.0,0.0,1.0
307000.0,5.96875,7.399493349819546E-7,307000.0,70.1,70.0949759559606,-390.16393442622916,69.67545638945232,307000.0,899448.0,47.0,24.0,24.0,11.0,0.0,0.0,1.0
308000.0,6.03125,7.544923250356481E-7,308000.0,63.800000000000004,63.79920358247881,-596.1538461538455,62.985685071574636,308000.0,899448.0,47.0,24.0,24.0,11.0,0.0,0.0,1.0
309000.0,6.0625,7.617638200624948E-7,309000.0,63.0,63.0,-704.3478260869558,62.244897959183675,309000.0,899448.0,47.0,24.0,24.0,11.0,0.0,0.0,1.0
310000.0,6.078125,7.653995675759182E-7,310000.0,67.30000000000001,67.30000000000001,-595.7446808510631,66.63265306122449,310000.0,899448.0,47.0,24.0,24.0,11.0,0.0,0.0,1.0
311000.0,6.09375,7.690353150893415E-7,311000.0,70.89999999999999,70.89999999999999,-576.7441860465111,70.06172839506173,311000.0,899448.0,47.0,24.0,24.0,11.0,0.0,0.0,1.0
312000.0,6.109375,7.726710626027648E-7,312000.0,69.6,69.6,-575.555555555555,68.33333333333333,312000.0,899448.0,47.0,24.0,24.0,11.0,0.0,0.0,1.0
313000.0,6.140625,7.799425576296116E-7,313000.0,81.3,81.3,-334.8837209302323,80.62176165803108,313000.0,899448.0,47.0,24.0,24.0,11.0,0.0,0.0,1.0
314000.0,6.15625,7.835783051430349E-7,314000.0,71.89999999999999,71.89999999999999,-510.86956521739086,71.20901639344261,314000.0,899448.0,47.0,24.0,24.0,11.0,0.0,0.0,1.0
315000.0,6.171875,7.873579872668616E-7,315000.0,69.0,69.0,-573.9130434782604,68.13977389516957,315000.0,935056.0,49.0,25.0,25.0,11.0,0.0,0.0,1.0
316000.0,6.21875,7.986970336383414E-7,316000.0,74.2,74.2,-426.5306122448975,73.34710743801652,316000.0,935056.0,49.0,25.0,25.0,11.0,0.0,0.0,1.0
317000.0,6.234375,8.026258890620535E-7,317000.0,78.8,78.8,-542.4242424242418,78.58585858585859,317000.0,971960.0,51.0,26.0,26.0,11.0,0.0,0.0,1.0
318000.0,6.265625,8.104835999094776E-7,318000.0,79.7,79.7,-515.1515151515146,79.17948717948718,318000.0,971960.0,51.0,26.0,26.0,11.0,0.0,0.0,1.0
319000.0,6.296875,8.183587730551758E-7,319000.0,75.3,75.3,-626.4705882352935,74.79591836734694,319000.0,974120.0,51.0,26.0,26.0,11.0,0.0,0.0,1.0
320000.0,6.3125,8.222963596280248E-7,320000.0,72.2,72.19952739196566,-796.7741935483864,71.71922685656155,320000.0,974120.0,51.0,26.0,26.0,11.0,0.0,0.0,1.0
321000.0,6.34375,8.30171532773723E-7,321000.0,73.7,73.69921097632928,-951.9999999999991,73.2994923857868,321000.0,974120.0,51.0,26.0,26.0,11.0,0.0,0.0,1.0
322000.0,6.359375,8.34109119346572E-7,322000.0,73.2,73.2,-824.137931034482,72.48459958932239,322000.0,974120.0,51.0,26.0,26.0,11.0,0.0,0.0,1.0
323000.0,6.390625,8.419842924922702E-7,323000.0,76.8,76.8,-728.5714285714278,76.37474541751527,323000.0,974120.0,51.0,26.0,26.0,11.0,0.0,0.0,1.0
324000.0,6.4375,8.537970522108175E-7,324000.0,67.80000000000001,67.80000000000001,-685.3658536585358,66.52806652806653,324000.0,974120.0,51.0,26.0,26.0,11.0,0.0,0.0,1.0
325000.0,6.46875,8.616200324872299E-7,325000.0,76.2,76.2,-579.9999999999993,75.63971340839304,325000.0,967664.0,53.0,27.0,27.0,11.0,0.0,0.0,1.0
326000.0,6.5,8.694430127636424E-7,326000.0,72.39999999999999,72.39999999999999,-557.1428571428565,71.77914110429448,326000.0,967664.0,53.0,27.0,27.0,11.0,0.0,0.0,1.0
327000.0,6.53125,8.775680908001958E-7,327000.0,75.0,75.0,-455.5555555555551,73.79454926624737,327000.0,1005032.0,55.0,28.0,28.0,11.0,0.0,0.0,1.0
328000.0,6.5625,8.856931688367492E-7,328000.0,76.1,76.1,-419.56521739130386,75.53735926305015,328000.0,1005032.0,55.0,28.0,28.0,11.0,0.0,0.0,1.0
329000.0,6.578125,8.897557078550259E-7,329000.0,78.2,78.2,-296.3636363636359,77.12486883525709,329000.0,1005032.0,55.0,28.0,28.0,11.0,0.0,0.0,1.0
330000.0,6.609375,8.978807858915792E-7,330000.0,78.10000000000001,78.10000000000001,-409.3023255813948,77.7439024390244,330000.0,1005032.0,55.0,28.0,28.0,11.0,0.0,0.0,1.0
331000.0,6.625,9.019433249098559E-7,331000.0,78.3,78.3,-333.99999999999955,77.4896265560166,331000.0,1005032.0,55.0,28.0,28.0,11.0,0.0,0.0,1.0
332000.0,6.625,9.019433249098559E-7,332000.0,77.2,77.2,-385.10638297872293,76.73469387755102,332000.0,1007192.0,55.0,28.0,28.0,11.0,0.0,0.0,1.0
333000.0,6.640625,9.060145950772696E-7,333000.0,75.8,75.8,-404.1666666666662,75.38148524923703,333000.0,1007192.0,55.0,28.0,28.0,11.0,0.0,0.0,1.0
334000.0,6.671875,9.14157135412097E-7,334000.0,75.6,75.6,-378.43137254901916,74.8971193415638,334000.0,1007192.0,55.0,28.0,28.0,11.0,0.0,0.0,1.0
335000.0,6.6875,9.182284055795107E-7,335000.0,80.2,80.2,-382.9268292682921,79.85757884028484,335000.0,1007192.0,55.0,28.0,28.0,11.0,0.0,0.0,1.0
336000.0,6.71875,9.263709459143381E-7,336000.0,71.7,71.7,-515.2173913043473,70.97435897435898,336000.0,1007192.0,55.0,28.0,28.0,11.0,0.0,0.0,1.0
337000.0,6.734375,9.30454472028133E-7,337000.0,73.6,73.6,-449.99999999999955,73.33333333333333,337000.0,1010224.0,55.0,28.0,28.0,11.0,0.0,0.0,1.0
338000.0,6.765625,9.386389865539968E-7,338000.0,70.19999999999999,70.19999999999999,-451.85185185185145,69.77687626774848,338000.0,1012384.0,55.0,28.0,28.0,11.0,0.0,0.0,1.0
339000.0,6.78125,9.427312438169287E-7,339000.0,68.89999999999999,68.89999999999999,-561.702127659574,68.74371859296483,339000.0,1012384.0,55.0,28.0,28.0,11.0,0.0,0.0,1.0
340000.0,6.8125,9.509157583427925E-7,340000.0,68.60000000000001,68.60000000000001,-597.777777777777,68.37865055387714,340000.0,1012384.0,55.0,28.0,28.0,11.0,0.0,0.0,1.0
341000.0,6.8125,9.509157583427925E-7,341000.0,70.19999999999999,70.19999999999999,-534.0425531914889,69.59183673469387,341000.0,1012384.0,55.0,28.0,28.0,11.0,0.0,0.0,1.0
342000.0,6.859375,9.631925301315882E-7,342000.0,72.1,72.1,-493.6170212765953,71.98795180722891,342000.0,1012384.0,55.0,28.0,28.0,11.0,0.0,0.0,1.0
343000.0,6.890625,9.71377044657452E-7,343000.0,73.5,73.5,-502.2727272727268,73.23232323232322,343000.0,1012384.0,55.0,28.0,28.0,11.0,0.0,0.0,1.0
344000.0,6.921875,9.795615591833158E-7,344000.0,74.4,74.4,-495.3488372093018,74.01015228426397,344000.0,1012384.0,55.0,28.0,28.0,11.0,0.0,0.0,1.0
345000.0,6.9375,9.83634510905378E-7,345000.0,66.60000000000001,66.60000000000001,-610.6382978723398,65.8835546475996,345000.0,1007608.0,57.0,29.0,29.0,11.0,0.0,0.0,1.0
346000.0,6.984375,9.963275644824733E-7,346000.0,69.89999999999999,69.89999999999999,-437.49999999999966,68.74350986500518,346000.0,1046712.0,57.0,29.0,29.0,11.0,0.0,0.0,1.0
347000.0,6.984375,9.963275644824733E-7,347000.0,67.80000000000001,67.80000000000001,-519.2307692307686,66.83831101956747,347000.0,1046712.0,57.0,29.0,29.0,11.0,0.0,0.0,1.0
348000.0,7.03125,1.0090206180595685E-6,348000.0,66.60000000000001,66.60000000000001,-595.8333333333327,65.8835546475996,348000.0,1046712.0,57.0,29.0,29.0,11.0,0.0,0.0,1.0
349000.0,7.046875,1.0132516359186001E-6,349000.0,61.6,61.6,-793.0232558139527,60.41237113402062,349000.0,1046712.0,57.0,29.0,29.0,11.0,0.0,0.0,1.0
350000.0,7.0625,1.0174826537776318E-6,350000.0,61.6,61.6,-734.7826086956514,60.24844720496895,350000.0,1046712.0,57.0,29.0,29.0,11.0,0.0,0.0,1.0
351000.0,7.09375,1.0259479879298138E-6,351000.0,63.0,63.0,-899.9999999999991,62.398373983739845,351000.0,1047120.0,59.0,30.0,30.0,11.0,0.0,0.0,1.0
352000.0,7.109375,1.0303264975340824E-6,352000.0,56.89999999999999,56.89999999999999,-1005.1282051282042,55.475206611570236,352000.0,1083200.0,59.0,30.0,30.0,11.0,0.0,0.0,1.0
353000.0,7.109375,1.0303264975340824E-6,353000.0,56.00000000000001,56.00000000000001,-899.999999999999,54.02298850574713,353000.0,1083200.0,59.0,30.0,30.0,11.0,0.0,0.0,1.0
354000.0,7.140625,1.0390835167426197E-6,354000.0,53.0,53.0,-1019.0476190476179,51.496388028895765,354000.0,1083200.0,59.0,30.0,30.0,11.0,0.0,0.0,1.0
355000.0,7.171875,1.047857998249431E-6,355000.0,60.099999999999994,60.099999999999994,-748.9361702127653,58.56697819314641,355000.0,1085360.0,59.0,30.0,30.0,11.0,0.0,0.0,1.0
356000.0,7.203125,1.0566324797562422E-6,356000.0,64.60000000000001,64.60000000000001,-1120.6896551724126,63.91437308868502,356000.0,1085360.0,59.0,30.0,30.0,11.0,0.0,0.0,1.0
357000.0,7.234375,1.0654069612630534E-6,357000.0,59.9,59.9,-1115.151515151514,59.617321248741185,357000.0,1085360.0,59.0,30.0,30.0,11.0,0.0,0.0,1.0
358000.0,7.25,1.069794202016459E-6,358000.0,63.3,63.3,-865.7894736842097,62.929292929292934,358000.0,1085360.0,59.0,30.0,30.0,11.0,0.0,0.0,1.0
359000.0,7.28125,1.0785686835232702E-6,359000.0,69.6,69.6,-606.976744186046,69.29292929292929,359000.0,1085360.0,59.0,30.0,30.0,11.0,0.0,0.0,1.0
360000.0,7.3125,1.0873431650300815E-6,360000.0,69.89999999999999,69.89999999999999,-599.9999999999994,69.06474820143885,360000.0,1085360.0,59.0,30.0,30.0,11.0,0.0,0.0,1.0
361000.0,7.34375,1.0961176465368927E-6,361000.0,77.10000000000001,77.10000000000001,-502.63157894736787,76.7983789260385,361000.0,1085360.0,59.0,30.0,30.0,11.0,0.0,0.0,1.0
362000.0,7.359375,1.1005048872902982E-6,362000.0,81.5,81.5,-537.9310344827583,81.33198789101917,362000.0,1085360.0,59.0,30.0,30.0,11.0,0.0,0.0,1.0
363000.0,7.390625,1.1092793687971095E-6,363000.0,77.2,77.2,-570.588235294117,76.68711656441718,363000.0,1085360.0,59.0,30.0,30.0,11.0,0.0,0.0,1.0
364000.0,7.390625,1.1092793687971095E-6,364000.0,77.7,77.7,-575.7575757575751,77.29124236252545,364000.0,1085360.0,59.0,30.0,30.0,11.0,0.0,0.0,1.0
365000.0,7.4375,1.1224410910573263E-6,365000.0,78.4,78.4,-426.8292682926824,78.15975733063702,365000.0,1085360.0,59.0,30.0,30.0,11.0,0.0,0.0,1.0
366000.0,7.46875,1.1312155725641375E-6,366000.0,75.6,75.6,-509.99999999999943,75.30364372469636,366000.0,1085360.0,59.0,30.0,30.0,11.0,0.0,0.0,1.0
367000.0,7.484375,1.135602813317543E-6,367000.0,69.5,69.5,-563.043478260869,69.0040650406504,367000.0,1085360.0,59.0,30.0,30.0,11.0,0.0,0.0,1.0
368000.0,7.5,1.1399900540709486E-6,368000.0,62.1,62.1,-871.794871794871,61.600810536980745,368000.0,1085360.0,59.0,30.0,30.0,11.0,0.0,0.0,1.0
369000.0,7.5,1.1399900540709486E-6,369000.0,58.4,58.4,-824.4444444444437,57.89473684210525,369000.0,1085360.0,59.0,30.0,30.0,11.0,0.0,0.0,1.0
370000.0,7.5625,1.157573941681119E-6,370000.0,58.3,58.3,-733.9999999999993,57.230769230769226,370000.0,1087520.0,59.0,30.0,30.0,11.0,0.0,0.0,1.0
371000.0,7.59375,1.1663658854862043E-6,371000.0,57.3,57.3,-636.2068965517236,56.38406537282942,371000.0,1087520.0,59.0,30.0,30.0,11.0,0.0,0.0,1.0
372000.0,7.625,1.1751578292912896E-6,372000.0,61.3,61.3,-630.1886792452824,60.30769230769231,372000.0,1087520.0,59.0,30.0,30.0,11.0,0.0,0.0,1.0
373000.0,7.640625,1.1795538011938322E-6,373000.0,66.4,66.4,-599.9999999999993,65.60900716479019,373000.0,1087520.0,59.0,30.0,30.0,11.0,0.0,0.0,1.0
374000.0,7.671875,1.1883457449989174E-6,374000.0,69.69999999999999,69.69999999999999,-494.1176470588231,69.1131498470948,374000.0,1087520.0,59.0,30.0,30.0,11.0,0.0,0.0,1.0
375000.0,7.6875,1.19274171690146E-6,375000.0,77.8,77.8,-441.46341463414575,77.39307535641548,375000.0,1087520.0,59.0,30.0,30.0,11.0,0.0,0.0,1.0
376000.0,7.71875,1.2015336607065453E-6,376000.0,70.6,70.6,-454.71698113207503,69.84615384615384,376000.0,1087520.0,59.0,30.0,30.0,11.0,0.0,0.0,1.0
377000.0,7.75,1.2105471169989957E-6,377000.0,76.4,76.4,-555.5555555555549,76.13751263902932,377000.0,1114920.0,61.0,31.0,31.0,11.0,0.0,0.0,1.0
378000.0,7.78125,1.219560573291446E-6,378000.0,73.0,73.0,-486.9565217391299,72.50509164969449,378000.0,1114920.0,61.0,31.0,31.0,11.0,0.0,0.0,1.0
379000.0,7.796875,1.2240673014376712E-6,379000.0,79.5,79.5,-561.2903225806444,79.22998986828775,379000.0,1114920.0,61.0,31.0,31.0,11.0,0.0,0.0,1.0
380000.0,7.828125,1.2330807577301215E-6,380000.0,74.6,74.6,-519.5121951219508,74.02862985685071,380000.0,1114920.0,61.0,31.0,31.0,11.0,0.0,0.0,1.0
381000.0,7.84375,1.2375874858763467E-6,381000.0,79.2,79.2,-593.3333333333326,78.92603850050659,381000.0,1114920.0,61.0,31.0,31.0,11.0,0.0,0.0,1.0
382000.0,7.84375,1.2375874858763467E-6,382000.0,68.8,68.8,-743.2432432432427,68.06550665301944,382000.0,1114920.0,61.0,31.0,31.0,11.0,0.0,0.0,1.0
383000.0,7.890625,1.2511076703150224E-6,383000.0,72.89999999999999,72.89999999999999,-867.857142857142,72.62626262626263,383000.0,1114920.0,61.0,31.0,31.0,11.0,0.0,0.0,1.0
384000.0,7.921875,1.2601211266074728E-6,384000.0,64.5,64.5,-725.5813953488365,63.589743589743584,384000.0,1114920.0,61.0,31.0,31.0,11.0,0.0,0.0,1.0
385000.0,7.953125,1.2691590947926855E-6,385000.0,72.3,72.3,-714.7058823529405,71.84959349593495,385000.0,1117952.0,61.0,31.0,31.0,11.0,0.0,0.0,1.0
386000.0,7.96875,1.273678078885292E-6,386000.0,64.1,64.1,-754.7619047619039,62.72066458982347,386000.0,1117952.0,61.0,31.0,31.0,11.0,0.0,0.0,1.0
387000.0,7.96875,1.273678078885292E-6,387000.0,71.8,71.8,-683.3333333333327,71.10655737704917,387000.0,1117952.0,61.0,31.0,31.0,11.0,0.0,0.0,1.0
388000.0,8.03125,1.2917540152557178E-6,388000.0,61.8,61.8,-932.4324324324316,60.65911431513903,388000.0,1117952.0,61.0,31.0,31.0,11.0,0.0,0.0,1.0
389000.0,8.046875,1.2962729993483243E-6,389000.0,68.5,68.5,-826.4705882352931,67.65913757700206,389000.0,1117952.0,61.0,31.0,31.0,11.0,0.0,0.0,1.0
390000.0,8.078125,1.305310967533537E-6,390000.0,66.8,66.8,-822.2222222222213,66.29441624365484,390000.0,1117952.0,61.0,31.0,31.0,11.0,0.0,0.0,1.0
391000.0,8.078125,1.305310967533537E-6,391000.0,70.89999999999999,70.89999999999999,-592.8571428571423,70.09249743062692,391000.0,1124008.0,61.0,31.0,31.0,11.0,0.0,0.0,1.0
392000.0,8.125,1.3189413584768756E-6,392000.0,64.5,64.5,-624.4897959183667,64.28571428571429,392000.0,1124008.0,61.0,31.0,31.0,11.0,0.0,0.0,1.0
393000.0,8.15625,1.3280282857724346E-6,393000.0,67.80000000000001,67.80000000000001,-685.3658536585358,67.44186046511629,393000.0,1124008.0,61.0,31.0,31.0,11.0,0.0,0.0,1.0
394000.0,8.1875,1.3371152130679936E-6,394000.0,64.9,64.9,-735.714285714285,64.68812877263582,394000.0,1124008.0,61.0,31.0,31.0,11.0,0.0,0.0,1.0
395000.0,8.203125,1.3416586767157731E-6,395000.0,58.8,58.8,-880.9523809523802,58.2995951417004,395000.0,1124008.0,61.0,31.0,31.0,11.0,0.0,0.0,1.0
396000.0,8.21875,1.3462021403635527E-6,396000.0,58.099999999999994,58.099999999999994,-1032.4324324324316,57.804632426988924,396000.0,1124008.0,61.0,31.0,31.0,11.0,0.0,0.0,1.0
397000.0,8.25,1.3552890676591117E-6,397000.0,57.49999999999999,57.49999999999999,-844.4444444444438,56.72097759674134,397000.0,1124008.0,61.0,31.0,31.0,11.0,0.0,0.0,1.0
398000.0,8.28125,1.3643759949546707E-6,398000.0,63.7,63.7,-764.2857142857135,63.072227873855546,398000.0,1124008.0,61.0,31.0,31.0,11.0,0.0,0.0,1.0
399000.0,8.3125,1.3734629222502297E-6,399000.0,65.0,65.0,-644.6808510638291,63.76811594202899,399000.0,1124008.0,61.0,31.0,31.0,11.0,0.0,0.0,1.0
400000.0,8.328125,1.3780063858980092E-6,400000.0,66.2,66.2,-651.1111111111104,65.51020408163265,400000.0,1124008.0,61.0,31.0,31.0,11.0,0.0,0.0,1.0
401000.0,8.359375,1.3870933131935682E-6,401000.0,63.0,63.0,-824.9999999999991,61.855670103092784,401000.0,1124008.0,61.0,31.0,31.0,11.0,0.0,0.0,1.0
402000.0,8.390625,1.3961802404891272E-6,402000.0,62.3,62.3,-639.2156862745092,60.729166666666664,402000.0,1124008.0,61.0,31.0,31.0,11.0,0.0,0.0,1.0
403000.0,8.40625,1.4007359600832879E-6,403000.0,63.0,63.0,-549.1228070175433,61.09358569926393,403000.0,1127040.0,61.0,31.0,31.0,11.0,0.0,0.0,1.0
404000.0,8.421875,1.4052916796774486E-6,404000.0,63.4,63.4,-463.07692307692355,62.072538860103634,404000.0,1127040.0,61.0,31.0,31.0,11.0,0.0,0.0,1.0
405000.0,8.453125,1.41440311886577E-6,405000.0,62.2,62.2,-655.9999999999993,60.252365930599375,405000.0,1127040.0,61.0,31.0,31.0,11.0,0.0,0.0,1.0
406000.0,8.484375,1.4235145580540914E-6,406000.0,67.5,67.5,-577.0833333333327,66.39089968976215,406000.0,1127040.0,61.0,31.0,31.0,11.0,0.0,0.0,1.0
407000.0,8.515625,1.4326259972424128E-6,407000.0,65.2,65.2,-610.2040816326523,63.29113924050633,407000.0,1127040.0,61.0,31.0,31.0,11.0,0.0,0.0,1.0
408000.0,8.53125,1.4371817168365735E-6,408000.0,72.7,72.7,-599.9999999999994,71.97125256673512,408000.0,1127040.0,61.0,31.0,31.0,11.0,0.0,0.0,1.0
409000.0,8.53125,1.4371817168365735E-6,409000.0,74.6,74.6,-568.4210526315784,73.43096234309623,409000.0,1127040.0,61.0,31.0,31.0,11.0,0.0,0.0,1.0
410000.0,8.578125,1.4508488756190556E-6,410000.0,70.6,70.6,-568.1818181818177,70.0,410000.0,1127040.0,61.0,31.0,31.0,11.0,0.0,0.0,1.0
411000.0,8.59375,1.4554045952132163E-6,411000.0,73.8,73.8,-509.3023255813948,73.26530612244898,411000.0,1127040.0,61.0,31.0,31.0,11.0,0.0,0.0,1.0
412000.0,8.609375,1.459960314807377E-6,412000.0,72.39999999999999,72.39999999999999,-573.1707317073165,71.09947643979058,412000.0,1127040.0,61.0,31.0,31.0,11.0,0.0,0.0,1.0
413000.0,8.640625,1.4690717539956984E-6,413000.0,70.89999999999999,70.89999999999999,-809.3749999999993,69.81327800829875,413000.0,1127040.0,61.0,31.0,31.0,11.0,0.0,0.0,1.0
414000.0,8.65625,1.47362207321243E-6,414000.0,72.89999999999999,72.89999999999999,-721.2121212121206,71.59329140461216,414000.0,1125704.0,63.0,32.0,32.0,11.0,0.0,0.0,1.0
415000.0,8.6875,1.482740173944167E-6,415000.0,65.60000000000001,65.60000000000001,-974.999999999999,64.86210418794688,415000.0,1127864.0,63.0,32.0,32.0,11.0,0.0,0.0,1.0
416000.0,8.6875,1.482740173944167E-6,416000.0,73.2,73.2,-712.1212121212114,72.62512768130746,416000.0,1127864.0,63.0,32.0,32.0,11.0,0.0,0.0,1.0
417000.0,8.765625,1.5055354257735097E-6,417000.0,72.5,72.5,-733.3333333333327,72.27822580645162,417000.0,1127864.0,63.0,32.0,32.0,11.0,0.0,0.0,1.0
418000.0,8.765625,1.5055354257735097E-6,418000.0,75.0,75.0,-541.0256410256404,74.48979591836735,418000.0,1127864.0,63.0,32.0,32.0,11.0,0.0,0.0,1.0
419000.0,8.8125,1.5192125768711155E-6,419000.0,68.89999999999999,68.89999999999999,-871.8749999999993,68.5540950455005,419000.0,1127864.0,63.0,32.0,32.0,11.0,0.0,0.0,1.0
420000.0,8.828125,1.523771627236984E-6,420000.0,71.0,71.0,-624.9999999999994,70.28688524590163,420000.0,1127864.0,63.0,32.0,32.0,11.0,0.0,0.0,1.0
421000.0,8.84375,1.5283306776028525E-6,421000.0,72.89999999999999,72.89999999999999,-721.2121212121206,72.59858442871587,421000.0,1127864.0,63.0,32.0,32.0,11.0,0.0,0.0,1.0
422000.0,8.875,1.5374487783345895E-6,422000.0,69.6,69.6,-913.3333333333326,69.35483870967741,422000.0,1127864.0,63.0,32.0,32.0,11.0,0.0,0.0,1.0
423000.0,8.90625,1.5465668790663265E-6,423000.0,67.7,67.7,-976.6666666666655,67.60280842527582,423000.0,1127864.0,63.0,32.0,32.0,11.0,0.0,0.0,1.0
424000.0,8.9375,1.5556849797980635E-6,424000.0,73.3,73.3,-641.6666666666661,73.16582914572865,424000.0,1127864.0,63.0,32.0,32.0,11.0,0.0,0.0,1.0
425000.0,8.96875,1.5648030805298005E-6,425000.0,69.89999999999999,69.89999999999999,-584.0909090909086,69.53441295546558,425000.0,1127864.0,63.0,32.0,32.0,11.0,0.0,0.0,1.0
426000.0,8.984375,1.569362130895669E-6,426000.0,67.30000000000001,67.30000000000001,-717.4999999999992,66.73448626653104,426000.0,1127864.0,63.0,32.0,32.0,11.0,0.0,0.0,1.0
427000.0,9.0,1.5739211812615375E-6,427000.0,71.7,71.7,-843.3333333333327,71.1518858307849,427000.0,1127864.0,63.0,32.0,32.0,11.0,0.0,0.0,1.0
428000.0,9.0625,1.5921573827250117E-6,428000.0,76.3,76.3,-640.6249999999993,75.91463414634147,428000.0,1127864.0,63.0,32.0,32.0,11.0,0.0,0.0,1.0
429000.0,9.078125,1.5967164330908802E-6,429000.0,78.2,78.2,-581.2499999999993,78.00201816347125,429000.0,1127864.0,63.0,32.0,32.0,11.0,0.0,0.0,1.0
430000.0,9.109375,1.6058345338226172E-6,430000.0,73.8,73.8,-1090.9090909090899,73.64185110663983,430000.0,1127864.0,63.0,32.0,32.0,11.0,0.0,0.0,1.0
431000.0,9.140625,1.6149526345543542E-6,431000.0,74.9,74.9,-1154.9999999999989,74.72306143001008,431000.0,1127864.0,63.0,32.0,32.0,11.0,0.0,0.0,1.0
432000.0,9.140625,1.6149526345543542E-6,432000.0,73.6,73.6,-724.9999999999993,73.46733668341709,432000.0,1127864.0,63.0,32.0,32.0,11.0,0.0,0.0,1.0
433000.0,9.1875,1.6286297856519599E-6,433000.0,71.6,71.6,-816.1290322580638,71.39979859013091,433000.0,1127864.0,63.0,32.0,32.0,11.0,0.0,0.0,1.0
434000.0,9.21875,1.6377478863836969E-6,434000.0,73.2,73.2,-737.4999999999993,73.2,434000.0,1127864.0,63.0,32.0,32.0,11.0,0.0,0.0,1.0
435000.0,9.25,1.6468659871154339E-6,435000.0,73.9,73.9,-741.935483870967,73.9,435000.0,1127864.0,63.0,32.0,32.0,11.0,0.0,0.0,1.0
436000.0,9.265625,1.6514250374813024E-6,436000.0,60.6,60.6,-1258.6206896551714,60.6,436000.0,1127864.0,63.0,32.0,32.0,11.0,0.0,0.0,1.0
437000.0,9.296875,1.6605431382130394E-6,437000.0,63.3,63.3,-1123.3333333333321,63.3,437000.0,1127864.0,63.0,32.0,32.0,11.0,0.0,0.0,1.0
438000.0,9.3125,1.665102188578908E-6,438000.0,67.9,67.9,-969.9999999999989,67.9,438000.0,1127864.0,63.0,32.0,32.0,11.0,0.0,0.0,1.0
439000.0,9.328125,1.6696612389447764E-6,439000.0,71.6,71.6,-787.4999999999993,71.6,439000.0,1127864.0,63.0,32.0,32.0,11.0,0.0,0.0,1.0
440000.0,9.359375,1.6787793396765134E-6,440000.0,72.2,72.2,-672.2222222222216,72.2,440000.0,1127864.0,63.0,32.0,32.0,11.0,0.0,0.0,1.0
441000.0,9.359375,1.6787793396765134E-6,441000.0,73.4,73.4,-431.9999999999996,73.4,441000.0,1127864.0,63.0,32.0,32.0,11.0,0.0,0.0,1.0
442000.0,9.40625,1.6924564907741191E-6,442000.0,72.0,72.0,-833.3333333333327,72.0,442000.0,1127864.0,63.0,32.0,32.0,11.0,0.0,0.0,1.0
443000.0,9.453125,1.7061336418717248E-6,443000.0,70.5,70.5,-883.3333333333327,70.5,443000.0,1127864.0,63.0,32.0,32.0,11.0,0.0,0.0,1.0
444000.0,9.46875,1.7106926922375933E-6,444000.0,69.19999999999999,69.19999999999999,-999.9999999999993,69.19999999999999,444000.0,1127864.0,63.0,32.0,32.0,11.0,0.0,0.0,1.0
445000.0,9.484375,1.7153923464421572E-6,445000.0,73.4,73.4,-731.2499999999993,73.4,445000.0,1162648.0,63.0,32.0,32.0,11.0,0.0,0.0,1.0
446000.0,9.484375,1.7153923464421572E-6,446000.0,78.9,78.9,-559.3749999999993,78.9,446000.0,1162648.0,63.0,32.0,32.0,11.0,0.0,0.0,1.0
447000.0,9.5625,1.739514409564433E-6,447000.0,74.0,74.0,-738.7096774193541,74.0,447000.0,1193512.0,65.0,33.0,33.0,11.0,0.0,0.0,1.0
448000.0,9.609375,1.7544561220953837E-6,448000.0,83.2,83.2,-319.9999999999997,83.2,448000.0,1232144.0,67.0,34.0,34.0,11.0,0.0,0.0,1.0
449000.0,9.625,1.7594489488854151E-6,449000.0,81.0,81.0,-512.9032258064509,81.0,449000.0,1235176.0,67.0,34.0,34.0,11.0,0.0,0.0,1.0
450000.0,9.625,1.7594489488854151E-6,450000.0,86.7,86.7,-411.53846153846115,86.7,450000.0,1235176.0,67.0,34.0,34.0,11.0,0.0,0.0,1.0
451000.0,9.6875,1.779420256045541E-6,451000.0,85.5,85.5,-353.12499999999966,85.5,451000.0,1235176.0,67.0,34.0,34.0,11.0,0.0,0.0,1.0
452000.0,9.71875,1.7894304215183663E-6,452000.0,87.0,87.0,-333.333333333333,87.0,452000.0,1238208.0,67.0,34.0,34.0,11.0,0.0,0.0,1.0
453000.0,9.75,1.7994650342087753E-6,453000.0,87.3,87.3,-323.333333333333,87.3,453000.0,1241232.0,67.0,34.0,34.0,11.0,0.0,0.0,1.0
454000.0,9.75,1.7994650342087753E-6,454000.0,81.8,81.8,-451.5151515151512,81.8,454000.0,1241232.0,67.0,34.0,34.0,11.0,0.0,0.0,1.0
455000.0,9.78125,1.8094996468991843E-6,455000.0,81.39999999999999,81.39999999999999,-431.42857142857116,81.39999999999999,455000.0,1241232.0,67.0,34.0,34.0,11.0,0.0,0.0,1.0
456000.0,9.8125,1.8195342595895934E-6,456000.0,79.2,79.2,-477.77777777777715,79.2,456000.0,1241232.0,67.0,34.0,34.0,11.0,0.0,0.0,1.0
457000.0,9.84375,1.8295933841727648E-6,457000.0,81.6,81.6,-384.2105263157892,81.6,457000.0,1244264.0,67.0,34.0,34.0,11.0,0.0,0.0,1.0
458000.0,9.875,1.8396525087559363E-6,458000.0,82.89999999999999,82.89999999999999,-362.1621621621619,82.89999999999999,458000.0,1244264.0,67.0,34.0,34.0,11.0,0.0,0.0,1.0
459000.0,9.90625,1.8499821696119977E-6,459000.0,83.1,83.1,-356.75675675675643,83.1,459000.0,1277728.0,69.0,35.0,35.0,11.0,0.0,0.0,1.0
460000.0,9.9375,1.8603118304680591E-6,460000.0,82.69999999999999,82.69999999999999,-517.8571428571424,82.69999999999999,460000.0,1277728.0,69.0,35.0,35.0,11.0,0.0,0.0,1.0
461000.0,9.96875,1.8706414913241205E-6,461000.0,80.30000000000001,80.30000000000001,-535.4838709677412,80.30000000000001,461000.0,1277728.0,69.0,35.0,35.0,11.0,0.0,0.0,1.0
462000.0,9.984375,1.8758150529012882E-6,462000.0,82.39999999999999,82.39999999999999,-467.74193548387063,82.39999999999999,462000.0,1279888.0,69.0,35.0,35.0,11.0,0.0,0.0,1.0
463000.0,10.03125,1.891778212868502E-6,463000.0,86.1,86.1,-297.1428571428568,86.1,463000.0,1316376.0,71.0,36.0,36.0,11.0,0.0,0.0,1.0
464000.0,10.0625,1.9024203195133114E-6,464000.0,88.3,88.3,-244.1176470588232,88.3,464000.0,1316376.0,71.0,36.0,36.0,11.0,0.0,0.0,1.0
465000.0,10.09375,1.913104400349157E-6,465000.0,84.8,84.8,-279.9999999999997,84.8,465000.0,1321568.0,71.0,36.0,36.0,11.0,0.0,0.0,1.0
466000.0,10.109375,1.91844644076708E-6,466000.0,84.39999999999999,84.39999999999999,-333.33333333333303,84.39999999999999,466000.0,1321568.0,71.0,36.0,36.0,11.0,0.0,0.0,1.0
467000.0,10.109375,1.91844644076708E-6,467000.0,82.89999999999999,82.89999999999999,-388.57142857142827,82.89999999999999,467000.0,1321568.0,71.0,36.0,36.0,11.0,0.0,0.0,1.0
468000.0,10.171875,1.9398146024387714E-6,468000.0,82.19999999999999,82.19999999999999,-295.5555555555553,82.19999999999999,468000.0,1321568.0,71.0,36.0,36.0,11.0,0.0,0.0,1.0
469000.0,10.21875,1.95584072369254E-6,469000.0,80.4,80.4,-355.81395348837157,80.4,469000.0,1321568.0,71.0,36.0,36.0,11.0,0.0,0.0,1.0
470000.0,10.25,1.966524804528386E-6,470000.0,80.9,80.9,-324.44444444444395,80.9,470000.0,1321568.0,71.0,36.0,36.0,11.0,0.0,0.0,1.0
471000.0,10.25,1.966524804528386E-6,471000.0,73.2,73.2,-415.38461538461496,73.2,471000.0,1321568.0,71.0,36.0,36.0,11.0,0.0,0.0,1.0
472000.0,10.25,1.966524804528386E-6,472000.0,65.7,65.7,-462.2950819672126,65.7,472000.0,1321568.0,71.0,36.0,36.0,11.0,0.0,0.0,1.0
473000.0,10.28125,1.9772088853642316E-6,473000.0,61.8,61.8,-570.1754385964906,61.8,473000.0,1321568.0,71.0,36.0,36.0,11.0,0.0,0.0,1.0
474000.0,10.3125,1.9878929662000774E-6,474000.0,58.199999999999996,58.199999999999996,-770.8333333333327,58.199999999999996,474000.0,1321568.0,71.0,36.0,36.0,11.0,0.0,0.0,1.0
475000.0,10.3125,1.9878929662000774E-6,475000.0,58.4,58.4,-699.9999999999994,58.4,475000.0,1321568.0,71.0,36.0,36.0,11.0,0.0,0.0,1.0
476000.0,10.359375,2.003919087453846E-6,476000.0,63.2,63.2,-607.692307692307,63.2,476000.0,1321568.0,71.0,36.0,36.0,11.0,0.0,0.0,1.0
477000.0,10.390625,2.014603168289692E-6,477000.0,64.0,64.0,-592.3076923076916,64.0,477000.0,1321568.0,71.0,36.0,36.0,11.0,0.0,0.0,1.0
478000.0,10.421875,2.0252872491255376E-6,478000.0,65.0,65.0,-573.0769230769224,65.0,478000.0,1321568.0,71.0,36.0,36.0,11.0,0.0,0.0,1.0
479000.0,10.421875,2.0252872491255376E-6,479000.0,66.2,66.2,-503.57142857142793,66.2,479000.0,1321568.0,71.0,36.0,36.0,11.0,0.0,0.0,1.0
480000.0,10.46875,2.0413133703793063E-6,480000.0,69.69999999999999,69.69999999999999,-505.99999999999955,69.69999999999999,480000.0,1321568.0,71.0,36.0,36.0,11.0,0.0,0.0,1.0
481000.0,10.5,2.051997451215152E-6,481000.0,71.8,71.8,-623.0769230769225,71.8,481000.0,1321568.0,71.0,36.0,36.0,11.0,0.0,0.0,1.0
482000.0,10.546875,2.0680235724689207E-6,482000.0,67.9,67.9,-682.9268292682918,67.9,482000.0,1321568.0,71.0,36.0,36.0,11.0,0.0,0.0,1.0
483000.0,10.546875,2.0680235724689207E-6,483000.0,66.4,66.4,-918.1818181818171,66.4,483000.0,1323728.0,71.0,36.0,36.0,11.0,0.0,0.0,1.0
484000.0,10.609375,2.0894266587371603E-6,484000.0,69.19999999999999,69.19999999999999,-926.6666666666658,69.19999999999999,484000.0,1323728.0,71.0,36.0,36.0,11.0,0.0,0.0,1.0
485000.0,10.640625,2.1001282018712803E-6,485000.0,66.4,66.4,-1144.4444444444432,66.4,485000.0,1323728.0,71.0,36.0,36.0,11.0,0.0,0.0,1.0
486000.0,10.65625,2.1054877045874774E-6,486000.0,69.8,69.8,-941.3793103448269,69.8,486000.0,1325888.0,71.0,36.0,36.0,11.0,0.0,0.0,1.0
487000.0,10.6875,2.116206710019871E-6,487000.0,64.7,64.7,-1504.5454545454531,64.7,487000.0,1325888.0,71.0,36.0,36.0,11.0,0.0,0.0,1.0
488000.0,10.71875,2.12719974418481E-6,488000.0,62.3,62.3,-1296.2962962962952,62.3,488000.0,1359784.0,73.0,37.0,37.0,11.0,0.0,0.0,1.0
489000.0,10.75,2.138477219786079E-6,489000.0,61.3,61.3,-892.3076923076915,61.3,489000.0,1394968.0,75.0,38.0,38.0,12.0,0.0,0.0,1.0
490000.0,10.796875,2.155371896353445E-6,490000.0,68.10000000000001,68.10000000000001,-1039.285714285713,68.10000000000001,490000.0,1393192.0,77.0,39.0,39.0,12.0,0.0,0.0,1.0
491000.0,10.796875,2.155371896353445E-6,491000.0,67.5,67.5,-983.3333333333321,67.5,491000.0,1393192.0,77.0,39.0,39.0,12.0,0.0,0.0,1.0
492000.0,10.859375,2.1779330563731476E-6,492000.0,61.1,61.1,-951.3513513513506,61.1,492000.0,1395352.0,77.0,39.0,39.0,12.0,0.0,0.0,1.0
493000.0,10.875,2.1835733463780734E-6,493000.0,55.50000000000001,55.50000000000001,-739.622641509433,55.50000000000001,493000.0,1395352.0,77.0,39.0,39.0,12.0,0.0,0.0,1.0
494000.0,10.90625,2.1948783736055084E-6,494000.0,52.7,52.7,-1178.3783783783772,52.7,494000.0,1398376.0,77.0,39.0,39.0,12.0,0.0,0.0,1.0
495000.0,10.90625,2.1948783736055084E-6,495000.0,61.199999999999996,61.199999999999996,-802.3255813953481,61.199999999999996,495000.0,1400536.0,77.0,39.0,39.0,12.0,0.0,0.0,1.0
496000.0,10.9375,2.2062008631312173E-6,496000.0,56.39999999999999,56.39999999999999,-1111.1111111111102,56.39999999999999,496000.0,1400536.0,77.0,39.0,39.0,12.0,0.0,0.0,1.0
497000.0,10.96875,2.217523352656926E-6,497000.0,56.10000000000001,56.10000000000001,-997.4999999999989,56.10000000000001,497000.0,1400536.0,77.0,39.0,39.0,12.0,0.0,0.0,1.0
498000.0,11.0,2.228845842182635E-6,498000.0,61.8,61.8,-854.9999999999992,61.8,498000.0,1400536.0,77.0,39.0,39.0,12.0,0.0,0.0,1.0
499000.0,11.03125,2.2401683317083438E-6,499000.0,61.7,61.7,-907.8947368421044,61.62324649298597,499000.0,1400536.0,77.0,39.0,39.0,12.0,0.0,0.0,1.0
500000.0,11.0625,2.2514908212340526E-6,500000.0,63.6,63.6,-674.4680851063823,63.417085427135675,500000.0,1400536.0,77.0,39.0,39.0,12.0,0.0,0.0,1.0
501000.0,11.09375,2.2628133107597614E-6,501000.0,61.6,61.6,-884.6153846153837,61.523046092184366,501000.0,1400536.0,77.0,39.0,39.0,12.0,0.0,0.0,1.0
502000.0,11.125,2.2741358002854702E-6,502000.0,67.4,67.4,-676.1904761904754,67.26907630522089,502000.0,1400536.0,77.0,39.0,39.0,12.0,0.0,0.0,1.0
503000.0,11.171875,2.2911195345740337E-6,503000.0,63.9,63.9,-849.9999999999991,63.75502008032129,503000.0,1400536.0,77.0,39.0,39.0,12.0,0.0,0.0,1.0
504000.0,11.21875,2.3085245953148425E-6,504000.0,64.60000000000001,64.60000000000001,-1041.9354838709667,64.27850655903129,504000.0,1435280.0,79.0,40.0,40.0,13.0,0.0,0.0,1.0
505000.0,11.234375,2.3143262822284455E-6,505000.0,68.30000000000001,68.30000000000001,-993.1034482758608,67.97979797979798,505000.0,1435280.0,79.0,40.0,40.0,13.0,0.0,0.0,1.0
506000.0,11.265625,2.3259296560556514E-6,506000.0,72.7,72.7,-809.9999999999992,72.59036144578313,506000.0,1435280.0,79.0,40.0,40.0,13.0,0.0,0.0,1.0
507000.0,11.296875,2.3375330298828573E-6,507000.0,69.69999999999999,69.69999999999999,-1022.2222222222215,69.36299292214358,507000.0,1435280.0,79.0,40.0,40.0,13.0,0.0,0.0,1.0
508000.0,11.328125,2.349424466956406E-6,508000.0,69.6,69.6,-849.9999999999993,69.16835699797159,508000.0,1470912.0,81.0,41.0,41.0,13.0,0.0,0.0,1.0
509000.0,11.375,2.367261622566729E-6,509000.0,74.6,74.6,-669.6969696969691,74.34343434343434,509000.0,1470912.0,81.0,41.0,41.0,13.0,0.0,0.0,1.0
510000.0,11.375,2.367261622566729E-6,510000.0,73.2,73.2,-665.714285714285,72.90192113245702,510000.0,1470912.0,81.0,41.0,41.0,13.0,0.0,0.0,1.0
511000.0,11.40625,2.379153059640278E-6,511000.0,75.9,75.9,-487.8048780487799,75.73011077542799,511000.0,1470912.0,81.0,41.0,41.0,13.0,0.0,0.0,1.0
512000.0,11.453125,2.397412123779455E-6,512000.0,73.3,73.3,-551.2195121951214,72.920892494929,512000.0,1505704.0,81.0,41.0,41.0,13.0,0.0,0.0,1.0
513000.0,11.484375,2.409626742721431E-6,513000.0,75.4,75.4,-485.71428571428515,75.02538071065989,513000.0,1510888.0,81.0,41.0,41.0,13.0,0.0,0.0,1.0
514000.0,11.484375,2.409626742721431E-6,514000.0,72.6,72.6,-508.8888888888884,72.21095334685597,514000.0,1513048.0,81.0,41.0,41.0,13.0,0.0,0.0,1.0
515000.0,11.53125,2.427974864581806E-6,515000.0,72.5,72.5,-461.224489795918,72.05284552845528,515000.0,1513048.0,81.0,41.0,41.0,13.0,0.0,0.0,1.0
516000.0,11.5625,2.440206945822056E-6,516000.0,67.9,67.9,-702.4999999999991,67.57575757575758,516000.0,1513048.0,81.0,41.0,41.0,13.0,0.0,0.0,1.0
517000.0,11.609375,2.458555067682431E-6,517000.0,66.60000000000001,66.60000000000001,-778.9473684210518,66.29667003027245,517000.0,1513048.0,81.0,41.0,41.0,13.0,0.0,0.0,1.0
518000.0,11.609375,2.458555067682431E-6,518000.0,72.89999999999999,72.89999999999999,-594.8717948717942,72.62626262626263,518000.0,1513048.0,81.0,41.0,41.0,13.0,0.0,0.0,1.0
519000.0,11.65625,2.476903189542806E-6,519000.0,72.7,72.7,-520.4545454545449,72.3963599595551,519000.0,1513048.0,81.0,41.0,41.0,13.0,0.0,0.0,1.0
520000.0,11.6875,2.489135270783056E-6,520000.0,68.2,68.2,-736.842105263157,68.10431293881646,520000.0,1513048.0,81.0,41.0,41.0,13.0,0.0,0.0,1.0
521000.0,11.71875,2.501367352023306E-6,521000.0,66.2,66.2,-956.249999999999,66.13226452905812,521000.0,1513048.0,81.0,41.0,41.0,13.0,0.0,0.0,1.0
522000.0,11.75,2.5135994332635563E-6,522000.0,70.1,70.1,-1049.999999999999,70.1,522000.0,1513048.0,81.0,41.0,41.0,13.0,0.0,0.0,1.0
523000.0,11.78125,2.5258315145038065E-6,523000.0,69.19999999999999,69.19999999999999,-893.5483870967735,69.19999999999999,523000.0,1513048.0,81.0,41.0,41.0,13.0,0.0,0.0,1.0
524000.0,11.8125,2.5380635957440567E-6,524000.0,66.4,66.4,-983.8709677419344,66.4,524000.0,1513048.0,81.0,41.0,41.0,13.0,0.0,0.0,1.0
525000.0,11.84375,2.5503201242018904E-6,525000.0,67.60000000000001,67.60000000000001,-1057.142857142856,67.60000000000001,525000.0,1516072.0,81.0,41.0,41.0,13.0,0.0,0.0,1.0
526000.0,11.890625,2.568704916888641E-6,526000.0,66.5,66.5,-1422.7272727272712,66.5,526000.0,1516072.0,81.0,41.0,41.0,13.0,0.0,0.0,1.0
527000.0,11.921875,2.5809614453464747E-6,527000.0,67.0,67.0,-1549.9999999999984,67.0,527000.0,1516072.0,81.0,41.0,41.0,13.0,0.0,0.0,1.0
528000.0,11.953125,2.5932179738043085E-6,528000.0,70.39999999999999,70.39999999999999,-1544.4444444444432,70.39999999999999,528000.0,1516072.0,81.0,41.0,41.0,13.0,0.0,0.0,1.0
529000.0,11.96875,2.5993462380332253E-6,529000.0,78.4,78.4,-1442.8571428571413,78.4,529000.0,1516072.0,81.0,41.0,41.0,13.0,0.0,0.0,1.0
530000.0,12.015625,2.617731030719976E-6,530000.0,79.80000000000001,79.80000000000001,-1246.6666666666652,79.80000000000001,530000.0,1516072.0,81.0,41.0,41.0,13.0,0.0,0.0,1.0
531000.0,12.046875,2.6299875591778097E-6,531000.0,76.2,76.2,-1486.6666666666652,76.2,531000.0,1516072.0,81.0,41.0,41.0,13.0,0.0,0.0,1.0
532000.0,12.09375,2.6483723518645603E-6,532000.0,75.9,75.9,-2309.9999999999977,75.9,532000.0,1516072.0,81.0,41.0,41.0,13.0,0.0,0.0,1.0
533000.0,12.09375,2.6483723518645603E-6,533000.0,77.2,77.2,-1528.571428571427,77.2,533000.0,1516072.0,81.0,41.0,41.0,13.0,0.0,0.0,1.0
534000.0,12.140625,2.666757144551311E-6,534000.0,75.2,75.2,-1671.4285714285697,75.2,534000.0,1516072.0,81.0,41.0,41.0,13.0,0.0,0.0,1.0
535000.0,12.171875,2.6790136730091446E-6,535000.0,79.2,79.2,-617.2413793103441,79.2,535000.0,1516072.0,81.0,41.0,41.0,13.0,0.0,0.0,1.0
536000.0,12.21875,2.6978146504714266E-6,536000.0,81.39999999999999,81.39999999999999,-481.24999999999966,81.39999999999999,536000.0,1550392.0,83.0,42.0,42.0,13.0,0.0,0.0,1.0
537000.0,12.21875,2.6978146504714266E-6,537000.0,76.3,76.3,-404.25531914893565,76.3,537000.0,1552552.0,83.0,42.0,42.0,13.0,0.0,0.0,1.0
538000.0,12.296875,2.729903402117392E-6,538000.0,72.39999999999999,72.39999999999999,-441.1764705882349,72.39999999999999,538000.0,1587688.0,87.0,44.0,44.0,14.0,0.0,0.0,1.0
539000.0,12.328125,2.7427389027757783E-6,539000.0,65.10000000000001,65.10000000000001,-751.2195121951211,65.10000000000001,539000.0,1587688.0,87.0,44.0,44.0,14.0,0.0,0.0,1.0
540000.0,12.34375,2.7491566531049716E-6,540000.0,64.0,64.0,-1284.6153846153832,64.0,540000.0,1587688.0,87.0,44.0,44.0,14.0,0.0,0.0,1.0
541000.0,12.390625,2.768409904092551E-6,541000.0,71.5,71.5,-1324.9999999999989,71.5,541000.0,1587688.0,87.0,44.0,44.0,14.0,0.0,0.0,1.0
542000.0,12.421875,2.781245404750937E-6,542000.0,73.8,73.8,-1355.5555555555543,73.8,542000.0,1587688.0,87.0,44.0,44.0,14.0,0.0,0.0,1.0
543000.0,12.453125,2.7940809054093233E-6,543000.0,74.8,74.8,-1159.9999999999989,74.8,543000.0,1587688.0,87.0,44.0,44.0,14.0,0.0,0.0,1.0
544000.0,12.453125,2.7940809054093233E-6,544000.0,72.7,72.7,-534.883720930232,72.7,544000.0,1587688.0,87.0,44.0,44.0,14.0,0.0,0.0,1.0
545000.0,12.5,2.8133603498443136E-6,545000.0,80.2,80.2,-421.05263157894683,80.2,545000.0,1589848.0,87.0,44.0,44.0,14.0,0.0,0.0,1.0
546000.0,12.53125,2.826213312800974E-6,546000.0,78.4,78.4,-517.1428571428565,78.4,546000.0,1589848.0,87.0,44.0,44.0,14.0,0.0,0.0,1.0
547000.0,12.5625,2.8390662757576343E-6,547000.0,87.8,87.8,-335.7142857142853,87.8,547000.0,1589848.0,87.0,44.0,44.0,14.0,0.0,0.0,1.0
548000.0,12.59375,2.8518980899308294E-6,548000.0,86.5,86.5,-309.0909090909088,86.5,548000.0,1587232.0,89.0,45.0,45.0,14.0,0.0,0.0,1.0
549000.0,12.625,2.8647473664022987E-6,549000.0,91.4,91.4,-352.6315789473678,91.4,549000.0,1589392.0,89.0,45.0,45.0,14.0,0.0,0.0,1.0
550000.0,12.671875,2.884453084940712E-6,550000.0,89.3,89.3,-282.14285714285677,89.3,550000.0,1625000.0,91.0,46.0,46.0,14.0,0.0,0.0,1.0
551000.0,12.671875,2.884453084940712E-6,551000.0,96.6,96.6,-47.82608695652174,96.6,551000.0,1627160.0,91.0,46.0,46.0,14.0,0.0,0.0,1.0
552000.0,12.71875,2.9042217647656803E-6,552000.0,95.8,95.8,-82.6086956521739,95.8,552000.0,1630192.0,91.0,46.0,46.0,14.0,0.0,0.0,1.0
553000.0,12.75,2.9174008846489925E-6,553000.0,89.3,89.3,-327.99999999999955,89.3,553000.0,1630192.0,91.0,46.0,46.0,14.0,0.0,0.0,1.0
554000.0,12.78125,2.930565840668149E-6,554000.0,83.1,83.1,-412.1212121212118,83.1,554000.0,1628440.0,93.0,47.0,47.0,14.0,0.0,0.0,1.0
555000.0,12.828125,2.950734601149129E-6,555000.0,82.69999999999999,82.69999999999999,-302.3255813953486,82.47213779128673,555000.0,1663184.0,95.0,48.0,48.0,14.0,0.0,0.0,1.0
556000.0,12.875,2.9712985916477116E-6,556000.0,94.89999999999999,94.89999999999999,-41.66666666666667,94.84848484848484,556000.0,1695776.0,97.0,49.0,49.0,14.0,0.0,0.0,1.0
557000.0,12.90625,2.9850323658643503E-6,557000.0,97.8,97.8,21.428571428571427,97.78894472361809,557000.0,1698800.0,97.0,49.0,49.0,14.0,0.0,0.0,1.0
558000.0,12.9375,2.998766140080989E-6,558000.0,97.39999999999999,97.39999999999999,-8.333333333333332,97.39999999999999,558000.0,1698800.0,97.0,49.0,49.0,14.0,0.0,0.0,1.0
559000.0,12.96875,3.0124999142976278E-6,559000.0,80.10000000000001,80.10000000000001,-397.49999999999943,79.87866531850354,559000.0,1698800.0,97.0,49.0,49.0,14.0,0.0,0.0,1.0
560000.0,13.0,3.0262336885142665E-6,560000.0,75.5,75.5,-380.3921568627447,75.47547547547548,560000.0,1698800.0,97.0,49.0,49.0,14.0,0.0,0.0,1.0
561000.0,13.03125,3.039967462730905E-6,561000.0,71.2,71.2,-475.99999999999955,71.2,561000.0,1698800.0,97.0,49.0,49.0,14.0,0.0,0.0,1.0
562000.0,13.078125,3.060994689197591E-6,562000.0,77.3,77.3,-291.3793103448272,77.3,562000.0,1733976.0,99.0,50.0,50.0,14.0,0.0,0.0,1.0
563000.0,13.109375,3.0750128401753813E-6,563000.0,80.9,80.9,-389.74358974358915,80.9,563000.0,1733976.0,99.0,50.0,50.0,14.0,0.0,0.0,1.0
564000.0,13.125,3.0820219156642766E-6,564000.0,82.89999999999999,82.89999999999999,-418.1818181818178,82.89999999999999,564000.0,1733976.0,99.0,50.0,50.0,14.0,0.0,0.0,1.0
565000.0,13.171875,3.1030491421309622E-6,565000.0,76.6,76.6,-431.8181818181813,76.6,565000.0,1733976.0,99.0,50.0,50.0,14.0,0.0,0.0,1.0
566000.0,13.203125,3.1170672931087527E-6,566000.0,91.8,91.8,-74.46808510638274,91.8,566000.0,1733976.0,99.0,50.0,50.0,14.0,0.0,0.0,1.0
567000.0,13.234375,3.131085444086543E-6,567000.0,84.3,84.3,-313.1578947368418,84.3,567000.0,1733976.0,99.0,50.0,50.0,14.0,0.0,0.0,1.0
568000.0,13.28125,3.152112670553229E-6,568000.0,68.89999999999999,68.89999999999999,-547.9166666666662,68.89999999999999,568000.0,1733976.0,99.0,50.0,50.0,14.0,0.0,0.0,1.0
569000.0,13.328125,3.1731398970199145E-6,569000.0,73.5,73.5,-409.61538461538424,73.5,569000.0,1733976.0,99.0,50.0,50.0,14.0,0.0,0.0,1.0
570000.0,13.359375,3.187158047997705E-6,570000.0,82.89999999999999,82.89999999999999,-199.9999999999998,82.89999999999999,570000.0,1733976.0,99.0,50.0,50.0,14.0,0.0,0.0,1.0
571000.0,13.359375,3.187158047997705E-6,571000.0,74.6,74.6,-279.1044776119406,74.6,571000.0,1733976.0,99.0,50.0,50.0,14.0,0.0,0.0,1.0
572000.0,13.421875,3.215194349953286E-6,572000.0,63.1,63.1,-334.1176470588237,63.1,572000.0,1733976.0,99.0,50.0,50.0,14.0,0.0,0.0,1.0
573000.0,13.484375,3.243230651908867E-6,573000.0,42.1,42.1,-509.47368421052647,42.1,573000.0,1733976.0,99.0,50.0,50.0,14.0,0.0,0.0,1.0
574000.0,13.515625,3.2572488028866573E-6,574000.0,9.2,9.2,-1235.29411764706,9.2,574000.0,1733976.0,99.0,50.0,50.0,14.0,0.0,0.0,1.0
575000.0,13.546875,3.2712669538644477E-6,575000.0,0.0,0.0,-1751.8518518518501,0.0,575000.0,1733976.0,99.0,50.0,50.0,14.0,0.0,0.0,1.0
576000.0,13.578125,3.285285104842238E-6,576000.0,8.9,8.9,-1280.3030303030316,8.9,576000.0,1733976.0,99.0,50.0,50.0,14.0,0.0,0.0,1.0
577000.0,13.59375,3.2922941803311334E-6,577000.0,9.9,9.9,-1134.2465753424665,9.9,577000.0,1733976.0,99.0,50.0,50.0,14.0,0.0,0.0,1.0
578000.0,13.640625,3.313321406797819E-6,578000.0,0.0,0.0,-1983.3333333333314,0.0,578000.0,1733976.0,99.0,50.0,50.0,14.0,0.0,0.0,1.0
579000.0,13.6875,3.334348633264505E-6,579000.0,0.0,0.0,-2172.7272727272707,0.0,579000.0,1733976.0,99.0,50.0,50.0,14.0,0.0,0.0,1.0
580000.0,13.703125,3.3413577087534E-6,580000.0,0.0,0.0,-2531.5789473684185,0.0,580000.0,1733976.0,99.0,50.0,50.0,14.0,0.0,0.0,1.0
581000.0,13.75,3.3623849352200857E-6,581000.0,0.0,0.0,-4899.999999999995,0.0,581000.0,1733976.0,99.0,50.0,50.0,14.0,0.0,0.0,1.0
581012.0,13.78125,3.376403086197876E-6,581012.0,0.0,0.0,-4899.999999999995,0.0,581012.0,1733976.0,99.0,50.0,50.0,14.0,0.0,0.0,1.0
