learning evaluation instances,evaluation time (cpu seconds),model cost (RAM-Hours),classified instances,classifications correct (percent),Kappa Statistic (percent),Kappa Temporal Statistic (percent),Kappa M Statistic (percent),model training instances,model serialized size (bytes),tree size (nodes),tree size (leaves),active learning leaves,tree depth,active leaf byte size estimate,inactive leaf byte size estimate,byte size estimate overhead
1000.0,0.0,0.0,1000.0,61.1,60.365897146955916,5.582524271844664,52.034525277435264,1000.0,38584.0,1.0,1.0,1.0,0.0,0.0,0.0,1.0
2000.0,0.015625,2.1022666866580646E-10,2000.0,57.9,55.140083347807135,18.882466281310208,37.25782414307003,2000.0,52008.0,1.0,1.0,1.0,0.0,0.0,0.0,1.0
3000.0,0.015625,2.1022666866580646E-10,3000.0,47.4,47.014263840760734,-35.21850899742931,28.918918918918912,3000.0,52008.0,1.0,1.0,1.0,0.0,0.0,0.0,1.0
4000.0,0.015625,2.1022666866580646E-10,4000.0,64.3,64.17425162319742,-27.95698924731181,60.769230769230774,4000.0,52008.0,1.0,1.0,1.0,0.0,0.0,0.0,1.0
5000.0,0.015625,2.1022666866580646E-10,5000.0,57.4,57.31783683590912,-24.561403508771953,53.84615384615383,5000.0,52008.0,1.0,1.0,1.0,0.0,0.0,0.0,1.0
6000.0,0.078125,1.0511333433290323E-9,6000.0,59.0,58.973291612839965,11.062906724511917,57.68833849329204,6000.0,52008.0,1.0,1.0,1.0,0.0,0.0,0.0,1.0
7000.0,0.09375,1.2613600119948388E-9,7000.0,50.9,49.3153442375882,-0.8213552361396311,39.75460122699387,7000.0,52008.0,1.0,1.0,1.0,0.0,0.0,0.0,1.0
8000.0,0.09375,1.2613600119948388E-9,8000.0,67.2,66.26638857006513,28.227571115973742,59.65559655596557,8000.0,87664.0,5.0,3.0,3.0,2.0,0.0,0.0,1.0
9000.0,0.125,2.0049952177537813E-9,9000.0,65.7,63.938883240832546,33.527131782945744,55.855855855855864,9000.0,91984.0,5.0,3.0,3.0,2.0,0.0,0.0,1.0
10000.0,0.15625,2.748630423512724E-9,10000.0,75.5,75.49941198588766,39.65517241379311,75.20242914979757,10000.0,91984.0,5.0,3.0,3.0,2.0,0.0,0.0,1.0
11000.0,0.171875,3.120448026392195E-9,11000.0,60.5,60.434122814486116,16.13588110403396,58.982346832814116,11000.0,91984.0,5.0,3.0,3.0,2.0,0.0,0.0,1.0
12000.0,0.203125,4.162753207816018E-9,12000.0,58.099999999999994,57.69112705182887,11.416490486257915,50.64782096584216,12000.0,128928.0,5.0,3.0,3.0,2.0,0.0,0.0,1.0
13000.0,0.203125,4.162753207816018E-9,13000.0,67.7,67.22958062994283,36.16600790513835,62.22222222222222,13000.0,138000.0,5.0,3.0,3.0,2.0,0.0,0.0,1.0
14000.0,0.21875,4.7205766249034134E-9,14000.0,52.7,52.06247890698399,25.86206896551725,44.807467911318554,14000.0,138000.0,5.0,3.0,3.0,2.0,0.0,0.0,1.0
15000.0,0.234375,5.278400041990809E-9,15000.0,59.099999999999994,58.54735331438741,28.245614035087712,54.50500556173525,15000.0,138000.0,5.0,3.0,3.0,2.0,0.0,0.0,1.0
16000.0,0.265625,6.394046876165601E-9,16000.0,79.3,79.29358101011313,-135.22727272727278,78.63777089783282,16000.0,138000.0,5.0,3.0,3.0,2.0,0.0,0.0,1.0
17000.0,0.28125,6.951870293252997E-9,17000.0,78.3,78.27536426307434,-342.8571428571424,76.38737758433079,17000.0,138000.0,5.0,3.0,3.0,2.0,0.0,0.0,1.0
18000.0,0.3125,8.000966368450058E-9,18000.0,79.4,79.4,-586.666666666666,77.7056277056277,18000.0,129768.0,7.0,4.0,4.0,3.0,0.0,0.0,1.0
19000.0,0.3125,8.000966368450058E-9,19000.0,75.1,75.1,-1031.8181818181808,74.0894901144641,19000.0,129768.0,7.0,4.0,4.0,3.0,0.0,0.0,1.0
20000.0,0.3125,8.000966368450058E-9,20000.0,81.2,81.2,-795.2380952380942,81.029263370333,20000.0,132792.0,7.0,4.0,4.0,3.0,0.0,0.0,1.0
21000.0,0.375,1.0148052954011492E-8,21000.0,81.10000000000001,81.10000000000001,-626.923076923076,81.10000000000001,21000.0,132792.0,7.0,4.0,4.0,3.0,0.0,0.0,1.0
22000.0,0.390625,1.068482460040185E-8,22000.0,84.3,84.3,-1327.2727272727263,84.3,22000.0,132792.0,7.0,4.0,4.0,3.0,0.0,0.0,1.0
23000.0,0.421875,1.1758367893182568E-8,23000.0,84.6,84.6,-862.4999999999993,84.6,23000.0,132792.0,7.0,4.0,4.0,3.0,0.0,0.0,1.0
24000.0,0.453125,1.2831911185963284E-8,24000.0,80.10000000000001,80.10000000000001,-637.0370370370363,80.10000000000001,24000.0,132792.0,7.0,4.0,4.0,3.0,0.0,0.0,1.0
25000.0,0.453125,1.2831911185963284E-8,25000.0,86.6,86.6,-509.09090909090855,86.6,25000.0,132792.0,7.0,4.0,4.0,3.0,0.0,0.0,1.0
26000.0,0.453125,1.2831911185963284E-8,26000.0,83.6,83.6,-465.51724137930995,83.6,26000.0,132792.0,7.0,4.0,4.0,3.0,0.0,0.0,1.0
27000.0,0.5,1.444222612513436E-8,27000.0,84.7,84.7,-446.428571428571,84.7,27000.0,132792.0,7.0,4.0,4.0,3.0,0.0,0.0,1.0
28000.0,0.515625,1.4978997771524718E-8,28000.0,77.5,77.5,-389.1304347826082,77.5,28000.0,132792.0,7.0,4.0,4.0,3.0,0.0,0.0,1.0
29000.0,0.546875,1.6052541064305435E-8,29000.0,77.10000000000001,77.10000000000001,-573.5294117647053,77.10000000000001,29000.0,132792.0,7.0,4.0,4.0,3.0,0.0,0.0,1.0
30000.0,0.578125,1.7126084357086152E-8,30000.0,78.0,78.0,-609.677419354838,78.0,30000.0,132792.0,7.0,4.0,4.0,3.0,0.0,0.0,1.0
31000.0,0.578125,1.7126084357086152E-8,31000.0,73.4,73.4,-548.7804878048775,73.4,31000.0,132792.0,7.0,4.0,4.0,3.0,0.0,0.0,1.0
32000.0,0.578125,1.7126084357086152E-8,32000.0,80.0,80.0,-488.2352941176464,80.0,32000.0,132792.0,7.0,4.0,4.0,3.0,0.0,0.0,1.0
33000.0,0.578125,1.7126084357086152E-8,33000.0,80.5,80.5,-441.66666666666606,80.5,33000.0,132792.0,7.0,4.0,4.0,3.0,0.0,0.0,1.0
34000.0,0.578125,1.7126084357086152E-8,34000.0,78.4,78.4,-426.8292682926824,78.4,34000.0,132792.0,7.0,4.0,4.0,3.0,0.0,0.0,1.0
35000.0,0.59375,1.7806790613879758E-8,35000.0,89.3,89.3,-234.37499999999966,89.2462311557789,35000.0,168400.0,9.0,5.0,5.0,4.0,0.0,0.0,1.0
36000.0,0.59375,1.7806790613879758E-8,36000.0,87.2,87.2,-312.90322580645125,87.1356783919598,36000.0,168400.0,9.0,5.0,5.0,4.0,0.0,0.0,1.0
37000.0,0.625,1.916820312746697E-8,37000.0,92.10000000000001,92.10000000000001,-229.1666666666662,92.02020202020202,37000.0,168400.0,9.0,5.0,5.0,4.0,0.0,0.0,1.0
38000.0,0.640625,1.9848909384260575E-8,38000.0,92.4,92.4,-299.99999999999943,92.4,38000.0,168400.0,9.0,5.0,5.0,4.0,0.0,0.0,1.0
39000.0,0.671875,2.1210321897847786E-8,39000.0,95.6,95.6,-340.0,95.6,39000.0,168400.0,9.0,5.0,5.0,4.0,0.0,0.0,1.0
40000.0,0.6875,2.1891028154641392E-8,40000.0,94.6,94.6,-1250.0,94.6,40000.0,168400.0,9.0,5.0,5.0,4.0,0.0,0.0,1.0
41000.0,0.71875,2.3252440668228603E-8,41000.0,94.5,94.5,-816.6666666666666,94.5,41000.0,168400.0,9.0,5.0,5.0,4.0,0.0,0.0,1.0
42000.0,0.734375,2.393314692502221E-8,42000.0,92.10000000000001,92.10000000000001,-507.6923076923069,92.10000000000001,42000.0,168400.0,9.0,5.0,5.0,4.0,0.0,0.0,1.0
43000.0,0.75,2.4613853181815815E-8,43000.0,89.4,89.4,-606.666666666666,89.4,43000.0,168400.0,9.0,5.0,5.0,4.0,0.0,0.0,1.0
44000.0,0.765625,2.529455943860942E-8,44000.0,91.10000000000001,91.10000000000001,-493.3333333333326,91.10000000000001,44000.0,168400.0,9.0,5.0,5.0,4.0,0.0,0.0,1.0
45000.0,0.765625,2.529455943860942E-8,45000.0,89.60000000000001,89.60000000000001,-395.23809523809473,89.60000000000001,45000.0,168400.0,9.0,5.0,5.0,4.0,0.0,0.0,1.0
46000.0,0.765625,2.529455943860942E-8,46000.0,87.2,87.2,-814.2857142857135,87.2,46000.0,168400.0,9.0,5.0,5.0,4.0,0.0,0.0,1.0
47000.0,0.8125,2.7336678208990234E-8,47000.0,90.3,90.3,-869.9999999999989,90.3,47000.0,168400.0,9.0,5.0,5.0,4.0,0.0,0.0,1.0
48000.0,0.828125,2.801738446578384E-8,48000.0,94.5,94.5,-816.6666666666666,94.5,48000.0,168400.0,9.0,5.0,5.0,4.0,0.0,0.0,1.0
49000.0,0.859375,2.937879697937105E-8,49000.0,95.6,95.6,-450.0,95.6,49000.0,168400.0,9.0,5.0,5.0,4.0,0.0,0.0,1.0
50000.0,0.890625,3.074020949295826E-8,50000.0,95.89999999999999,95.89999999999999,-310.0,95.89999999999999,50000.0,168400.0,9.0,5.0,5.0,4.0,0.0,0.0,1.0
51000.0,0.90625,3.1420915749751865E-8,51000.0,96.7,96.7,-175.0,96.7,51000.0,168400.0,9.0,5.0,5.0,4.0,0.0,0.0,1.0
52000.0,0.90625,3.1420915749751865E-8,52000.0,96.7,96.7,-175.0,96.7,52000.0,203184.0,9.0,5.0,5.0,4.0,0.0,0.0,1.0
53000.0,0.953125,3.388484603621894E-8,53000.0,96.2,96.2,-137.5,96.2,53000.0,203184.0,9.0,5.0,5.0,4.0,0.0,0.0,1.0
54000.0,0.96875,3.470615613170797E-8,54000.0,94.0,94.0,-233.33333333333334,94.0,54000.0,203184.0,9.0,5.0,5.0,4.0,0.0,0.0,1.0
55000.0,1.0,3.634877632268602E-8,55000.0,92.2,92.2,-224.99999999999955,92.2,55000.0,203184.0,9.0,5.0,5.0,4.0,0.0,0.0,1.0
56000.0,1.015625,3.7170086418175046E-8,56000.0,88.9,88.9,-296.42857142857105,88.9,56000.0,203184.0,9.0,5.0,5.0,4.0,0.0,0.0,1.0
57000.0,1.046875,3.88127066091531E-8,57000.0,85.9,85.9,-314.7058823529409,85.9,57000.0,203184.0,9.0,5.0,5.0,4.0,0.0,0.0,1.0
58000.0,1.046875,3.88127066091531E-8,58000.0,86.5,86.5,-264.86486486486456,86.5,58000.0,203184.0,9.0,5.0,5.0,4.0,0.0,0.0,1.0
59000.0,1.078125,4.045532680013115E-8,59000.0,85.1,85.1,-272.4999999999997,85.1,59000.0,203184.0,9.0,5.0,5.0,4.0,0.0,0.0,1.0
60000.0,1.09375,4.1276636895620176E-8,60000.0,86.6,86.6,-306.0606060606057,86.6,60000.0,203184.0,9.0,5.0,5.0,4.0,0.0,0.0,1.0
61000.0,1.109375,4.20979469911092E-8,61000.0,85.7,85.7,-308.57142857142827,85.7,61000.0,203184.0,9.0,5.0,5.0,4.0,0.0,0.0,1.0
62000.0,1.140625,4.3740567182087254E-8,62000.0,81.39999999999999,81.39999999999999,-313.3333333333331,81.39999999999999,62000.0,203184.0,9.0,5.0,5.0,4.0,0.0,0.0,1.0
63000.0,1.15625,4.45706084267133E-8,63000.0,77.0,77.0,-325.9259259259255,77.0,63000.0,205344.0,9.0,5.0,5.0,4.0,0.0,0.0,1.0
64000.0,1.171875,4.540064967133934E-8,64000.0,76.6,76.6,-367.99999999999955,76.6,64000.0,205344.0,9.0,5.0,5.0,4.0,0.0,0.0,1.0
65000.0,1.171875,4.540064967133934E-8,65000.0,81.10000000000001,81.10000000000001,-349.9999999999995,81.10000000000001,65000.0,205344.0,9.0,5.0,5.0,4.0,0.0,0.0,1.0
66000.0,1.171875,4.540064967133934E-8,66000.0,77.60000000000001,77.60000000000001,-489.47368421052573,77.60000000000001,66000.0,205344.0,9.0,5.0,5.0,4.0,0.0,0.0,1.0
67000.0,1.234375,4.928258325283728E-8,67000.0,83.2,83.2,-459.9999999999996,83.2,67000.0,240088.0,11.0,6.0,6.0,5.0,0.0,0.0,1.0
68000.0,1.25,5.0253066648211764E-8,68000.0,90.7,90.7,-257.6923076923073,90.7,68000.0,240088.0,11.0,6.0,6.0,5.0,0.0,0.0,1.0
69000.0,1.265625,5.122355004358625E-8,69000.0,93.8,93.8,-158.33333333333331,93.8,69000.0,240088.0,11.0,6.0,6.0,5.0,0.0,0.0,1.0
70000.0,1.296875,5.3466355893760944E-8,70000.0,96.89999999999999,96.89999999999999,-93.75,96.89999999999999,70000.0,277424.0,13.0,7.0,7.0,6.0,0.0,0.0,1.0
71000.0,1.296875,5.3466355893760944E-8,71000.0,92.30000000000001,92.30000000000001,-220.83333333333286,92.30000000000001,71000.0,277424.0,13.0,7.0,7.0,6.0,0.0,0.0,1.0
72000.0,1.296875,5.3466355893760944E-8,72000.0,77.0,77.0,-576.4705882352935,76.79112008072654,72000.0,277424.0,13.0,7.0,7.0,6.0,0.0,0.0,1.0
73000.0,1.34375,5.685675811643404E-8,73000.0,74.9,74.9,-597.2222222222216,73.49524815205913,73000.0,279584.0,13.0,7.0,7.0,6.0,0.0,0.0,1.0
74000.0,1.375,5.9117026264882774E-8,74000.0,77.5,77.5,-462.4999999999995,76.41509433962264,74000.0,279584.0,13.0,7.0,7.0,6.0,0.0,0.0,1.0
75000.0,1.390625,6.024716033910715E-8,75000.0,78.5,78.5,-497.2222222222216,77.94871794871796,75000.0,279584.0,13.0,7.0,7.0,6.0,0.0,0.0,1.0
76000.0,1.40625,6.137729441333151E-8,76000.0,84.89999999999999,84.89999999999999,-287.1794871794869,84.73205257836199,76000.0,279584.0,13.0,7.0,7.0,6.0,0.0,0.0,1.0
77000.0,1.40625,6.137729441333151E-8,77000.0,83.1,83.1,-252.0833333333331,83.1,77000.0,279584.0,13.0,7.0,7.0,6.0,0.0,0.0,1.0
78000.0,1.453125,6.476769663600461E-8,78000.0,83.6,83.6,-465.51724137930995,83.6,78000.0,279584.0,13.0,7.0,7.0,6.0,0.0,0.0,1.0
79000.0,1.46875,6.589783071022898E-8,79000.0,84.39999999999999,84.39999999999999,-387.49999999999966,84.39999999999999,79000.0,279584.0,13.0,7.0,7.0,6.0,0.0,0.0,1.0
80000.0,1.484375,6.702796478445334E-8,80000.0,87.1,87.1,-396.15384615384573,87.1,80000.0,279584.0,13.0,7.0,7.0,6.0,0.0,0.0,1.0
81000.0,1.515625,6.928823293290208E-8,81000.0,88.2,88.2,-293.333333333333,88.2,81000.0,279584.0,13.0,7.0,7.0,6.0,0.0,0.0,1.0
82000.0,1.53125,7.041836700712644E-8,82000.0,88.5,88.5,-474.9999999999995,88.5,82000.0,279584.0,13.0,7.0,7.0,6.0,0.0,0.0,1.0
83000.0,1.53125,7.041836700712644E-8,83000.0,80.80000000000001,80.80000000000001,-772.7272727272717,80.80000000000001,83000.0,279584.0,13.0,7.0,7.0,6.0,0.0,0.0,1.0
84000.0,1.578125,7.411988917738203E-8,84000.0,85.2,85.2,-572.7272727272722,85.2,84000.0,305240.0,17.0,9.0,9.0,6.0,0.0,0.0,1.0
85000.0,1.59375,7.535372990080056E-8,85000.0,82.69999999999999,82.69999999999999,-332.4999999999997,82.69999999999999,85000.0,305240.0,17.0,9.0,9.0,6.0,0.0,0.0,1.0
86000.0,1.609375,7.658757062421909E-8,86000.0,80.10000000000001,80.10000000000001,-352.27272727272674,80.10000000000001,86000.0,305240.0,17.0,9.0,9.0,6.0,0.0,0.0,1.0
87000.0,1.640625,7.905525207105614E-8,87000.0,83.6,83.6,-485.7142857142853,83.6,87000.0,305240.0,17.0,9.0,9.0,6.0,0.0,0.0,1.0
88000.0,1.65625,8.028909279447467E-8,88000.0,80.60000000000001,80.60000000000001,-321.7391304347821,80.60000000000001,88000.0,305240.0,17.0,9.0,9.0,6.0,0.0,0.0,1.0
89000.0,1.65625,8.028909279447467E-8,89000.0,85.7,85.7,-376.6666666666663,85.7,89000.0,305240.0,17.0,9.0,9.0,6.0,0.0,0.0,1.0
90000.0,1.65625,8.028909279447467E-8,90000.0,85.9,85.9,-540.9090909090904,85.9,90000.0,305240.0,17.0,9.0,9.0,6.0,0.0,0.0,1.0
91000.0,1.65625,8.028909279447467E-8,91000.0,80.5,80.5,-509.3749999999993,80.5,91000.0,305240.0,17.0,9.0,9.0,6.0,0.0,0.0,1.0
92000.0,1.703125,8.399061496473026E-8,92000.0,85.1,85.1,-313.8888888888886,85.1,92000.0,305240.0,17.0,9.0,9.0,6.0,0.0,0.0,1.0
93000.0,1.734375,8.645829641156731E-8,93000.0,92.5,92.5,-188.46153846153803,92.5,93000.0,305240.0,17.0,9.0,9.0,6.0,0.0,0.0,1.0
94000.0,1.75,8.769213713498584E-8,94000.0,93.2,93.2,-209.09090909090858,93.2,94000.0,305240.0,17.0,9.0,9.0,6.0,0.0,0.0,1.0
95000.0,1.765625,8.892597785840437E-8,95000.0,92.30000000000001,92.30000000000001,-196.15384615384573,92.30000000000001,95000.0,305240.0,17.0,9.0,9.0,6.0,0.0,0.0,1.0
96000.0,1.78125,9.01598185818229E-8,96000.0,89.8,89.8,-218.74999999999966,89.8,96000.0,305240.0,17.0,9.0,9.0,6.0,0.0,0.0,1.0
97000.0,1.78125,9.01598185818229E-8,97000.0,87.6,87.6,-313.333333333333,87.6,97000.0,305240.0,17.0,9.0,9.0,6.0,0.0,0.0,1.0
98000.0,1.796875,9.139365930524144E-8,98000.0,92.0,92.0,-207.69230769230725,92.0,98000.0,305240.0,17.0,9.0,9.0,6.0,0.0,0.0,1.0
99000.0,1.8125,9.263623117779698E-8,99000.0,83.39999999999999,83.39999999999999,-361.1111111111108,83.36673346693387,99000.0,307400.0,17.0,9.0,9.0,6.0,0.0,0.0,1.0
100000.0,1.828125,9.388753419948955E-8,100000.0,84.2,84.19601739638388,-305.12820512820485,83.86108273748722,100000.0,309560.0,17.0,9.0,9.0,6.0,0.0,0.0,1.0
101000.0,1.859375,9.639014024287469E-8,101000.0,86.8,86.79445367054163,-193.3333333333331,86.53061224489795,101000.0,309560.0,17.0,9.0,9.0,6.0,0.0,0.0,1.0
102000.0,1.875,9.764144326456726E-8,102000.0,91.3,91.29749367817932,-222.22222222222183,91.14052953156822,102000.0,309560.0,17.0,9.0,9.0,6.0,0.0,0.0,1.0
103000.0,1.890625,9.889274628625983E-8,103000.0,92.2,92.19241102351486,-151.6129032258061,91.90871369294607,103000.0,309560.0,17.0,9.0,9.0,6.0,0.0,0.0,1.0
104000.0,1.90625,1.001440493079524E-7,104000.0,90.4,90.39642747101922,-190.90909090909057,90.09287925696596,104000.0,309560.0,17.0,9.0,9.0,6.0,0.0,0.0,1.0
105000.0,1.921875,1.0139535232964497E-7,105000.0,85.6,85.59683130288663,-311.4285714285711,85.2760736196319,105000.0,309560.0,17.0,9.0,9.0,6.0,0.0,0.0,1.0
106000.0,1.9375,1.0264665535133754E-7,106000.0,91.2,91.2,-214.28571428571388,91.2,106000.0,309560.0,17.0,9.0,9.0,6.0,0.0,0.0,1.0
107000.0,1.953125,1.0389795837303011E-7,107000.0,90.10000000000001,90.10000000000001,-229.99999999999963,90.10000000000001,107000.0,309560.0,17.0,9.0,9.0,6.0,0.0,0.0,1.0
108000.0,1.984375,1.0640056441641525E-7,108000.0,88.0,87.99881188237636,-274.99999999999966,87.8665318503539,108000.0,309560.0,17.0,9.0,9.0,6.0,0.0,0.0,1.0
109000.0,2.0,1.0765186743810782E-7,109000.0,91.10000000000001,91.10000000000001,-270.83333333333286,90.95528455284553,109000.0,309560.0,17.0,9.0,9.0,6.0,0.0,0.0,1.0
110000.0,2.0,1.0765186743810782E-7,110000.0,93.10000000000001,93.10000000000001,-187.49999999999955,92.98067141403867,110000.0,309560.0,17.0,9.0,9.0,6.0,0.0,0.0,1.0
111000.0,2.0,1.0765186743810782E-7,111000.0,95.8,95.8,-90.9090909090909,95.7703927492447,111000.0,309560.0,17.0,9.0,9.0,6.0,0.0,0.0,1.0
112000.0,2.046875,1.1140577650318553E-7,112000.0,92.7,92.7,-180.76923076923035,92.64853977844915,112000.0,309560.0,17.0,9.0,9.0,6.0,0.0,0.0,1.0
113000.0,2.046875,1.1140577650318553E-7,113000.0,91.0,91.0,-199.99999999999963,90.90909090909092,113000.0,309560.0,17.0,9.0,9.0,6.0,0.0,0.0,1.0
114000.0,2.046875,1.1140577650318553E-7,114000.0,90.10000000000001,90.10000000000001,-229.99999999999963,89.9492385786802,114000.0,309560.0,17.0,9.0,9.0,6.0,0.0,0.0,1.0
115000.0,2.046875,1.1140577650318553E-7,115000.0,91.4,91.4,-207.14285714285677,91.356783919598,115000.0,309560.0,17.0,9.0,9.0,6.0,0.0,0.0,1.0
116000.0,2.109375,1.1641098858995579E-7,116000.0,93.5,93.5,-224.99999999999946,93.5,116000.0,309560.0,17.0,9.0,9.0,6.0,0.0,0.0,1.0
117000.0,2.125,1.1766229161164836E-7,117000.0,81.0,81.0,-493.7499999999993,81.0,117000.0,309560.0,17.0,9.0,9.0,6.0,0.0,0.0,1.0
118000.0,2.140625,1.1891359463334093E-7,118000.0,72.8,72.8,-655.5555555555549,72.8,118000.0,309560.0,17.0,9.0,9.0,6.0,0.0,0.0,1.0
119000.0,2.15625,1.201648976550335E-7,119000.0,78.9,78.9,-559.3749999999993,78.9,119000.0,309560.0,17.0,9.0,9.0,6.0,0.0,0.0,1.0
120000.0,2.171875,1.2141620067672606E-7,120000.0,78.60000000000001,78.60000000000001,-327.99999999999955,78.60000000000001,120000.0,309560.0,17.0,9.0,9.0,6.0,0.0,0.0,1.0
121000.0,2.1875,1.2266750369841863E-7,121000.0,79.4,79.4,-320.40816326530563,79.4,121000.0,309560.0,17.0,9.0,9.0,6.0,0.0,0.0,1.0
122000.0,2.1875,1.2266750369841863E-7,122000.0,76.2,76.2,-543.2432432432427,76.2,122000.0,309560.0,17.0,9.0,9.0,6.0,0.0,0.0,1.0
123000.0,2.234375,1.2642141276349634E-7,123000.0,77.10000000000001,77.10000000000001,-408.8888888888884,77.10000000000001,123000.0,309560.0,17.0,9.0,9.0,6.0,0.0,0.0,1.0
124000.0,2.25,1.276727157851889E-7,124000.0,78.9,78.9,-414.6341463414629,78.9,124000.0,309560.0,17.0,9.0,9.0,6.0,0.0,0.0,1.0
125000.0,2.265625,1.2892401880688148E-7,125000.0,78.60000000000001,78.60000000000001,-386.36363636363586,78.60000000000001,125000.0,309560.0,17.0,9.0,9.0,6.0,0.0,0.0,1.0
126000.0,2.28125,1.3017532182857405E-7,126000.0,80.80000000000001,80.80000000000001,-269.23076923076883,80.80000000000001,126000.0,309560.0,17.0,9.0,9.0,6.0,0.0,0.0,1.0
127000.0,2.296875,1.3142662485026662E-7,127000.0,80.30000000000001,80.30000000000001,-293.99999999999955,80.30000000000001,127000.0,309560.0,17.0,9.0,9.0,6.0,0.0,0.0,1.0
128000.0,2.3125,1.3267792787195919E-7,128000.0,79.10000000000001,79.10000000000001,-397.6190476190471,79.10000000000001,128000.0,309560.0,17.0,9.0,9.0,6.0,0.0,0.0,1.0
129000.0,2.3125,1.3267792787195919E-7,129000.0,81.89999999999999,81.89999999999999,-352.4999999999997,81.89999999999999,129000.0,309560.0,17.0,9.0,9.0,6.0,0.0,0.0,1.0
130000.0,2.3125,1.3267792787195919E-7,130000.0,84.89999999999999,84.89999999999999,-331.4285714285711,84.89999999999999,130000.0,309560.0,17.0,9.0,9.0,6.0,0.0,0.0,1.0
131000.0,2.375,1.3768313995872947E-7,131000.0,89.5,89.5,-356.5217391304343,89.5,131000.0,309560.0,17.0,9.0,9.0,6.0,0.0,0.0,1.0
132000.0,2.390625,1.3893444298042204E-7,132000.0,90.7,90.7,-287.49999999999955,90.7,132000.0,309560.0,17.0,9.0,9.0,6.0,0.0,0.0,1.0
133000.0,2.40625,1.401857460021146E-7,133000.0,87.3,87.3,-477.2727272727268,87.3,133000.0,309560.0,17.0,9.0,9.0,6.0,0.0,0.0,1.0
134000.0,2.421875,1.4143704902380717E-7,134000.0,87.4,87.4,-447.82608695652124,87.4,134000.0,309560.0,17.0,9.0,9.0,6.0,0.0,0.0,1.0
135000.0,2.4375,1.4268835204549974E-7,135000.0,88.5,88.5,-359.99999999999955,88.40725806451613,135000.0,309560.0,17.0,9.0,9.0,6.0,0.0,0.0,1.0
136000.0,2.453125,1.4393965506719231E-7,136000.0,84.2,84.2,-485.18518518518476,83.72811534500515,136000.0,309560.0,17.0,9.0,9.0,6.0,0.0,0.0,1.0
137000.0,2.453125,1.4393965506719231E-7,137000.0,84.2,84.2,-444.82758620689617,83.59293873312565,137000.0,273008.0,19.0,10.0,10.0,6.0,0.0,0.0,1.0
138000.0,2.5,1.4851526227883179E-7,138000.0,87.5,87.5,-346.42857142857105,87.07342295760083,138000.0,377320.0,21.0,11.0,11.0,6.0,0.0,0.0,1.0
139000.0,2.515625,1.5004919583184863E-7,139000.0,89.0,89.0,-243.74999999999966,88.71794871794872,139000.0,379480.0,21.0,11.0,11.0,6.0,0.0,0.0,1.0
140000.0,2.53125,1.5160059168313952E-7,140000.0,88.2,88.2,-247.05882352941143,87.78467908902692,140000.0,383800.0,21.0,11.0,11.0,6.0,0.0,0.0,1.0
141000.0,2.546875,1.5316071868356743E-7,141000.0,87.8,87.79947537744123,-165.2173913043476,87.25182863113898,141000.0,385960.0,21.0,11.0,11.0,6.0,0.0,0.0,1.0
142000.0,2.5625,1.5472084568399535E-7,142000.0,86.6,86.6,-211.62790697674393,86.19979402677652,142000.0,385960.0,21.0,11.0,11.0,6.0,0.0,0.0,1.0
143000.0,2.578125,1.5628097268442327E-7,143000.0,83.1,83.1,-482.7586206896548,82.75510204081633,143000.0,385960.0,21.0,11.0,11.0,6.0,0.0,0.0,1.0
144000.0,2.59375,1.5784109968485118E-7,144000.0,83.2,83.19764767067389,-459.9999999999996,83.03030303030302,144000.0,385960.0,21.0,11.0,11.0,6.0,0.0,0.0,1.0
145000.0,2.609375,1.594012266852791E-7,145000.0,83.1,83.0986309891101,-634.7826086956517,83.04914744232697,145000.0,385960.0,21.0,11.0,11.0,6.0,0.0,0.0,1.0
146000.0,2.625,1.6096135368570702E-7,146000.0,80.2,80.2,-559.9999999999992,80.2,146000.0,385960.0,21.0,11.0,11.0,6.0,0.0,0.0,1.0
147000.0,2.640625,1.6252148068613493E-7,147000.0,71.8,71.8,-839.9999999999993,71.8,147000.0,385960.0,21.0,11.0,11.0,6.0,0.0,0.0,1.0
148000.0,2.65625,1.6408160768656285E-7,148000.0,67.5,67.5,-1313.0434782608681,67.5,148000.0,385960.0,21.0,11.0,11.0,6.0,0.0,0.0,1.0
149000.0,2.671875,1.6564173468699077E-7,149000.0,61.6,61.6,-1819.9999999999984,61.6,149000.0,385960.0,21.0,11.0,11.0,6.0,0.0,0.0,1.0
150000.0,2.6875,1.6720186168741868E-7,150000.0,66.7,66.7,-1180.7692307692294,66.7,150000.0,385960.0,21.0,11.0,11.0,6.0,0.0,0.0,1.0
151000.0,2.71875,1.703078224737613E-7,151000.0,68.7,68.7,-1204.1666666666654,68.7,151000.0,384192.0,23.0,12.0,12.0,7.0,0.0,0.0,1.0
152000.0,2.71875,1.703078224737613E-7,152000.0,82.3,82.3,-378.37837837837804,82.3,152000.0,384192.0,23.0,12.0,12.0,7.0,0.0,0.0,1.0
153000.0,2.71875,1.703078224737613E-7,153000.0,87.7,87.7,-339.2857142857139,87.7,153000.0,384192.0,23.0,12.0,12.0,7.0,0.0,0.0,1.0
154000.0,2.75,1.7341378326010394E-7,154000.0,91.5,91.5,-183.33333333333297,91.5,154000.0,384192.0,23.0,12.0,12.0,7.0,0.0,0.0,1.0
155000.0,2.78125,1.7675173391277613E-7,155000.0,90.3,90.3,-246.42857142857105,90.3,155000.0,412888.0,25.0,13.0,13.0,7.0,0.0,0.0,1.0
156000.0,2.796875,1.7843293284790405E-7,156000.0,89.2,89.2,-331.99999999999955,89.2,156000.0,415912.0,25.0,13.0,13.0,7.0,0.0,0.0,1.0
157000.0,2.8125,1.802493352442982E-7,157000.0,86.8,86.8,-312.49999999999966,86.8,157000.0,449360.0,27.0,14.0,14.0,7.0,0.0,0.0,1.0
158000.0,2.828125,1.8207446878982937E-7,158000.0,88.4,88.4,-329.6296296296292,88.4,158000.0,451520.0,27.0,14.0,14.0,7.0,0.0,0.0,1.0
159000.0,2.84375,1.8389960233536052E-7,159000.0,82.89999999999999,82.89999999999999,-327.4999999999997,82.89999999999999,159000.0,451520.0,27.0,14.0,14.0,7.0,0.0,0.0,1.0
160000.0,2.859375,1.8586867049129494E-7,160000.0,81.0,81.0,-295.83333333333286,81.0,160000.0,487128.0,29.0,15.0,15.0,7.0,0.0,0.0,1.0
161000.0,2.875,1.8798865817694222E-7,161000.0,79.3,79.3,-283.3333333333329,79.3,161000.0,524464.0,31.0,16.0,16.0,8.0,0.0,0.0,1.0
162000.0,2.90625,1.9249904047076923E-7,162000.0,80.2,80.2,-312.49999999999955,80.2,162000.0,557912.0,33.0,17.0,17.0,8.0,0.0,0.0,1.0
163000.0,2.921875,1.9477518637561158E-7,163000.0,82.8,82.8,-224.52830188679224,82.8,163000.0,563096.0,33.0,17.0,17.0,8.0,0.0,0.0,1.0
164000.0,2.9375,1.9705133228045393E-7,164000.0,75.6,75.6,-299.99999999999966,75.6,164000.0,563096.0,33.0,17.0,17.0,8.0,0.0,0.0,1.0
165000.0,2.96875,2.0160362409013862E-7,165000.0,64.3,64.3,-643.7499999999993,64.3,165000.0,563096.0,33.0,17.0,17.0,8.0,0.0,0.0,1.0
166000.0,2.984375,2.0387976999498097E-7,166000.0,66.2,66.2,-668.1818181818174,66.2,166000.0,563096.0,33.0,17.0,17.0,8.0,0.0,0.0,1.0
167000.0,3.0,2.0629128104903653E-7,167000.0,69.8,69.8,-602.3255813953483,69.8,167000.0,596584.0,33.0,17.0,17.0,8.0,0.0,0.0,1.0
168000.0,3.03125,2.111387503747313E-7,168000.0,78.5,78.5,-388.6363636363631,78.5,168000.0,599608.0,33.0,17.0,17.0,8.0,0.0,0.0,1.0
169000.0,3.046875,2.135624850375787E-7,169000.0,79.5,79.5,-502.9411764705876,79.5,169000.0,599608.0,33.0,17.0,17.0,8.0,0.0,0.0,1.0
170000.0,3.0625,2.1611602278426312E-7,170000.0,81.89999999999999,81.89999999999999,-432.35294117647027,81.89999999999999,170000.0,631720.0,37.0,19.0,19.0,10.0,0.0,0.0,1.0
171000.0,3.0625,2.1611602278426312E-7,171000.0,87.1,87.1,-230.7692307692305,87.04819277108433,171000.0,671688.0,37.0,19.0,19.0,10.0,0.0,0.0,1.0
172000.0,3.109375,2.2432417608797572E-7,172000.0,84.6,84.59805935547878,-234.78260869565193,84.26966292134831,172000.0,676872.0,37.0,19.0,19.0,10.0,0.0,0.0,1.0
173000.0,3.125,2.2706022718921326E-7,173000.0,77.2,77.19612334096797,-406.6666666666662,76.3975155279503,173000.0,676872.0,37.0,19.0,19.0,10.0,0.0,0.0,1.0
174000.0,3.15625,2.3253232939168835E-7,174000.0,75.1,75.09222877537792,-465.90909090909037,74.435318275154,174000.0,676872.0,37.0,19.0,19.0,10.0,0.0,0.0,1.0
175000.0,3.171875,2.352683804929259E-7,175000.0,75.3,75.28457757640768,-374.99999999999955,74.0546218487395,175000.0,676872.0,37.0,19.0,19.0,10.0,0.0,0.0,1.0
176000.0,3.171875,2.352683804929259E-7,176000.0,75.2,75.18016895499504,-376.9230769230765,73.9769150052466,176000.0,712480.0,39.0,20.0,20.0,10.0,0.0,0.0,1.0
177000.0,3.171875,2.352683804929259E-7,177000.0,82.5,82.47702738289898,-249.99999999999977,81.44220572640508,177000.0,748088.0,41.0,21.0,21.0,10.0,0.0,0.0,1.0
178000.0,3.25,2.5038798210314605E-7,178000.0,72.3,72.27640722254638,-432.6923076923073,71.23572170301142,178000.0,748088.0,41.0,21.0,21.0,10.0,0.0,0.0,1.0
179000.0,3.265625,2.534206335743271E-7,179000.0,72.39999999999999,72.38674563790619,-430.7692307692303,71.83673469387755,179000.0,750248.0,41.0,21.0,21.0,10.0,0.0,0.0,1.0
180000.0,3.296875,2.595103837342729E-7,180000.0,77.7,77.6831284451045,-418.6046511627902,77.08119218910586,180000.0,753272.0,41.0,21.0,21.0,10.0,0.0,0.0,1.0
181000.0,3.3125,2.625639899633828E-7,181000.0,77.3,77.28027928241714,-482.0512820512815,76.57378740970073,181000.0,755432.0,41.0,21.0,21.0,10.0,0.0,0.0,1.0
182000.0,3.3125,2.625639899633828E-7,182000.0,74.9,74.88206579497762,-543.589743589743,74.36159346271705,182000.0,755432.0,41.0,21.0,21.0,10.0,0.0,0.0,1.0
183000.0,3.359375,2.721094642765823E-7,183000.0,80.5,80.49317261041365,-596.4285714285706,80.22312373225152,183000.0,787152.0,43.0,22.0,22.0,10.0,0.0,0.0,1.0
184000.0,3.375,2.7543871611770686E-7,184000.0,79.9,79.8932441300277,-548.3870967741927,79.61460446247465,184000.0,823624.0,45.0,23.0,23.0,10.0,0.0,0.0,1.0
185000.0,3.40625,2.821216670175396E-7,185000.0,74.3,74.29845790747444,-484.09090909090855,74.04040404040404,185000.0,826648.0,45.0,23.0,23.0,10.0,0.0,0.0,1.0
186000.0,3.421875,2.853153596839146E-7,186000.0,69.6,69.6,-699.9999999999994,69.23076923076923,186000.0,790088.0,47.0,24.0,24.0,10.0,0.0,0.0,1.0
187000.0,3.4375,2.8879517534126863E-7,187000.0,76.3,76.29940748518713,-540.54054054054,75.6923076923077,187000.0,860872.0,51.0,26.0,26.0,11.0,0.0,0.0,1.0
188000.0,3.484375,2.996564338294171E-7,188000.0,72.7,72.69483932463235,-405.5555555555552,72.1144024514811,188000.0,895656.0,51.0,26.0,26.0,11.0,0.0,0.0,1.0
189000.0,3.515625,3.0689727282151606E-7,189000.0,74.3,74.28765807587642,-384.90566037735806,73.66803278688523,189000.0,895656.0,51.0,26.0,26.0,11.0,0.0,0.0,1.0
190000.0,3.53125,3.1051769231756557E-7,190000.0,68.8,68.78276808798456,-467.27272727272685,68.06550665301944,190000.0,895656.0,51.0,26.0,26.0,11.0,0.0,0.0,1.0
191000.0,3.5625,3.177585313096645E-7,191000.0,67.0,66.97040548331306,-478.94736842105203,66.0493827160494,191000.0,895656.0,51.0,26.0,26.0,11.0,0.0,0.0,1.0
192000.0,3.5625,3.177585313096645E-7,192000.0,67.5,67.45300213508307,-673.8095238095231,66.21621621621621,192000.0,929144.0,51.0,26.0,26.0,11.0,0.0,0.0,1.0
193000.0,3.609375,3.290258852454526E-7,193000.0,76.3,76.28456124937334,-558.3333333333327,75.79162410623084,193000.0,929144.0,51.0,26.0,26.0,11.0,0.0,0.0,1.0
194000.0,3.625,3.327939258370965E-7,194000.0,80.80000000000001,80.78391613780735,-392.30769230769175,80.2672147995889,194000.0,932176.0,51.0,26.0,26.0,11.0,0.0,0.0,1.0
195000.0,3.65625,3.4033000702038433E-7,195000.0,81.39999999999999,81.38844222262024,-541.3793103448272,80.88386433710174,195000.0,932176.0,51.0,26.0,26.0,11.0,0.0,0.0,1.0
196000.0,3.671875,3.4409804761202824E-7,196000.0,77.10000000000001,77.0839587711398,-518.9189189189183,76.51282051282051,196000.0,932176.0,51.0,26.0,26.0,11.0,0.0,0.0,1.0
197000.0,3.671875,3.4409804761202824E-7,197000.0,74.5,74.48785621956051,-722.5806451612896,74.05900305188199,197000.0,932176.0,51.0,26.0,26.0,11.0,0.0,0.0,1.0
198000.0,3.71875,3.5542836283437106E-7,198000.0,76.5,76.49294788436532,-658.0645161290316,76.35814889336017,198000.0,934336.0,51.0,26.0,26.0,11.0,0.0,0.0,1.0
199000.0,3.734375,3.59205134575152E-7,199000.0,77.8,77.79564794699762,-639.9999999999992,77.64350453172206,199000.0,934336.0,51.0,26.0,26.0,11.0,0.0,0.0,1.0
200000.0,3.765625,3.667586780567139E-7,200000.0,83.0,82.99260178177506,-431.24999999999966,82.74111675126903,200000.0,934336.0,51.0,26.0,26.0,11.0,0.0,0.0,1.0
201000.0,3.78125,3.7054418094663185E-7,201000.0,72.3,72.28536667360366,-714.7058823529405,71.84959349593495,201000.0,936496.0,51.0,26.0,26.0,11.0,0.0,0.0,1.0
202000.0,3.78125,3.7054418094663185E-7,202000.0,77.4,77.37554296194186,-564.7058823529405,76.86796315250768,202000.0,936496.0,51.0,26.0,26.0,11.0,0.0,0.0,1.0
203000.0,3.828125,3.8190068961638573E-7,203000.0,81.2,81.17215361519689,-358.5365853658531,80.63851699279094,203000.0,936496.0,51.0,26.0,26.0,11.0,0.0,0.0,1.0
204000.0,3.875,3.936837634278671E-7,204000.0,80.0,79.9801803785748,-365.11627906976696,79.55010224948876,204000.0,971672.0,53.0,27.0,27.0,11.0,0.0,0.0,1.0
205000.0,3.890625,3.9762018584749793E-7,205000.0,75.5,75.47903457456125,-512.4999999999994,75.02548419979613,205000.0,973832.0,53.0,27.0,27.0,11.0,0.0,0.0,1.0
206000.0,3.90625,4.0169197341634195E-7,206000.0,85.3,85.2936174299646,-332.35294117647027,85.09127789046653,206000.0,1007320.0,53.0,27.0,27.0,11.0,0.0,0.0,1.0
207000.0,3.90625,4.0169197341634195E-7,207000.0,88.2,88.1890867161257,-280.6451612903222,87.94688457609806,207000.0,1009480.0,53.0,27.0,27.0,11.0,0.0,0.0,1.0
208000.0,3.96875,4.180489728848142E-7,208000.0,92.0,91.99094175512505,-158.0645161290319,91.7610710607621,208000.0,1011640.0,53.0,27.0,27.0,11.0,0.0,0.0,1.0
209000.0,4.0,4.2626938213490805E-7,209000.0,93.10000000000001,93.06880964339528,-137.93103448275824,92.65957446808511,209000.0,1016824.0,53.0,27.0,27.0,11.0,0.0,0.0,1.0
210000.0,4.03125,4.344897913850019E-7,210000.0,87.1,87.08552287113854,-214.63414634146315,86.85015290519877,210000.0,1016824.0,53.0,27.0,27.0,11.0,0.0,0.0,1.0
211000.0,4.046875,4.3861225195643005E-7,211000.0,85.6,85.59524643132234,-278.9473684210523,85.43983822042466,211000.0,1019856.0,53.0,27.0,27.0,11.0,0.0,0.0,1.0
212000.0,4.046875,4.3861225195643005E-7,212000.0,86.1,86.08558466571368,-297.1428571428568,85.69958847736625,212000.0,1022888.0,53.0,27.0,27.0,11.0,0.0,0.0,1.0
213000.0,4.0625,4.4274696847423943E-7,213000.0,89.60000000000001,89.5909441213856,-166.66666666666637,89.28939237899073,213000.0,1022888.0,53.0,27.0,27.0,11.0,0.0,0.0,1.0
214000.0,4.09375,4.510056007549998E-7,214000.0,88.5,88.48710555822521,-202.63157894736815,88.1198347107438,214000.0,1021552.0,55.0,28.0,28.0,11.0,0.0,0.0,1.0
215000.0,4.125,4.5925343228090174E-7,215000.0,82.89999999999999,82.87261330868057,-327.4999999999997,82.20603537981269,215000.0,1020216.0,57.0,29.0,29.0,11.0,0.0,0.0,1.0
216000.0,4.140625,4.633773480438527E-7,216000.0,85.6,85.55790128223772,-336.36363636363603,84.76190476190476,216000.0,1020216.0,57.0,29.0,29.0,11.0,0.0,0.0,1.0
217000.0,4.171875,4.716251795697547E-7,217000.0,84.39999999999999,84.36246992782678,-271.42857142857116,83.61344537815125,217000.0,1020216.0,57.0,29.0,29.0,11.0,0.0,0.0,1.0
218000.0,4.21875,4.839969268586076E-7,218000.0,82.1,82.02188509071917,-280.851063829787,81.05820105820105,218000.0,1020216.0,57.0,29.0,29.0,11.0,0.0,0.0,1.0
219000.0,4.234375,4.881522747584519E-7,219000.0,79.2,79.14379252084368,-549.9999999999993,78.44559585492227,219000.0,1027992.0,57.0,29.0,29.0,11.0,0.0,0.0,1.0
220000.0,4.25,4.923076226582962E-7,220000.0,86.6,86.57992356565421,-272.22222222222194,86.29856850715746,220000.0,1027992.0,57.0,29.0,29.0,11.0,0.0,0.0,1.0
221000.0,4.25,4.923076226582962E-7,221000.0,91.4,91.39247702491978,-104.7619047619045,91.19754350051178,221000.0,1027992.0,57.0,29.0,29.0,11.0,0.0,0.0,1.0
222000.0,4.296875,5.04773666357829E-7,222000.0,87.7,87.68892002802522,-156.24999999999977,87.38461538461539,222000.0,1027992.0,57.0,29.0,29.0,11.0,0.0,0.0,1.0
223000.0,4.328125,5.130843621575175E-7,223000.0,85.0,84.99390752645574,-219.14893617021255,84.78701825557809,223000.0,1027992.0,57.0,29.0,29.0,11.0,0.0,0.0,1.0
224000.0,4.34375,5.172397100573618E-7,224000.0,82.19999999999999,82.19715154424708,-270.8333333333331,82.05645161290323,224000.0,1027992.0,57.0,29.0,29.0,11.0,0.0,0.0,1.0
225000.0,4.359375,5.213950579572061E-7,225000.0,84.89999999999999,84.89841433350502,-235.5555555555553,84.79355488418932,225000.0,1027992.0,57.0,29.0,29.0,11.0,0.0,0.0,1.0
226000.0,4.390625,5.297057537568946E-7,226000.0,87.8,87.79785242202628,-238.88888888888857,87.66430738119313,226000.0,1027992.0,57.0,29.0,29.0,11.0,0.0,0.0,1.0
227000.0,4.421875,5.38016449556583E-7,227000.0,89.0,88.99940596792227,-223.52941176470557,88.90010090817356,227000.0,1027992.0,57.0,29.0,29.0,11.0,0.0,0.0,1.0
228000.0,4.453125,5.463271453562715E-7,228000.0,87.1,87.0972904309905,-258.33333333333303,86.91683569979716,228000.0,1027992.0,57.0,29.0,29.0,11.0,0.0,0.0,1.0
229000.0,4.453125,5.463271453562715E-7,229000.0,87.7,87.69793325278647,-223.6842105263155,87.52535496957404,229000.0,1027992.0,57.0,29.0,29.0,11.0,0.0,0.0,1.0
230000.0,4.5,5.587931890558043E-7,230000.0,82.5,82.49754965695196,-316.6666666666664,82.25152129817444,230000.0,1027992.0,57.0,29.0,29.0,11.0,0.0,0.0,1.0
231000.0,4.515625,5.629361516589098E-7,231000.0,84.2,84.191637376172,-236.1702127659572,83.82804503582395,231000.0,1024928.0,59.0,30.0,30.0,11.0,0.0,0.0,1.0
232000.0,4.546875,5.712465240827043E-7,232000.0,85.8,85.79445983933735,-230.23255813953463,85.42094455852155,232000.0,1027952.0,59.0,30.0,30.0,11.0,0.0,0.0,1.0
233000.0,4.5625,5.755370754438148E-7,233000.0,85.2,85.19381101300343,-195.99999999999977,84.86707566462167,233000.0,1061440.0,59.0,30.0,30.0,11.0,0.0,0.0,1.0
234000.0,4.5625,5.755370754438148E-7,234000.0,84.3,84.2937174869948,-241.30434782608668,83.97959183673468,234000.0,1061440.0,59.0,30.0,30.0,11.0,0.0,0.0,1.0
235000.0,4.625,5.926992808882568E-7,235000.0,79.80000000000001,79.78710417246204,-312.2448979591832,79.34560327198365,235000.0,1061440.0,59.0,30.0,30.0,11.0,0.0,0.0,1.0
236000.0,4.65625,6.013048308280613E-7,236000.0,75.6,75.58173513788313,-328.0701754385961,75.05112474437627,236000.0,1064464.0,59.0,30.0,30.0,11.0,0.0,0.0,1.0
237000.0,4.671875,6.056076057979636E-7,237000.0,69.0,68.96437109802052,-519.9999999999995,68.10699588477365,237000.0,1064464.0,59.0,30.0,30.0,11.0,0.0,0.0,1.0
238000.0,4.671875,6.056076057979636E-7,238000.0,69.39999999999999,69.32576835942982,-524.4897959183669,67.99163179916317,238000.0,1064464.0,59.0,30.0,30.0,11.0,0.0,0.0,1.0
239000.0,4.734375,6.228536302741209E-7,239000.0,67.7,67.49247194087053,-466.66666666666606,64.73799126637554,239000.0,1066624.0,59.0,30.0,30.0,11.0,0.0,0.0,1.0
240000.0,4.765625,6.314239322414834E-7,240000.0,68.10000000000001,67.84241776630815,-479.9999999999994,64.94505494505495,240000.0,1060104.0,61.0,31.0,31.0,11.0,0.0,0.0,1.0
241000.0,4.78125,6.358514332936875E-7,241000.0,72.2,71.90488895356827,-405.45454545454504,69.07675194660735,241000.0,1095320.0,61.0,31.0,31.0,11.0,0.0,0.0,1.0
242000.0,4.78125,6.358514332936875E-7,242000.0,72.1,71.81863727454909,-282.1917808219181,69.13716814159292,242000.0,1100072.0,61.0,31.0,31.0,11.0,0.0,0.0,1.0
243000.0,4.84375,6.53687166050077E-7,243000.0,66.0,65.86506460036526,-365.75342465753454,63.55841371918542,243000.0,1103096.0,61.0,31.0,31.0,11.0,0.0,0.0,1.0
244000.0,4.875,6.626050324282718E-7,244000.0,67.30000000000001,67.17058645179297,-388.0597014925376,65.43340380549684,244000.0,1103096.0,61.0,31.0,31.0,11.0,0.0,0.0,1.0
245000.0,4.890625,6.670639656173692E-7,245000.0,70.6,70.53665380568222,-366.66666666666714,69.27899686520375,245000.0,1103096.0,61.0,31.0,31.0,11.0,0.0,0.0,1.0
246000.0,4.890625,6.670639656173692E-7,246000.0,76.8,76.74530495725948,-314.2857142857139,75.42372881355932,246000.0,1103096.0,61.0,31.0,31.0,11.0,0.0,0.0,1.0
247000.0,4.953125,6.848996983737586E-7,247000.0,73.6,73.51014641664526,-486.6666666666662,71.7948717948718,247000.0,1103096.0,61.0,31.0,31.0,11.0,0.0,0.0,1.0
248000.0,4.984375,6.938175647519534E-7,248000.0,68.8,68.68805981383446,-523.9999999999995,66.98412698412697,248000.0,1103096.0,61.0,31.0,31.0,11.0,0.0,0.0,1.0
249000.0,5.0,6.98288753887432E-7,249000.0,71.3,71.23493341939466,-635.8974358974353,70.13527575442248,249000.0,1106128.0,61.0,31.0,31.0,11.0,0.0,0.0,1.0
250000.0,5.0,6.98288753887432E-7,250000.0,65.60000000000001,65.52926605394269,-699.9999999999992,64.64542651593011,250000.0,1106128.0,61.0,31.0,31.0,11.0,0.0,0.0,1.0
251000.0,5.078125,7.206883553105101E-7,251000.0,62.8,62.711701308699,-765.1162790697666,61.57024793388429,251000.0,1108288.0,61.0,31.0,31.0,11.0,0.0,0.0,1.0
252000.0,5.109375,7.296727077725039E-7,252000.0,62.8,62.77692169144869,-807.317073170731,62.04081632653061,252000.0,1111320.0,61.0,31.0,31.0,11.0,0.0,0.0,1.0
253000.0,5.125,7.34185871099019E-7,253000.0,66.8,66.71946109585195,-672.0930232558133,65.27196652719665,253000.0,1116512.0,61.0,31.0,31.0,11.0,0.0,0.0,1.0
254000.0,5.125,7.34185871099019E-7,254000.0,66.10000000000001,66.09287950469599,-707.1428571428563,65.75757575757576,254000.0,1116512.0,61.0,31.0,31.0,11.0,0.0,0.0,1.0
255000.0,5.1875,7.522385244050794E-7,255000.0,69.0,68.99767482561191,-839.3939393939387,68.84422110552764,255000.0,1116512.0,61.0,31.0,31.0,11.0,0.0,0.0,1.0
256000.0,5.21875,7.612893629508721E-7,256000.0,77.60000000000001,77.5985887110888,-420.93023255813904,77.3965691220989,256000.0,1119544.0,61.0,31.0,31.0,11.0,0.0,0.0,1.0
257000.0,5.234375,7.658147822237684E-7,257000.0,71.39999999999999,71.39999999999999,-597.5609756097556,71.39999999999999,257000.0,1119544.0,61.0,31.0,31.0,11.0,0.0,0.0,1.0
258000.0,5.25,7.703402014966647E-7,258000.0,80.5,80.5,-441.66666666666606,80.5,258000.0,1119544.0,61.0,31.0,31.0,11.0,0.0,0.0,1.0
259000.0,5.28125,7.793910400424574E-7,259000.0,81.39999999999999,81.39996279992559,-376.9230769230767,81.36272545090179,259000.0,1119544.0,61.0,31.0,31.0,11.0,0.0,0.0,1.0
260000.0,5.3125,7.884593408865241E-7,260000.0,77.0,76.9906812258965,-350.9803921568623,76.3617677286742,260000.0,1121704.0,61.0,31.0,31.0,11.0,0.0,0.0,1.0
261000.0,5.328125,7.929934913085574E-7,261000.0,74.6,74.59679919669878,-477.2727272727268,74.05515832482125,261000.0,1121704.0,61.0,31.0,31.0,11.0,0.0,0.0,1.0
262000.0,5.328125,7.929934913085574E-7,262000.0,71.1,71.09190573360542,-489.79591836734653,69.38559322033898,262000.0,1121704.0,61.0,31.0,31.0,11.0,0.0,0.0,1.0
263000.0,5.390625,8.111300929966908E-7,263000.0,73.1,73.09661017288178,-333.87096774193515,71.92066805845512,263000.0,1121704.0,61.0,31.0,31.0,11.0,0.0,0.0,1.0
264000.0,5.421875,8.201983938407575E-7,264000.0,76.1,76.08062530649826,-206.41025641025658,73.99347116430903,264000.0,1121704.0,61.0,31.0,31.0,11.0,0.0,0.0,1.0
265000.0,5.4375,8.247325442627908E-7,265000.0,74.1,74.08802866924519,-187.77777777777789,72.26980728051393,265000.0,1121704.0,61.0,31.0,31.0,11.0,0.0,0.0,1.0
266000.0,5.453125,8.292666946848242E-7,266000.0,79.2,79.19883513476755,-205.88235294117663,78.6008230452675,266000.0,1121704.0,61.0,31.0,31.0,11.0,0.0,0.0,1.0
267000.0,5.484375,8.383349955288908E-7,267000.0,79.3,79.29155095278875,-200.00000000000017,78.94201424211597,267000.0,1121704.0,61.0,31.0,31.0,11.0,0.0,0.0,1.0
268000.0,5.5,8.428691459509242E-7,268000.0,78.9,78.88492383561864,-313.725490196078,78.44739530132789,268000.0,1121704.0,61.0,31.0,31.0,11.0,0.0,0.0,1.0
269000.0,5.515625,8.474155523193387E-7,269000.0,76.9,76.88576162916357,-260.9375000000003,76.57200811359026,269000.0,1124736.0,61.0,31.0,31.0,11.0,0.0,0.0,1.0
270000.0,5.515625,8.474155523193387E-7,270000.0,76.3,76.2924372874947,-264.6153846153849,76.03640040444894,270000.0,1124736.0,61.0,31.0,31.0,11.0,0.0,0.0,1.0
271000.0,5.578125,8.65601177792997E-7,271000.0,74.6,74.58576803009686,-290.7692307692311,74.2393509127789,271000.0,1124736.0,61.0,31.0,31.0,11.0,0.0,0.0,1.0
272000.0,5.609375,8.746939905298261E-7,272000.0,73.8,73.76694635240403,-367.8571428571425,72.98969072164948,272000.0,1124736.0,61.0,31.0,31.0,11.0,0.0,0.0,1.0
273000.0,5.625,8.792403968982406E-7,273000.0,65.10000000000001,64.96497501370281,-453.9682539682544,63.378803777544604,273000.0,1124736.0,61.0,31.0,31.0,11.0,0.0,0.0,1.0
274000.0,5.625,8.792403968982406E-7,274000.0,67.5,67.23341103215765,-577.0833333333327,64.97844827586208,274000.0,1124736.0,61.0,31.0,31.0,11.0,0.0,0.0,1.0
275000.0,5.6875,8.974260223718988E-7,275000.0,66.3,66.20049425508698,-617.021276595744,63.9957264957265,275000.0,1124736.0,61.0,31.0,31.0,11.0,0.0,0.0,1.0
276000.0,5.703125,9.019670283628842E-7,276000.0,64.1,64.02488395770368,-754.7619047619039,61.8895966029724,276000.0,1123400.0,63.0,32.0,32.0,11.0,0.0,0.0,1.0
277000.0,5.71875,9.065080343538696E-7,277000.0,66.4,66.37478108581436,-546.1538461538455,65.88832487309645,277000.0,1123400.0,63.0,32.0,32.0,11.0,0.0,0.0,1.0
278000.0,5.71875,9.065080343538696E-7,278000.0,68.4,68.35950016020507,-531.9999999999993,67.75510204081633,278000.0,1123400.0,63.0,32.0,32.0,11.0,0.0,0.0,1.0
279000.0,5.78125,9.24672058317811E-7,279000.0,66.5,66.46126275848604,-628.2608695652167,65.98984771573603,279000.0,1123400.0,63.0,32.0,32.0,11.0,0.0,0.0,1.0
280000.0,5.8125,9.337540702997817E-7,280000.0,63.3,63.27870164695524,-664.5833333333327,62.929292929292934,280000.0,1123400.0,63.0,32.0,32.0,11.0,0.0,0.0,1.0
281000.0,5.8125,9.337540702997817E-7,281000.0,65.5,65.49199414264109,-741.4634146341455,65.22177419354838,281000.0,1123400.0,63.0,32.0,32.0,11.0,0.0,0.0,1.0
282000.0,5.8125,9.337540702997817E-7,282000.0,66.7,66.66319616857011,-565.9999999999993,65.8811475409836,282000.0,1123400.0,63.0,32.0,32.0,11.0,0.0,0.0,1.0
283000.0,5.84375,9.428360822817524E-7,283000.0,65.4,65.36820801495773,-723.8095238095231,64.4398766700925,283000.0,1123400.0,63.0,32.0,32.0,11.0,0.0,0.0,1.0
284000.0,5.875,9.519180942637231E-7,284000.0,63.1,63.06894097936364,-758.1395348837201,61.997940267765195,284000.0,1123400.0,63.0,32.0,32.0,11.0,0.0,0.0,1.0
285000.0,5.890625,9.564591002547085E-7,285000.0,63.9,63.894945292340935,-780.487804878048,63.535353535353536,285000.0,1123400.0,63.0,32.0,32.0,11.0,0.0,0.0,1.0
286000.0,5.90625,9.61000106245694E-7,286000.0,65.7,65.69015307393222,-697.6744186046503,65.45820745216517,286000.0,1123400.0,63.0,32.0,32.0,11.0,0.0,0.0,1.0
287000.0,5.9375,9.700821182276646E-7,287000.0,62.9,62.89213313222404,-706.5217391304341,62.75100401606426,287000.0,1123400.0,63.0,32.0,32.0,11.0,0.0,0.0,1.0
288000.0,5.953125,9.7462312421865E-7,288000.0,61.4,61.396911752940234,-687.7551020408157,61.32264529058116,288000.0,1123400.0,63.0,32.0,32.0,11.0,0.0,0.0,1.0
289000.0,5.953125,9.7462312421865E-7,289000.0,63.4,63.4,-863.1578947368413,63.4,289000.0,1123400.0,63.0,32.0,32.0,11.0,0.0,0.0,1.0
290000.0,6.0,9.882829100307498E-7,290000.0,60.4,60.4,-742.553191489361,60.4,290000.0,1126432.0,63.0,32.0,32.0,11.0,0.0,0.0,1.0
291000.0,6.03125,9.97389433905483E-7,291000.0,64.1,64.09023254325177,-603.9215686274504,63.81048387096774,291000.0,1126432.0,63.0,32.0,32.0,11.0,0.0,0.0,1.0
292000.0,6.046875,1.0019426958428495E-6,292000.0,71.1,71.09329364412544,-445.28301886792406,70.86693548387096,292000.0,1126432.0,63.0,32.0,32.0,11.0,0.0,0.0,1.0
293000.0,6.0625,1.006495957780216E-6,293000.0,70.39999999999999,70.39689167362573,-621.9512195121946,70.1913393756294,293000.0,1126432.0,63.0,32.0,32.0,11.0,0.0,0.0,1.0
294000.0,6.109375,1.0201557435923158E-6,294000.0,68.89999999999999,68.8951476430323,-623.2558139534879,68.52226720647772,294000.0,1126432.0,63.0,32.0,32.0,11.0,0.0,0.0,1.0
295000.0,6.140625,1.029262267467049E-6,295000.0,67.7,67.69893406482414,-651.1627906976736,67.60280842527582,295000.0,1126432.0,63.0,32.0,32.0,11.0,0.0,0.0,1.0
296000.0,6.15625,1.0338155294044155E-6,296000.0,60.9,60.9,-768.8888888888881,60.9,296000.0,1126432.0,63.0,32.0,32.0,11.0,0.0,0.0,1.0
297000.0,6.15625,1.0338155294044155E-6,297000.0,63.9,63.9,-780.487804878048,63.9,297000.0,1126432.0,63.0,32.0,32.0,11.0,0.0,0.0,1.0
298000.0,6.21875,1.0520285771538818E-6,298000.0,60.9,60.9,-956.7567567567557,60.9,298000.0,1126432.0,63.0,32.0,32.0,11.0,0.0,0.0,1.0
299000.0,6.25,1.061135101028615E-6,299000.0,61.0,61.0,-828.5714285714278,61.0,299000.0,1126432.0,63.0,32.0,32.0,11.0,0.0,0.0,1.0
300000.0,6.265625,1.0656883629659815E-6,300000.0,66.4,66.4,-663.6363636363628,66.4,300000.0,1126432.0,63.0,32.0,32.0,11.0,0.0,0.0,1.0
301000.0,6.28125,1.070241624903348E-6,301000.0,60.699999999999996,60.699999999999996,-835.7142857142849,60.699999999999996,301000.0,1126432.0,63.0,32.0,32.0,11.0,0.0,0.0,1.0
302000.0,6.328125,1.0839014107154478E-6,302000.0,66.8,66.8,-876.4705882352931,66.8,302000.0,1126432.0,63.0,32.0,32.0,11.0,0.0,0.0,1.0
303000.0,6.34375,1.0884546726528144E-6,303000.0,64.9,64.9,-777.4999999999991,64.9,303000.0,1126432.0,63.0,32.0,32.0,11.0,0.0,0.0,1.0
304000.0,6.375,1.0975611965275475E-6,304000.0,60.9,60.9,-809.3023255813946,60.9,304000.0,1126432.0,63.0,32.0,32.0,11.0,0.0,0.0,1.0
305000.0,6.375,1.0975611965275475E-6,305000.0,64.5,64.5,-671.7391304347819,64.5,305000.0,1126432.0,63.0,32.0,32.0,11.0,0.0,0.0,1.0
306000.0,6.4375,1.1157742442770138E-6,306000.0,63.6,63.6,-561.8181818181812,63.045685279187815,306000.0,1126432.0,63.0,32.0,32.0,11.0,0.0,0.0,1.0
307000.0,6.453125,1.1203275062143804E-6,307000.0,63.9,63.89646185326162,-491.8032786885241,63.38742393509128,307000.0,1126432.0,63.0,32.0,32.0,11.0,0.0,0.0,1.0
308000.0,6.5,1.13398729202648E-6,308000.0,62.0,61.97322915332394,-630.7692307692301,61.145194274028626,308000.0,1126432.0,63.0,32.0,32.0,11.0,0.0,0.0,1.0
309000.0,6.515625,1.1385405539638466E-6,309000.0,57.9,57.83591058408781,-815.2173913043472,57.04081632653061,309000.0,1126432.0,63.0,32.0,32.0,11.0,0.0,0.0,1.0
310000.0,6.53125,1.1430938159012132E-6,310000.0,57.699999999999996,57.60588506484395,-799.9999999999993,56.836734693877546,310000.0,1126432.0,63.0,32.0,32.0,11.0,0.0,0.0,1.0
311000.0,6.578125,1.156753601713313E-6,311000.0,59.599999999999994,59.42504077582535,-839.5348837209294,58.43621399176955,311000.0,1126432.0,63.0,32.0,32.0,11.0,0.0,0.0,1.0
312000.0,6.609375,1.165860125588046E-6,312000.0,60.8,60.52843563718382,-771.1111111111104,59.166666666666664,312000.0,1126432.0,63.0,32.0,32.0,11.0,0.0,0.0,1.0
313000.0,6.625,1.1704133875254126E-6,313000.0,68.5,68.333752199045,-632.558139534883,67.35751295336789,313000.0,1126432.0,63.0,32.0,32.0,11.0,0.0,0.0,1.0
314000.0,6.640625,1.1749666494627792E-6,314000.0,62.8,62.69883925205156,-708.6956521739123,61.885245901639344,314000.0,1126432.0,63.0,32.0,32.0,11.0,0.0,0.0,1.0
315000.0,6.671875,1.1840731733375124E-6,315000.0,59.0,58.782992455277025,-791.3043478260862,57.86228160328879,315000.0,1126432.0,63.0,32.0,32.0,11.0,0.0,0.0,1.0
316000.0,6.703125,1.1931796972122455E-6,316000.0,71.0,70.99907197030304,-491.8367346938771,70.04132231404958,316000.0,1126432.0,63.0,32.0,32.0,11.0,0.0,0.0,1.0
317000.0,6.71875,1.197732959149612E-6,317000.0,74.7,74.7,-666.666666666666,74.44444444444444,317000.0,1126432.0,63.0,32.0,32.0,11.0,0.0,0.0,1.0
318000.0,6.75,1.2068394830243452E-6,318000.0,66.9,66.9,-903.0303030303021,66.05128205128206,318000.0,1126432.0,63.0,32.0,32.0,11.0,0.0,0.0,1.0
319000.0,6.78125,1.2159247934404344E-6,319000.0,68.2,68.19491118578973,-835.2941176470578,67.55102040816327,319000.0,1123808.0,65.0,33.0,33.0,12.0,0.0,0.0,1.0
320000.0,6.828125,1.2295527590645682E-6,320000.0,63.9,63.89324803738299,-1064.516129032257,63.275686673448625,320000.0,1123808.0,65.0,33.0,33.0,12.0,0.0,0.0,1.0
321000.0,6.828125,1.2295527590645682E-6,321000.0,67.4,67.4,-1203.9999999999986,66.90355329949239,321000.0,1123808.0,65.0,33.0,33.0,12.0,0.0,0.0,1.0
322000.0,6.84375,1.2340954142726127E-6,322000.0,66.2,66.2,-1065.5172413793093,65.29774127310061,322000.0,1123808.0,65.0,33.0,33.0,12.0,0.0,0.0,1.0
323000.0,6.875,1.243180724688702E-6,323000.0,73.9,73.9,-832.1428571428564,73.42158859470467,323000.0,1123808.0,65.0,33.0,33.0,12.0,0.0,0.0,1.0
324000.0,6.90625,1.252266035104791E-6,324000.0,66.9,66.9,-707.317073170731,65.5925155925156,324000.0,1123808.0,65.0,33.0,33.0,12.0,0.0,0.0,1.0
325000.0,6.9375,1.2616012504117355E-6,325000.0,78.2,78.2,-522.8571428571422,77.68679631525077,325000.0,1154720.0,69.0,35.0,35.0,12.0,0.0,0.0,1.0
326000.0,6.96875,1.27093646571868E-6,326000.0,72.2,72.2,-561.9047619047615,71.57464212678937,326000.0,1154720.0,69.0,35.0,35.0,12.0,0.0,0.0,1.0
327000.0,6.984375,1.2756040733721521E-6,327000.0,74.8,74.8,-459.99999999999955,73.58490566037736,327000.0,1154720.0,69.0,35.0,35.0,12.0,0.0,0.0,1.0
328000.0,7.015625,1.2849392886790966E-6,328000.0,71.7,71.7,-515.2173913043473,71.03377686796316,328000.0,1154720.0,69.0,35.0,35.0,12.0,0.0,0.0,1.0
329000.0,7.015625,1.2849392886790966E-6,329000.0,74.1,74.1,-370.9090909090905,72.82266526757607,329000.0,1154720.0,69.0,35.0,35.0,12.0,0.0,0.0,1.0
330000.0,7.03125,1.2896068963325688E-6,330000.0,77.8,77.8,-416.27906976744134,77.4390243902439,330000.0,1154720.0,69.0,35.0,35.0,12.0,0.0,0.0,1.0
331000.0,7.0625,1.2989421116395132E-6,331000.0,75.3,75.3,-393.99999999999955,74.37759336099586,331000.0,1154720.0,69.0,35.0,35.0,12.0,0.0,0.0,1.0
332000.0,7.078125,1.3036097192929854E-6,332000.0,76.6,76.6,-397.87234042553143,76.12244897959184,332000.0,1154720.0,69.0,35.0,35.0,12.0,0.0,0.0,1.0
333000.0,7.109375,1.3129449345999298E-6,333000.0,76.2,76.2,-395.83333333333286,75.7884028484232,333000.0,1154720.0,69.0,35.0,35.0,12.0,0.0,0.0,1.0
334000.0,7.140625,1.322561357584265E-6,334000.0,75.2,75.2,-386.27450980392115,74.48559670781893,334000.0,1189504.0,69.0,35.0,35.0,12.0,0.0,0.0,1.0
335000.0,7.171875,1.3321777805686003E-6,335000.0,78.9,78.9,-414.6341463414629,78.53509664292982,335000.0,1189504.0,69.0,35.0,35.0,12.0,0.0,0.0,1.0
336000.0,7.1875,1.336985992060768E-6,336000.0,69.8,69.8,-556.5217391304343,69.02564102564102,336000.0,1189504.0,69.0,35.0,35.0,12.0,0.0,0.0,1.0
337000.0,7.1875,1.336985992060768E-6,337000.0,70.7,70.7,-510.4166666666662,70.4040404040404,337000.0,1189504.0,69.0,35.0,35.0,12.0,0.0,0.0,1.0
338000.0,7.25,1.3563027864115112E-6,338000.0,68.60000000000001,68.60000000000001,-481.48148148148084,68.15415821501016,338000.0,1194696.0,69.0,35.0,35.0,12.0,0.0,0.0,1.0
339000.0,7.28125,1.365961183586883E-6,339000.0,67.2,67.2,-597.8723404255312,67.03517587939699,339000.0,1194696.0,69.0,35.0,35.0,12.0,0.0,0.0,1.0
340000.0,7.296875,1.3707903821745687E-6,340000.0,65.8,65.8,-659.9999999999992,65.55891238670695,340000.0,1194696.0,69.0,35.0,35.0,12.0,0.0,0.0,1.0
341000.0,7.296875,1.3707903821745687E-6,341000.0,69.5,69.5,-548.9361702127655,68.87755102040816,341000.0,1194696.0,69.0,35.0,35.0,12.0,0.0,0.0,1.0
342000.0,7.359375,1.390107176525312E-6,342000.0,70.1,70.1,-536.1702127659569,69.97991967871485,342000.0,1194696.0,69.0,35.0,35.0,12.0,0.0,0.0,1.0
343000.0,7.390625,1.3997655737006837E-6,343000.0,72.2,72.2,-531.8181818181813,71.91919191919192,343000.0,1194696.0,69.0,35.0,35.0,12.0,0.0,0.0,1.0
344000.0,7.40625,1.4045947722883696E-6,344000.0,72.3,72.3,-544.1860465116274,71.87817258883248,344000.0,1194696.0,69.0,35.0,35.0,12.0,0.0,0.0,1.0
345000.0,7.4375,1.4142531694637412E-6,345000.0,65.60000000000001,65.60000000000001,-631.9148936170205,64.86210418794688,345000.0,1194696.0,69.0,35.0,35.0,12.0,0.0,0.0,1.0
346000.0,7.46875,1.4241890878313126E-6,346000.0,70.8,70.8,-421.428571428571,69.67808930425753,346000.0,1229024.0,71.0,36.0,36.0,12.0,0.0,0.0,1.0
347000.0,7.484375,1.4291570470150983E-6,347000.0,71.5,71.5,-448.07692307692264,70.64881565396497,347000.0,1229024.0,71.0,36.0,36.0,12.0,0.0,0.0,1.0
348000.0,7.5,1.434125006198884E-6,348000.0,69.6,69.6,-533.3333333333328,68.9479060265577,348000.0,1229024.0,71.0,36.0,36.0,12.0,0.0,0.0,1.0
349000.0,7.515625,1.4390929653826697E-6,349000.0,66.60000000000001,66.60000000000001,-676.7441860465109,65.56701030927834,349000.0,1229024.0,71.0,36.0,36.0,12.0,0.0,0.0,1.0
350000.0,7.546875,1.449351871593132E-6,350000.0,74.7,74.68881245510516,-449.99999999999955,73.80952380952381,350000.0,1268976.0,75.0,38.0,38.0,12.0,0.0,0.0,1.0
351000.0,7.5625,1.4546271672265406E-6,351000.0,82.8,82.79642165570438,-364.86486486486456,82.52032520325203,351000.0,1305056.0,75.0,38.0,38.0,12.0,0.0,0.0,1.0
352000.0,7.609375,1.4704897249531424E-6,352000.0,81.89999999999999,81.8843480767383,-364.1025641025638,81.30165289256198,352000.0,1308080.0,75.0,38.0,38.0,12.0,0.0,0.0,1.0
353000.0,7.640625,1.4810647634375436E-6,353000.0,79.0,78.940232379493,-377.27272727272674,78.05642633228841,353000.0,1308080.0,75.0,38.0,38.0,12.0,0.0,0.0,1.0
354000.0,7.671875,1.4919594913307172E-6,354000.0,76.0,75.9925576928848,-471.42857142857093,75.23219814241486,354000.0,1347624.0,77.0,39.0,39.0,12.0,0.0,0.0,1.0
355000.0,7.671875,1.4919594913307172E-6,355000.0,77.7,77.63960457194884,-374.4680851063825,76.84319833852544,355000.0,1349784.0,77.0,39.0,39.0,12.0,0.0,0.0,1.0
356000.0,7.71875,1.508327776617889E-6,356000.0,72.5,72.46494787864953,-848.2758620689648,71.96738022426096,356000.0,1349784.0,77.0,39.0,39.0,12.0,0.0,0.0,1.0
357000.0,7.75,1.5192574291076107E-6,357000.0,76.4,76.39653028995262,-615.1515151515146,76.23363544813697,357000.0,1351944.0,77.0,39.0,39.0,12.0,0.0,0.0,1.0
358000.0,7.78125,1.5301870815973325E-6,358000.0,77.4,77.39253953804756,-494.73684210526255,77.17171717171716,358000.0,1351944.0,77.0,39.0,39.0,12.0,0.0,0.0,1.0
359000.0,7.78125,1.5301870815973325E-6,359000.0,78.10000000000001,78.0969335706999,-409.3023255813948,77.87878787878788,359000.0,1351944.0,77.0,39.0,39.0,12.0,0.0,0.0,1.0
360000.0,7.828125,1.5465815603319151E-6,360000.0,78.10000000000001,78.08520751507267,-409.3023255813948,77.4922918807811,360000.0,1351944.0,77.0,39.0,39.0,12.0,0.0,0.0,1.0
361000.0,7.875,1.5629760390664977E-6,361000.0,78.10000000000001,78.09487420056294,-476.31578947368365,77.81155015197568,361000.0,1351944.0,77.0,39.0,39.0,12.0,0.0,0.0,1.0
362000.0,7.90625,1.5739056915562195E-6,362000.0,80.2,80.2,-582.7586206896544,80.02018163471242,362000.0,1351944.0,77.0,39.0,39.0,12.0,0.0,0.0,1.0
363000.0,7.921875,1.5793705178010803E-6,363000.0,77.10000000000001,77.10000000000001,-573.5294117647053,76.58486707566462,363000.0,1351944.0,77.0,39.0,39.0,12.0,0.0,0.0,1.0
364000.0,7.953125,1.5903001702908021E-6,364000.0,84.39999999999999,84.39999999999999,-372.7272727272724,84.11405295315681,364000.0,1351944.0,77.0,39.0,39.0,12.0,0.0,0.0,1.0
365000.0,7.984375,1.601229822780524E-6,365000.0,79.9,79.9,-390.2439024390238,79.67644084934278,365000.0,1351944.0,77.0,39.0,39.0,12.0,0.0,0.0,1.0
366000.0,8.0,1.6067068726341767E-6,366000.0,78.8,78.8,-429.99999999999943,78.5425101214575,366000.0,1354968.0,77.0,39.0,39.0,12.0,0.0,0.0,1.0
367000.0,8.015625,1.6120379182717048E-6,367000.0,70.89999999999999,70.89999999999999,-532.6086956521734,70.42682926829268,367000.0,1318848.0,79.0,40.0,40.0,12.0,0.0,0.0,1.0
368000.0,8.046875,1.6229812172241517E-6,368000.0,66.9,66.9,-748.7179487179478,66.46403242147923,368000.0,1353632.0,79.0,40.0,40.0,12.0,0.0,0.0,1.0
369000.0,8.078125,1.6339245161765987E-6,369000.0,63.4,63.39868235256469,-713.3333333333326,62.955465587044536,369000.0,1353632.0,79.0,40.0,40.0,12.0,0.0,0.0,1.0
370000.0,8.109375,1.6448852774273198E-6,370000.0,58.9,58.89486185773222,-721.9999999999993,57.84615384615385,370000.0,1355792.0,79.0,40.0,40.0,12.0,0.0,0.0,1.0
371000.0,8.140625,1.655846038678041E-6,371000.0,57.4,57.4,-634.4827586206891,56.48621041879468,371000.0,1355792.0,79.0,40.0,40.0,12.0,0.0,0.0,1.0
372000.0,8.171875,1.6668067999287622E-6,372000.0,72.7,72.7,-415.0943396226411,72.0,372000.0,1355792.0,79.0,40.0,40.0,12.0,0.0,0.0,1.0
373000.0,8.171875,1.6668067999287622E-6,373000.0,78.0,78.0,-358.33333333333286,77.482088024565,373000.0,1355792.0,79.0,40.0,40.0,12.0,0.0,0.0,1.0
374000.0,8.171875,1.6668067999287622E-6,374000.0,79.9,79.9,-294.1176470588231,79.51070336391439,374000.0,1355792.0,79.0,40.0,40.0,12.0,0.0,0.0,1.0
375000.0,8.234375,1.6887283224302043E-6,375000.0,80.2,80.2,-382.9268292682921,79.83706720977597,375000.0,1355792.0,79.0,40.0,40.0,12.0,0.0,0.0,1.0
376000.0,8.265625,1.6996890836809254E-6,376000.0,73.0,73.0,-409.4339622641505,72.3076923076923,376000.0,1355792.0,79.0,40.0,40.0,12.0,0.0,0.0,1.0
377000.0,8.28125,1.705169464306286E-6,377000.0,79.10000000000001,79.10000000000001,-480.5555555555549,78.8675429726997,377000.0,1355792.0,79.0,40.0,40.0,12.0,0.0,0.0,1.0
378000.0,8.296875,1.7106498449316466E-6,378000.0,77.8,77.79520376401304,-382.6086956521734,77.39307535641548,378000.0,1355792.0,79.0,40.0,40.0,12.0,0.0,0.0,1.0
379000.0,8.3125,1.7161302255570072E-6,379000.0,83.0,82.99690543678949,-448.38709677419314,82.77608915906788,379000.0,1355792.0,79.0,40.0,40.0,12.0,0.0,0.0,1.0
380000.0,8.34375,1.7270909868077284E-6,380000.0,79.7,79.68301500054046,-395.12195121951163,79.24335378323109,380000.0,1355792.0,79.0,40.0,40.0,12.0,0.0,0.0,1.0
381000.0,8.375,1.7380517480584495E-6,381000.0,80.4,80.39439279633976,-553.3333333333326,80.1418439716312,381000.0,1355792.0,79.0,40.0,40.0,12.0,0.0,0.0,1.0
382000.0,8.40625,1.7490125093091707E-6,382000.0,77.7,77.68049275066409,-502.7027027027021,77.17502558853634,382000.0,1355792.0,79.0,40.0,40.0,12.0,0.0,0.0,1.0
383000.0,8.4375,1.7599732705598919E-6,383000.0,77.3,77.29659448917337,-710.714285714285,77.07070707070707,383000.0,1355792.0,79.0,40.0,40.0,12.0,0.0,0.0,1.0
384000.0,8.453125,1.7654746382807707E-6,384000.0,75.4,75.38030424339472,-472.0930232558135,74.76923076923076,384000.0,1360984.0,79.0,40.0,40.0,12.0,0.0,0.0,1.0
385000.0,8.515625,1.7874801091642858E-6,385000.0,80.60000000000001,80.5956534263675,-470.58823529411694,80.28455284552845,385000.0,1360984.0,79.0,40.0,40.0,12.0,0.0,0.0,1.0
386000.0,8.546875,1.7984828446060434E-6,386000.0,69.69999999999999,69.66408227341172,-621.4285714285709,68.53582554517133,386000.0,1360984.0,79.0,40.0,40.0,12.0,0.0,0.0,1.0
387000.0,8.578125,1.809485580047801E-6,387000.0,76.0,75.99078045969652,-566.6666666666661,75.40983606557377,387000.0,1360984.0,79.0,40.0,40.0,12.0,0.0,0.0,1.0
388000.0,8.578125,1.809485580047801E-6,388000.0,69.19999999999999,69.17854826959562,-732.4324324324318,68.28012358393408,388000.0,1360984.0,79.0,40.0,40.0,12.0,0.0,0.0,1.0
389000.0,8.625,1.8259896832104374E-6,389000.0,72.0,71.99490307235916,-723.5294117647053,71.25256673511294,389000.0,1360984.0,79.0,40.0,40.0,12.0,0.0,0.0,1.0
390000.0,8.65625,1.836992418652195E-6,390000.0,69.19999999999999,69.19491716133162,-755.5555555555549,68.73096446700508,390000.0,1360984.0,79.0,40.0,40.0,12.0,0.0,0.0,1.0
391000.0,8.671875,1.8424937863730738E-6,391000.0,72.3,72.28877695466663,-559.523809523809,71.53134635149023,391000.0,1360984.0,79.0,40.0,40.0,12.0,0.0,0.0,1.0
392000.0,8.671875,1.8424937863730738E-6,392000.0,62.6,62.597307006104444,-663.2653061224482,62.37424547283702,392000.0,1363144.0,79.0,40.0,40.0,12.0,0.0,0.0,1.0
393000.0,8.765625,1.875438158296878E-6,393000.0,67.9,67.89187664479114,-682.9268292682918,67.54297269969666,393000.0,1358352.0,81.0,41.0,41.0,12.0,0.0,0.0,1.0
394000.0,8.796875,1.8867252704997874E-6,394000.0,62.0,61.99749183446107,-804.761904761904,61.770623742454724,394000.0,1396160.0,81.0,41.0,41.0,12.0,0.0,0.0,1.0
395000.0,8.796875,1.8867252704997874E-6,395000.0,68.60000000000001,68.59849272765092,-647.6190476190468,68.21862348178138,395000.0,1396160.0,81.0,41.0,41.0,12.0,0.0,0.0,1.0
396000.0,8.859375,1.909334419502154E-6,396000.0,62.8,62.79973959817718,-905.4054054054045,62.53776435045317,396000.0,1398320.0,81.0,41.0,41.0,12.0,0.0,0.0,1.0
397000.0,8.890625,1.920638994003337E-6,397000.0,72.2,72.19749777479973,-517.7777777777773,71.69042769857434,397000.0,1398320.0,81.0,41.0,41.0,12.0,0.0,0.0,1.0
398000.0,8.921875,1.932234800834624E-6,398000.0,69.3,69.29686828056461,-630.9523809523804,68.76907426246184,398000.0,1434344.0,85.0,43.0,43.0,12.0,0.0,0.0,1.0
399000.0,8.96875,1.9500712773555697E-6,399000.0,80.60000000000001,80.59340175659725,-312.76595744680805,79.91718426501035,399000.0,1470856.0,85.0,43.0,43.0,12.0,0.0,0.0,1.0
400000.0,9.0,1.961962261702867E-6,400000.0,75.7,75.69513902780555,-439.9999999999995,75.20408163265306,400000.0,1470856.0,85.0,43.0,43.0,12.0,0.0,0.0,1.0
401000.0,9.03125,1.9738284107815077E-6,401000.0,76.1,76.08421558228432,-497.49999999999943,75.36082474226804,401000.0,1467784.0,87.0,44.0,44.0,12.0,0.0,0.0,1.0
402000.0,9.03125,1.9738284107815077E-6,402000.0,74.0,73.98439063438063,-409.80392156862695,72.91666666666666,402000.0,1467784.0,87.0,44.0,44.0,12.0,0.0,0.0,1.0
403000.0,9.09375,1.9976446573208623E-6,403000.0,75.3,75.27091860027393,-333.333333333333,74.02733964248159,403000.0,1472976.0,87.0,44.0,44.0,12.0,0.0,0.0,1.0
404000.0,9.125,2.0095702428888133E-6,404000.0,78.0,77.98767309693429,-238.46153846153868,77.2020725388601,404000.0,1475136.0,87.0,44.0,44.0,12.0,0.0,0.0,1.0
405000.0,9.140625,2.015533035672789E-6,405000.0,73.8,73.7317814363903,-423.9999999999996,72.45005257623554,405000.0,1475136.0,87.0,44.0,44.0,12.0,0.0,0.0,1.0
406000.0,9.15625,2.0215945551171918E-6,406000.0,76.2,76.18978541794431,-395.83333333333286,75.38779731127198,406000.0,1499560.0,89.0,45.0,45.0,12.0,0.0,0.0,1.0
407000.0,9.171875,2.0278385879161476E-6,407000.0,73.8,73.76999287184539,-434.69387755101997,72.36286919831223,407000.0,1544712.0,89.0,45.0,45.0,12.0,0.0,0.0,1.0
408000.0,9.203125,2.0403266535140594E-6,408000.0,80.4,80.38878238352338,-402.56410256410203,79.87679671457906,408000.0,1544712.0,89.0,45.0,45.0,12.0,0.0,0.0,1.0
409000.0,9.234375,2.052814719111971E-6,409000.0,80.0,79.96562100564569,-426.31578947368365,79.07949790794979,409000.0,1544712.0,89.0,45.0,45.0,12.0,0.0,0.0,1.0
410000.0,9.265625,2.065302784709883E-6,410000.0,73.7,73.69368648475634,-497.72727272727224,73.16326530612245,410000.0,1544712.0,89.0,45.0,45.0,12.0,0.0,0.0,1.0
411000.0,9.3125,2.0840348831067506E-6,411000.0,70.6,70.59176569439443,-583.7209302325576,70.0,411000.0,1544712.0,89.0,45.0,45.0,12.0,0.0,0.0,1.0
412000.0,9.3125,2.0840348831067506E-6,412000.0,78.10000000000001,78.06940682251742,-434.14634146341416,77.06806282722513,412000.0,1544712.0,89.0,45.0,45.0,12.0,0.0,0.0,1.0
413000.0,9.375,2.109011014302574E-6,413000.0,73.3,73.28461193647541,-734.3749999999993,72.30290456431536,413000.0,1544712.0,89.0,45.0,45.0,12.0,0.0,0.0,1.0
414000.0,9.40625,2.121499079900486E-6,414000.0,78.60000000000001,78.57733482023981,-548.4848484848478,77.56813417190776,414000.0,1544712.0,89.0,45.0,45.0,12.0,0.0,0.0,1.0
415000.0,9.421875,2.1277431126994418E-6,415000.0,71.7,71.69227199025335,-784.3749999999993,71.09295199182839,415000.0,1544712.0,89.0,45.0,45.0,12.0,0.0,0.0,1.0
416000.0,9.46875,2.1464752110963094E-6,416000.0,77.60000000000001,77.59200034412285,-578.7878787878781,77.11950970377937,416000.0,1544712.0,89.0,45.0,45.0,12.0,0.0,0.0,1.0
417000.0,9.515625,2.165233502940588E-6,417000.0,68.2,68.19847352672929,-863.6363636363626,67.94354838709677,417000.0,1546872.0,89.0,45.0,45.0,12.0,0.0,0.0,1.0
418000.0,9.546875,2.1777390308367735E-6,418000.0,72.3,72.29002440878716,-610.2564102564097,71.73469387755101,418000.0,1546872.0,89.0,45.0,45.0,12.0,0.0,0.0,1.0
419000.0,9.578125,2.190244558732959E-6,419000.0,71.39999999999999,71.39716831966363,-793.7499999999993,71.0819009100101,419000.0,1546872.0,89.0,45.0,45.0,12.0,0.0,0.0,1.0
420000.0,9.609375,2.2027500866291446E-6,420000.0,70.7,70.68663310469574,-632.4999999999994,69.97950819672131,420000.0,1546872.0,89.0,45.0,45.0,12.0,0.0,0.0,1.0
421000.0,9.65625,2.221508378473423E-6,421000.0,74.0,73.99370647696742,-687.8787878787872,73.7108190091001,421000.0,1546872.0,89.0,45.0,45.0,12.0,0.0,0.0,1.0
422000.0,9.65625,2.221508378473423E-6,422000.0,73.1,73.09311183663017,-796.666666666666,72.88306451612902,422000.0,1546872.0,89.0,45.0,45.0,12.0,0.0,0.0,1.0
423000.0,9.71875,2.2465194342657947E-6,423000.0,75.3,75.29829558239518,-723.3333333333326,75.22567703109328,423000.0,1546872.0,89.0,45.0,45.0,12.0,0.0,0.0,1.0
424000.0,9.765625,2.2652777261100732E-6,424000.0,75.1,75.09638897640158,-591.6666666666661,74.9748743718593,424000.0,1546872.0,89.0,45.0,45.0,12.0,0.0,0.0,1.0
425000.0,9.765625,2.2652777261100732E-6,425000.0,75.5,75.49823587298286,-456.8181818181813,75.20242914979757,425000.0,1546872.0,89.0,45.0,45.0,12.0,0.0,0.0,1.0
426000.0,9.828125,2.2902887819024448E-6,426000.0,73.6,73.6,-559.9999999999994,73.14343845371312,426000.0,1546872.0,89.0,45.0,45.0,12.0,0.0,0.0,1.0
427000.0,9.84375,2.2965415458505377E-6,427000.0,78.60000000000001,78.60000000000001,-613.3333333333326,78.1855249745158,427000.0,1546872.0,89.0,45.0,45.0,12.0,0.0,0.0,1.0
428000.0,9.890625,2.3152998376948163E-6,428000.0,81.39999999999999,81.39999999999999,-481.24999999999966,81.09756097560975,428000.0,1546872.0,89.0,45.0,45.0,12.0,0.0,0.0,1.0
429000.0,9.921875,2.327805365591002E-6,429000.0,76.4,76.4,-637.4999999999993,76.18567103935419,429000.0,1546872.0,89.0,45.0,45.0,12.0,0.0,0.0,1.0
430000.0,9.953125,2.3403108934871874E-6,430000.0,72.6,72.6,-1145.4545454545444,72.43460764587525,430000.0,1546872.0,89.0,45.0,45.0,12.0,0.0,0.0,1.0
431000.0,9.984375,2.352833883681647E-6,431000.0,66.8,66.8,-1559.9999999999984,66.56596173212488,431000.0,1549032.0,89.0,45.0,45.0,12.0,0.0,0.0,1.0
432000.0,10.015625,2.365356873876107E-6,432000.0,72.0,72.0,-774.9999999999993,71.85929648241206,432000.0,1549032.0,89.0,45.0,45.0,12.0,0.0,0.0,1.0
433000.0,10.046875,2.3778798640705667E-6,433000.0,66.8,66.8,-970.9677419354828,66.56596173212488,433000.0,1549032.0,89.0,45.0,45.0,12.0,0.0,0.0,1.0
434000.0,10.09375,2.396664349362256E-6,434000.0,68.0,68.0,-899.999999999999,68.0,434000.0,1549032.0,89.0,45.0,45.0,12.0,0.0,0.0,1.0
435000.0,10.125,2.409187339556716E-6,435000.0,63.6,63.6,-1074.1935483870957,63.6,435000.0,1549032.0,89.0,45.0,45.0,12.0,0.0,0.0,1.0
436000.0,10.140625,2.4154488346539455E-6,436000.0,59.8,59.8,-1286.206896551723,59.8,436000.0,1549032.0,89.0,45.0,45.0,12.0,0.0,0.0,1.0
437000.0,10.1875,2.434597117826344E-6,437000.0,64.8,64.8,-1073.3333333333321,64.8,437000.0,1579032.0,91.0,46.0,46.0,12.0,0.0,0.0,1.0
438000.0,10.203125,2.4409798788838103E-6,438000.0,69.8,69.8,-906.666666666666,69.8,438000.0,1579032.0,91.0,46.0,46.0,12.0,0.0,0.0,1.0
439000.0,10.21875,2.4473626399412765E-6,439000.0,64.5,64.5,-1009.374999999999,64.5,439000.0,1579032.0,91.0,46.0,46.0,12.0,0.0,0.0,1.0
440000.0,10.265625,2.466510923113675E-6,440000.0,66.8,66.8,-822.2222222222213,66.8,440000.0,1579032.0,91.0,46.0,46.0,12.0,0.0,0.0,1.0
441000.0,10.296875,2.4792764452286075E-6,441000.0,71.89999999999999,71.89999999999999,-461.99999999999955,71.89999999999999,441000.0,1579032.0,91.0,46.0,46.0,12.0,0.0,0.0,1.0
442000.0,10.3125,2.4856592062860737E-6,442000.0,73.0,73.0,-799.9999999999993,73.0,442000.0,1579032.0,91.0,46.0,46.0,12.0,0.0,0.0,1.0
443000.0,10.34375,2.4981466898073763E-6,443000.0,79.3,79.3,-589.9999999999992,79.3,443000.0,1544640.0,93.0,47.0,47.0,12.0,0.0,0.0,1.0
444000.0,10.375,2.510633785277606E-6,444000.0,80.60000000000001,80.60000000000001,-592.8571428571421,80.60000000000001,444000.0,1544592.0,95.0,48.0,48.0,12.0,0.0,0.0,1.0
445000.0,10.421875,2.5302185288940875E-6,445000.0,78.7,78.7,-565.6249999999993,78.7,445000.0,1615024.0,95.0,48.0,48.0,12.0,0.0,0.0,1.0
446000.0,10.46875,2.549803272510569E-6,446000.0,71.7,71.7,-784.3749999999993,71.7,446000.0,1615024.0,95.0,48.0,48.0,12.0,0.0,0.0,1.0
447000.0,10.5,2.5628597682548902E-6,447000.0,65.3,65.3,-1019.3548387096763,65.3,447000.0,1615024.0,95.0,48.0,48.0,12.0,0.0,0.0,1.0
448000.0,10.53125,2.5764676198984192E-6,448000.0,75.4,75.4,-514.9999999999994,75.4,448000.0,1683224.0,99.0,50.0,50.0,12.0,0.0,0.0,1.0
449000.0,10.59375,2.6042457385402593E-6,449000.0,80.60000000000001,80.60000000000001,-525.8064516129025,80.60000000000001,449000.0,1718008.0,99.0,50.0,50.0,12.0,0.0,0.0,1.0
450000.0,10.625,2.6181347978611796E-6,450000.0,81.5,81.5,-611.5384615384611,81.5,450000.0,1718008.0,99.0,50.0,50.0,12.0,0.0,0.0,1.0
451000.0,10.640625,2.6251003146171577E-6,451000.0,77.4,77.4,-606.2499999999993,77.4,451000.0,1723200.0,99.0,50.0,50.0,12.0,0.0,0.0,1.0
452000.0,10.6875,2.6460336327242362E-6,452000.0,81.39999999999999,81.39999999999999,-519.9999999999997,81.39999999999999,452000.0,1726232.0,99.0,50.0,50.0,12.0,0.0,0.0,1.0
453000.0,10.71875,2.6600136253465387E-6,453000.0,80.4,80.4,-553.3333333333326,80.4,453000.0,1729256.0,99.0,50.0,50.0,12.0,0.0,0.0,1.0
454000.0,10.734375,2.66700362165769E-6,454000.0,78.10000000000001,78.10000000000001,-563.636363636363,78.10000000000001,454000.0,1729256.0,99.0,50.0,50.0,12.0,0.0,0.0,1.0
455000.0,10.765625,2.6809836142799926E-6,455000.0,78.10000000000001,78.10000000000001,-525.7142857142851,78.10000000000001,455000.0,1729256.0,99.0,50.0,50.0,12.0,0.0,0.0,1.0
456000.0,10.8125,2.701932357417213E-6,456000.0,77.0,77.0,-538.8888888888883,77.0,456000.0,1727504.0,101.0,51.0,51.0,12.0,0.0,0.0,1.0
457000.0,10.828125,2.7092068275022843E-6,457000.0,79.3,79.3,-444.73684210526255,79.3,457000.0,1799632.0,103.0,52.0,52.0,12.0,0.0,0.0,1.0
458000.0,10.875,2.7310717592222828E-6,458000.0,85.6,85.6,-289.1891891891889,85.6,458000.0,1803056.0,105.0,53.0,53.0,12.0,0.0,0.0,1.0
459000.0,10.921875,2.7533585024583674E-6,459000.0,85.9,85.9,-281.0810810810808,85.9,459000.0,1837840.0,105.0,53.0,53.0,12.0,0.0,0.0,1.0
460000.0,10.921875,2.7533585024583674E-6,460000.0,87.9,87.9,-332.14285714285677,87.9,460000.0,1837840.0,105.0,53.0,53.0,12.0,0.0,0.0,1.0
461000.0,10.984375,2.7830741601064805E-6,461000.0,87.1,87.1,-316.12903225806417,87.1,461000.0,1837840.0,105.0,53.0,53.0,12.0,0.0,0.0,1.0
462000.0,11.015625,2.797931988930537E-6,462000.0,85.9,85.9,-354.838709677419,85.9,462000.0,1837840.0,105.0,53.0,53.0,12.0,0.0,0.0,1.0
463000.0,11.046875,2.812789817754594E-6,463000.0,86.0,86.0,-299.9999999999997,86.0,463000.0,1837840.0,105.0,53.0,53.0,12.0,0.0,0.0,1.0
464000.0,11.078125,2.8276476465786506E-6,464000.0,85.7,85.7,-320.5882352941173,85.7,464000.0,1837840.0,105.0,53.0,53.0,12.0,0.0,0.0,1.0
465000.0,11.125,2.849971157653879E-6,465000.0,84.0,84.0,-299.9999999999997,84.0,465000.0,1840872.0,105.0,53.0,53.0,12.0,0.0,0.0,1.0
466000.0,11.140625,2.8574123280122885E-6,466000.0,83.89999999999999,83.89999999999999,-347.22222222222194,83.89999999999999,466000.0,1840872.0,105.0,53.0,53.0,12.0,0.0,0.0,1.0
467000.0,11.171875,2.8722946687291075E-6,467000.0,81.3,81.3,-434.285714285714,81.3,467000.0,1840872.0,105.0,53.0,53.0,12.0,0.0,0.0,1.0
468000.0,11.21875,2.894618179804336E-6,468000.0,78.9,78.9,-368.8888888888884,78.9,468000.0,1840872.0,105.0,53.0,53.0,12.0,0.0,0.0,1.0
469000.0,11.25,2.9095249677387384E-6,469000.0,77.7,77.7,-418.6046511627902,77.7,469000.0,1843896.0,105.0,53.0,53.0,12.0,0.0,0.0,1.0
470000.0,11.28125,2.924431755673141E-6,470000.0,75.0,75.0,-455.5555555555551,75.0,470000.0,1843896.0,105.0,53.0,53.0,12.0,0.0,0.0,1.0
471000.0,11.328125,2.9467919375747446E-6,471000.0,70.39999999999999,70.39999999999999,-469.23076923076883,70.39999999999999,471000.0,1843896.0,105.0,53.0,53.0,12.0,0.0,0.0,1.0
472000.0,11.375,2.9691521194763484E-6,472000.0,67.30000000000001,67.30000000000001,-436.06557377049126,67.30000000000001,472000.0,1843896.0,105.0,53.0,53.0,12.0,0.0,0.0,1.0
473000.0,11.390625,2.9766055134435496E-6,473000.0,62.5,62.5,-557.8947368421046,62.5,473000.0,1843896.0,105.0,53.0,53.0,12.0,0.0,0.0,1.0
474000.0,11.4375,2.9989656953451534E-6,474000.0,61.199999999999996,61.199999999999996,-708.3333333333327,61.199999999999996,474000.0,1843896.0,105.0,53.0,53.0,12.0,0.0,0.0,1.0
475000.0,11.453125,3.0064190893123547E-6,475000.0,58.099999999999994,58.099999999999994,-705.7692307692301,58.099999999999994,475000.0,1843896.0,105.0,53.0,53.0,12.0,0.0,0.0,1.0
476000.0,11.5,3.0287792712139584E-6,476000.0,63.800000000000004,63.800000000000004,-596.1538461538455,63.800000000000004,476000.0,1843896.0,105.0,53.0,53.0,12.0,0.0,0.0,1.0
477000.0,11.546875,3.0511234460088113E-6,477000.0,61.0,61.0,-649.9999999999994,61.0,477000.0,1842576.0,107.0,54.0,54.0,12.0,0.0,0.0,1.0
478000.0,11.5625,3.0587208392615946E-6,478000.0,62.3,62.3,-624.9999999999994,62.3,478000.0,1879520.0,107.0,54.0,54.0,12.0,0.0,0.0,1.0
479000.0,11.609375,3.0815863606726957E-6,479000.0,62.1,62.1,-576.7857142857137,62.1,479000.0,1885568.0,107.0,54.0,54.0,12.0,0.0,0.0,1.0
480000.0,11.65625,3.104451882083797E-6,480000.0,60.8,60.8,-683.9999999999993,60.8,480000.0,1885568.0,107.0,54.0,54.0,12.0,0.0,0.0,1.0
481000.0,11.671875,3.1120737225541637E-6,481000.0,72.39999999999999,72.39999999999999,-607.6923076923072,72.39999999999999,481000.0,1885568.0,107.0,54.0,54.0,12.0,0.0,0.0,1.0
482000.0,11.71875,3.1349392439652648E-6,482000.0,59.199999999999996,59.199999999999996,-895.1219512195113,59.199999999999996,482000.0,1885568.0,107.0,54.0,54.0,12.0,0.0,0.0,1.0
483000.0,11.765625,3.157799235648579E-6,483000.0,62.3,62.3,-1042.4242424242416,62.3,483000.0,1885112.0,109.0,55.0,55.0,12.0,0.0,0.0,1.0
484000.0,11.796875,3.1730392301041217E-6,484000.0,68.2,68.2,-959.9999999999989,68.2,484000.0,1885112.0,109.0,55.0,55.0,12.0,0.0,0.0,1.0
485000.0,11.84375,3.195899221787436E-6,485000.0,60.8,60.8,-1351.8518518518506,60.8,485000.0,1885112.0,109.0,55.0,55.0,12.0,0.0,0.0,1.0
486000.0,11.875,3.2111392162429786E-6,486000.0,55.900000000000006,55.900000000000006,-1420.6896551724124,55.900000000000006,486000.0,1885112.0,109.0,55.0,55.0,12.0,0.0,0.0,1.0
487000.0,11.90625,3.2269795903832545E-6,487000.0,70.8,70.8,-1227.2727272727263,70.8,487000.0,1959376.0,113.0,57.0,57.0,14.0,0.0,0.0,1.0
488000.0,11.96875,3.258744287045879E-6,488000.0,68.0,68.0,-1085.1851851851839,68.0,488000.0,1964568.0,113.0,57.0,57.0,14.0,0.0,0.0,1.0
489000.0,12.0,3.2746266353771915E-6,489000.0,64.1,64.1,-820.5128205128198,64.1,489000.0,1964568.0,113.0,57.0,57.0,14.0,0.0,0.0,1.0
490000.0,12.03125,3.290508983708504E-6,490000.0,66.8,66.8,-1085.7142857142844,66.8,490000.0,1964568.0,113.0,57.0,57.0,14.0,0.0,0.0,1.0
491000.0,12.0625,3.306391332039816E-6,491000.0,63.0,63.0,-1133.3333333333321,63.0,491000.0,1964568.0,113.0,57.0,57.0,14.0,0.0,0.0,1.0
492000.0,12.109375,3.330214854536785E-6,492000.0,60.6,60.6,-964.864864864864,60.6,492000.0,1964568.0,113.0,57.0,57.0,14.0,0.0,0.0,1.0
493000.0,12.140625,3.3461146651663714E-6,493000.0,63.0,63.0,-598.1132075471692,63.0,493000.0,1966728.0,113.0,57.0,57.0,14.0,0.0,0.0,1.0
494000.0,12.1875,3.369990574558162E-6,494000.0,62.5,62.5,-913.5135135135126,62.5,494000.0,1968888.0,113.0,57.0,57.0,14.0,0.0,0.0,1.0
495000.0,12.234375,3.3938664839499524E-6,495000.0,65.2,65.2,-709.3023255813946,65.2,495000.0,1968888.0,113.0,57.0,57.0,14.0,0.0,0.0,1.0
496000.0,12.234375,3.3938664839499524E-6,496000.0,68.7,68.7,-769.4444444444434,68.7,496000.0,1968888.0,113.0,57.0,57.0,14.0,0.0,0.0,1.0
497000.0,12.3125,3.4336596662696037E-6,497000.0,67.4,67.4,-714.9999999999991,67.4,497000.0,1968888.0,113.0,57.0,57.0,14.0,0.0,0.0,1.0
498000.0,12.34375,3.449576939197464E-6,498000.0,66.2,66.2,-744.9999999999991,66.2,498000.0,1968888.0,113.0,57.0,57.0,14.0,0.0,0.0,1.0
499000.0,12.390625,3.4734528485892545E-6,499000.0,67.0,67.0,-768.421052631578,66.93386773547094,499000.0,1968888.0,113.0,57.0,57.0,14.0,0.0,0.0,1.0
500000.0,12.421875,3.489370121517115E-6,500000.0,73.2,73.2,-470.2127659574463,73.06532663316582,500000.0,1968888.0,113.0,57.0,57.0,14.0,0.0,0.0,1.0
501000.0,12.4375,3.497328757981045E-6,501000.0,73.8,73.8,-571.7948717948711,73.74749498997996,501000.0,1968888.0,113.0,57.0,57.0,14.0,0.0,0.0,1.0
502000.0,12.484375,3.5212046673728355E-6,502000.0,74.3,74.3,-511.9047619047614,74.19678714859438,502000.0,1968888.0,113.0,57.0,57.0,14.0,0.0,0.0,1.0
503000.0,12.515625,3.537121940300696E-6,503000.0,73.9,73.9,-586.8421052631574,73.79518072289156,503000.0,1968888.0,113.0,57.0,57.0,14.0,0.0,0.0,1.0
504000.0,12.53125,3.545080576764626E-6,504000.0,78.10000000000001,78.10000000000001,-606.451612903225,77.90110998990919,504000.0,1968888.0,113.0,57.0,57.0,14.0,0.0,0.0,1.0
505000.0,12.546875,3.553039213228556E-6,505000.0,80.0,80.0,-589.6551724137923,79.7979797979798,505000.0,1968888.0,113.0,57.0,57.0,14.0,0.0,0.0,1.0
506000.0,12.59375,3.5769151226203466E-6,506000.0,82.39999999999999,82.39999999999999,-486.6666666666663,82.3293172690763,506000.0,1968888.0,113.0,57.0,57.0,14.0,0.0,0.0,1.0
507000.0,12.59375,3.5769151226203466E-6,507000.0,77.0,77.0,-751.851851851851,76.74418604651163,507000.0,1968888.0,113.0,57.0,57.0,14.0,0.0,0.0,1.0
508000.0,12.65625,3.6087986922615926E-6,508000.0,74.6,74.6,-693.7499999999993,74.2393509127789,508000.0,1971920.0,113.0,57.0,57.0,14.0,0.0,0.0,1.0
509000.0,12.6875,3.6247404770822155E-6,509000.0,80.2,80.2,-499.9999999999993,80.0,509000.0,1971920.0,113.0,57.0,57.0,14.0,0.0,0.0,1.0
510000.0,12.71875,3.6406822619028385E-6,510000.0,80.10000000000001,80.10000000000001,-468.571428571428,79.87866531850354,510000.0,1971920.0,113.0,57.0,57.0,14.0,0.0,0.0,1.0
511000.0,12.734375,3.6486460077058933E-6,511000.0,79.80000000000001,79.80000000000001,-392.6829268292677,79.65760322255791,511000.0,1970152.0,115.0,58.0,58.0,15.0,0.0,0.0,1.0
512000.0,12.765625,3.664573499312003E-6,512000.0,75.4,75.4,-499.9999999999995,75.05070993914808,512000.0,1970152.0,115.0,58.0,58.0,15.0,0.0,0.0,1.0
513000.0,12.765625,3.664573499312003E-6,513000.0,74.4,74.4,-509.52380952380895,74.01015228426397,513000.0,2003640.0,115.0,58.0,58.0,15.0,0.0,0.0,1.0
514000.0,12.859375,3.7132205519204334E-6,514000.0,73.8,73.8,-482.2222222222218,73.42799188640974,514000.0,2005800.0,115.0,58.0,58.0,15.0,0.0,0.0,1.0
515000.0,12.875,3.7213283940218383E-6,515000.0,74.9,74.9,-412.2448979591832,74.49186991869918,515000.0,2005800.0,115.0,58.0,58.0,15.0,0.0,0.0,1.0
516000.0,12.921875,3.745688591152429E-6,516000.0,72.0,72.0,-599.9999999999994,71.71717171717171,516000.0,2008824.0,115.0,58.0,58.0,15.0,0.0,0.0,1.0
517000.0,12.953125,3.7619287225728227E-6,517000.0,73.5,73.5,-597.368421052631,73.25933400605449,517000.0,2008824.0,115.0,58.0,58.0,15.0,0.0,0.0,1.0
518000.0,13.0,3.7862889197034132E-6,518000.0,74.4,74.4,-556.4102564102559,74.14141414141415,518000.0,2008824.0,115.0,58.0,58.0,15.0,0.0,0.0,1.0
519000.0,13.03125,3.802529051123807E-6,519000.0,73.0,73.0,-513.6363636363632,72.69969666329625,519000.0,2008824.0,115.0,58.0,58.0,15.0,0.0,0.0,1.0
520000.0,13.0625,3.818769182544201E-6,520000.0,70.39999999999999,70.39999999999999,-678.947368421052,70.31093279839517,520000.0,2008824.0,115.0,58.0,58.0,15.0,0.0,0.0,1.0
521000.0,13.078125,3.8268892482543976E-6,521000.0,68.89999999999999,68.89999999999999,-871.8749999999993,68.8376753507014,521000.0,2008824.0,115.0,58.0,58.0,15.0,0.0,0.0,1.0
522000.0,13.125,3.8512494453849885E-6,522000.0,68.30000000000001,68.30000000000001,-1119.230769230768,68.30000000000001,522000.0,2008824.0,115.0,58.0,58.0,15.0,0.0,0.0,1.0
523000.0,13.171875,3.8756096425155795E-6,523000.0,67.4,67.4,-951.6129032258053,67.4,523000.0,2008824.0,115.0,58.0,58.0,15.0,0.0,0.0,1.0
524000.0,13.203125,3.891849773935973E-6,524000.0,68.89999999999999,68.89999999999999,-903.2258064516121,68.89999999999999,524000.0,2008824.0,115.0,58.0,58.0,15.0,0.0,0.0,1.0
525000.0,13.234375,3.908114352573951E-6,525000.0,74.6,74.6,-807.1428571428564,74.6,525000.0,2011848.0,115.0,58.0,58.0,15.0,0.0,0.0,1.0
526000.0,13.28125,3.9325112205309165E-6,526000.0,76.4,76.4,-972.7272727272717,76.4,526000.0,2011848.0,115.0,58.0,58.0,15.0,0.0,0.0,1.0
527000.0,13.28125,3.9325112205309165E-6,527000.0,78.7,78.7,-964.999999999999,78.7,527000.0,2011848.0,115.0,58.0,58.0,15.0,0.0,0.0,1.0
528000.0,13.34375,3.965040377806871E-6,528000.0,80.80000000000001,80.80000000000001,-966.6666666666654,80.80000000000001,528000.0,2011848.0,115.0,58.0,58.0,15.0,0.0,0.0,1.0
529000.0,13.390625,3.989437245763837E-6,529000.0,82.1,82.1,-1178.5714285714278,82.1,529000.0,2011848.0,115.0,58.0,58.0,15.0,0.0,0.0,1.0
530000.0,13.4375,4.013834113720803E-6,530000.0,81.89999999999999,81.89999999999999,-1106.6666666666658,81.89999999999999,530000.0,2011848.0,115.0,58.0,58.0,15.0,0.0,0.0,1.0
531000.0,13.46875,4.030098692358781E-6,531000.0,79.0,79.0,-1299.9999999999986,79.0,531000.0,2011848.0,115.0,58.0,58.0,15.0,0.0,0.0,1.0
532000.0,13.515625,4.054495560315747E-6,532000.0,81.8,81.8,-1719.9999999999989,81.8,532000.0,2011848.0,115.0,58.0,58.0,15.0,0.0,0.0,1.0
533000.0,13.546875,4.0707601389537245E-6,533000.0,78.10000000000001,78.10000000000001,-1464.2857142857126,78.10000000000001,533000.0,2011848.0,115.0,58.0,58.0,15.0,0.0,0.0,1.0
534000.0,13.59375,4.09515700691069E-6,534000.0,83.3,83.3,-1092.857142857142,83.3,534000.0,2011848.0,115.0,58.0,58.0,15.0,0.0,0.0,1.0
535000.0,13.625,4.111421585548668E-6,535000.0,80.80000000000001,80.80000000000001,-562.0689655172406,80.80000000000001,535000.0,2011848.0,115.0,58.0,58.0,15.0,0.0,0.0,1.0
536000.0,13.671875,4.136624532596518E-6,536000.0,80.5,80.5,-509.3749999999993,80.5,536000.0,2078320.0,119.0,60.0,60.0,16.0,0.0,0.0,1.0
537000.0,13.71875,4.1618536730917785E-6,537000.0,76.6,76.6,-397.87234042553143,76.6,537000.0,2080480.0,119.0,60.0,60.0,16.0,0.0,0.0,1.0
538000.0,13.71875,4.1618536730917785E-6,538000.0,69.5,69.5,-498.0392156862741,69.5,538000.0,2080872.0,121.0,61.0,61.0,16.0,0.0,0.0,1.0
539000.0,13.78125,4.1954980891508354E-6,539000.0,68.7,68.7,-663.4146341463406,68.7,539000.0,2080824.0,123.0,62.0,62.0,17.0,0.0,0.0,1.0
540000.0,13.8125,4.2123202971803635E-6,540000.0,69.8,69.8,-1061.5384615384605,69.8,540000.0,2080824.0,123.0,62.0,62.0,17.0,0.0,0.0,1.0
541000.0,13.859375,4.237579802672067E-6,541000.0,71.6,71.6,-1319.9999999999989,71.6,541000.0,2082984.0,123.0,62.0,62.0,17.0,0.0,0.0,1.0
542000.0,13.890625,4.25441947299987E-6,542000.0,68.0,68.0,-1677.777777777776,68.0,542000.0,2082984.0,123.0,62.0,62.0,17.0,0.0,0.0,1.0
543000.0,13.9375,4.2796789784915735E-6,543000.0,70.39999999999999,70.39999999999999,-1379.9999999999989,70.39999999999999,543000.0,2082984.0,123.0,62.0,62.0,17.0,0.0,0.0,1.0
544000.0,13.953125,4.288111069601856E-6,544000.0,75.0,75.0,-481.3953488372088,75.0,544000.0,2086016.0,123.0,62.0,62.0,17.0,0.0,0.0,1.0
545000.0,14.0,4.313433536380114E-6,545000.0,76.6,76.6,-515.78947368421,76.6,545000.0,2088176.0,123.0,62.0,62.0,17.0,0.0,0.0,1.0
546000.0,14.03125,4.330332643197227E-6,546000.0,77.2,77.2,-551.4285714285708,77.2,546000.0,2090336.0,123.0,62.0,62.0,17.0,0.0,0.0,1.0
547000.0,14.0625,4.34723175001434E-6,547000.0,85.3,85.3,-424.99999999999966,85.3,547000.0,2090336.0,123.0,62.0,62.0,17.0,0.0,0.0,1.0
548000.0,14.109375,4.372469524645969E-6,548000.0,76.8,76.8,-603.0303030303023,76.8,548000.0,2081192.0,127.0,64.0,64.0,17.0,0.0,0.0,1.0
549000.0,14.125,4.381001635920255E-6,549000.0,88.4,88.4,-510.5263157894731,88.4,549000.0,2110760.0,129.0,65.0,65.0,17.0,0.0,0.0,1.0
550000.0,14.1875,4.415130081017397E-6,550000.0,86.1,86.1,-396.42857142857105,86.1,550000.0,2110760.0,129.0,65.0,65.0,17.0,0.0,0.0,1.0
551000.0,14.234375,4.440763182679397E-6,551000.0,85.2,85.2,-543.4782608695647,85.2,551000.0,2113792.0,129.0,65.0,65.0,17.0,0.0,0.0,1.0
552000.0,14.28125,4.466396284341397E-6,552000.0,78.4,78.4,-839.1304347826077,78.4,552000.0,2113792.0,129.0,65.0,65.0,17.0,0.0,0.0,1.0
553000.0,14.296875,4.474952907508445E-6,553000.0,74.3,74.3,-927.9999999999991,74.3,553000.0,2116824.0,129.0,65.0,65.0,17.0,0.0,0.0,1.0
554000.0,14.34375,4.500601531213355E-6,554000.0,74.3,74.3,-678.7878787878781,74.3,554000.0,2115072.0,131.0,66.0,66.0,17.0,0.0,0.0,1.0
555000.0,14.390625,4.526197379972371E-6,555000.0,67.7,67.69748040347147,-651.1627906976736,67.27456940222898,555000.0,2110720.0,133.0,67.0,67.0,17.0,0.0,0.0,1.0
556000.0,14.4375,4.552262188452812E-6,556000.0,73.4,73.39654155040155,-638.8888888888883,73.13131313131312,556000.0,2149392.0,133.0,67.0,67.0,17.0,0.0,0.0,1.0
557000.0,14.4375,4.552262188452812E-6,557000.0,83.39999999999999,83.398754906618,-492.85714285714243,83.31658291457286,557000.0,2149392.0,133.0,67.0,67.0,17.0,0.0,0.0,1.0
558000.0,14.515625,4.5957471916659E-6,558000.0,90.0,90.0,-316.66666666666623,90.0,558000.0,2151552.0,133.0,67.0,67.0,17.0,0.0,0.0,1.0
559000.0,14.53125,4.604444192308517E-6,559000.0,86.9,86.8984147081797,-227.49999999999972,86.75429726996965,559000.0,2151552.0,133.0,67.0,67.0,17.0,0.0,0.0,1.0
560000.0,14.59375,4.639267119475535E-6,560000.0,78.60000000000001,78.59957199143983,-319.60784313725446,78.57857857857859,560000.0,2153712.0,133.0,67.0,67.0,17.0,0.0,0.0,1.0
561000.0,14.640625,4.665384314850799E-6,561000.0,78.10000000000001,78.10000000000001,-337.99999999999955,78.10000000000001,561000.0,2153712.0,133.0,67.0,67.0,17.0,0.0,0.0,1.0
562000.0,14.6875,4.691485309093775E-6,562000.0,75.0,75.0,-331.0344827586203,75.0,562000.0,2152376.0,135.0,68.0,68.0,17.0,0.0,0.0,1.0
563000.0,14.734375,4.7180343083002485E-6,563000.0,82.19999999999999,82.19999999999999,-356.4102564102561,82.19999999999999,563000.0,2189320.0,135.0,68.0,68.0,17.0,0.0,0.0,1.0
564000.0,14.765625,4.735733641104564E-6,564000.0,62.0,62.0,-1051.5151515151506,62.0,564000.0,2189320.0,135.0,68.0,68.0,17.0,0.0,0.0,1.0
565000.0,14.828125,4.771132306713196E-6,565000.0,71.3,71.3,-552.2727272727268,71.3,565000.0,2189320.0,135.0,68.0,68.0,17.0,0.0,0.0,1.0
566000.0,14.875,4.7976813059196695E-6,566000.0,57.8,57.8,-797.8723404255312,57.8,566000.0,2189320.0,135.0,68.0,68.0,17.0,0.0,0.0,1.0
567000.0,14.90625,4.815415563320533E-6,567000.0,60.3,60.3,-944.7368421052623,60.3,567000.0,2193640.0,135.0,68.0,68.0,17.0,0.0,0.0,1.0
568000.0,14.953125,4.842016949421828E-6,568000.0,79.2,79.2,-333.33333333333286,79.2,568000.0,2193640.0,135.0,68.0,68.0,17.0,0.0,0.0,1.0
569000.0,15.0,4.868618335523124E-6,569000.0,81.0,81.0,-265.38461538461496,81.0,569000.0,2193640.0,135.0,68.0,68.0,17.0,0.0,0.0,1.0
570000.0,15.046875,4.895219721624419E-6,570000.0,88.2,88.2,-107.01754385964892,88.2,570000.0,2193640.0,135.0,68.0,68.0,17.0,0.0,0.0,1.0
571000.0,15.09375,4.921821107725715E-6,571000.0,81.10000000000001,81.10000000000001,-182.0895522388061,81.10000000000001,571000.0,2193640.0,135.0,68.0,68.0,17.0,0.0,0.0,1.0
572000.0,15.09375,4.921821107725715E-6,572000.0,78.60000000000001,78.60000000000001,-151.764705882353,78.60000000000001,572000.0,2193640.0,135.0,68.0,68.0,17.0,0.0,0.0,1.0
573000.0,15.203125,4.984923903571647E-6,573000.0,68.4,68.4,-232.63157894736847,68.4,573000.0,2230144.0,139.0,70.0,70.0,17.0,0.0,0.0,1.0
574000.0,15.21875,4.993938588692494E-6,574000.0,70.7,70.7,-330.88235294117686,70.7,574000.0,2230144.0,139.0,70.0,70.0,17.0,0.0,0.0,1.0
575000.0,15.28125,5.029997329175884E-6,575000.0,67.80000000000001,67.80000000000001,-496.2962962962957,67.80000000000001,575000.0,2230144.0,139.0,70.0,70.0,17.0,0.0,0.0,1.0
576000.0,15.3125,5.048026699417579E-6,576000.0,83.0,83.0,-157.57575757575785,83.0,576000.0,2230144.0,139.0,70.0,70.0,17.0,0.0,0.0,1.0
577000.0,15.328125,5.057041384538426E-6,577000.0,65.2,65.2,-376.71232876712355,65.2,577000.0,2230144.0,139.0,70.0,70.0,17.0,0.0,0.0,1.0
578000.0,15.40625,5.102114810142663E-6,578000.0,93.2,93.2,-41.66666666666644,93.2,578000.0,2230144.0,139.0,70.0,70.0,17.0,0.0,0.0,1.0
579000.0,15.4375,5.120144180384358E-6,579000.0,75.6,75.6,-454.54545454545405,75.6,579000.0,2230144.0,139.0,70.0,70.0,17.0,0.0,0.0,1.0
580000.0,15.5,5.156202920867748E-6,580000.0,74.0,74.0,-584.2105263157888,74.0,580000.0,2230144.0,139.0,70.0,70.0,17.0,0.0,0.0,1.0
581000.0,15.53125,5.174232291109443E-6,581000.0,95.0,95.0,-150.0,95.0,581000.0,2230144.0,139.0,70.0,70.0,17.0,0.0,0.0,1.0
581012.0,15.546875,5.18324697623029E-6,581012.0,95.1,95.1,-145.0,95.1,581012.0,2230144.0,139.0,70.0,70.0,17.0,0.0,0.0,1.0
