learning evaluation instances,evaluation time (cpu seconds),model cost (RAM-Hours),classified instances,classifications correct (percent),Kappa Statistic (percent),Kappa Temporal Statistic (percent),Kappa M Statistic (percent),model training instances,model serialized size (bytes),tree size (nodes),tree size (leaves),active learning leaves,tree depth,active leaf byte size estimate,inactive leaf byte size estimate,byte size estimate overhead
1000.0,0.0,0.0,1000.0,61.1,60.365897146955916,5.582524271844664,52.034525277435264,1000.0,38584.0,1.0,1.0,1.0,0.0,0.0,0.0,1.0
2000.0,0.0,0.0,2000.0,57.9,55.140083347807135,18.882466281310208,37.25782414307003,2000.0,52008.0,1.0,1.0,1.0,0.0,0.0,0.0,1.0
3000.0,0.0,0.0,3000.0,47.4,47.014263840760734,-35.21850899742931,28.918918918918912,3000.0,52008.0,1.0,1.0,1.0,0.0,0.0,0.0,1.0
4000.0,0.046875,6.306800059974194E-10,4000.0,64.3,64.17425162319742,-27.95698924731181,60.769230769230774,4000.0,52008.0,1.0,1.0,1.0,0.0,0.0,0.0,1.0
5000.0,0.0625,8.409066746632258E-10,5000.0,57.4,57.31783683590912,-24.561403508771953,53.84615384615383,5000.0,52008.0,1.0,1.0,1.0,0.0,0.0,0.0,1.0
6000.0,0.09375,1.2613600119948388E-9,6000.0,59.0,58.973291612839965,11.062906724511917,57.68833849329204,6000.0,52008.0,1.0,1.0,1.0,0.0,0.0,0.0,1.0
7000.0,0.125,1.6818133493264517E-9,7000.0,50.9,49.3153442375882,-0.8213552361396311,39.75460122699387,7000.0,52008.0,1.0,1.0,1.0,0.0,0.0,0.0,1.0
8000.0,0.15625,2.3800465795728894E-9,8000.0,64.5,63.454393656918086,22.31947483588621,56.33456334563346,8000.0,86368.0,5.0,3.0,3.0,2.0,0.0,0.0,1.0
9000.0,0.1875,3.130666704641448E-9,9000.0,66.9,65.3224488427546,35.85271317829458,57.4002574002574,9000.0,92848.0,5.0,3.0,3.0,2.0,0.0,0.0,1.0
10000.0,0.203125,3.5059767671757273E-9,10000.0,75.4,75.39970479645756,39.4088669950739,75.10121457489879,10000.0,92848.0,5.0,3.0,3.0,2.0,0.0,0.0,1.0
11000.0,0.21875,3.881286829710006E-9,11000.0,61.8,61.77029551961874,18.895966029723983,60.33229491173417,11000.0,92848.0,5.0,3.0,3.0,2.0,0.0,0.0,1.0
12000.0,0.25,4.930576930443446E-9,12000.0,56.8,56.49121817539074,8.668076109936559,49.116607773851584,12000.0,129792.0,5.0,3.0,3.0,2.0,0.0,0.0,1.0
13000.0,0.25,4.930576930443446E-9,13000.0,65.7,65.29235875356058,32.213438735177874,59.88304093567252,13000.0,138864.0,5.0,3.0,3.0,2.0,0.0,0.0,1.0
14000.0,0.28125,6.0532086839278534E-9,14000.0,52.7,52.01379730141017,25.86206896551725,44.807467911318554,14000.0,138864.0,5.0,3.0,3.0,2.0,0.0,0.0,1.0
15000.0,0.296875,6.614524560670057E-9,15000.0,57.099999999999994,56.53367728129803,24.73684210526315,52.28031145717463,15000.0,138864.0,5.0,3.0,3.0,2.0,0.0,0.0,1.0
16000.0,0.328125,7.737156314154465E-9,16000.0,79.0,78.99218509285456,-138.63636363636368,78.328173374613,16000.0,138864.0,5.0,3.0,3.0,2.0,0.0,0.0,1.0
17000.0,0.34375,8.29847219089667E-9,17000.0,78.3,78.27536426307434,-342.8571428571424,76.38737758433079,17000.0,138864.0,5.0,3.0,3.0,2.0,0.0,0.0,1.0
18000.0,0.390625,9.877354993174473E-9,18000.0,79.2,79.2,-593.3333333333326,77.4891774891775,18000.0,130200.0,7.0,4.0,4.0,3.0,0.0,0.0,1.0
19000.0,0.390625,9.877354993174473E-9,19000.0,76.3,76.3,-977.2727272727262,75.33818938605619,19000.0,130200.0,7.0,4.0,4.0,3.0,0.0,0.0,1.0
20000.0,0.421875,1.0954390745609998E-8,20000.0,82.19999999999999,82.19999999999999,-747.6190476190471,82.03834510595358,20000.0,133224.0,7.0,4.0,4.0,3.0,0.0,0.0,1.0
21000.0,0.421875,1.0954390745609998E-8,21000.0,82.19999999999999,82.19999999999999,-584.6153846153842,82.19999999999999,21000.0,133224.0,7.0,4.0,4.0,3.0,0.0,0.0,1.0
22000.0,0.46875,1.2569944374263286E-8,22000.0,84.8,84.8,-1281.8181818181808,84.8,22000.0,133224.0,7.0,4.0,4.0,3.0,0.0,0.0,1.0
23000.0,0.484375,1.3108462250481048E-8,23000.0,84.6,84.6,-862.4999999999993,84.6,23000.0,133224.0,7.0,4.0,4.0,3.0,0.0,0.0,1.0
24000.0,0.484375,1.3108462250481048E-8,24000.0,79.7,79.7,-651.851851851851,79.7,24000.0,133224.0,7.0,4.0,4.0,3.0,0.0,0.0,1.0
25000.0,0.515625,1.4185498002916574E-8,25000.0,86.5,86.5,-513.6363636363632,86.5,25000.0,133224.0,7.0,4.0,4.0,3.0,0.0,0.0,1.0
26000.0,0.515625,1.4185498002916574E-8,26000.0,83.5,83.5,-468.9655172413789,83.5,26000.0,133224.0,7.0,4.0,4.0,3.0,0.0,0.0,1.0
27000.0,0.5625,1.580105163156986E-8,27000.0,84.7,84.7,-446.428571428571,84.7,27000.0,133224.0,7.0,4.0,4.0,3.0,0.0,0.0,1.0
28000.0,0.578125,1.6339569507787624E-8,28000.0,77.0,77.0,-399.9999999999995,77.0,28000.0,133224.0,7.0,4.0,4.0,3.0,0.0,0.0,1.0
29000.0,0.609375,1.741660526022315E-8,29000.0,76.7,76.7,-585.2941176470582,76.7,29000.0,133224.0,7.0,4.0,4.0,3.0,0.0,0.0,1.0
30000.0,0.625,1.795512313644091E-8,30000.0,76.8,76.8,-648.3870967741927,76.8,30000.0,133224.0,7.0,4.0,4.0,3.0,0.0,0.0,1.0
31000.0,0.640625,1.8493641012658674E-8,31000.0,73.2,73.2,-553.6585365853653,73.2,31000.0,133224.0,7.0,4.0,4.0,3.0,0.0,0.0,1.0
32000.0,0.65625,1.9032158888876436E-8,32000.0,78.5,78.5,-532.3529411764699,78.5,32000.0,133224.0,7.0,4.0,4.0,3.0,0.0,0.0,1.0
33000.0,0.671875,1.95706767650942E-8,33000.0,78.8,78.8,-488.8888888888883,78.8,33000.0,133224.0,7.0,4.0,4.0,3.0,0.0,0.0,1.0
34000.0,0.6875,2.0251383021887805E-8,34000.0,79.4,79.4,-402.4390243902434,79.4,34000.0,168400.0,9.0,5.0,5.0,4.0,0.0,0.0,1.0
35000.0,0.6875,2.0251383021887805E-8,35000.0,89.7,89.7,-221.87499999999966,89.64824120603015,35000.0,168400.0,9.0,5.0,5.0,4.0,0.0,0.0,1.0
36000.0,0.765625,2.365491430585583E-8,36000.0,89.2,89.2,-248.3870967741932,89.14572864321609,36000.0,168400.0,9.0,5.0,5.0,4.0,0.0,0.0,1.0
37000.0,0.765625,2.365491430585583E-8,37000.0,94.0,94.0,-150.0,93.93939393939394,37000.0,168400.0,9.0,5.0,5.0,4.0,0.0,0.0,1.0
38000.0,0.8125,2.5697033076236644E-8,38000.0,96.0,96.0,-110.5263157894737,96.0,38000.0,168400.0,9.0,5.0,5.0,4.0,0.0,0.0,1.0
39000.0,0.828125,2.637773933303025E-8,39000.0,97.3,97.3,-170.0,97.3,39000.0,168400.0,9.0,5.0,5.0,4.0,0.0,0.0,1.0
40000.0,0.84375,2.7058445589823855E-8,40000.0,96.3,96.3,-825.0,96.3,40000.0,168400.0,9.0,5.0,5.0,4.0,0.0,0.0,1.0
41000.0,0.859375,2.773915184661746E-8,41000.0,96.2,96.2,-533.3333333333333,96.2,41000.0,168400.0,9.0,5.0,5.0,4.0,0.0,0.0,1.0
42000.0,0.859375,2.773915184661746E-8,42000.0,91.0,91.0,-592.3076923076915,91.0,42000.0,168400.0,9.0,5.0,5.0,4.0,0.0,0.0,1.0
43000.0,0.859375,2.773915184661746E-8,43000.0,86.9,86.9,-773.3333333333326,86.9,43000.0,168400.0,9.0,5.0,5.0,4.0,0.0,0.0,1.0
44000.0,0.859375,2.773915184661746E-8,44000.0,88.8,88.8,-646.666666666666,88.8,44000.0,203184.0,9.0,5.0,5.0,4.0,0.0,0.0,1.0
45000.0,0.859375,2.773915184661746E-8,45000.0,83.3,83.3,-695.2380952380947,83.3,45000.0,203184.0,9.0,5.0,5.0,4.0,0.0,0.0,1.0
46000.0,0.859375,2.773915184661746E-8,46000.0,83.7,83.7,-1064.2857142857135,83.7,46000.0,203184.0,9.0,5.0,5.0,4.0,0.0,0.0,1.0
47000.0,0.921875,3.102439222857356E-8,47000.0,83.39999999999999,83.39999999999999,-1559.9999999999989,83.39999999999999,47000.0,203184.0,9.0,5.0,5.0,4.0,0.0,0.0,1.0
48000.0,0.9375,3.184570232406259E-8,48000.0,88.3,88.3,-1849.9999999999982,88.3,48000.0,203184.0,9.0,5.0,5.0,4.0,0.0,0.0,1.0
49000.0,0.96875,3.348832251504064E-8,49000.0,90.0,90.0,-1149.9999999999986,90.0,49000.0,203184.0,9.0,5.0,5.0,4.0,0.0,0.0,1.0
50000.0,0.984375,3.4309632610529665E-8,50000.0,91.9,91.9,-709.9999999999989,91.9,50000.0,203184.0,9.0,5.0,5.0,4.0,0.0,0.0,1.0
51000.0,1.0,3.513094270601869E-8,51000.0,93.5,93.5,-441.6666666666657,93.5,51000.0,203184.0,9.0,5.0,5.0,4.0,0.0,0.0,1.0
52000.0,1.015625,3.5952252801507716E-8,52000.0,95.5,95.5,-275.0,95.5,52000.0,203184.0,9.0,5.0,5.0,4.0,0.0,0.0,1.0
53000.0,1.03125,3.677356289699674E-8,53000.0,95.6,95.6,-175.0,95.6,53000.0,203184.0,9.0,5.0,5.0,4.0,0.0,0.0,1.0
54000.0,1.03125,3.677356289699674E-8,54000.0,94.5,94.5,-205.55555555555554,94.5,54000.0,203184.0,9.0,5.0,5.0,4.0,0.0,0.0,1.0
55000.0,1.03125,3.677356289699674E-8,55000.0,92.5,92.5,-212.49999999999955,92.5,55000.0,203184.0,9.0,5.0,5.0,4.0,0.0,0.0,1.0
56000.0,1.03125,3.677356289699674E-8,56000.0,89.9,89.9,-260.7142857142853,89.9,56000.0,203184.0,9.0,5.0,5.0,4.0,0.0,0.0,1.0
57000.0,1.03125,3.677356289699674E-8,57000.0,86.3,86.3,-302.9411764705879,86.3,57000.0,203184.0,9.0,5.0,5.0,4.0,0.0,0.0,1.0
58000.0,1.09375,4.0058803278952846E-8,58000.0,86.7,86.7,-259.45945945945914,86.7,58000.0,203184.0,9.0,5.0,5.0,4.0,0.0,0.0,1.0
59000.0,1.109375,4.088011337444187E-8,59000.0,85.2,85.2,-269.9999999999997,85.2,59000.0,203184.0,9.0,5.0,5.0,4.0,0.0,0.0,1.0
60000.0,1.109375,4.088011337444187E-8,60000.0,87.6,87.6,-275.7575757575754,87.6,60000.0,203184.0,9.0,5.0,5.0,4.0,0.0,0.0,1.0
61000.0,1.140625,4.2522733565419924E-8,61000.0,85.39999999999999,85.39999999999999,-317.1428571428568,85.39999999999999,61000.0,203184.0,9.0,5.0,5.0,4.0,0.0,0.0,1.0
62000.0,1.171875,4.4165353756397976E-8,62000.0,80.0,80.0,-344.44444444444395,80.0,62000.0,203184.0,9.0,5.0,5.0,4.0,0.0,0.0,1.0
63000.0,1.1875,4.499539500102402E-8,63000.0,74.9,74.9,-364.8148148148144,74.9,63000.0,205344.0,9.0,5.0,5.0,4.0,0.0,0.0,1.0
64000.0,1.203125,4.5825436245650065E-8,64000.0,73.3,73.3,-433.99999999999955,73.3,64000.0,205344.0,9.0,5.0,5.0,4.0,0.0,0.0,1.0
65000.0,1.21875,4.680639701998897E-8,65000.0,83.0,83.0,-304.7619047619045,83.0,65000.0,242680.0,11.0,6.0,6.0,5.0,0.0,0.0,1.0
66000.0,1.21875,4.680639701998897E-8,66000.0,81.89999999999999,81.89999999999999,-376.31578947368394,81.89999999999999,66000.0,242680.0,11.0,6.0,6.0,5.0,0.0,0.0,1.0
67000.0,1.265625,4.97492793430057E-8,67000.0,86.3,86.3,-356.6666666666663,86.3,67000.0,242680.0,11.0,6.0,6.0,5.0,0.0,0.0,1.0
68000.0,1.28125,5.0730240117344605E-8,68000.0,91.3,91.3,-234.6153846153842,91.3,68000.0,242680.0,11.0,6.0,6.0,5.0,0.0,0.0,1.0
69000.0,1.296875,5.171120089168351E-8,69000.0,92.60000000000001,92.60000000000001,-208.33333333333286,92.60000000000001,69000.0,242680.0,11.0,6.0,6.0,5.0,0.0,0.0,1.0
70000.0,1.3125,5.269216166602242E-8,70000.0,94.1,94.1,-268.75,94.1,70000.0,242680.0,11.0,6.0,6.0,5.0,0.0,0.0,1.0
71000.0,1.328125,5.3673122440361325E-8,71000.0,90.60000000000001,90.60000000000001,-291.66666666666623,90.60000000000001,71000.0,242680.0,11.0,6.0,6.0,5.0,0.0,0.0,1.0
72000.0,1.359375,5.563504398903914E-8,72000.0,78.0,78.0,-547.0588235294111,77.80020181634713,72000.0,242680.0,11.0,6.0,6.0,5.0,0.0,0.0,1.0
73000.0,1.359375,5.563504398903914E-8,73000.0,75.1,75.1,-591.6666666666661,73.7064413938754,73000.0,242680.0,11.0,6.0,6.0,5.0,0.0,0.0,1.0
74000.0,1.375,5.6616004763378045E-8,74000.0,77.7,77.7,-457.4999999999995,76.62473794549265,74000.0,242680.0,11.0,6.0,6.0,5.0,0.0,0.0,1.0
75000.0,1.390625,5.759696553771695E-8,75000.0,77.7,77.7,-519.4444444444439,77.12820512820512,75000.0,242680.0,11.0,6.0,6.0,5.0,0.0,0.0,1.0
76000.0,1.390625,5.759696553771695E-8,76000.0,85.5,85.5,-271.7948717948715,85.33872598584429,76000.0,242680.0,11.0,6.0,6.0,5.0,0.0,0.0,1.0
77000.0,1.390625,5.759696553771695E-8,77000.0,85.8,85.8,-195.83333333333312,85.8,77000.0,242680.0,11.0,6.0,6.0,5.0,0.0,0.0,1.0
78000.0,1.453125,6.152080863507258E-8,78000.0,84.2,84.2,-444.82758620689617,84.2,78000.0,242680.0,11.0,6.0,6.0,5.0,0.0,0.0,1.0
79000.0,1.484375,6.348273018375039E-8,79000.0,81.89999999999999,81.89999999999999,-465.62499999999966,81.89999999999999,79000.0,242680.0,11.0,6.0,6.0,5.0,0.0,0.0,1.0
80000.0,1.5,6.44636909580893E-8,80000.0,85.9,85.9,-442.30769230769187,85.9,80000.0,242680.0,11.0,6.0,6.0,5.0,0.0,0.0,1.0
81000.0,1.515625,6.544465173242822E-8,81000.0,86.7,86.7,-343.333333333333,86.7,81000.0,242680.0,11.0,6.0,6.0,5.0,0.0,0.0,1.0
82000.0,1.53125,6.642561250676713E-8,82000.0,86.2,86.2,-589.9999999999994,86.2,82000.0,242680.0,11.0,6.0,6.0,5.0,0.0,0.0,1.0
83000.0,1.546875,6.740657328110604E-8,83000.0,80.60000000000001,80.60000000000001,-781.8181818181807,80.60000000000001,83000.0,242680.0,11.0,6.0,6.0,5.0,0.0,0.0,1.0
84000.0,1.578125,6.936849482978386E-8,84000.0,83.2,83.2,-663.6363636363632,83.2,84000.0,242680.0,11.0,6.0,6.0,5.0,0.0,0.0,1.0
85000.0,1.578125,6.936849482978386E-8,85000.0,80.30000000000001,80.30000000000001,-392.49999999999943,80.30000000000001,85000.0,242680.0,11.0,6.0,6.0,5.0,0.0,0.0,1.0
86000.0,1.59375,7.034945560412277E-8,86000.0,77.9,77.9,-402.2727272727268,77.9,86000.0,242680.0,11.0,6.0,6.0,5.0,0.0,0.0,1.0
87000.0,1.625,7.231137715280058E-8,87000.0,78.60000000000001,78.60000000000001,-664.2857142857135,78.60000000000001,87000.0,242680.0,11.0,6.0,6.0,5.0,0.0,0.0,1.0
88000.0,1.640625,7.32923379271395E-8,88000.0,78.2,78.2,-373.9130434782604,78.2,88000.0,242680.0,11.0,6.0,6.0,5.0,0.0,0.0,1.0
89000.0,1.65625,7.427329870147841E-8,89000.0,82.19999999999999,82.19999999999999,-493.33333333333303,82.19999999999999,89000.0,242680.0,11.0,6.0,6.0,5.0,0.0,0.0,1.0
90000.0,1.65625,7.427329870147841E-8,90000.0,72.2,72.2,-1163.6363636363626,72.2,90000.0,242680.0,11.0,6.0,6.0,5.0,0.0,0.0,1.0
91000.0,1.6875,7.623522025015622E-8,91000.0,75.5,75.5,-665.6249999999993,75.5,91000.0,242680.0,11.0,6.0,6.0,5.0,0.0,0.0,1.0
92000.0,1.703125,7.721618102449514E-8,92000.0,81.8,81.8,-405.55555555555526,81.8,92000.0,242680.0,11.0,6.0,6.0,5.0,0.0,0.0,1.0
93000.0,1.71875,7.819714179883405E-8,93000.0,92.0,92.0,-207.69230769230725,92.0,93000.0,242680.0,11.0,6.0,6.0,5.0,0.0,0.0,1.0
94000.0,1.734375,7.917810257317296E-8,94000.0,89.7,89.7,-368.1818181818177,89.7,94000.0,242680.0,11.0,6.0,6.0,5.0,0.0,0.0,1.0
95000.0,1.75,8.015906334751188E-8,95000.0,88.2,88.2,-353.8461538461534,88.2,95000.0,242680.0,11.0,6.0,6.0,5.0,0.0,0.0,1.0
96000.0,1.765625,8.114002412185079E-8,96000.0,87.8,87.8,-281.24999999999966,87.8,96000.0,242680.0,11.0,6.0,6.0,5.0,0.0,0.0,1.0
97000.0,1.78125,8.21209848961897E-8,97000.0,88.7,88.7,-276.6666666666663,88.7,97000.0,242680.0,11.0,6.0,6.0,5.0,0.0,0.0,1.0
98000.0,1.796875,8.310194567052862E-8,98000.0,92.4,92.4,-192.3076923076919,92.4,98000.0,242680.0,11.0,6.0,6.0,5.0,0.0,0.0,1.0
99000.0,1.8125,8.408290644486753E-8,99000.0,83.3,83.3,-363.8888888888886,83.26653306613227,99000.0,242680.0,11.0,6.0,6.0,5.0,0.0,0.0,1.0
100000.0,1.828125,8.506386721920644E-8,100000.0,81.8,81.8,-366.6666666666664,81.40960163432072,100000.0,242680.0,11.0,6.0,6.0,5.0,0.0,0.0,1.0
101000.0,1.84375,8.604482799354536E-8,101000.0,85.8,85.8,-215.55555555555532,85.51020408163265,101000.0,242680.0,11.0,6.0,6.0,5.0,0.0,0.0,1.0
102000.0,1.859375,8.702578876788427E-8,102000.0,89.9,89.9,-274.0740740740736,89.71486761710794,102000.0,242680.0,11.0,6.0,6.0,5.0,0.0,0.0,1.0
103000.0,1.875,8.800674954222318E-8,103000.0,87.6,87.6,-299.99999999999966,87.13692946058092,103000.0,242680.0,11.0,6.0,6.0,5.0,0.0,0.0,1.0
104000.0,1.890625,8.89877103165621E-8,104000.0,89.8,89.8,-209.09090909090878,89.47368421052632,104000.0,242680.0,11.0,6.0,6.0,5.0,0.0,0.0,1.0
105000.0,1.90625,8.996867109090101E-8,105000.0,87.7,87.7,-251.4285714285711,87.42331288343557,105000.0,242680.0,11.0,6.0,6.0,5.0,0.0,0.0,1.0
106000.0,1.921875,9.094963186523992E-8,106000.0,93.60000000000001,93.60000000000001,-128.57142857142819,93.60000000000001,106000.0,242680.0,11.0,6.0,6.0,5.0,0.0,0.0,1.0
107000.0,1.9375,9.193059263957884E-8,107000.0,91.60000000000001,91.60000000000001,-179.99999999999963,91.60000000000001,107000.0,242680.0,11.0,6.0,6.0,5.0,0.0,0.0,1.0
108000.0,1.96875,9.389251418825665E-8,108000.0,88.1,88.1,-271.87499999999966,87.96764408493428,108000.0,242680.0,11.0,6.0,6.0,5.0,0.0,0.0,1.0
109000.0,1.984375,9.487347496259556E-8,109000.0,90.4,90.4,-299.99999999999955,90.2439024390244,109000.0,242680.0,11.0,6.0,6.0,5.0,0.0,0.0,1.0
110000.0,2.0,9.585443573693448E-8,110000.0,91.60000000000001,91.60000000000001,-249.99999999999955,91.45473041709054,110000.0,242680.0,11.0,6.0,6.0,5.0,0.0,0.0,1.0
111000.0,2.015625,9.683539651127339E-8,111000.0,94.69999999999999,94.69999999999999,-140.9090909090909,94.66263846928499,111000.0,242680.0,11.0,6.0,6.0,5.0,0.0,0.0,1.0
112000.0,2.015625,9.683539651127339E-8,112000.0,93.2,93.2,-161.53846153846112,93.15206445115811,112000.0,242680.0,11.0,6.0,6.0,5.0,0.0,0.0,1.0
113000.0,2.03125,9.78163572856123E-8,113000.0,92.0,92.0,-166.6666666666663,91.91919191919192,113000.0,242680.0,11.0,6.0,6.0,5.0,0.0,0.0,1.0
114000.0,2.046875,9.879731805995122E-8,114000.0,91.0,91.0,-199.99999999999963,90.86294416243655,114000.0,242680.0,11.0,6.0,6.0,5.0,0.0,0.0,1.0
115000.0,2.0625,9.977827883429013E-8,115000.0,93.0,93.0,-149.9999999999996,92.96482412060301,115000.0,242680.0,11.0,6.0,6.0,5.0,0.0,0.0,1.0
116000.0,2.078125,1.0075923960862904E-7,116000.0,94.69999999999999,94.69999999999999,-165.0,94.69999999999999,116000.0,242680.0,11.0,6.0,6.0,5.0,0.0,0.0,1.0
117000.0,2.109375,1.0272116115730685E-7,117000.0,80.5,80.5,-509.3749999999993,80.5,117000.0,242680.0,11.0,6.0,6.0,5.0,0.0,0.0,1.0
118000.0,2.125,1.0370212193164577E-7,118000.0,71.8,71.8,-683.3333333333327,71.8,118000.0,242680.0,11.0,6.0,6.0,5.0,0.0,0.0,1.0
119000.0,2.140625,1.0468308270598468E-7,119000.0,77.5,77.5,-603.1249999999993,77.5,119000.0,242680.0,11.0,6.0,6.0,5.0,0.0,0.0,1.0
120000.0,2.15625,1.056640434803236E-7,120000.0,78.8,78.8,-323.9999999999996,78.8,120000.0,242680.0,11.0,6.0,6.0,5.0,0.0,0.0,1.0
121000.0,2.171875,1.0664500425466251E-7,121000.0,79.3,79.3,-322.4489795918363,79.3,121000.0,242680.0,11.0,6.0,6.0,5.0,0.0,0.0,1.0
122000.0,2.1875,1.0762596502900142E-7,122000.0,75.0,75.0,-575.675675675675,75.0,122000.0,242680.0,11.0,6.0,6.0,5.0,0.0,0.0,1.0
123000.0,2.203125,1.0860692580334033E-7,123000.0,78.7,78.7,-373.33333333333286,78.7,123000.0,242680.0,11.0,6.0,6.0,5.0,0.0,0.0,1.0
124000.0,2.21875,1.0958788657767925E-7,124000.0,76.6,76.6,-470.7317073170726,76.6,124000.0,242680.0,11.0,6.0,6.0,5.0,0.0,0.0,1.0
125000.0,2.25,1.1154980812635706E-7,125000.0,78.2,78.2,-395.454545454545,78.2,125000.0,242680.0,11.0,6.0,6.0,5.0,0.0,0.0,1.0
126000.0,2.265625,1.1253076890069597E-7,126000.0,80.5,80.5,-274.99999999999955,80.5,126000.0,242680.0,11.0,6.0,6.0,5.0,0.0,0.0,1.0
127000.0,2.28125,1.1351172967503489E-7,127000.0,78.0,78.0,-339.99999999999955,78.0,127000.0,242680.0,11.0,6.0,6.0,5.0,0.0,0.0,1.0
128000.0,2.296875,1.144926904493738E-7,128000.0,82.19999999999999,82.19999999999999,-323.80952380952357,82.19999999999999,128000.0,242680.0,11.0,6.0,6.0,5.0,0.0,0.0,1.0
129000.0,2.34375,1.1743557277239053E-7,129000.0,84.2,84.2,-294.9999999999997,84.2,129000.0,242680.0,11.0,6.0,6.0,5.0,0.0,0.0,1.0
130000.0,2.359375,1.1841653354672944E-7,130000.0,84.6,84.6,-339.99999999999966,84.6,130000.0,242680.0,11.0,6.0,6.0,5.0,0.0,0.0,1.0
131000.0,2.375,1.1939749432106835E-7,131000.0,86.6,86.6,-482.60869565217337,86.6,131000.0,242680.0,11.0,6.0,6.0,5.0,0.0,0.0,1.0
132000.0,2.390625,1.2037845509540725E-7,132000.0,88.5,88.5,-379.16666666666623,88.5,132000.0,242680.0,11.0,6.0,6.0,5.0,0.0,0.0,1.0
133000.0,2.40625,1.2135941586974615E-7,133000.0,87.3,87.3,-477.2727272727268,87.3,133000.0,242680.0,11.0,6.0,6.0,5.0,0.0,0.0,1.0
134000.0,2.40625,1.2135941586974615E-7,134000.0,88.2,88.2,-413.0434782608691,88.2,134000.0,242680.0,11.0,6.0,6.0,5.0,0.0,0.0,1.0
135000.0,2.40625,1.2135941586974615E-7,135000.0,88.3,88.3,-367.99999999999955,88.20564516129032,135000.0,242680.0,11.0,6.0,6.0,5.0,0.0,0.0,1.0
136000.0,2.453125,1.2430229819276288E-7,136000.0,85.1,85.1,-451.85185185185145,84.65499485066941,136000.0,242680.0,11.0,6.0,6.0,5.0,0.0,0.0,1.0
137000.0,2.46875,1.2528325896710178E-7,137000.0,84.8,84.8,-424.1379310344824,84.2159916926272,137000.0,242680.0,11.0,6.0,6.0,5.0,0.0,0.0,1.0
138000.0,2.5,1.2750161759969283E-7,138000.0,87.6,87.6,-342.8571428571425,87.17683557394002,138000.0,274400.0,13.0,7.0,7.0,6.0,0.0,0.0,1.0
139000.0,2.515625,1.286317516739172E-7,139000.0,88.9,88.9,-246.87499999999966,88.61538461538461,139000.0,279584.0,13.0,7.0,7.0,6.0,0.0,0.0,1.0
140000.0,2.53125,1.2977061689727859E-7,140000.0,87.9,87.9,-255.88235294117615,87.47412008281573,140000.0,281744.0,13.0,7.0,7.0,6.0,0.0,0.0,1.0
141000.0,2.546875,1.3090948212063996E-7,141000.0,86.5,86.49941947503741,-193.47826086956496,85.89341692789968,141000.0,281744.0,13.0,7.0,7.0,6.0,0.0,0.0,1.0
142000.0,2.5625,1.3204834734400134E-7,142000.0,87.4,87.39671054145131,-193.02325581395323,87.0236869207003,142000.0,281744.0,13.0,7.0,7.0,6.0,0.0,0.0,1.0
143000.0,2.5625,1.3204834734400134E-7,143000.0,85.8,85.79488615901725,-389.6551724137927,85.51020408163265,143000.0,281744.0,13.0,7.0,7.0,6.0,0.0,0.0,1.0
144000.0,2.5625,1.3204834734400134E-7,144000.0,84.3,84.29748759801568,-423.333333333333,84.14141414141415,144000.0,281744.0,13.0,7.0,7.0,6.0,0.0,0.0,1.0
145000.0,2.609375,1.354649430140855E-7,145000.0,84.0,83.99860787888545,-595.652173913043,83.95185556670009,145000.0,281744.0,13.0,7.0,7.0,6.0,0.0,0.0,1.0
146000.0,2.609375,1.354649430140855E-7,146000.0,80.30000000000001,80.30000000000001,-556.666666666666,80.30000000000001,146000.0,281744.0,13.0,7.0,7.0,6.0,0.0,0.0,1.0
147000.0,2.625,1.3660380823744688E-7,147000.0,72.7,72.7,-809.9999999999992,72.7,147000.0,281744.0,13.0,7.0,7.0,6.0,0.0,0.0,1.0
148000.0,2.640625,1.3774267346080826E-7,148000.0,70.89999999999999,70.89999999999999,-1165.2173913043468,70.89999999999999,148000.0,281744.0,13.0,7.0,7.0,6.0,0.0,0.0,1.0
149000.0,2.671875,1.4002040390753104E-7,149000.0,64.4,64.4,-1679.9999999999982,64.4,149000.0,281744.0,13.0,7.0,7.0,6.0,0.0,0.0,1.0
150000.0,2.703125,1.4229813435425383E-7,150000.0,71.39999999999999,71.39999999999999,-999.9999999999991,71.39999999999999,150000.0,281744.0,13.0,7.0,7.0,6.0,0.0,0.0,1.0
151000.0,2.71875,1.434369995776152E-7,151000.0,71.5,71.5,-1087.499999999999,71.5,151000.0,281744.0,13.0,7.0,7.0,6.0,0.0,0.0,1.0
152000.0,2.71875,1.434369995776152E-7,152000.0,82.89999999999999,82.89999999999999,-362.1621621621619,82.89999999999999,152000.0,281744.0,13.0,7.0,7.0,6.0,0.0,0.0,1.0
153000.0,2.734375,1.4457586480097658E-7,153000.0,89.0,89.0,-292.8571428571425,89.0,153000.0,281744.0,13.0,7.0,7.0,6.0,0.0,0.0,1.0
154000.0,2.75,1.4571473002433796E-7,154000.0,90.8,90.8,-206.6666666666663,90.8,154000.0,281744.0,13.0,7.0,7.0,6.0,0.0,0.0,1.0
155000.0,2.78125,1.482733447725576E-7,155000.0,90.0,90.0,-257.14285714285677,90.0,155000.0,316488.0,15.0,8.0,8.0,6.0,0.0,0.0,1.0
156000.0,2.796875,1.4955265214666743E-7,156000.0,90.0,90.0,-299.99999999999955,90.0,156000.0,316488.0,15.0,8.0,8.0,6.0,0.0,0.0,1.0
157000.0,2.8125,1.5083195952077726E-7,157000.0,88.7,88.7,-253.12499999999966,88.7,157000.0,316488.0,15.0,8.0,8.0,6.0,0.0,0.0,1.0
158000.0,2.828125,1.521112668948871E-7,158000.0,86.8,86.8,-388.88888888888846,86.8,158000.0,316488.0,15.0,8.0,8.0,6.0,0.0,0.0,1.0
159000.0,2.84375,1.5339057426899693E-7,159000.0,78.0,78.0,-449.9999999999995,78.0,159000.0,316488.0,15.0,8.0,8.0,6.0,0.0,0.0,1.0
160000.0,2.875,1.5595585056063222E-7,160000.0,79.60000000000001,79.60000000000001,-324.99999999999955,79.60000000000001,160000.0,317312.0,17.0,9.0,9.0,7.0,0.0,0.0,1.0
161000.0,2.890625,1.5723848870644987E-7,161000.0,81.3,81.3,-246.2962962962961,81.3,161000.0,317312.0,17.0,9.0,9.0,7.0,0.0,0.0,1.0
162000.0,2.90625,1.5867046184009996E-7,162000.0,80.5,80.5,-306.24999999999955,80.5,162000.0,354256.0,17.0,9.0,9.0,7.0,0.0,0.0,1.0
163000.0,2.921875,1.6010243497375005E-7,163000.0,75.9,75.9,-354.71698113207503,75.9,163000.0,354256.0,17.0,9.0,9.0,7.0,0.0,0.0,1.0
164000.0,2.9375,1.6153440810740014E-7,164000.0,75.9,75.9,-295.08196721311435,75.9,164000.0,354256.0,17.0,9.0,9.0,7.0,0.0,0.0,1.0
165000.0,2.953125,1.6296638124105023E-7,165000.0,66.8,66.8,-591.666666666666,66.8,165000.0,354256.0,17.0,9.0,9.0,7.0,0.0,0.0,1.0
166000.0,2.96875,1.6439835437470032E-7,166000.0,60.199999999999996,60.199999999999996,-804.5454545454538,60.199999999999996,166000.0,354256.0,17.0,9.0,9.0,7.0,0.0,0.0,1.0
167000.0,2.984375,1.6583032750835041E-7,167000.0,58.5,58.5,-865.1162790697666,58.5,167000.0,354256.0,17.0,9.0,9.0,7.0,0.0,0.0,1.0
168000.0,2.984375,1.6583032750835041E-7,168000.0,63.4,63.4,-731.8181818181811,63.4,168000.0,385976.0,19.0,10.0,10.0,7.0,0.0,0.0,1.0
169000.0,3.015625,1.6895071085956382E-7,169000.0,61.9,61.9,-1020.5882352941167,61.9,169000.0,385976.0,19.0,10.0,10.0,7.0,0.0,0.0,1.0
170000.0,3.015625,1.6895071085956382E-7,170000.0,62.0,62.0,-1017.6470588235285,62.0,170000.0,389000.0,19.0,10.0,10.0,7.0,0.0,0.0,1.0
171000.0,3.046875,1.7209554142836088E-7,171000.0,73.8,73.8,-571.7948717948711,73.69477911646585,171000.0,389000.0,19.0,10.0,10.0,7.0,0.0,0.0,1.0
172000.0,3.046875,1.7209554142836088E-7,172000.0,73.4,73.4,-478.2608695652169,72.82941777323799,172000.0,389000.0,19.0,10.0,10.0,7.0,0.0,0.0,1.0
173000.0,3.0625,1.736679567127594E-7,173000.0,66.5,66.5,-644.4444444444437,65.32091097308489,173000.0,389000.0,19.0,10.0,10.0,7.0,0.0,0.0,1.0
174000.0,3.0625,1.736679567127594E-7,174000.0,62.3,62.3,-756.8181818181811,61.293634496919914,174000.0,389000.0,19.0,10.0,10.0,7.0,0.0,0.0,1.0
175000.0,3.0625,1.736679567127594E-7,175000.0,61.1,61.1,-648.0769230769224,59.13865546218487,175000.0,389000.0,19.0,10.0,10.0,7.0,0.0,0.0,1.0
176000.0,3.125,1.7995761785035352E-7,176000.0,64.8,64.8,-576.9230769230763,63.06400839454355,176000.0,389000.0,19.0,10.0,10.0,7.0,0.0,0.0,1.0
177000.0,3.140625,1.8153876428388906E-7,177000.0,66.7,66.7,-565.9999999999993,64.68716861081654,177000.0,391160.0,19.0,10.0,10.0,7.0,0.0,0.0,1.0
178000.0,3.15625,1.831199107174246E-7,178000.0,63.6,63.6,-599.9999999999994,62.20145379023884,178000.0,391160.0,19.0,10.0,10.0,7.0,0.0,0.0,1.0
179000.0,3.15625,1.831199107174246E-7,179000.0,60.8,60.8,-653.8461538461532,60.0,179000.0,391160.0,19.0,10.0,10.0,7.0,0.0,0.0,1.0
180000.0,3.15625,1.831199107174246E-7,180000.0,65.8,65.8,-695.3488372093016,64.85097636176774,180000.0,391160.0,19.0,10.0,10.0,7.0,0.0,0.0,1.0
181000.0,3.21875,1.894444964515668E-7,181000.0,58.4,58.4,-966.666666666666,57.06914344685242,181000.0,391160.0,19.0,10.0,10.0,7.0,0.0,0.0,1.0
182000.0,3.234375,1.9102564288510234E-7,182000.0,59.4,59.4,-941.0256410256402,58.5291113381001,182000.0,391160.0,19.0,10.0,10.0,7.0,0.0,0.0,1.0
183000.0,3.234375,1.9102564288510234E-7,183000.0,66.5,66.5,-1096.4285714285702,66.02434077079108,183000.0,391160.0,19.0,10.0,10.0,7.0,0.0,0.0,1.0
184000.0,3.25,1.926067893186379E-7,184000.0,65.8,65.8,-1003.2258064516118,65.31440162271805,184000.0,391160.0,19.0,10.0,10.0,7.0,0.0,0.0,1.0
185000.0,3.28125,1.95754724296017E-7,185000.0,70.8,70.8,-563.6363636363632,70.5050505050505,185000.0,389384.0,21.0,11.0,11.0,7.0,0.0,0.0,1.0
186000.0,3.296875,1.973320225564144E-7,186000.0,75.7,75.7,-539.4736842105258,75.40485829959515,186000.0,390208.0,23.0,12.0,12.0,8.0,0.0,0.0,1.0
187000.0,3.296875,1.973320225564144E-7,187000.0,68.30000000000001,68.30000000000001,-756.7567567567559,67.48717948717949,187000.0,390208.0,23.0,12.0,12.0,8.0,0.0,0.0,1.0
188000.0,3.328125,2.007678267546E-7,188000.0,69.19999999999999,69.19999999999999,-470.37037037037,68.53932584269661,188000.0,424992.0,23.0,12.0,12.0,8.0,0.0,0.0,1.0
189000.0,3.34375,2.024857288536928E-7,189000.0,73.2,73.2,-405.66037735849017,72.54098360655738,189000.0,424992.0,23.0,12.0,12.0,8.0,0.0,0.0,1.0
190000.0,3.359375,2.042036309527856E-7,190000.0,72.89999999999999,72.89999999999999,-392.72727272727235,72.26202661207779,190000.0,424992.0,23.0,12.0,12.0,8.0,0.0,0.0,1.0
191000.0,3.375,2.059215330518784E-7,191000.0,66.2,66.2,-492.98245614035034,65.22633744855966,191000.0,424992.0,23.0,12.0,12.0,8.0,0.0,0.0,1.0
192000.0,3.40625,2.0962806754849042E-7,192000.0,69.8,69.79655680747605,-619.0476190476186,68.6070686070686,192000.0,458480.0,23.0,12.0,12.0,8.0,0.0,0.0,1.0
193000.0,3.40625,2.0962806754849042E-7,193000.0,78.8,78.7995547906506,-488.8888888888883,78.34525025536261,193000.0,496688.0,25.0,13.0,13.0,8.0,0.0,0.0,1.0
194000.0,3.40625,2.0962806754849042E-7,194000.0,78.4,78.39766694803039,-453.8461538461533,77.80061664953752,194000.0,496688.0,25.0,13.0,13.0,8.0,0.0,0.0,1.0
195000.0,3.4375,2.1364349069901657E-7,195000.0,81.69999999999999,81.69950588665893,-531.0344827586202,81.19218910585818,195000.0,496688.0,25.0,13.0,13.0,8.0,0.0,0.0,1.0
196000.0,3.453125,2.1565120227427964E-7,196000.0,77.10000000000001,77.10000000000001,-518.9189189189183,76.51282051282051,196000.0,496688.0,25.0,13.0,13.0,8.0,0.0,0.0,1.0
197000.0,3.453125,2.1565120227427964E-7,197000.0,74.2,74.2,-732.2580645161283,73.75381485249237,197000.0,496688.0,25.0,13.0,13.0,8.0,0.0,0.0,1.0
198000.0,3.484375,2.1968408772307983E-7,198000.0,73.3,73.3,-761.2903225806444,73.13883299798792,198000.0,498848.0,25.0,13.0,13.0,8.0,0.0,0.0,1.0
199000.0,3.5,2.2170053044747993E-7,199000.0,76.1,76.1,-696.666666666666,75.93152064451158,199000.0,498848.0,25.0,13.0,13.0,8.0,0.0,0.0,1.0
200000.0,3.515625,2.2371697317188003E-7,200000.0,74.7,74.7,-690.6249999999993,74.31472081218274,200000.0,498848.0,25.0,13.0,13.0,8.0,0.0,0.0,1.0
201000.0,3.53125,2.2574214704541715E-7,201000.0,70.8,70.8,-758.8235294117641,70.32520325203252,201000.0,501008.0,25.0,13.0,13.0,8.0,0.0,0.0,1.0
202000.0,3.5625,2.2979249479249137E-7,202000.0,69.89999999999999,69.89999999999999,-785.2941176470582,69.19140225179119,202000.0,501008.0,25.0,13.0,13.0,8.0,0.0,0.0,1.0
203000.0,3.59375,2.3384284253956562E-7,203000.0,72.0,72.0,-582.9268292682922,71.16374871266736,203000.0,501008.0,25.0,13.0,13.0,8.0,0.0,0.0,1.0
204000.0,3.609375,2.3586801641310274E-7,204000.0,79.4,79.4,-379.06976744185994,78.93660531697341,204000.0,501008.0,25.0,13.0,13.0,8.0,0.0,0.0,1.0
205000.0,3.625,2.379106525849139E-7,205000.0,79.10000000000001,79.10000000000001,-422.49999999999943,78.69520897043833,205000.0,505328.0,25.0,13.0,13.0,8.0,0.0,0.0,1.0
206000.0,3.640625,2.3995328875672504E-7,206000.0,86.3,86.3,-302.9411764705879,86.105476673428,206000.0,505328.0,25.0,13.0,13.0,8.0,0.0,0.0,1.0
207000.0,3.65625,2.419959249285362E-7,207000.0,86.9,86.9,-322.58064516128997,86.61899897854954,207000.0,505328.0,25.0,13.0,13.0,8.0,0.0,0.0,1.0
208000.0,3.65625,2.419959249285362E-7,208000.0,88.7,88.7,-264.5161290322577,88.36251287332647,208000.0,505328.0,25.0,13.0,13.0,8.0,0.0,0.0,1.0
209000.0,3.703125,2.481238334439697E-7,209000.0,89.60000000000001,89.57623381309385,-258.62068965517204,88.93617021276597,209000.0,505328.0,25.0,13.0,13.0,8.0,0.0,0.0,1.0
210000.0,3.71875,2.5016646961578085E-7,210000.0,77.9,77.8406350613293,-439.02439024390196,77.47196738022426,210000.0,505328.0,25.0,13.0,13.0,8.0,0.0,0.0,1.0
211000.0,3.734375,2.5222136173397324E-7,211000.0,77.9,77.8688393257707,-481.5789473684204,77.65419615773509,211000.0,508360.0,25.0,13.0,13.0,8.0,0.0,0.0,1.0
212000.0,3.75,2.5428850979854685E-7,212000.0,66.10000000000001,65.94552891917739,-868.5714285714276,65.12345679012346,212000.0,511392.0,25.0,13.0,13.0,8.0,0.0,0.0,1.0
213000.0,3.765625,2.5635565786312045E-7,213000.0,68.60000000000001,68.50592720456002,-705.1282051282043,67.66220391349125,213000.0,511392.0,25.0,13.0,13.0,8.0,0.0,0.0,1.0
214000.0,3.78125,2.584350618740753E-7,214000.0,79.4,79.4,-442.10526315789417,78.71900826446281,214000.0,514424.0,25.0,13.0,13.0,8.0,0.0,0.0,1.0
215000.0,3.796875,2.605144658850301E-7,215000.0,69.0,69.0,-674.9999999999994,67.74193548387096,215000.0,514424.0,25.0,13.0,13.0,8.0,0.0,0.0,1.0
216000.0,3.828125,2.6467327390693974E-7,216000.0,67.2,67.2,-893.9393939393929,65.29100529100529,216000.0,514424.0,25.0,13.0,13.0,8.0,0.0,0.0,1.0
217000.0,3.84375,2.6674727754046536E-7,217000.0,72.89999999999999,72.89999999999999,-545.2380952380947,71.53361344537815,217000.0,513088.0,27.0,14.0,14.0,8.0,0.0,0.0,1.0
218000.0,3.859375,2.68821281173991E-7,218000.0,74.5,74.5,-442.5531914893612,73.01587301587301,218000.0,513088.0,27.0,14.0,14.0,8.0,0.0,0.0,1.0
219000.0,3.875,2.708952848075166E-7,219000.0,77.8,77.8,-593.7499999999993,76.99481865284974,219000.0,513088.0,27.0,14.0,14.0,8.0,0.0,0.0,1.0
220000.0,3.90625,2.750432920745679E-7,220000.0,82.19999999999999,82.19999999999999,-394.4444444444442,81.79959100204498,220000.0,513088.0,27.0,14.0,14.0,8.0,0.0,0.0,1.0
221000.0,3.921875,2.771172957080935E-7,221000.0,88.2,88.2,-180.95238095238068,87.92221084953941,221000.0,513088.0,27.0,14.0,14.0,8.0,0.0,0.0,1.0
222000.0,3.9375,2.7919129934161914E-7,222000.0,87.6,87.6,-158.33333333333312,87.28205128205128,222000.0,513088.0,27.0,14.0,14.0,8.0,0.0,0.0,1.0
223000.0,3.953125,2.8126530297514476E-7,223000.0,87.9,87.9,-157.44680851063805,87.72819472616634,223000.0,513088.0,27.0,14.0,14.0,8.0,0.0,0.0,1.0
224000.0,3.984375,2.8541331024219605E-7,224000.0,85.9,85.9,-193.74999999999977,85.78629032258064,224000.0,513088.0,27.0,14.0,14.0,8.0,0.0,0.0,1.0
225000.0,4.0,2.8748731387572167E-7,225000.0,86.9,86.9,-191.11111111111086,86.80765357502518,225000.0,513088.0,27.0,14.0,14.0,8.0,0.0,0.0,1.0
226000.0,4.03125,2.9163532114277297E-7,226000.0,88.4,88.4,-222.22222222222192,88.27098078867543,226000.0,513088.0,27.0,14.0,14.0,8.0,0.0,0.0,1.0
227000.0,4.046875,2.937093247762986E-7,227000.0,89.4,89.4,-211.76470588235264,89.3037336024218,227000.0,513088.0,27.0,14.0,14.0,8.0,0.0,0.0,1.0
228000.0,4.0625,2.957833284098242E-7,228000.0,87.4,87.4,-249.9999999999997,87.2210953346856,228000.0,513088.0,27.0,14.0,14.0,8.0,0.0,0.0,1.0
229000.0,4.09375,2.999313356768755E-7,229000.0,85.2,85.2,-289.473684210526,84.98985801217039,229000.0,513088.0,27.0,14.0,14.0,8.0,0.0,0.0,1.0
230000.0,4.109375,3.020053393104011E-7,230000.0,80.30000000000001,80.30000000000001,-369.0476190476185,80.02028397565924,230000.0,513088.0,27.0,14.0,14.0,8.0,0.0,0.0,1.0
231000.0,4.125,3.0407934294392674E-7,231000.0,82.0,82.0,-282.97872340425505,81.57625383828045,231000.0,513088.0,27.0,14.0,14.0,8.0,0.0,0.0,1.0
232000.0,4.140625,3.0615334657745236E-7,232000.0,83.1,83.1,-293.0232558139532,82.64887063655031,232000.0,513088.0,27.0,14.0,14.0,8.0,0.0,0.0,1.0
233000.0,4.171875,3.1030135384450366E-7,233000.0,83.0,83.0,-239.99999999999977,82.61758691206543,233000.0,513088.0,27.0,14.0,14.0,8.0,0.0,0.0,1.0
234000.0,4.1875,3.123753574780293E-7,234000.0,81.6,81.6,-299.9999999999998,81.22448979591836,234000.0,513088.0,27.0,14.0,14.0,8.0,0.0,0.0,1.0
235000.0,4.203125,3.144493611115549E-7,235000.0,76.5,76.5,-379.5918367346934,75.97137014314929,235000.0,513088.0,27.0,14.0,14.0,8.0,0.0,0.0,1.0
236000.0,4.21875,3.165233647450805E-7,236000.0,70.8,70.8,-412.28070175438563,70.14314928425357,236000.0,513088.0,27.0,14.0,14.0,8.0,0.0,0.0,1.0
237000.0,4.25,3.206713720121318E-7,237000.0,67.9,67.9,-541.9999999999993,66.97530864197532,237000.0,513088.0,27.0,14.0,14.0,8.0,0.0,0.0,1.0
238000.0,4.25,3.206713720121318E-7,238000.0,67.4,67.4,-565.306122448979,65.89958158995816,238000.0,513088.0,27.0,14.0,14.0,8.0,0.0,0.0,1.0
239000.0,4.265625,3.2274537564565743E-7,239000.0,64.3,64.3,-526.3157894736836,61.02620087336245,239000.0,513088.0,27.0,14.0,14.0,8.0,0.0,0.0,1.0
240000.0,4.265625,3.2274537564565743E-7,240000.0,62.4,62.4,-583.6363636363631,58.681318681318686,240000.0,513088.0,27.0,14.0,14.0,8.0,0.0,0.0,1.0
241000.0,4.265625,3.2274537564565743E-7,241000.0,64.8,64.8,-539.9999999999994,60.84538375973304,241000.0,513088.0,27.0,14.0,14.0,8.0,0.0,0.0,1.0
242000.0,4.28125,3.2481937927918306E-7,242000.0,65.4,65.4,-373.97260273972626,61.72566371681416,242000.0,513088.0,27.0,14.0,14.0,8.0,0.0,0.0,1.0
243000.0,4.296875,3.268933829127087E-7,243000.0,62.7,62.7,-410.95890410958935,60.021436227224015,243000.0,513088.0,27.0,14.0,14.0,8.0,0.0,0.0,1.0
244000.0,4.328125,3.3104139017975997E-7,244000.0,64.0,64.0,-437.3134328358213,61.94503171247357,244000.0,513088.0,27.0,14.0,14.0,8.0,0.0,0.0,1.0
245000.0,4.34375,3.331153938132856E-7,245000.0,71.8,71.8,-347.61904761904805,70.53291536050156,245000.0,513088.0,27.0,14.0,14.0,8.0,0.0,0.0,1.0
246000.0,4.359375,3.351893974468112E-7,246000.0,76.3,76.3,-323.2142857142853,74.89406779661016,246000.0,513088.0,27.0,14.0,14.0,8.0,0.0,0.0,1.0
247000.0,4.375,3.3726340108033683E-7,247000.0,71.3,71.3,-537.7777777777773,69.33760683760684,247000.0,513088.0,27.0,14.0,14.0,8.0,0.0,0.0,1.0
248000.0,4.375,3.3726340108033683E-7,248000.0,70.6,70.6,-487.99999999999955,68.88888888888889,248000.0,513088.0,27.0,14.0,14.0,8.0,0.0,0.0,1.0
249000.0,4.421875,3.435221798200574E-7,249000.0,74.6,74.6,-551.2820512820507,73.56919875130072,249000.0,516120.0,27.0,14.0,14.0,8.0,0.0,0.0,1.0
250000.0,4.4375,3.4560843939996423E-7,250000.0,74.1,74.1,-502.3255813953483,73.38129496402878,250000.0,516120.0,27.0,14.0,14.0,8.0,0.0,0.0,1.0
251000.0,4.453125,3.4769469897987107E-7,251000.0,72.89999999999999,72.89999999999999,-530.2325581395344,72.00413223140497,251000.0,516120.0,27.0,14.0,14.0,8.0,0.0,0.0,1.0
252000.0,4.484375,3.518672181396848E-7,252000.0,68.2,68.2,-675.6097560975602,67.55102040816327,252000.0,516120.0,27.0,14.0,14.0,8.0,0.0,0.0,1.0
253000.0,4.5,3.539622088687287E-7,253000.0,71.89999999999999,71.88763055744528,-553.4883720930227,70.60669456066945,253000.0,518280.0,27.0,14.0,14.0,8.0,0.0,0.0,1.0
254000.0,4.515625,3.5605719959777257E-7,254000.0,69.69999999999999,69.6978788515196,-621.4285714285709,69.39393939393939,254000.0,518280.0,27.0,14.0,14.0,8.0,0.0,0.0,1.0
255000.0,4.53125,3.5816444627319767E-7,255000.0,71.8,71.8,-754.5454545454538,71.65829145728642,255000.0,521312.0,27.0,14.0,14.0,8.0,0.0,0.0,1.0
256000.0,4.546875,3.602716929486228E-7,256000.0,79.80000000000001,79.80000000000001,-369.7674418604646,79.61654894046418,256000.0,521312.0,27.0,14.0,14.0,8.0,0.0,0.0,1.0
257000.0,4.578125,3.645106981922354E-7,257000.0,72.8,72.8,-563.4146341463409,72.8,257000.0,524344.0,27.0,14.0,14.0,8.0,0.0,0.0,1.0
258000.0,4.59375,3.6663020081404173E-7,258000.0,81.2,81.2,-422.2222222222216,81.2,258000.0,524344.0,27.0,14.0,14.0,8.0,0.0,0.0,1.0
259000.0,4.609375,3.6874970343584805E-7,259000.0,82.1,82.1,-358.97435897435867,82.06412825651303,259000.0,524344.0,27.0,14.0,14.0,8.0,0.0,0.0,1.0
260000.0,4.640625,3.729887086794607E-7,260000.0,77.0,76.99751573169902,-350.9803921568623,76.3617677286742,260000.0,524344.0,27.0,14.0,14.0,8.0,0.0,0.0,1.0
261000.0,4.65625,3.75108211301267E-7,261000.0,74.6,74.59786622076254,-477.2727272727268,74.05515832482125,261000.0,524344.0,27.0,14.0,14.0,8.0,0.0,0.0,1.0
262000.0,4.671875,3.7722771392307333E-7,262000.0,69.69999999999999,69.6949087446691,-518.3673469387751,67.90254237288134,262000.0,524344.0,27.0,14.0,14.0,8.0,0.0,0.0,1.0
263000.0,4.671875,3.7722771392307333E-7,263000.0,74.5,74.5,-311.2903225806448,73.38204592901879,263000.0,556496.0,29.0,15.0,15.0,8.0,0.0,0.0,1.0
264000.0,4.6875,3.794894049254555E-7,264000.0,76.1,76.1,-206.41025641025658,73.99347116430903,264000.0,559520.0,29.0,15.0,15.0,8.0,0.0,0.0,1.0
265000.0,4.71875,3.8401278693021984E-7,265000.0,72.5,72.5,-205.55555555555566,70.55674518201286,265000.0,559520.0,29.0,15.0,15.0,8.0,0.0,0.0,1.0
266000.0,4.734375,3.8627447793260203E-7,266000.0,76.5,76.5,-245.58823529411788,75.8230452674897,266000.0,559520.0,29.0,15.0,15.0,8.0,0.0,0.0,1.0
267000.0,4.75,3.885361689349842E-7,267000.0,82.3,82.3,-156.52173913043504,81.9938962360122,267000.0,559520.0,29.0,15.0,15.0,8.0,0.0,0.0,1.0
268000.0,4.765625,3.907978599373664E-7,268000.0,85.2,85.2,-190.19607843137234,84.88253319713994,268000.0,559520.0,29.0,15.0,15.0,8.0,0.0,0.0,1.0
269000.0,4.78125,3.932017393203244E-7,269000.0,81.0,81.0,-196.87500000000017,80.73022312373226,269000.0,594696.0,31.0,16.0,16.0,8.0,0.0,0.0,1.0
270000.0,4.796875,3.956056187032824E-7,270000.0,78.9,78.9,-224.61538461538484,78.66531850353893,270000.0,594696.0,31.0,16.0,16.0,8.0,0.0,0.0,1.0
271000.0,4.8125,3.9800949808624043E-7,271000.0,75.7,75.7,-273.84615384615415,75.35496957403652,271000.0,594696.0,31.0,16.0,16.0,8.0,0.0,0.0,1.0
272000.0,4.828125,4.0041337746919843E-7,272000.0,72.1,72.1,-398.2142857142853,71.23711340206185,272000.0,594696.0,31.0,16.0,16.0,8.0,0.0,0.0,1.0
273000.0,4.84375,4.0281725685215644E-7,273000.0,65.2,65.2,-452.3809523809528,63.48373557187828,273000.0,594696.0,31.0,16.0,16.0,8.0,0.0,0.0,1.0
274000.0,4.859375,4.0522113623511445E-7,274000.0,66.0,66.0,-608.3333333333327,63.362068965517246,274000.0,594696.0,31.0,16.0,16.0,8.0,0.0,0.0,1.0
275000.0,4.875,4.0762501561807245E-7,275000.0,66.4,66.4,-614.8936170212759,64.10256410256412,275000.0,594696.0,31.0,16.0,16.0,8.0,0.0,0.0,1.0
276000.0,4.890625,4.1002889500103046E-7,276000.0,65.4,65.4,-723.8095238095231,63.26963906581741,276000.0,594696.0,31.0,16.0,16.0,8.0,0.0,0.0,1.0
277000.0,4.90625,4.1243277438398846E-7,277000.0,67.60000000000001,67.60000000000001,-523.0769230769224,67.10659898477158,277000.0,594696.0,31.0,16.0,16.0,8.0,0.0,0.0,1.0
278000.0,4.921875,4.148453849160835E-7,278000.0,70.39999999999999,70.39999999999999,-491.99999999999955,69.79591836734693,278000.0,596856.0,31.0,16.0,16.0,8.0,0.0,0.0,1.0
279000.0,4.953125,4.196706059802736E-7,279000.0,72.8,72.8,-491.3043478260865,72.38578680203045,279000.0,596856.0,31.0,16.0,16.0,8.0,0.0,0.0,1.0
280000.0,4.96875,4.2208321651236864E-7,280000.0,65.9,65.9,-610.416666666666,65.55555555555556,280000.0,596856.0,31.0,16.0,16.0,8.0,0.0,0.0,1.0
281000.0,4.984375,4.244958270444637E-7,281000.0,67.10000000000001,67.10000000000001,-702.439024390243,66.83467741935483,281000.0,596856.0,31.0,16.0,16.0,8.0,0.0,0.0,1.0
282000.0,5.0,4.2691002211843916E-7,282000.0,67.7,67.7,-545.9999999999993,66.90573770491804,282000.0,597248.0,33.0,17.0,17.0,8.0,0.0,0.0,1.0
283000.0,5.0,4.2691002211843916E-7,283000.0,69.19999999999999,69.19999999999999,-633.3333333333328,68.34532374100719,283000.0,632032.0,33.0,17.0,17.0,8.0,0.0,0.0,1.0
284000.0,5.046875,4.345744188564518E-7,284000.0,64.4,64.4,-727.9069767441853,63.33676622039135,284000.0,632032.0,33.0,17.0,17.0,8.0,0.0,0.0,1.0
285000.0,5.0625,4.3712921776912266E-7,285000.0,63.4,63.4,-792.6829268292674,63.030303030303024,285000.0,632032.0,33.0,17.0,17.0,8.0,0.0,0.0,1.0
286000.0,5.078125,4.3968401668179354E-7,286000.0,68.0,68.0,-644.1860465116271,67.77442094662639,286000.0,632032.0,33.0,17.0,17.0,8.0,0.0,0.0,1.0
287000.0,5.09375,4.422388155944644E-7,287000.0,65.60000000000001,65.60000000000001,-647.826086956521,65.46184738955823,287000.0,632032.0,33.0,17.0,17.0,8.0,0.0,0.0,1.0
288000.0,5.125,4.4734841341980616E-7,288000.0,63.7,63.7,-640.8163265306116,63.62725450901804,288000.0,632032.0,33.0,17.0,17.0,8.0,0.0,0.0,1.0
289000.0,5.125,4.4734841341980616E-7,289000.0,66.0,66.0,-794.7368421052623,66.0,289000.0,632032.0,33.0,17.0,17.0,8.0,0.0,0.0,1.0
290000.0,5.125,4.4734841341980616E-7,290000.0,64.3,64.3,-659.5744680851058,64.3,290000.0,635064.0,33.0,17.0,17.0,8.0,0.0,0.0,1.0
291000.0,5.171875,4.550495779969625E-7,291000.0,68.30000000000001,68.30000000000001,-521.5686274509798,68.04435483870968,291000.0,635064.0,33.0,17.0,17.0,8.0,0.0,0.0,1.0
292000.0,5.1875,4.576253640051516E-7,292000.0,72.1,72.1,-426.4150943396222,71.875,292000.0,637224.0,33.0,17.0,17.0,8.0,0.0,0.0,1.0
293000.0,5.203125,4.6020115001334076E-7,293000.0,72.2,72.2,-578.0487804878044,72.00402819738166,293000.0,637224.0,33.0,17.0,17.0,8.0,0.0,0.0,1.0
294000.0,5.234375,4.65352722029719E-7,294000.0,67.60000000000001,67.60000000000001,-653.4883720930225,67.20647773279353,294000.0,637224.0,33.0,17.0,17.0,8.0,0.0,0.0,1.0
295000.0,5.25,4.6793723918704513E-7,295000.0,70.5,70.5,-586.0465116279064,70.4112337011033,295000.0,639384.0,33.0,17.0,17.0,8.0,0.0,0.0,1.0
296000.0,5.25,4.6793723918704513E-7,296000.0,64.4,64.4,-691.1111111111103,64.4,296000.0,639384.0,33.0,17.0,17.0,8.0,0.0,0.0,1.0
297000.0,5.25,4.6793723918704513E-7,297000.0,67.4,67.4,-695.1219512195114,67.4,297000.0,639384.0,33.0,17.0,17.0,8.0,0.0,0.0,1.0
298000.0,5.296875,4.7569079065902356E-7,298000.0,66.9,66.9,-794.5945945945937,66.9,298000.0,639384.0,33.0,17.0,17.0,8.0,0.0,0.0,1.0
299000.0,5.3125,4.782753078163497E-7,299000.0,66.8,66.8,-690.4761904761897,66.8,299000.0,639384.0,33.0,17.0,17.0,8.0,0.0,0.0,1.0
300000.0,5.328125,4.808598249736759E-7,300000.0,70.89999999999999,70.89999999999999,-561.3636363636359,70.89999999999999,300000.0,639384.0,33.0,17.0,17.0,8.0,0.0,0.0,1.0
301000.0,5.328125,4.808598249736759E-7,301000.0,64.2,64.2,-752.3809523809516,64.2,301000.0,639384.0,33.0,17.0,17.0,8.0,0.0,0.0,1.0
302000.0,5.34375,4.83444342131002E-7,302000.0,70.89999999999999,70.89999999999999,-755.8823529411758,70.89999999999999,302000.0,639384.0,33.0,17.0,17.0,8.0,0.0,0.0,1.0
303000.0,5.359375,4.860288592883282E-7,303000.0,70.0,70.0,-649.9999999999994,70.0,303000.0,639384.0,33.0,17.0,17.0,8.0,0.0,0.0,1.0
304000.0,5.390625,4.911978936029805E-7,304000.0,70.5,70.5,-586.0465116279064,70.5,304000.0,639384.0,33.0,17.0,17.0,8.0,0.0,0.0,1.0
305000.0,5.40625,4.937824107603066E-7,305000.0,72.2,72.2,-504.347826086956,72.2,305000.0,639384.0,33.0,17.0,17.0,8.0,0.0,0.0,1.0
306000.0,5.40625,4.937824107603066E-7,306000.0,72.6,72.59712269788328,-398.1818181818178,72.18274111675127,306000.0,641544.0,33.0,17.0,17.0,8.0,0.0,0.0,1.0
307000.0,5.421875,4.963756590667697E-7,307000.0,70.7,70.69548710501417,-380.32786885245866,70.2839756592292,307000.0,641544.0,33.0,17.0,17.0,8.0,0.0,0.0,1.0
308000.0,5.4375,4.989689073732329E-7,308000.0,64.3,64.29921458272082,-586.5384615384609,63.49693251533742,308000.0,641544.0,33.0,17.0,17.0,8.0,0.0,0.0,1.0
309000.0,5.4375,4.989689073732329E-7,309000.0,64.60000000000001,64.60000000000001,-669.5652173913036,63.87755102040816,309000.0,641544.0,33.0,17.0,17.0,8.0,0.0,0.0,1.0
310000.0,5.46875,5.041554039861592E-7,310000.0,67.60000000000001,67.60000000000001,-589.3617021276589,66.93877551020408,310000.0,641544.0,33.0,17.0,17.0,8.0,0.0,0.0,1.0
311000.0,5.484375,5.067486522926223E-7,311000.0,70.5,70.5,-586.0465116279064,69.65020576131687,311000.0,641544.0,33.0,17.0,17.0,8.0,0.0,0.0,1.0
312000.0,5.5,5.093419005990854E-7,312000.0,68.8,68.8,-593.3333333333328,67.5,312000.0,641544.0,33.0,17.0,17.0,8.0,0.0,0.0,1.0
313000.0,5.53125,5.145283972120117E-7,313000.0,80.5,80.5,-353.48837209302275,79.79274611398964,313000.0,641544.0,33.0,17.0,17.0,8.0,0.0,0.0,1.0
314000.0,5.546875,5.171216455184748E-7,314000.0,70.8,70.8,-534.7826086956517,70.08196721311475,314000.0,641544.0,33.0,17.0,17.0,8.0,0.0,0.0,1.0
315000.0,5.578125,5.223081421314011E-7,315000.0,68.8,68.8,-578.2608695652169,67.93422404933196,315000.0,641544.0,33.0,17.0,17.0,8.0,0.0,0.0,1.0
316000.0,5.578125,5.223081421314011E-7,316000.0,69.89999999999999,69.89999999999999,-514.2857142857138,68.90495867768594,316000.0,641544.0,33.0,17.0,17.0,8.0,0.0,0.0,1.0
317000.0,5.578125,5.223081421314011E-7,317000.0,74.7,74.7,-666.666666666666,74.44444444444444,317000.0,641544.0,33.0,17.0,17.0,8.0,0.0,0.0,1.0
318000.0,5.625,5.300878870507907E-7,318000.0,68.30000000000001,68.30000000000001,-860.6060606060597,67.48717948717949,318000.0,641544.0,33.0,17.0,17.0,8.0,0.0,0.0,1.0
319000.0,5.640625,5.326811353572538E-7,319000.0,70.5,70.49468904402792,-767.6470588235287,69.89795918367346,319000.0,641544.0,33.0,17.0,17.0,8.0,0.0,0.0,1.0
320000.0,5.65625,5.352743836637169E-7,320000.0,69.3,69.28903618591836,-890.3225806451605,68.76907426246184,320000.0,641544.0,33.0,17.0,17.0,8.0,0.0,0.0,1.0
321000.0,5.671875,5.378676319701801E-7,321000.0,71.3,71.2965555866704,-1047.999999999999,70.86294416243655,321000.0,641544.0,33.0,17.0,17.0,8.0,0.0,0.0,1.0
322000.0,5.6875,5.404608802766432E-7,322000.0,71.89999999999999,71.89999999999999,-868.9655172413785,71.14989733059548,322000.0,641544.0,33.0,17.0,17.0,8.0,0.0,0.0,1.0
323000.0,5.703125,5.430541285831063E-7,323000.0,74.7,74.7,-803.5714285714278,74.23625254582484,323000.0,641544.0,33.0,17.0,17.0,8.0,0.0,0.0,1.0
324000.0,5.71875,5.456473768895695E-7,324000.0,68.5,68.5,-668.2926829268284,67.25571725571726,324000.0,641544.0,33.0,17.0,17.0,8.0,0.0,0.0,1.0
325000.0,5.734375,5.482145287613897E-7,325000.0,82.1,82.1,-411.4285714285711,81.67860798362334,325000.0,635088.0,35.0,18.0,18.0,8.0,0.0,0.0,1.0
326000.0,5.765625,5.533488325050303E-7,326000.0,74.2,74.2,-514.2857142857138,73.61963190184049,326000.0,635088.0,35.0,18.0,18.0,8.0,0.0,0.0,1.0
327000.0,5.78125,5.559176982690886E-7,327000.0,77.7,77.7,-395.5555555555551,76.62473794549265,327000.0,635512.0,37.0,19.0,19.0,8.0,0.0,0.0,1.0
328000.0,5.8125,5.613540997728701E-7,328000.0,76.4,76.4,-413.0434782608691,75.84442169907881,328000.0,672456.0,37.0,19.0,19.0,8.0,0.0,0.0,1.0
329000.0,5.828125,5.640723005247609E-7,329000.0,78.5,78.5,-290.90909090909054,77.43966421825813,329000.0,672456.0,37.0,19.0,19.0,8.0,0.0,0.0,1.0
330000.0,5.84375,5.667905012766516E-7,330000.0,80.4,80.4,-355.81395348837157,80.08130081300814,330000.0,672456.0,37.0,19.0,19.0,8.0,0.0,0.0,1.0
331000.0,5.859375,5.695087020285424E-7,331000.0,77.10000000000001,77.10000000000001,-357.99999999999955,76.24481327800831,331000.0,672456.0,37.0,19.0,19.0,8.0,0.0,0.0,1.0
332000.0,5.890625,5.749451035323239E-7,332000.0,76.4,76.4,-402.1276595744676,75.91836734693878,332000.0,672456.0,37.0,19.0,19.0,8.0,0.0,0.0,1.0
333000.0,5.90625,5.776633042842147E-7,333000.0,75.8,75.8,-404.1666666666662,75.38148524923703,333000.0,672456.0,37.0,19.0,19.0,8.0,0.0,0.0,1.0
334000.0,5.9375,5.830997057879962E-7,334000.0,75.1,75.1,-388.2352941176466,74.38271604938271,334000.0,672456.0,37.0,19.0,19.0,8.0,0.0,0.0,1.0
335000.0,5.9375,5.830997057879962E-7,335000.0,79.5,79.5,-399.9999999999995,79.14547304170905,335000.0,672456.0,37.0,19.0,19.0,8.0,0.0,0.0,1.0
336000.0,5.9375,5.830997057879962E-7,336000.0,71.1,71.1,-528.2608695652169,70.35897435897436,336000.0,672456.0,37.0,19.0,19.0,8.0,0.0,0.0,1.0
337000.0,5.984375,5.912543080436684E-7,337000.0,72.6,72.6,-470.83333333333286,72.32323232323232,337000.0,672456.0,37.0,19.0,19.0,8.0,0.0,0.0,1.0
338000.0,6.0,5.939812399446961E-7,338000.0,70.8,70.8,-440.7407407407403,70.38539553752535,338000.0,674616.0,37.0,19.0,19.0,8.0,0.0,0.0,1.0
339000.0,6.03125,5.994351037467517E-7,339000.0,69.0,69.0,-559.5744680851059,68.84422110552764,339000.0,674616.0,37.0,19.0,19.0,8.0,0.0,0.0,1.0
340000.0,6.046875,6.021620356477794E-7,340000.0,68.89999999999999,68.89999999999999,-591.1111111111106,68.68076535750251,340000.0,674616.0,37.0,19.0,19.0,8.0,0.0,0.0,1.0
341000.0,6.0625,6.048889675488072E-7,341000.0,70.1,70.1,-536.1702127659569,69.48979591836735,341000.0,674616.0,37.0,19.0,19.0,8.0,0.0,0.0,1.0
342000.0,6.0625,6.048889675488072E-7,342000.0,72.39999999999999,72.39999999999999,-487.23404255319105,72.28915662650603,342000.0,674616.0,37.0,19.0,19.0,8.0,0.0,0.0,1.0
343000.0,6.0625,6.048889675488072E-7,343000.0,73.6,73.6,-499.9999999999995,73.33333333333333,343000.0,674616.0,37.0,19.0,19.0,8.0,0.0,0.0,1.0
344000.0,6.109375,6.130697632518905E-7,344000.0,74.5,74.5,-493.0232558139529,74.11167512690355,344000.0,674616.0,37.0,19.0,19.0,8.0,0.0,0.0,1.0
345000.0,6.140625,6.18523627053946E-7,345000.0,66.9,66.9,-604.2553191489355,66.18998978549541,345000.0,674616.0,37.0,19.0,19.0,8.0,0.0,0.0,1.0
346000.0,6.15625,6.212312534141041E-7,346000.0,70.3,70.3,-430.35714285714243,69.1588785046729,346000.0,669840.0,39.0,20.0,20.0,8.0,0.0,0.0,1.0
347000.0,6.171875,6.240969459112317E-7,347000.0,68.4,68.4,-507.69230769230705,67.4562306900103,347000.0,708944.0,39.0,20.0,20.0,8.0,0.0,0.0,1.0
348000.0,6.171875,6.240969459112317E-7,348000.0,67.0,67.0,-587.4999999999993,66.29213483146069,348000.0,708944.0,39.0,20.0,20.0,8.0,0.0,0.0,1.0
349000.0,6.171875,6.240969459112317E-7,349000.0,62.1,62.1,-781.3953488372085,60.92783505154639,349000.0,708944.0,39.0,20.0,20.0,8.0,0.0,0.0,1.0
350000.0,6.21875,6.326940234026145E-7,350000.0,61.9,61.9,-728.2608695652167,60.55900621118012,350000.0,708944.0,39.0,20.0,20.0,8.0,0.0,0.0,1.0
351000.0,6.25,6.387203918873433E-7,351000.0,62.9,62.9,-902.7027027027018,62.29674796747967,351000.0,745432.0,41.0,21.0,21.0,8.0,0.0,0.0,1.0
352000.0,6.296875,6.477599446144367E-7,352000.0,57.199999999999996,57.199999999999996,-997.4358974358965,55.78512396694214,352000.0,745432.0,41.0,21.0,21.0,8.0,0.0,0.0,1.0
353000.0,6.296875,6.477599446144367E-7,353000.0,56.10000000000001,56.10000000000001,-897.7272727272717,54.12748171368862,353000.0,745432.0,41.0,21.0,21.0,8.0,0.0,0.0,1.0
354000.0,6.3125,6.507731288568012E-7,354000.0,53.5,53.5,-1007.1428571428561,52.012383900928796,354000.0,745432.0,41.0,21.0,21.0,8.0,0.0,0.0,1.0
355000.0,6.3125,6.507731288568012E-7,355000.0,60.099999999999994,60.099999999999994,-748.9361702127653,58.56697819314641,355000.0,747592.0,41.0,21.0,21.0,8.0,0.0,0.0,1.0
356000.0,6.359375,6.598388750313055E-7,356000.0,64.60000000000001,64.60000000000001,-1120.6896551724126,63.91437308868502,356000.0,747592.0,41.0,21.0,21.0,8.0,0.0,0.0,1.0
357000.0,6.390625,6.658827058143084E-7,357000.0,59.9,59.9,-1115.151515151514,59.617321248741185,357000.0,747592.0,41.0,21.0,21.0,8.0,0.0,0.0,1.0
358000.0,6.40625,6.689046212058098E-7,358000.0,63.3,63.3,-865.7894736842097,62.929292929292934,358000.0,747592.0,41.0,21.0,21.0,8.0,0.0,0.0,1.0
359000.0,6.421875,6.719265365973113E-7,359000.0,69.39999999999999,69.39999999999999,-611.6279069767437,69.09090909090908,359000.0,747592.0,41.0,21.0,21.0,8.0,0.0,0.0,1.0
360000.0,6.421875,6.719265365973113E-7,360000.0,70.0,70.0,-597.6744186046507,69.16752312435766,360000.0,747592.0,41.0,21.0,21.0,8.0,0.0,0.0,1.0
361000.0,6.421875,6.719265365973113E-7,361000.0,75.5,75.5,-544.7368421052626,75.177304964539,361000.0,747592.0,41.0,21.0,21.0,8.0,0.0,0.0,1.0
362000.0,6.484375,6.840141981633171E-7,362000.0,81.2,81.2,-548.2758620689648,81.029263370333,362000.0,747592.0,41.0,21.0,21.0,8.0,0.0,0.0,1.0
363000.0,6.515625,6.9005802894632E-7,363000.0,77.4,77.4,-564.7058823529405,76.89161554192229,363000.0,747592.0,41.0,21.0,21.0,8.0,0.0,0.0,1.0
364000.0,6.53125,6.930799443378215E-7,364000.0,77.8,77.79920077122776,-572.7272727272721,77.39307535641548,364000.0,747592.0,41.0,21.0,21.0,8.0,0.0,0.0,1.0
365000.0,6.5625,6.991237751208243E-7,365000.0,78.0,78.0,-436.58536585365806,77.75530839231547,365000.0,747592.0,41.0,21.0,21.0,8.0,0.0,0.0,1.0
366000.0,6.5625,6.991237751208243E-7,366000.0,74.8,74.8,-529.9999999999994,74.49392712550608,366000.0,747592.0,41.0,21.0,21.0,8.0,0.0,0.0,1.0
367000.0,6.59375,7.051676059038272E-7,367000.0,68.30000000000001,68.29949279188467,-589.130434782608,67.78455284552845,367000.0,747592.0,41.0,21.0,21.0,8.0,0.0,0.0,1.0
368000.0,6.609375,7.081895212953287E-7,368000.0,61.6,61.59650528198066,-884.6153846153837,61.09422492401215,368000.0,747592.0,41.0,21.0,21.0,8.0,0.0,0.0,1.0
369000.0,6.640625,7.142333520783315E-7,369000.0,57.4,57.394376057639604,-846.666666666666,56.882591093117405,369000.0,747592.0,41.0,21.0,21.0,8.0,0.0,0.0,1.0
370000.0,6.65625,7.1726399861897E-7,370000.0,57.99999999999999,57.995799579957996,-739.9999999999993,56.92307692307692,370000.0,749752.0,41.0,21.0,21.0,8.0,0.0,0.0,1.0
371000.0,6.6875,7.23325291700247E-7,371000.0,56.699999999999996,56.699999999999996,-646.5517241379305,55.77119509703778,371000.0,749752.0,41.0,21.0,21.0,8.0,0.0,0.0,1.0
372000.0,6.6875,7.23325291700247E-7,372000.0,60.099999999999994,60.099999999999994,-652.8301886792447,59.07692307692307,372000.0,749752.0,41.0,21.0,21.0,8.0,0.0,0.0,1.0
373000.0,6.71875,7.293373669704627E-7,373000.0,65.60000000000001,65.60000000000001,-616.666666666666,64.79017400204708,373000.0,743664.0,43.0,22.0,22.0,8.0,0.0,0.0,1.0
374000.0,6.734375,7.323434046055705E-7,374000.0,69.89999999999999,69.89999999999999,-490.19607843137214,69.3170234454638,374000.0,743664.0,43.0,22.0,22.0,8.0,0.0,0.0,1.0
375000.0,6.765625,7.383554798757862E-7,375000.0,77.7,77.7,-443.90243902438965,77.29124236252545,375000.0,743664.0,43.0,22.0,22.0,8.0,0.0,0.0,1.0
376000.0,6.78125,7.41361517510894E-7,376000.0,70.0,70.0,-466.0377358490562,69.23076923076923,376000.0,743664.0,43.0,22.0,22.0,8.0,0.0,0.0,1.0
377000.0,6.8125,7.476443230795361E-7,377000.0,76.4,76.4,-555.5555555555549,76.13751263902932,377000.0,777152.0,43.0,22.0,22.0,8.0,0.0,0.0,1.0
378000.0,6.8125,7.476443230795361E-7,378000.0,73.2,73.2,-482.60869565217337,72.70875763747455,378000.0,777152.0,43.0,22.0,22.0,8.0,0.0,0.0,1.0
379000.0,6.828125,7.507857258638571E-7,379000.0,79.7,79.7,-554.8387096774186,79.43262411347519,379000.0,777152.0,43.0,22.0,22.0,8.0,0.0,0.0,1.0
380000.0,6.84375,7.539271286481781E-7,380000.0,74.5,74.5,-521.9512195121946,73.92638036809815,380000.0,777152.0,43.0,22.0,22.0,8.0,0.0,0.0,1.0
381000.0,6.875,7.602099342168202E-7,381000.0,79.4,79.4,-586.666666666666,79.12867274569403,381000.0,777152.0,43.0,22.0,22.0,8.0,0.0,0.0,1.0
382000.0,6.890625,7.633513370011412E-7,382000.0,68.89999999999999,68.89999999999999,-740.54054054054,68.16786079836233,382000.0,777152.0,43.0,22.0,22.0,8.0,0.0,0.0,1.0
383000.0,6.90625,7.664927397854622E-7,383000.0,73.0,73.0,-864.2857142857135,72.72727272727273,383000.0,777152.0,43.0,22.0,22.0,8.0,0.0,0.0,1.0
384000.0,6.90625,7.664927397854622E-7,384000.0,64.7,64.7,-720.9302325581388,63.794871794871796,384000.0,777152.0,43.0,22.0,22.0,8.0,0.0,0.0,1.0
385000.0,6.9375,7.728000572468667E-7,385000.0,72.1,72.1,-720.588235294117,71.64634146341463,385000.0,780184.0,43.0,22.0,22.0,8.0,0.0,0.0,1.0
386000.0,6.953125,7.75953715977569E-7,386000.0,63.9,63.9,-759.5238095238087,62.51298026998961,386000.0,780184.0,43.0,22.0,22.0,8.0,0.0,0.0,1.0
387000.0,6.984375,7.822610334389735E-7,387000.0,71.89999999999999,71.89999999999999,-680.5555555555549,71.20901639344261,387000.0,780184.0,43.0,22.0,22.0,8.0,0.0,0.0,1.0
388000.0,7.0,7.854146921696757E-7,388000.0,61.5,61.5,-940.5405405405396,60.350154479917606,388000.0,780184.0,43.0,22.0,22.0,8.0,0.0,0.0,1.0
389000.0,7.03125,7.917220096310802E-7,389000.0,68.7,68.7,-820.5882352941167,67.86447638603697,389000.0,780184.0,43.0,22.0,22.0,8.0,0.0,0.0,1.0
390000.0,7.046875,7.948879243081636E-7,390000.0,66.7,66.7,-824.9999999999991,66.19289340101523,390000.0,783216.0,43.0,22.0,22.0,8.0,0.0,0.0,1.0
391000.0,7.0625,7.98066062594039E-7,391000.0,71.0,71.0,-590.47619047619,70.19527235354573,391000.0,786240.0,43.0,22.0,22.0,8.0,0.0,0.0,1.0
392000.0,7.09375,8.044223391657897E-7,392000.0,64.60000000000001,64.60000000000001,-622.4489795918361,64.38631790744466,392000.0,786240.0,43.0,22.0,22.0,8.0,0.0,0.0,1.0
393000.0,7.109375,8.07600477451665E-7,393000.0,68.0,68.0,-680.487804878048,67.64408493427705,393000.0,786240.0,43.0,22.0,22.0,8.0,0.0,0.0,1.0
394000.0,7.140625,8.139567540234157E-7,394000.0,64.7,64.7,-740.4761904761897,64.48692152917505,394000.0,786240.0,43.0,22.0,22.0,8.0,0.0,0.0,1.0
395000.0,7.15625,8.17134892309291E-7,395000.0,58.699999999999996,58.699999999999996,-883.3333333333325,58.19838056680161,395000.0,786240.0,43.0,22.0,22.0,8.0,0.0,0.0,1.0
396000.0,7.15625,8.17134892309291E-7,396000.0,58.199999999999996,58.199999999999996,-1029.7297297297287,57.905337361530705,396000.0,786240.0,43.0,22.0,22.0,8.0,0.0,0.0,1.0
397000.0,7.15625,8.17134892309291E-7,397000.0,56.599999999999994,56.599999999999994,-864.4444444444437,55.80448065173116,397000.0,786240.0,43.0,22.0,22.0,8.0,0.0,0.0,1.0
398000.0,7.21875,8.298474454527923E-7,398000.0,64.4,64.4,-747.6190476190468,63.78433367243134,398000.0,786240.0,43.0,22.0,22.0,8.0,0.0,0.0,1.0
399000.0,7.21875,8.298474454527923E-7,399000.0,65.2,65.2,-640.4255319148929,63.975155279503106,399000.0,786240.0,43.0,22.0,22.0,8.0,0.0,0.0,1.0
400000.0,7.25,8.36203722024543E-7,400000.0,66.4,66.4,-646.666666666666,65.71428571428571,400000.0,786240.0,43.0,22.0,22.0,8.0,0.0,0.0,1.0
401000.0,7.265625,8.393818603104183E-7,401000.0,63.7,63.697821869312165,-807.4999999999992,62.577319587628864,401000.0,786240.0,43.0,22.0,22.0,8.0,0.0,0.0,1.0
402000.0,7.265625,8.393818603104183E-7,402000.0,61.4,61.39382301168187,-656.8627450980385,59.791666666666664,402000.0,786240.0,43.0,22.0,22.0,8.0,0.0,0.0,1.0
403000.0,7.3125,8.48953043007188E-7,403000.0,63.5,63.48568638906451,-540.3508771929819,61.61934805467928,403000.0,789272.0,43.0,22.0,22.0,8.0,0.0,0.0,1.0
404000.0,7.3125,8.48953043007188E-7,404000.0,63.6,63.597451821627516,-460.0000000000004,62.27979274611399,404000.0,789272.0,43.0,22.0,22.0,8.0,0.0,0.0,1.0
405000.0,7.3125,8.48953043007188E-7,405000.0,61.9,61.89813300851742,-661.9999999999993,59.936908517350155,405000.0,789272.0,43.0,22.0,22.0,8.0,0.0,0.0,1.0
406000.0,7.34375,8.553338314717011E-7,406000.0,67.0,67.0,-587.4999999999993,65.87383660806618,406000.0,789272.0,43.0,22.0,22.0,8.0,0.0,0.0,1.0
407000.0,7.359375,8.585242257039577E-7,407000.0,65.2,65.2,-610.2040816326523,63.29113924050633,407000.0,789272.0,43.0,22.0,22.0,8.0,0.0,0.0,1.0
408000.0,7.359375,8.585242257039577E-7,408000.0,72.39999999999999,72.39999999999999,-607.6923076923072,71.66324435318275,408000.0,789272.0,43.0,22.0,22.0,8.0,0.0,0.0,1.0
409000.0,7.40625,8.680954084007273E-7,409000.0,73.7,73.7,-592.1052631578941,72.48953974895397,409000.0,789272.0,43.0,22.0,22.0,8.0,0.0,0.0,1.0
410000.0,7.421875,8.712858026329839E-7,410000.0,69.8,69.8,-586.3636363636359,69.18367346938776,410000.0,789272.0,43.0,22.0,22.0,8.0,0.0,0.0,1.0
411000.0,7.4375,8.744761968652404E-7,411000.0,70.5,70.5,-586.0465116279064,69.89795918367346,411000.0,789272.0,43.0,22.0,22.0,8.0,0.0,0.0,1.0
412000.0,7.453125,8.77666591097497E-7,412000.0,71.7,71.7,-590.2439024390238,70.36649214659685,412000.0,789272.0,43.0,22.0,22.0,8.0,0.0,0.0,1.0
413000.0,7.46875,8.808569853297536E-7,413000.0,71.2,71.2,-799.9999999999993,70.12448132780082,413000.0,789272.0,43.0,22.0,22.0,8.0,0.0,0.0,1.0
414000.0,7.515625,8.904281680265232E-7,414000.0,74.1,74.1,-684.8484848484842,72.85115303983228,414000.0,789272.0,43.0,22.0,22.0,8.0,0.0,0.0,1.0
415000.0,7.53125,8.936185622587798E-7,415000.0,65.7,65.7,-971.874999999999,64.96424923391216,415000.0,789272.0,43.0,22.0,22.0,8.0,0.0,0.0,1.0
416000.0,7.5625,8.999993507232929E-7,416000.0,73.4,73.4,-706.0606060606053,72.82941777323799,416000.0,789272.0,43.0,22.0,22.0,8.0,0.0,0.0,1.0
417000.0,7.578125,9.031897449555495E-7,417000.0,72.1,72.1,-745.4545454545448,71.875,417000.0,789272.0,43.0,22.0,22.0,8.0,0.0,0.0,1.0
418000.0,7.609375,9.095705334200626E-7,418000.0,74.2,74.2,-561.538461538461,73.67346938775509,418000.0,789272.0,43.0,22.0,22.0,8.0,0.0,0.0,1.0
419000.0,7.625,9.127609276523191E-7,419000.0,68.30000000000001,68.30000000000001,-890.624999999999,67.9474216380182,419000.0,789272.0,43.0,22.0,22.0,8.0,0.0,0.0,1.0
420000.0,7.640625,9.159513218845757E-7,420000.0,70.19999999999999,70.19999999999999,-644.9999999999994,69.46721311475409,420000.0,789272.0,43.0,22.0,22.0,8.0,0.0,0.0,1.0
421000.0,7.65625,9.191417161168322E-7,421000.0,71.3,71.3,-769.6969696969691,70.98078867542972,421000.0,789272.0,43.0,22.0,22.0,8.0,0.0,0.0,1.0
422000.0,7.6875,9.255012264475225E-7,422000.0,69.39999999999999,69.39999999999999,-919.9999999999992,69.15322580645162,422000.0,786640.0,45.0,23.0,23.0,9.0,0.0,0.0,1.0
423000.0,7.703125,9.286809816128677E-7,423000.0,68.5,68.5,-949.999999999999,68.40521564694083,423000.0,786640.0,45.0,23.0,23.0,9.0,0.0,0.0,1.0
424000.0,7.734375,9.350404919435579E-7,424000.0,73.4,73.4,-638.8888888888883,73.26633165829145,424000.0,786640.0,45.0,23.0,23.0,9.0,0.0,0.0,1.0
425000.0,7.734375,9.350404919435579E-7,425000.0,69.89999999999999,69.89999999999999,-584.0909090909086,69.53441295546558,425000.0,786640.0,45.0,23.0,23.0,9.0,0.0,0.0,1.0
426000.0,7.765625,9.414000022742482E-7,426000.0,67.4,67.4,-714.9999999999991,66.83621566632758,426000.0,786640.0,45.0,23.0,23.0,9.0,0.0,0.0,1.0
427000.0,7.78125,9.445797574395933E-7,427000.0,71.8,71.8,-839.9999999999993,71.25382262996942,427000.0,786640.0,45.0,23.0,23.0,9.0,0.0,0.0,1.0
428000.0,7.796875,9.477595126049385E-7,428000.0,76.0,76.0,-649.9999999999993,75.60975609756098,428000.0,786640.0,45.0,23.0,23.0,9.0,0.0,0.0,1.0
429000.0,7.828125,9.541190229356289E-7,429000.0,77.7,77.7,-596.8749999999993,77.49747729566096,429000.0,786640.0,45.0,23.0,23.0,9.0,0.0,0.0,1.0
430000.0,7.84375,9.57298778100974E-7,430000.0,73.6,73.6,-1099.9999999999989,73.44064386317908,430000.0,786640.0,45.0,23.0,23.0,9.0,0.0,0.0,1.0
431000.0,7.875,9.636582884316644E-7,431000.0,74.4,74.4,-1179.9999999999989,74.21953675730111,431000.0,786640.0,45.0,23.0,23.0,9.0,0.0,0.0,1.0
432000.0,7.890625,9.668380435970096E-7,432000.0,72.5,72.5,-759.3749999999993,72.36180904522614,432000.0,786640.0,45.0,23.0,23.0,9.0,0.0,0.0,1.0
433000.0,7.921875,9.731975539276999E-7,433000.0,70.8,70.8,-841.9354838709671,70.59415911379658,433000.0,786640.0,45.0,23.0,23.0,9.0,0.0,0.0,1.0
434000.0,7.9375,9.763773090930451E-7,434000.0,72.5,72.5,-759.3749999999993,72.5,434000.0,786640.0,45.0,23.0,23.0,9.0,0.0,0.0,1.0
435000.0,7.96875,9.827368194237354E-7,435000.0,73.8,73.8,-745.1612903225799,73.8,435000.0,786640.0,45.0,23.0,23.0,9.0,0.0,0.0,1.0
436000.0,7.984375,9.859165745890806E-7,436000.0,60.6,60.6,-1258.6206896551714,60.6,436000.0,786640.0,45.0,23.0,23.0,9.0,0.0,0.0,1.0
437000.0,8.0,9.890963297544259E-7,437000.0,63.1,63.1,-1129.9999999999989,63.1,437000.0,786640.0,45.0,23.0,23.0,9.0,0.0,0.0,1.0
438000.0,8.015625,9.922760849197711E-7,438000.0,65.7,65.7,-1043.3333333333323,65.7,438000.0,786640.0,45.0,23.0,23.0,9.0,0.0,0.0,1.0
439000.0,8.03125,9.954558400851164E-7,439000.0,70.1,70.1,-834.3749999999993,70.1,439000.0,786640.0,45.0,23.0,23.0,9.0,0.0,0.0,1.0
440000.0,8.0625,1.0018153504158066E-6,440000.0,69.6,69.6,-744.4444444444439,69.6,440000.0,786640.0,45.0,23.0,23.0,9.0,0.0,0.0,1.0
441000.0,8.078125,1.0049951055811519E-6,441000.0,69.39999999999999,69.39999999999999,-511.99999999999955,69.39999999999999,441000.0,786640.0,45.0,23.0,23.0,9.0,0.0,0.0,1.0
442000.0,8.109375,1.0113546159118422E-6,442000.0,65.2,65.2,-1059.9999999999989,65.2,442000.0,786640.0,45.0,23.0,23.0,9.0,0.0,0.0,1.0
443000.0,8.125,1.0146871985246746E-6,443000.0,67.2,67.2,-993.3333333333323,67.2,443000.0,824448.0,45.0,23.0,23.0,9.0,0.0,0.0,1.0
444000.0,8.140625,1.018019781137507E-6,444000.0,70.3,70.3,-960.7142857142849,70.3,444000.0,824448.0,45.0,23.0,23.0,9.0,0.0,0.0,1.0
445000.0,8.171875,1.0246849463631719E-6,445000.0,74.8,74.8,-687.4999999999993,74.8,445000.0,824448.0,45.0,23.0,23.0,9.0,0.0,0.0,1.0
446000.0,8.1875,1.0280175289760043E-6,446000.0,78.9,78.9,-559.3749999999993,78.9,446000.0,824448.0,45.0,23.0,23.0,9.0,0.0,0.0,1.0
447000.0,8.21875,1.0346826942016692E-6,447000.0,72.3,72.3,-793.5483870967735,72.3,447000.0,824448.0,45.0,23.0,23.0,9.0,0.0,0.0,1.0
448000.0,8.234375,1.0381487663835297E-6,448000.0,71.0,71.0,-624.9999999999994,71.0,448000.0,857472.0,47.0,24.0,24.0,9.0,0.0,0.0,1.0
449000.0,8.234375,1.0381487663835297E-6,449000.0,81.2,81.2,-506.4516129032251,81.2,449000.0,860504.0,47.0,24.0,24.0,9.0,0.0,0.0,1.0
450000.0,8.28125,1.0490312706679115E-6,450000.0,86.9,86.9,-403.8461538461534,86.9,450000.0,897408.0,49.0,25.0,25.0,10.0,0.0,0.0,1.0
451000.0,8.328125,1.0599137749522933E-6,451000.0,83.3,83.3,-421.87499999999966,83.3,451000.0,897408.0,49.0,25.0,25.0,10.0,0.0,0.0,1.0
452000.0,8.34375,1.0635412763804206E-6,452000.0,85.0,85.0,-399.99999999999966,85.0,452000.0,897408.0,49.0,25.0,25.0,10.0,0.0,0.0,1.0
453000.0,8.359375,1.0671810014173396E-6,453000.0,81.69999999999999,81.69999999999999,-509.9999999999996,81.69999999999999,453000.0,900432.0,49.0,25.0,25.0,10.0,0.0,0.0,1.0
454000.0,8.390625,1.074460451491178E-6,454000.0,77.10000000000001,77.10000000000001,-593.9393939393932,77.10000000000001,454000.0,900432.0,49.0,25.0,25.0,10.0,0.0,0.0,1.0
455000.0,8.40625,1.078100176528097E-6,455000.0,79.4,79.4,-488.5714285714279,79.4,455000.0,900432.0,49.0,25.0,25.0,10.0,0.0,0.0,1.0
456000.0,8.4375,1.0853796266019353E-6,456000.0,76.9,76.9,-541.6666666666661,76.9,456000.0,900432.0,49.0,25.0,25.0,10.0,0.0,0.0,1.0
457000.0,8.453125,1.0890316075852357E-6,457000.0,78.8,78.8,-457.8947368421047,78.8,457000.0,903464.0,49.0,25.0,25.0,10.0,0.0,0.0,1.0
458000.0,8.484375,1.0963355695518364E-6,458000.0,83.0,83.0,-359.45945945945914,83.0,458000.0,903464.0,49.0,25.0,25.0,10.0,0.0,0.0,1.0
459000.0,8.484375,1.0963355695518364E-6,459000.0,85.5,85.5,-291.8918918918916,85.5,459000.0,936928.0,51.0,26.0,26.0,10.0,0.0,0.0,1.0
460000.0,8.484375,1.0963355695518364E-6,460000.0,82.89999999999999,82.89999999999999,-510.7142857142853,82.89999999999999,460000.0,936928.0,51.0,26.0,26.0,10.0,0.0,0.0,1.0
461000.0,8.515625,1.103910067791327E-6,461000.0,80.60000000000001,80.60000000000001,-525.8064516129025,80.60000000000001,461000.0,936928.0,51.0,26.0,26.0,10.0,0.0,0.0,1.0
462000.0,8.53125,1.1077060480602096E-6,462000.0,82.3,82.3,-470.96774193548356,82.3,462000.0,939088.0,51.0,26.0,26.0,10.0,0.0,0.0,1.0
463000.0,8.5625,1.1152980085979743E-6,463000.0,82.6,82.6,-397.1428571428568,82.6,463000.0,939088.0,51.0,26.0,26.0,10.0,0.0,0.0,1.0
464000.0,8.578125,1.1190886531646063E-6,464000.0,84.1,84.1,-367.6470588235291,84.1,464000.0,937768.0,53.0,27.0,27.0,10.0,0.0,0.0,1.0
465000.0,8.578125,1.1190886531646063E-6,465000.0,79.4,79.4,-414.99999999999943,79.4,465000.0,942960.0,53.0,27.0,27.0,10.0,0.0,0.0,1.0
466000.0,8.625,1.1309610757355899E-6,466000.0,80.4,80.4,-444.44444444444383,80.4,466000.0,979040.0,53.0,27.0,27.0,10.0,0.0,0.0,1.0
467000.0,8.640625,1.1349308058722988E-6,467000.0,78.10000000000001,78.10000000000001,-525.7142857142851,78.10000000000001,467000.0,982072.0,53.0,27.0,27.0,10.0,0.0,0.0,1.0
468000.0,8.671875,1.142870266145717E-6,468000.0,76.5,76.5,-422.2222222222217,76.5,468000.0,982072.0,53.0,27.0,27.0,10.0,0.0,0.0,1.0
469000.0,8.703125,1.1508097264191352E-6,469000.0,70.89999999999999,70.89999999999999,-576.7441860465111,70.89999999999999,469000.0,982072.0,53.0,27.0,27.0,10.0,0.0,0.0,1.0
470000.0,8.703125,1.1508097264191352E-6,470000.0,75.8,75.8,-437.77777777777726,75.8,470000.0,984232.0,53.0,27.0,27.0,10.0,0.0,0.0,1.0
471000.0,8.703125,1.1508097264191352E-6,471000.0,72.5,72.5,-428.8461538461534,72.5,471000.0,984232.0,53.0,27.0,27.0,10.0,0.0,0.0,1.0
472000.0,8.765625,1.1667235715625195E-6,472000.0,65.2,65.2,-470.491803278688,65.2,472000.0,984232.0,53.0,27.0,27.0,10.0,0.0,0.0,1.0
473000.0,8.796875,1.1746804941342117E-6,473000.0,60.9,60.9,-585.9649122807011,60.9,473000.0,984232.0,53.0,27.0,27.0,10.0,0.0,0.0,1.0
474000.0,8.8125,1.1786589554200577E-6,474000.0,58.8,58.8,-758.3333333333327,58.8,474000.0,984232.0,53.0,27.0,27.0,10.0,0.0,0.0,1.0
475000.0,8.828125,1.1826374167059038E-6,475000.0,58.5,58.5,-698.0769230769224,58.5,475000.0,984232.0,53.0,27.0,27.0,10.0,0.0,0.0,1.0
476000.0,8.828125,1.1826374167059038E-6,476000.0,62.3,62.3,-624.9999999999994,62.3,476000.0,984232.0,53.0,27.0,27.0,10.0,0.0,0.0,1.0
477000.0,8.90625,1.2025297231351342E-6,477000.0,55.800000000000004,55.800000000000004,-749.9999999999991,55.800000000000004,477000.0,984232.0,53.0,27.0,27.0,10.0,0.0,0.0,1.0
478000.0,8.921875,1.2065081844209803E-6,478000.0,54.900000000000006,54.900000000000006,-767.3076923076915,54.900000000000006,478000.0,984232.0,53.0,27.0,27.0,10.0,0.0,0.0,1.0
479000.0,8.953125,1.2144651069926725E-6,479000.0,58.099999999999994,58.099999999999994,-648.2142857142851,58.099999999999994,479000.0,984232.0,53.0,27.0,27.0,10.0,0.0,0.0,1.0
480000.0,8.96875,1.2184435682785185E-6,480000.0,58.3,58.3,-733.9999999999993,58.3,480000.0,984232.0,53.0,27.0,27.0,10.0,0.0,0.0,1.0
481000.0,8.96875,1.2184435682785185E-6,481000.0,59.4,59.4,-941.0256410256402,59.4,481000.0,984232.0,53.0,27.0,27.0,10.0,0.0,0.0,1.0
482000.0,9.03125,1.2343574134219029E-6,482000.0,63.7,63.7,-785.3658536585358,63.7,482000.0,984232.0,53.0,27.0,27.0,10.0,0.0,0.0,1.0
483000.0,9.046875,1.238335874707749E-6,483000.0,73.0,73.0,-718.1818181818176,73.0,483000.0,984232.0,53.0,27.0,27.0,10.0,0.0,0.0,1.0
484000.0,9.078125,1.246292797279441E-6,484000.0,79.5,79.5,-583.3333333333326,79.5,484000.0,984232.0,53.0,27.0,27.0,10.0,0.0,0.0,1.0
485000.0,9.09375,1.2502712585652872E-6,485000.0,80.30000000000001,80.30000000000001,-629.6296296296288,80.30000000000001,485000.0,984232.0,53.0,27.0,27.0,10.0,0.0,0.0,1.0
486000.0,9.125,1.2582456434352533E-6,486000.0,70.3,70.3,-924.137931034482,70.3,486000.0,986392.0,53.0,27.0,27.0,10.0,0.0,0.0,1.0
487000.0,9.140625,1.2622328358702365E-6,487000.0,63.7,63.7,-1549.9999999999984,63.7,487000.0,986392.0,53.0,27.0,27.0,10.0,0.0,0.0,1.0
488000.0,9.15625,1.2662200283052197E-6,488000.0,54.2,54.2,-1596.2962962962945,54.2,488000.0,986392.0,53.0,27.0,27.0,10.0,0.0,0.0,1.0
489000.0,9.203125,1.278181605610169E-6,489000.0,50.6,50.6,-1166.6666666666656,50.6,489000.0,986392.0,53.0,27.0,27.0,10.0,0.0,0.0,1.0
490000.0,9.21875,1.2821687980451522E-6,490000.0,55.50000000000001,55.50000000000001,-1489.2857142857126,55.50000000000001,490000.0,986392.0,53.0,27.0,27.0,10.0,0.0,0.0,1.0
491000.0,9.234375,1.2861559904801354E-6,491000.0,52.1,52.1,-1496.6666666666652,52.1,491000.0,986392.0,53.0,27.0,27.0,10.0,0.0,0.0,1.0
492000.0,9.265625,1.2941303753501016E-6,492000.0,52.0,52.0,-1197.2972972972962,52.0,492000.0,986392.0,53.0,27.0,27.0,10.0,0.0,0.0,1.0
493000.0,9.28125,1.2981175677850848E-6,493000.0,54.1,54.1,-766.0377358490558,54.1,493000.0,986392.0,53.0,27.0,27.0,10.0,0.0,0.0,1.0
494000.0,9.296875,1.302104760220068E-6,494000.0,52.300000000000004,52.300000000000004,-1189.189189189188,52.300000000000004,494000.0,986392.0,53.0,27.0,27.0,10.0,0.0,0.0,1.0
495000.0,9.328125,1.3100791450900341E-6,495000.0,53.5,53.5,-981.3953488372082,53.5,495000.0,986392.0,53.0,27.0,27.0,10.0,0.0,0.0,1.0
496000.0,9.34375,1.3140663375250173E-6,496000.0,53.800000000000004,53.800000000000004,-1183.3333333333321,53.800000000000004,496000.0,986392.0,53.0,27.0,27.0,10.0,0.0,0.0,1.0
497000.0,9.375,1.3220407223949835E-6,497000.0,55.60000000000001,55.60000000000001,-1009.9999999999989,55.60000000000001,497000.0,986392.0,53.0,27.0,27.0,10.0,0.0,0.0,1.0
498000.0,9.390625,1.3260279148299666E-6,498000.0,58.3,58.3,-942.4999999999992,58.3,498000.0,986392.0,53.0,27.0,27.0,10.0,0.0,0.0,1.0
499000.0,9.421875,1.3340022996999328E-6,499000.0,57.599999999999994,57.599999999999994,-1015.7894736842097,57.51503006012023,499000.0,986392.0,53.0,27.0,27.0,10.0,0.0,0.0,1.0
500000.0,9.4375,1.337989492134916E-6,500000.0,58.5,58.5,-782.9787234042545,58.291457286432156,500000.0,986392.0,53.0,27.0,27.0,10.0,0.0,0.0,1.0
501000.0,9.46875,1.3459638770048821E-6,501000.0,51.300000000000004,51.300000000000004,-1148.7179487179476,51.20240480961924,501000.0,986392.0,53.0,27.0,27.0,10.0,0.0,0.0,1.0
502000.0,9.484375,1.3499510694398653E-6,502000.0,53.300000000000004,53.300000000000004,-1011.9047619047608,53.112449799196796,502000.0,986392.0,53.0,27.0,27.0,10.0,0.0,0.0,1.0
503000.0,9.515625,1.3579254543098315E-6,503000.0,52.300000000000004,52.300000000000004,-1155.2631578947357,52.108433734939766,503000.0,986392.0,53.0,27.0,27.0,10.0,0.0,0.0,1.0
504000.0,9.515625,1.3579254543098315E-6,504000.0,57.099999999999994,57.099999999999994,-1283.8709677419342,56.71039354187689,504000.0,986392.0,53.0,27.0,27.0,10.0,0.0,0.0,1.0
505000.0,9.5625,1.3698870316147808E-6,505000.0,60.099999999999994,60.099999999999994,-1275.862068965516,59.696969696969695,505000.0,986392.0,53.0,27.0,27.0,10.0,0.0,0.0,1.0
506000.0,9.5625,1.3698870316147808E-6,506000.0,60.3,60.3,-1223.3333333333321,60.14056224899598,506000.0,986392.0,53.0,27.0,27.0,10.0,0.0,0.0,1.0
507000.0,9.5625,1.3698870316147808E-6,507000.0,62.6,62.6,-1285.1851851851839,62.1840242669363,507000.0,986392.0,53.0,27.0,27.0,10.0,0.0,0.0,1.0
508000.0,9.625,1.3858358013547134E-6,508000.0,63.9,63.9,-1028.1249999999989,63.38742393509128,508000.0,986392.0,53.0,27.0,27.0,10.0,0.0,0.0,1.0
509000.0,9.640625,1.3898229937896965E-6,509000.0,64.7,64.7,-969.6969696969686,64.34343434343435,509000.0,986392.0,53.0,27.0,27.0,10.0,0.0,0.0,1.0
510000.0,9.671875,1.3977973786596627E-6,510000.0,64.1,64.1,-925.7142857142848,63.70070778564207,510000.0,986392.0,53.0,27.0,27.0,10.0,0.0,0.0,1.0
511000.0,9.6875,1.4017845710946459E-6,511000.0,65.60000000000001,65.60000000000001,-739.0243902439016,65.35750251762337,511000.0,986392.0,53.0,27.0,27.0,10.0,0.0,0.0,1.0
512000.0,9.6875,1.4017845710946459E-6,512000.0,62.1,62.1,-824.3902439024382,61.561866125760645,512000.0,986392.0,53.0,27.0,27.0,10.0,0.0,0.0,1.0
513000.0,9.75,1.4177333408345784E-6,513000.0,61.7,61.7,-811.9047619047611,61.11675126903553,513000.0,986392.0,53.0,27.0,27.0,10.0,0.0,0.0,1.0
514000.0,9.765625,1.4217205332695616E-6,514000.0,57.99999999999999,57.99999999999999,-833.3333333333327,57.40365111561866,514000.0,986392.0,53.0,27.0,27.0,10.0,0.0,0.0,1.0
515000.0,9.796875,1.4296949181395278E-6,515000.0,61.199999999999996,61.199999999999996,-691.8367346938768,60.56910569105691,515000.0,986392.0,53.0,27.0,27.0,10.0,0.0,0.0,1.0
516000.0,9.828125,1.437669303009494E-6,516000.0,61.5,61.5,-862.4999999999991,61.11111111111111,516000.0,986392.0,53.0,27.0,27.0,10.0,0.0,0.0,1.0
517000.0,9.828125,1.437669303009494E-6,517000.0,59.4,59.4,-968.421052631578,59.03128153380423,517000.0,986392.0,53.0,27.0,27.0,10.0,0.0,0.0,1.0
518000.0,9.875,1.4496308803144433E-6,518000.0,60.8,60.8,-905.1282051282042,60.4040404040404,518000.0,986392.0,53.0,27.0,27.0,10.0,0.0,0.0,1.0
519000.0,9.90625,1.4576052651844094E-6,519000.0,59.4,59.4,-822.727272727272,58.948432760364,519000.0,986392.0,53.0,27.0,27.0,10.0,0.0,0.0,1.0
520000.0,9.921875,1.4615924576193926E-6,520000.0,58.5,58.5,-992.1052631578938,58.37512537612838,520000.0,986392.0,53.0,27.0,27.0,10.0,0.0,0.0,1.0
521000.0,9.953125,1.469851348600868E-6,521000.0,61.7,61.7,-1096.8749999999989,61.62324649298597,521000.0,1021584.0,55.0,28.0,28.0,10.0,0.0,0.0,1.0
522000.0,9.953125,1.469851348600868E-6,522000.0,71.5,71.5,-996.1538461538453,71.5,522000.0,1024608.0,55.0,28.0,28.0,10.0,0.0,0.0,1.0
523000.0,10.0,1.4822763558994567E-6,523000.0,70.89999999999999,70.89999999999999,-838.7096774193541,70.89999999999999,523000.0,1024608.0,55.0,28.0,28.0,10.0,0.0,0.0,1.0
524000.0,10.03125,1.490559694098516E-6,524000.0,66.7,66.7,-974.1935483870957,66.7,524000.0,1024608.0,55.0,28.0,28.0,10.0,0.0,0.0,1.0
525000.0,10.0625,1.4988674795151587E-6,525000.0,66.9,66.9,-1082.142857142856,66.9,525000.0,1027632.0,55.0,28.0,28.0,10.0,0.0,0.0,1.0
526000.0,10.078125,1.5030213722234802E-6,526000.0,65.5,65.5,-1468.1818181818167,65.5,526000.0,1027632.0,55.0,28.0,28.0,10.0,0.0,0.0,1.0
527000.0,10.078125,1.5030213722234802E-6,527000.0,59.3,59.3,-1934.9999999999984,59.3,527000.0,1027632.0,55.0,28.0,28.0,10.0,0.0,0.0,1.0
528000.0,10.125,1.5154830503484444E-6,528000.0,66.7,66.7,-1749.9999999999982,66.7,528000.0,1027632.0,55.0,28.0,28.0,10.0,0.0,0.0,1.0
529000.0,10.15625,1.5237908357650872E-6,529000.0,71.7,71.7,-1921.4285714285697,71.7,529000.0,1027632.0,55.0,28.0,28.0,10.0,0.0,0.0,1.0
530000.0,10.171875,1.5279447284734087E-6,530000.0,77.7,77.7,-1386.6666666666652,77.7,530000.0,1027632.0,55.0,28.0,28.0,10.0,0.0,0.0,1.0
531000.0,10.203125,1.5362525138900514E-6,531000.0,76.4,76.4,-1473.333333333332,76.4,531000.0,1027632.0,55.0,28.0,28.0,10.0,0.0,0.0,1.0
532000.0,10.203125,1.5362525138900514E-6,532000.0,72.39999999999999,72.39999999999999,-2659.9999999999977,72.39999999999999,532000.0,1027632.0,55.0,28.0,28.0,10.0,0.0,0.0,1.0
533000.0,10.25,1.5487141920150157E-6,533000.0,75.1,75.1,-1678.571428571427,75.1,533000.0,1027632.0,55.0,28.0,28.0,10.0,0.0,0.0,1.0
534000.0,10.28125,1.5570008286481934E-6,534000.0,76.2,76.2,-1599.9999999999984,76.2,534000.0,1025016.0,57.0,29.0,29.0,11.0,0.0,0.0,1.0
535000.0,10.3125,1.5655861352570358E-6,535000.0,82.8,82.8,-493.10344827586164,82.8,535000.0,1061960.0,57.0,29.0,29.0,11.0,0.0,0.0,1.0
536000.0,10.328125,1.5700192307122055E-6,536000.0,82.0,82.0,-462.49999999999966,82.0,536000.0,1096704.0,59.0,30.0,30.0,12.0,0.0,0.0,1.0
537000.0,10.328125,1.5700192307122055E-6,537000.0,76.3,76.3,-404.25531914893565,76.3,537000.0,1098864.0,59.0,30.0,30.0,12.0,0.0,0.0,1.0
538000.0,10.390625,1.5878214617259804E-6,538000.0,78.0,78.0,-331.37254901960745,78.0,538000.0,1101024.0,59.0,30.0,30.0,12.0,0.0,0.0,1.0
539000.0,10.40625,1.592272019479424E-6,539000.0,75.5,75.5,-497.5609756097556,75.5,539000.0,1101024.0,59.0,30.0,30.0,12.0,0.0,0.0,1.0
540000.0,10.4375,1.6011731349863114E-6,540000.0,74.2,74.2,-892.3076923076915,74.2,540000.0,1101024.0,59.0,30.0,30.0,12.0,0.0,0.0,1.0
541000.0,10.453125,1.605623692739755E-6,541000.0,75.1,75.1,-1144.9999999999989,75.1,541000.0,1101024.0,59.0,30.0,30.0,12.0,0.0,0.0,1.0
542000.0,10.453125,1.605623692739755E-6,542000.0,77.4,77.4,-1155.5555555555543,77.4,542000.0,1131896.0,61.0,31.0,31.0,12.0,0.0,0.0,1.0
543000.0,10.515625,1.6239250867834523E-6,543000.0,80.7,80.7,-864.999999999999,80.7,543000.0,1131896.0,61.0,31.0,31.0,12.0,0.0,0.0,1.0
544000.0,10.546875,1.633075783805301E-6,544000.0,81.2,81.2,-337.2093023255809,81.2,544000.0,1131896.0,61.0,31.0,31.0,12.0,0.0,0.0,1.0
545000.0,10.578125,1.6422439431254235E-6,545000.0,78.5,78.5,-465.7894736842099,78.5,545000.0,1134056.0,61.0,31.0,31.0,12.0,0.0,0.0,1.0
546000.0,10.578125,1.6422439431254235E-6,546000.0,83.5,83.5,-371.4285714285711,83.5,546000.0,1134056.0,61.0,31.0,31.0,12.0,0.0,0.0,1.0
547000.0,10.625,1.6559961821056075E-6,547000.0,86.9,86.9,-367.8571428571425,86.9,547000.0,1134056.0,61.0,31.0,31.0,12.0,0.0,0.0,1.0
548000.0,10.640625,1.6605802617656688E-6,548000.0,74.9,74.9,-660.6060606060599,74.9,548000.0,1134056.0,61.0,31.0,31.0,12.0,0.0,0.0,1.0
549000.0,10.671875,1.6697658833840654E-6,549000.0,68.4,68.4,-1563.1578947368403,68.4,549000.0,1136216.0,61.0,31.0,31.0,12.0,0.0,0.0,1.0
550000.0,10.703125,1.678951505002462E-6,550000.0,78.9,78.9,-653.5714285714278,78.9,550000.0,1136216.0,61.0,31.0,31.0,12.0,0.0,0.0,1.0
551000.0,10.703125,1.678951505002462E-6,551000.0,83.1,83.1,-634.7826086956517,83.1,551000.0,1136216.0,61.0,31.0,31.0,12.0,0.0,0.0,1.0
552000.0,10.75,1.692729937430057E-6,552000.0,90.8,90.8,-299.9999999999995,90.8,552000.0,1136216.0,61.0,31.0,31.0,12.0,0.0,0.0,1.0
553000.0,10.765625,1.6973227482392554E-6,553000.0,83.7,83.7,-551.9999999999995,83.7,553000.0,1136216.0,61.0,31.0,31.0,12.0,0.0,0.0,1.0
554000.0,10.765625,1.6973227482392554E-6,554000.0,82.0,82.0,-445.45454545454515,82.0,554000.0,1136216.0,61.0,31.0,31.0,12.0,0.0,0.0,1.0
555000.0,10.78125,1.7019155590484539E-6,555000.0,86.2,86.2,-220.93023255813927,86.01823708206688,555000.0,1136216.0,61.0,31.0,31.0,12.0,0.0,0.0,1.0
556000.0,10.78125,1.7019155590484539E-6,556000.0,85.0,85.0,-316.66666666666634,84.84848484848484,556000.0,1136216.0,61.0,31.0,31.0,12.0,0.0,0.0,1.0
557000.0,10.859375,1.7248796130944457E-6,557000.0,87.5,87.5,-346.42857142857105,87.43718592964824,557000.0,1136216.0,61.0,31.0,31.0,12.0,0.0,0.0,1.0
558000.0,10.890625,1.7343251642564105E-6,558000.0,88.1,88.1,-395.83333333333286,88.1,558000.0,1168368.0,63.0,32.0,32.0,12.0,0.0,0.0,1.0
559000.0,10.921875,1.7437951626359589E-6,559000.0,80.10000000000001,80.10000000000001,-397.49999999999943,79.87866531850354,559000.0,1171392.0,63.0,32.0,32.0,12.0,0.0,0.0,1.0
560000.0,10.921875,1.7437951626359589E-6,560000.0,74.6,74.6,-398.0392156862741,74.57457457457457,560000.0,1171392.0,63.0,32.0,32.0,12.0,0.0,0.0,1.0
561000.0,10.984375,1.7627351593950556E-6,561000.0,70.3,70.3,-493.9999999999996,70.3,561000.0,1171392.0,63.0,32.0,32.0,12.0,0.0,0.0,1.0
562000.0,11.015625,1.772205157774604E-6,562000.0,76.5,76.5,-305.1724137931031,76.5,562000.0,1171392.0,63.0,32.0,32.0,12.0,0.0,0.0,1.0
563000.0,11.03125,1.7769401569643782E-6,563000.0,79.80000000000001,79.80000000000001,-417.94871794871733,79.80000000000001,563000.0,1171392.0,63.0,32.0,32.0,12.0,0.0,0.0,1.0
564000.0,11.046875,1.7816751561541525E-6,564000.0,82.89999999999999,82.89999999999999,-418.1818181818178,82.89999999999999,564000.0,1171392.0,63.0,32.0,32.0,12.0,0.0,0.0,1.0
565000.0,11.046875,1.7816751561541525E-6,565000.0,76.5,76.5,-434.09090909090855,76.5,565000.0,1171392.0,63.0,32.0,32.0,12.0,0.0,0.0,1.0
566000.0,11.125,1.8053501521030235E-6,566000.0,91.4,91.4,-82.97872340425508,91.4,566000.0,1171392.0,63.0,32.0,32.0,12.0,0.0,0.0,1.0
567000.0,11.15625,1.8148201504825718E-6,567000.0,84.3,84.3,-313.1578947368418,84.3,567000.0,1171392.0,63.0,32.0,32.0,12.0,0.0,0.0,1.0
568000.0,11.171875,1.8195551496723461E-6,568000.0,66.9,66.9,-589.5833333333327,66.9,568000.0,1171392.0,63.0,32.0,32.0,12.0,0.0,0.0,1.0
569000.0,11.1875,1.8242901488621204E-6,569000.0,73.5,73.5,-409.61538461538424,73.5,569000.0,1171392.0,63.0,32.0,32.0,12.0,0.0,0.0,1.0
570000.0,11.21875,1.8337601472416688E-6,570000.0,82.89999999999999,82.89999999999999,-199.9999999999998,82.89999999999999,570000.0,1171392.0,63.0,32.0,32.0,12.0,0.0,0.0,1.0
571000.0,11.25,1.843230145621217E-6,571000.0,74.6,74.6,-279.1044776119406,74.6,571000.0,1171392.0,63.0,32.0,32.0,12.0,0.0,0.0,1.0
572000.0,11.265625,1.8479651448109914E-6,572000.0,63.1,63.1,-334.1176470588237,63.1,572000.0,1171392.0,63.0,32.0,32.0,12.0,0.0,0.0,1.0
573000.0,11.296875,1.8574351431905397E-6,573000.0,42.1,42.1,-509.47368421052647,42.1,573000.0,1171392.0,63.0,32.0,32.0,12.0,0.0,0.0,1.0
574000.0,11.328125,1.866905141570088E-6,574000.0,9.2,9.2,-1235.29411764706,9.2,574000.0,1171392.0,63.0,32.0,32.0,12.0,0.0,0.0,1.0
575000.0,11.359375,1.8763751399496365E-6,575000.0,0.0,0.0,-1751.8518518518501,0.0,575000.0,1171392.0,63.0,32.0,32.0,12.0,0.0,0.0,1.0
576000.0,11.390625,1.8858451383291848E-6,576000.0,8.9,8.9,-1280.3030303030316,8.9,576000.0,1171392.0,63.0,32.0,32.0,12.0,0.0,0.0,1.0
577000.0,11.40625,1.890580137518959E-6,577000.0,9.9,9.9,-1134.2465753424665,9.9,577000.0,1171392.0,63.0,32.0,32.0,12.0,0.0,0.0,1.0
578000.0,11.40625,1.890580137518959E-6,578000.0,0.0,0.0,-1983.3333333333314,0.0,578000.0,1171392.0,63.0,32.0,32.0,12.0,0.0,0.0,1.0
579000.0,11.46875,1.909520134278056E-6,579000.0,0.0,0.0,-2172.7272727272707,0.0,579000.0,1171392.0,63.0,32.0,32.0,12.0,0.0,0.0,1.0
580000.0,11.484375,1.91425513346783E-6,580000.0,0.0,0.0,-2531.5789473684185,0.0,580000.0,1171392.0,63.0,32.0,32.0,12.0,0.0,0.0,1.0
581000.0,11.515625,1.9237251318473786E-6,581000.0,0.0,0.0,-4899.999999999995,0.0,581000.0,1171392.0,63.0,32.0,32.0,12.0,0.0,0.0,1.0
581012.0,11.53125,1.9284601310371527E-6,581012.0,0.0,0.0,-4899.999999999995,0.0,581012.0,1171392.0,63.0,32.0,32.0,12.0,0.0,0.0,1.0
