learning evaluation instances,evaluation time (cpu seconds),model cost (RAM-Hours),classified instances,classifications correct (percent),Kappa Statistic (percent),Kappa Temporal Statistic (percent),Kappa M Statistic (percent),model training instances,model serialized size (bytes),tree size (nodes),tree size (leaves),active learning leaves,tree depth,active leaf byte size estimate,inactive leaf byte size estimate,byte size estimate overhead,splits
1000.0,0.0,0.0,1000.0,61.1,60.365897146955916,5.582524271844664,52.034525277435264,1000.0,38664.0,1.0,1.0,1.0,0.0,0.0,0.0,1.0,0.0
2000.0,0.015625,4.80374890483088E-10,2000.0,63.7,60.70033518391811,30.057803468208093,45.90163934426229,2000.0,118840.0,5.0,3.0,3.0,2.0,0.0,0.0,1.0,2.0
3000.0,0.046875,2.162382265345918E-9,3000.0,72.39999999999999,70.64454371410338,29.048843187660665,62.702702702702695,3000.0,208056.0,9.0,5.0,5.0,3.0,0.0,0.0,1.0,4.0
4000.0,0.0625,3.517682974537214E-9,4000.0,80.9,80.79456214618254,31.541218637992856,79.01098901098902,4000.0,335288.0,15.0,8.0,8.0,6.0,0.0,0.0,1.0,7.0
5000.0,0.0625,3.517682974537214E-9,5000.0,78.8,78.67851015083949,38.01169590643275,77.03141928494041,5000.0,339608.0,15.0,8.0,8.0,6.0,0.0,0.0,1.0,7.0
6000.0,0.078125,4.89917713113957E-9,6000.0,63.4,63.35683435086532,20.60737527114967,62.22910216718266,6000.0,341768.0,15.0,8.0,8.0,6.0,0.0,0.0,1.0,7.0
7000.0,0.140625,9.783187932852242E-9,7000.0,66.2,64.65008288405123,30.595482546201236,58.5276073619632,7000.0,302064.0,17.0,7.0,6.0,3.0,0.0,0.0,1.0,10.0
8000.0,0.140625,9.783187932852242E-9,8000.0,68.60000000000001,67.63153554346033,31.2910284463895,61.37761377613777,8000.0,302064.0,17.0,7.0,6.0,3.0,0.0,0.0,1.0,10.0
9000.0,0.140625,9.783187932852242E-9,9000.0,67.10000000000001,65.08331714854873,36.24031007751939,57.657657657657666,9000.0,345616.0,19.0,8.0,7.0,4.0,0.0,0.0,1.0,11.0
10000.0,0.1875,1.3974333544158275E-8,10000.0,74.1,74.09720249786977,36.206896551724135,73.78542510121457,10000.0,345616.0,19.0,8.0,7.0,4.0,0.0,0.0,1.0,11.0
11000.0,0.1875,1.3974333544158275E-8,11000.0,64.8,64.69418848288319,25.265392781316347,63.44755970924195,11000.0,388752.0,23.0,10.0,9.0,4.0,0.0,0.0,1.0,13.0
12000.0,0.203125,1.6021044252233374E-8,12000.0,68.2,67.61315028313032,32.76955602536999,62.544169611307424,12000.0,506336.0,27.0,12.0,11.0,6.0,0.0,0.0,1.0,15.0
13000.0,0.21875,1.8130651571684417E-8,13000.0,68.4,67.85939502430888,37.549407114624515,63.04093567251462,13000.0,521896.0,27.0,12.0,11.0,6.0,0.0,0.0,1.0,15.0
14000.0,0.234375,2.0377855334017016E-8,14000.0,61.4,60.51926373540951,39.49843260188088,54.95915985997666,14000.0,555936.0,29.0,13.0,12.0,7.0,0.0,0.0,1.0,16.0
15000.0,0.28125,2.7699505962017515E-8,15000.0,72.2,71.94783912590273,51.22807017543859,69.07675194660735,15000.0,603768.0,31.0,14.0,13.0,7.0,0.0,0.0,1.0,17.0
16000.0,0.328125,3.5449467961572946E-8,16000.0,84.7,84.68052895229837,-73.86363636363646,84.21052631578947,16000.0,639088.0,35.0,16.0,15.0,8.0,0.0,0.0,1.0,19.0
17000.0,0.359375,3.846591830046641E-8,17000.0,84.5,84.36831871687092,-216.32653061224465,83.13384113166485,17000.0,373120.0,30.0,10.0,8.0,5.0,0.0,0.0,1.0,20.0
18000.0,0.390625,4.1781620691633895E-8,18000.0,82.1,81.88244439226227,-496.66666666666634,80.62770562770562,18000.0,410136.0,32.0,11.0,9.0,5.0,0.0,0.0,1.0,21.0
19000.0,0.421875,4.540013226990899E-8,19000.0,89.5,89.47784033173865,-377.27272727272674,89.0738813735692,19000.0,447592.0,34.0,12.0,10.0,6.0,0.0,0.0,1.0,22.0
20000.0,0.4375,4.720938805904654E-8,20000.0,86.2,86.19341425860135,-557.1428571428565,86.07467204843591,20000.0,447592.0,34.0,12.0,10.0,6.0,0.0,0.0,1.0,22.0
21000.0,0.46875,5.108517749855916E-8,21000.0,88.3,88.3,-349.99999999999955,88.3,21000.0,479416.0,36.0,13.0,11.0,6.0,0.0,0.0,1.0,23.0
22000.0,0.5,5.5180280469357975E-8,22000.0,95.3,95.3,-327.2727272727273,95.3,22000.0,506544.0,40.0,15.0,13.0,7.0,0.0,0.0,1.0,25.0
23000.0,0.546875,6.176114159946641E-8,23000.0,91.60000000000001,91.60000000000001,-424.9999999999993,91.60000000000001,23000.0,542680.0,42.0,16.0,14.0,7.0,0.0,0.0,1.0,26.0
24000.0,0.5625,6.396190858342582E-8,24000.0,91.2,91.2,-225.9259259259255,91.2,24000.0,544448.0,44.0,17.0,15.0,7.0,0.0,0.0,1.0,27.0
25000.0,0.578125,6.631915716247427E-8,25000.0,92.0,92.0,-263.6363636363631,92.0,25000.0,583160.0,44.0,17.0,15.0,7.0,0.0,0.0,1.0,27.0
26000.0,0.625,7.383978097803064E-8,26000.0,85.2,85.2,-410.3448275862065,85.2,26000.0,620176.0,46.0,18.0,16.0,8.0,0.0,0.0,1.0,28.0
27000.0,0.640625,7.63466555832161E-8,27000.0,88.8,88.8,-299.9999999999996,88.8,27000.0,620176.0,46.0,18.0,16.0,8.0,0.0,0.0,1.0,28.0
28000.0,0.671875,8.136040479358701E-8,28000.0,77.7,77.7,-384.78260869565173,77.7,28000.0,620176.0,46.0,18.0,16.0,8.0,0.0,0.0,1.0,28.0
29000.0,0.703125,8.637415400395793E-8,29000.0,79.2,79.2,-511.7647058823523,79.2,29000.0,620176.0,46.0,18.0,16.0,8.0,0.0,0.0,1.0,28.0
30000.0,0.734375,9.189560336785186E-8,30000.0,84.89999999999999,84.89999999999999,-387.0967741935481,84.89999999999999,30000.0,682976.0,50.0,20.0,18.0,9.0,0.0,0.0,1.0,30.0
31000.0,0.734375,9.189560336785186E-8,31000.0,84.1,84.1,-287.8048780487802,84.1,31000.0,689024.0,50.0,20.0,18.0,9.0,0.0,0.0,1.0,30.0
32000.0,0.734375,9.189560336785186E-8,32000.0,81.2,81.2,-452.9411764705876,81.2,32000.0,689024.0,50.0,20.0,18.0,9.0,0.0,0.0,1.0,30.0
33000.0,0.8125,1.0582146286550498E-7,33000.0,78.8,78.8,-488.8888888888883,78.8,33000.0,689024.0,50.0,20.0,18.0,9.0,0.0,0.0,1.0,30.0
34000.0,0.84375,1.1139180666456622E-7,34000.0,76.4,76.4,-475.6097560975604,76.4,34000.0,689024.0,50.0,20.0,18.0,9.0,0.0,0.0,1.0,30.0
35000.0,0.875,1.169554889202118E-7,35000.0,78.2,78.2,-581.2499999999993,78.09045226130652,35000.0,688200.0,52.0,21.0,19.0,9.0,0.0,0.0,1.0,31.0
36000.0,0.890625,1.1974606119717162E-7,36000.0,74.0,74.0,-738.7096774193541,73.86934673366834,36000.0,690360.0,52.0,21.0,19.0,9.0,0.0,0.0,1.0,31.0
37000.0,0.890625,1.1974606119717162E-7,37000.0,83.39999999999999,83.39983399833997,-591.6666666666662,83.23232323232322,37000.0,690360.0,52.0,21.0,19.0,9.0,0.0,0.0,1.0,31.0
38000.0,0.9375,1.2811777802805106E-7,38000.0,80.30000000000001,80.30000000000001,-936.8421052631568,80.30000000000001,38000.0,690360.0,52.0,21.0,19.0,9.0,0.0,0.0,1.0,31.0
39000.0,0.953125,1.3090835030501087E-7,39000.0,85.9,85.9,-1309.9999999999989,85.9,39000.0,690360.0,52.0,21.0,19.0,9.0,0.0,0.0,1.0,31.0
40000.0,0.984375,1.364894948589305E-7,40000.0,92.9,92.9,-1674.9999999999973,92.9,40000.0,690360.0,52.0,21.0,19.0,9.0,0.0,0.0,1.0,31.0
41000.0,1.015625,1.41751144029614E-7,41000.0,92.30000000000001,92.30000000000001,-1183.3333333333314,92.30000000000001,41000.0,650840.0,54.0,22.0,20.0,9.0,0.0,0.0,1.0,32.0
42000.0,1.03125,1.4466343499306176E-7,42000.0,92.0,92.0,-515.3846153846146,92.0,42000.0,720472.0,54.0,22.0,20.0,9.0,0.0,0.0,1.0,32.0
43000.0,1.0625,1.5048801691995727E-7,43000.0,91.3,91.3,-479.99999999999926,91.3,43000.0,720472.0,54.0,22.0,20.0,9.0,0.0,0.0,1.0,32.0
44000.0,1.078125,1.5340030788340503E-7,44000.0,92.4,92.4,-406.66666666666595,92.4,44000.0,720472.0,54.0,22.0,20.0,9.0,0.0,0.0,1.0,32.0
45000.0,1.109375,1.5951017202395533E-7,45000.0,86.1,86.1,-561.9047619047615,86.1,45000.0,755760.0,56.0,23.0,21.0,9.0,0.0,0.0,1.0,33.0
46000.0,1.15625,1.695308148757451E-7,46000.0,92.2,92.2,-457.1428571428563,92.2,46000.0,826336.0,60.0,25.0,23.0,9.0,0.0,0.0,1.0,35.0
47000.0,1.171875,1.7287976030881207E-7,47000.0,96.6,96.6,-240.0,96.6,47000.0,828496.0,60.0,25.0,23.0,9.0,0.0,0.0,1.0,35.0
48000.0,1.171875,1.7287976030881207E-7,48000.0,98.3,98.3,-183.33333333333331,98.3,48000.0,830656.0,60.0,25.0,23.0,9.0,0.0,0.0,1.0,35.0
49000.0,1.21875,1.8295279005542398E-7,49000.0,98.1,98.1,-137.5,98.1,49000.0,830656.0,60.0,25.0,23.0,9.0,0.0,0.0,1.0,35.0
50000.0,1.25,1.8963011421470178E-7,50000.0,99.0,99.0,0.0,99.0,50000.0,825952.0,62.0,26.0,24.0,9.0,0.0,0.0,1.0,36.0
51000.0,1.28125,1.963074383739796E-7,51000.0,98.7,98.7,-8.333333333333332,98.7,51000.0,825952.0,62.0,26.0,24.0,9.0,0.0,0.0,1.0,36.0
52000.0,1.3125,2.029847625332574E-7,52000.0,98.0,98.0,-66.66666666666666,98.0,52000.0,825952.0,62.0,26.0,24.0,9.0,0.0,0.0,1.0,36.0
53000.0,1.3125,2.029847625332574E-7,53000.0,95.5,95.5,-181.25,95.5,53000.0,825952.0,62.0,26.0,24.0,9.0,0.0,0.0,1.0,36.0
54000.0,1.34375,2.0966590252808397E-7,54000.0,92.60000000000001,92.60000000000001,-311.1111111111105,92.60000000000001,54000.0,826424.0,64.0,27.0,25.0,9.0,0.0,0.0,1.0,37.0
55000.0,1.390625,2.1968761252032384E-7,55000.0,91.2,91.2,-266.66666666666623,91.2,55000.0,826424.0,64.0,27.0,25.0,9.0,0.0,0.0,1.0,37.0
56000.0,1.421875,2.263687525151504E-7,56000.0,90.60000000000001,90.60000000000001,-235.71428571428532,90.60000000000001,56000.0,826424.0,64.0,27.0,25.0,9.0,0.0,0.0,1.0,37.0
57000.0,1.453125,2.3307440440273944E-7,57000.0,86.9,86.9,-285.2941176470585,86.9,57000.0,829456.0,64.0,27.0,25.0,9.0,0.0,0.0,1.0,37.0
58000.0,1.46875,2.3642723034653395E-7,58000.0,87.5,87.5,-237.83783783783753,87.5,58000.0,829456.0,64.0,27.0,25.0,9.0,0.0,0.0,1.0,37.0
59000.0,1.5,2.3702948561145197E-7,59000.0,79.10000000000001,79.10000000000001,-422.49999999999943,79.10000000000001,59000.0,74496.0,25.0,3.0,-19.0,2.0,0.0,0.0,1.0,38.0
60000.0,1.53125,2.3763174087637E-7,60000.0,76.2,76.2,-621.2121212121206,76.2,60000.0,74496.0,25.0,3.0,-19.0,2.0,0.0,0.0,1.0,38.0
61000.0,1.5625,2.3850880097597833E-7,61000.0,80.7,80.7,-451.4285714285708,80.7,61000.0,108488.0,27.0,4.0,-18.0,3.0,0.0,0.0,1.0,39.0
62000.0,1.578125,2.391109268905388E-7,62000.0,73.7,73.7,-484.44444444444395,73.7,62000.0,148960.0,29.0,5.0,-17.0,3.0,0.0,0.0,1.0,40.0
63000.0,1.59375,2.3971305280509923E-7,63000.0,66.10000000000001,66.10000000000001,-527.7777777777771,66.10000000000001,63000.0,148960.0,29.0,5.0,-17.0,3.0,0.0,0.0,1.0,40.0
64000.0,1.625,2.414598647091124E-7,64000.0,73.5,73.5,-429.99999999999955,73.5,64000.0,216072.0,33.0,7.0,-15.0,4.0,0.0,0.0,1.0,42.0
65000.0,1.625,2.414598647091124E-7,65000.0,77.0,77.0,-447.6190476190471,77.0,65000.0,253520.0,35.0,8.0,-14.0,5.0,0.0,0.0,1.0,43.0
66000.0,1.625,2.414598647091124E-7,66000.0,82.19999999999999,82.19999999999999,-368.4210526315787,82.19999999999999,66000.0,253520.0,35.0,8.0,-14.0,5.0,0.0,0.0,1.0,43.0
67000.0,1.671875,2.4453992308634853E-7,67000.0,73.4,73.4,-786.666666666666,73.4,67000.0,253992.0,37.0,9.0,-13.0,6.0,0.0,0.0,1.0,44.0
68000.0,1.703125,2.4716004392960007E-7,68000.0,90.60000000000001,90.60000000000001,-261.5384615384611,90.60000000000001,68000.0,324096.0,39.0,10.0,-12.0,7.0,0.0,0.0,1.0,45.0
69000.0,1.734375,2.4979762707112567E-7,69000.0,92.10000000000001,92.10000000000001,-229.1666666666662,92.10000000000001,69000.0,326256.0,39.0,10.0,-12.0,7.0,0.0,0.0,1.0,45.0
70000.0,1.765625,2.5297085004341275E-7,70000.0,96.5,96.5,-118.75,96.5,70000.0,392512.0,43.0,12.0,-10.0,9.0,0.0,0.0,1.0,47.0
71000.0,1.8125,2.57840793993738E-7,71000.0,92.4,92.4,-216.6666666666662,92.4,71000.0,401592.0,43.0,12.0,-10.0,9.0,0.0,0.0,1.0,47.0
72000.0,1.828125,2.594728397929834E-7,72000.0,84.39999999999999,84.39887671912378,-358.82352941176435,84.25832492431886,72000.0,403752.0,43.0,12.0,-10.0,9.0,0.0,0.0,1.0,47.0
73000.0,1.828125,2.594728397929834E-7,73000.0,83.39999999999999,83.35677755130072,-361.1111111111108,82.47096092925025,73000.0,405912.0,43.0,12.0,-10.0,9.0,0.0,0.0,1.0,47.0
74000.0,1.875,2.648283326480952E-7,74000.0,76.1,76.03827459535765,-497.49999999999943,74.94758909853249,74000.0,441632.0,45.0,13.0,-9.0,10.0,0.0,0.0,1.0,48.0
75000.0,1.875,2.648283326480952E-7,75000.0,81.6,81.59355774521082,-411.1111111111108,81.12820512820512,75000.0,478248.0,49.0,15.0,-7.0,10.0,0.0,0.0,1.0,50.0
76000.0,1.953125,2.759285335842934E-7,76000.0,86.4,86.39925195885773,-248.71794871794842,86.24873609706775,76000.0,549216.0,51.0,16.0,-6.0,11.0,0.0,0.0,1.0,51.0
77000.0,2.0,2.8195613089741935E-7,77000.0,83.7,83.7,-239.5833333333331,83.7,77000.0,497056.0,52.0,15.0,-8.0,10.0,0.0,0.0,1.0,53.0
78000.0,2.0,2.8195613089741935E-7,78000.0,83.89999999999999,83.89999999999999,-455.17241379310303,83.89999999999999,78000.0,497056.0,52.0,15.0,-8.0,10.0,0.0,0.0,1.0,53.0
79000.0,2.03125,2.8599904099893243E-7,79000.0,81.8,81.8,-468.74999999999966,81.8,79000.0,500088.0,52.0,15.0,-8.0,10.0,0.0,0.0,1.0,53.0
80000.0,2.046875,2.880450079424514E-7,80000.0,88.3,88.3,-349.99999999999955,88.3,80000.0,506152.0,52.0,15.0,-8.0,10.0,0.0,0.0,1.0,53.0
81000.0,2.078125,2.8862656715015575E-7,81000.0,82.5,82.5,-483.333333333333,82.5,81000.0,71936.0,42.0,4.0,-21.0,3.0,0.0,0.0,1.0,54.0
82000.0,2.09375,2.890687190099723E-7,82000.0,88.1,88.1,-494.9999999999995,88.1,82000.0,109384.0,44.0,5.0,-20.0,4.0,0.0,0.0,1.0,55.0
83000.0,2.109375,2.895108708697889E-7,83000.0,82.39999999999999,82.39999999999999,-699.9999999999994,82.39999999999999,83000.0,109384.0,44.0,5.0,-20.0,4.0,0.0,0.0,1.0,55.0
84000.0,2.125,2.8995302272960546E-7,84000.0,85.5,85.5,-559.0909090909086,85.5,84000.0,109384.0,44.0,5.0,-20.0,4.0,0.0,0.0,1.0,55.0
85000.0,2.140625,2.9039517458942203E-7,85000.0,81.2,81.2,-369.99999999999943,81.2,85000.0,109384.0,44.0,5.0,-20.0,4.0,0.0,0.0,1.0,55.0
86000.0,2.15625,2.908373264492386E-7,86000.0,77.60000000000001,77.60000000000001,-409.09090909090855,77.60000000000001,86000.0,109384.0,44.0,5.0,-20.0,4.0,0.0,0.0,1.0,55.0
87000.0,2.1875,2.9199986278803816E-7,87000.0,80.60000000000001,80.60000000000001,-592.8571428571421,80.60000000000001,87000.0,143800.0,46.0,6.0,-19.0,5.0,0.0,0.0,1.0,56.0
88000.0,2.203125,2.9259338690381915E-7,88000.0,77.0,77.0,-399.9999999999995,77.0,88000.0,146832.0,46.0,6.0,-19.0,5.0,0.0,0.0,1.0,56.0
89000.0,2.234375,2.940554986707867E-7,89000.0,90.8,90.8,-206.6666666666663,90.8,89000.0,180856.0,50.0,8.0,-17.0,6.0,0.0,0.0,1.0,58.0
90000.0,2.25,2.947865545542704E-7,90000.0,88.4,88.4,-427.2727272727268,88.4,90000.0,180856.0,50.0,8.0,-17.0,6.0,0.0,0.0,1.0,58.0
91000.0,2.265625,2.955420899929272E-7,91000.0,84.5,84.5,-384.37499999999966,84.5,91000.0,186912.0,50.0,8.0,-17.0,6.0,0.0,0.0,1.0,58.0
92000.0,2.296875,2.970531608702408E-7,92000.0,91.9,91.9,-124.99999999999969,91.9,92000.0,186912.0,50.0,8.0,-17.0,6.0,0.0,0.0,1.0,58.0
93000.0,2.3125,2.978086963088976E-7,93000.0,93.8,93.8,-138.46153846153845,93.8,93000.0,186912.0,50.0,8.0,-17.0,6.0,0.0,0.0,1.0,58.0
94000.0,2.328125,2.9856423174755437E-7,94000.0,96.0,96.0,-81.81818181818183,96.0,94000.0,186912.0,50.0,8.0,-17.0,6.0,0.0,0.0,1.0,58.0
95000.0,2.34375,2.9931976718621115E-7,95000.0,96.1,96.1,-50.0,96.1,95000.0,186912.0,50.0,8.0,-17.0,6.0,0.0,0.0,1.0,58.0
96000.0,2.359375,3.0007530262486793E-7,96000.0,90.2,90.2,-206.24999999999966,90.2,96000.0,186912.0,50.0,8.0,-17.0,6.0,0.0,0.0,1.0,58.0
97000.0,2.359375,3.0007530262486793E-7,97000.0,88.4,88.4,-286.6666666666663,88.4,97000.0,186912.0,50.0,8.0,-17.0,6.0,0.0,0.0,1.0,58.0
98000.0,2.421875,3.03598030263351E-7,98000.0,91.5,91.5,-226.9230769230765,91.5,98000.0,217872.0,52.0,9.0,-16.0,6.0,0.0,0.0,1.0,59.0
99000.0,2.4375,3.044874433221088E-7,99000.0,83.5,83.5,-358.33333333333303,83.46693386773548,99000.0,220032.0,52.0,9.0,-16.0,6.0,0.0,0.0,1.0,59.0
100000.0,2.453125,3.0537685638086654E-7,100000.0,87.4,87.3949705932667,-223.07692307692278,87.12972420837589,100000.0,220032.0,52.0,9.0,-16.0,6.0,0.0,0.0,1.0,59.0
101000.0,2.46875,3.0627500058876136E-7,101000.0,86.6,86.5938331632551,-197.77777777777754,86.3265306122449,101000.0,222192.0,52.0,9.0,-16.0,6.0,0.0,0.0,1.0,59.0
102000.0,2.484375,3.0731048253882256E-7,102000.0,91.4,91.3975224864761,-218.5185185185181,91.24236252545825,102000.0,256168.0,54.0,10.0,-15.0,7.0,0.0,0.0,1.0,60.0
103000.0,2.515625,3.0938144643894495E-7,103000.0,92.2,92.19128547458965,-151.6129032258061,91.90871369294607,103000.0,256168.0,54.0,10.0,-15.0,7.0,0.0,0.0,1.0,60.0
104000.0,2.53125,3.1041692838900615E-7,104000.0,91.10000000000001,91.09503102731324,-169.69696969696938,90.81527347781217,104000.0,256168.0,54.0,10.0,-15.0,7.0,0.0,0.0,1.0,60.0
105000.0,2.546875,3.1145241033906735E-7,105000.0,86.2,86.19240582320276,-294.28571428571394,85.88957055214725,105000.0,256168.0,54.0,10.0,-15.0,7.0,0.0,0.0,1.0,60.0
106000.0,2.546875,3.1145241033906735E-7,106000.0,92.9,92.9,-153.57142857142819,92.9,106000.0,294016.0,54.0,10.0,-15.0,7.0,0.0,0.0,1.0,60.0
107000.0,2.59375,3.149972568886975E-7,107000.0,94.19999999999999,94.19999999999999,-93.33333333333333,94.19999999999999,107000.0,292320.0,56.0,11.0,-14.0,8.0,0.0,0.0,1.0,61.0
108000.0,2.609375,3.161788724052409E-7,108000.0,92.60000000000001,92.60000000000001,-131.24999999999966,92.51769464105158,108000.0,292320.0,56.0,11.0,-14.0,8.0,0.0,0.0,1.0,61.0
109000.0,2.625,3.173604879217843E-7,109000.0,91.7,91.7,-245.83333333333286,91.5650406504065,109000.0,292320.0,56.0,11.0,-14.0,8.0,0.0,0.0,1.0,61.0
110000.0,2.65625,3.197237189548711E-7,110000.0,92.7,92.7,-204.1666666666662,92.5737538148525,110000.0,292320.0,56.0,11.0,-14.0,8.0,0.0,0.0,1.0,61.0
111000.0,2.671875,3.209053344714145E-7,111000.0,94.39999999999999,94.39999999999999,-154.54545454545453,94.36052366565961,111000.0,292320.0,56.0,11.0,-14.0,8.0,0.0,0.0,1.0,61.0
112000.0,2.703125,3.2359582190919256E-7,112000.0,93.0,93.0,-169.2307692307688,92.95065458207452,112000.0,332800.0,58.0,12.0,-13.0,8.0,0.0,0.0,1.0,62.0
113000.0,2.71875,3.250959626812902E-7,113000.0,95.7,95.7,-43.333333333333336,95.65656565656565,113000.0,371120.0,60.0,13.0,-12.0,8.0,0.0,0.0,1.0,63.0
114000.0,2.734375,3.267474757093522E-7,114000.0,95.0,95.0,-66.66666666666666,94.9238578680203,114000.0,408568.0,62.0,14.0,-11.0,8.0,0.0,0.0,1.0,64.0
115000.0,2.765625,3.300505017654763E-7,115000.0,94.8,94.8,-85.71428571428571,94.77386934673366,115000.0,408568.0,62.0,14.0,-11.0,8.0,0.0,0.0,1.0,64.0
116000.0,2.78125,3.3170201479353836E-7,116000.0,94.69999999999999,94.69999999999999,-165.0,94.69999999999999,116000.0,408568.0,62.0,14.0,-11.0,8.0,0.0,0.0,1.0,64.0
117000.0,2.8125,3.350225031479365E-7,117000.0,86.4,86.4,-324.99999999999966,86.4,117000.0,410728.0,62.0,14.0,-11.0,8.0,0.0,0.0,1.0,64.0
118000.0,2.828125,3.366914784742726E-7,118000.0,85.7,85.7,-297.22222222222194,85.7,118000.0,412888.0,62.0,14.0,-11.0,8.0,0.0,0.0,1.0,64.0
119000.0,2.84375,3.383604538006087E-7,119000.0,87.9,87.9,-278.12499999999966,87.9,119000.0,412888.0,62.0,14.0,-11.0,8.0,0.0,0.0,1.0,64.0
120000.0,2.875,3.4169840445328087E-7,120000.0,81.39999999999999,81.39999999999999,-271.9999999999998,81.39999999999999,120000.0,412888.0,62.0,14.0,-11.0,8.0,0.0,0.0,1.0,64.0
121000.0,2.875,3.4169840445328087E-7,121000.0,80.30000000000001,80.30000000000001,-302.04081632653015,80.30000000000001,121000.0,412888.0,62.0,14.0,-11.0,8.0,0.0,0.0,1.0,64.0
122000.0,2.890625,3.4336737977961696E-7,122000.0,77.2,77.2,-516.2162162162156,77.2,122000.0,412888.0,62.0,14.0,-11.0,8.0,0.0,0.0,1.0,64.0
123000.0,2.9375,3.474345430731773E-7,123000.0,80.80000000000001,80.80000000000001,-326.6666666666662,80.80000000000001,123000.0,335392.0,61.0,12.0,-14.0,8.0,0.0,0.0,1.0,65.0
124000.0,2.953125,3.48802520117412E-7,124000.0,82.8,82.8,-319.512195121951,82.8,124000.0,338424.0,61.0,12.0,-14.0,8.0,0.0,0.0,1.0,65.0
125000.0,2.96875,3.501704971616467E-7,125000.0,85.39999999999999,85.39999999999999,-231.81818181818156,85.39999999999999,125000.0,338424.0,61.0,12.0,-14.0,8.0,0.0,0.0,1.0,65.0
126000.0,3.015625,3.5517218445117274E-7,126000.0,82.69999999999999,82.69999999999999,-232.69230769230748,82.69999999999999,126000.0,412456.0,65.0,14.0,-12.0,8.0,0.0,0.0,1.0,67.0
127000.0,3.03125,3.5683941354768144E-7,127000.0,81.89999999999999,81.89999999999999,-261.9999999999998,81.89999999999999,127000.0,412456.0,65.0,14.0,-12.0,8.0,0.0,0.0,1.0,67.0
128000.0,3.046875,3.5850664264419015E-7,128000.0,80.4,80.4,-366.6666666666661,80.4,128000.0,412456.0,65.0,14.0,-12.0,8.0,0.0,0.0,1.0,67.0
129000.0,3.046875,3.5850664264419015E-7,129000.0,84.8,84.8,-279.9999999999997,84.8,129000.0,412456.0,65.0,14.0,-12.0,8.0,0.0,0.0,1.0,67.0
130000.0,3.109375,3.65725039349248E-7,130000.0,87.4,87.4,-259.9999999999997,87.4,130000.0,446440.0,67.0,15.0,-11.0,9.0,0.0,0.0,1.0,68.0
131000.0,3.140625,3.695845306437049E-7,131000.0,91.10000000000001,91.10000000000001,-286.9565217391299,91.10000000000001,131000.0,477400.0,69.0,16.0,-10.0,10.0,0.0,0.0,1.0,69.0
132000.0,3.171875,3.7375025890974537E-7,132000.0,91.2,91.2,-266.66666666666623,91.2,132000.0,515280.0,71.0,17.0,-9.0,10.0,0.0,0.0,1.0,70.0
133000.0,3.1875,3.7583312304276563E-7,133000.0,88.8,88.8,-409.09090909090855,88.8,133000.0,515280.0,71.0,17.0,-9.0,10.0,0.0,0.0,1.0,70.0
134000.0,3.21875,3.799988513088061E-7,134000.0,92.5,92.5,-226.08695652173867,92.5,134000.0,515280.0,71.0,17.0,-9.0,10.0,0.0,0.0,1.0,70.0
135000.0,3.234375,3.823494706820283E-7,135000.0,92.10000000000001,92.09974719191014,-215.99999999999957,92.03629032258065,135000.0,581520.0,75.0,19.0,-7.0,11.0,0.0,0.0,1.0,72.0
136000.0,3.265625,3.8705070942847267E-7,136000.0,93.4,93.39616977847152,-144.44444444444403,93.20288362512873,136000.0,581520.0,75.0,19.0,-7.0,11.0,0.0,0.0,1.0,72.0
137000.0,3.28125,3.8943457184359434E-7,137000.0,93.4,93.39437861620239,-127.58620689655133,93.14641744548288,137000.0,589744.0,75.0,19.0,-7.0,11.0,0.0,0.0,1.0,72.0
138000.0,3.3125,3.9420229667383767E-7,138000.0,92.4,92.39372482297897,-171.42857142857105,92.1406411582213,138000.0,589744.0,75.0,19.0,-7.0,11.0,0.0,0.0,1.0,72.0
139000.0,3.34375,3.984274614291887E-7,139000.0,91.7,91.69480925578488,-159.37499999999966,91.48717948717949,139000.0,522632.0,73.0,17.0,-10.0,11.0,0.0,0.0,1.0,72.0
140000.0,3.375,4.026526261845397E-7,140000.0,91.0,90.99265000240196,-164.70588235294085,90.6832298136646,140000.0,522632.0,73.0,17.0,-10.0,11.0,0.0,0.0,1.0,72.0
141000.0,3.375,4.026526261845397E-7,141000.0,89.9,89.8891308156268,-119.5652173913041,89.44618599791013,141000.0,559648.0,75.0,18.0,-9.0,11.0,0.0,0.0,1.0,73.0
142000.0,3.375,4.026526261845397E-7,142000.0,89.5,89.49207702607767,-144.18604651162767,89.18640576725025,142000.0,559648.0,75.0,18.0,-9.0,11.0,0.0,0.0,1.0,73.0
143000.0,3.453125,4.139031969114311E-7,143000.0,85.7,85.69256013126825,-393.1034482758617,85.40816326530613,143000.0,556656.0,77.0,19.0,-8.0,11.0,0.0,0.0,1.0,74.0
144000.0,3.46875,4.1630277539499936E-7,144000.0,84.8,84.79574280798623,-406.6666666666663,84.64646464646465,144000.0,593632.0,77.0,19.0,-8.0,11.0,0.0,0.0,1.0,74.0
145000.0,3.5,4.2110193236213597E-7,145000.0,81.89999999999999,81.89820792258433,-686.9565217391299,81.84553660982948,145000.0,593632.0,77.0,19.0,-8.0,11.0,0.0,0.0,1.0,74.0
146000.0,3.515625,4.2350151084570424E-7,146000.0,80.10000000000001,80.10000000000001,-563.3333333333326,80.10000000000001,146000.0,593632.0,77.0,19.0,-8.0,11.0,0.0,0.0,1.0,74.0
147000.0,3.53125,4.259010893292725E-7,147000.0,83.3,83.3,-456.6666666666663,83.3,147000.0,593632.0,77.0,19.0,-8.0,11.0,0.0,0.0,1.0,74.0
148000.0,3.5625,4.307002462964091E-7,148000.0,85.1,85.1,-547.8260869565213,85.1,148000.0,593632.0,77.0,19.0,-8.0,11.0,0.0,0.0,1.0,74.0
149000.0,3.59375,4.3549940326354573E-7,149000.0,75.4,75.4,-1129.9999999999989,75.4,149000.0,593632.0,77.0,19.0,-8.0,11.0,0.0,0.0,1.0,74.0
150000.0,3.609375,4.379112376934953E-7,150000.0,80.2,80.2,-661.5384615384608,80.2,150000.0,596664.0,77.0,19.0,-8.0,11.0,0.0,0.0,1.0,74.0
151000.0,3.625,4.403230721234448E-7,151000.0,84.3,84.3,-554.1666666666662,84.3,151000.0,596664.0,77.0,19.0,-8.0,11.0,0.0,0.0,1.0,74.0
152000.0,3.640625,4.4273490655339437E-7,152000.0,87.1,87.1,-248.64864864864833,87.1,152000.0,596664.0,77.0,19.0,-8.0,11.0,0.0,0.0,1.0,74.0
153000.0,3.6875,4.4997040984324295E-7,153000.0,87.2,87.2,-357.14285714285677,87.2,153000.0,596664.0,77.0,19.0,-8.0,11.0,0.0,0.0,1.0,74.0
154000.0,3.6875,4.4997040984324295E-7,154000.0,87.5,87.5,-316.6666666666663,87.5,154000.0,596664.0,77.0,19.0,-8.0,11.0,0.0,0.0,1.0,74.0
155000.0,3.734375,4.5720591313309153E-7,155000.0,89.9,89.9,-260.7142857142853,89.9,155000.0,596664.0,77.0,19.0,-8.0,11.0,0.0,0.0,1.0,74.0
156000.0,3.75,4.596177475630411E-7,156000.0,89.0,89.0,-339.99999999999955,89.0,156000.0,596664.0,77.0,19.0,-8.0,11.0,0.0,0.0,1.0,74.0
157000.0,3.78125,4.644414164229401E-7,157000.0,87.4,87.4,-293.74999999999966,87.4,157000.0,596664.0,77.0,19.0,-8.0,11.0,0.0,0.0,1.0,74.0
158000.0,3.796875,4.6685325085288966E-7,158000.0,87.5,87.5,-362.96296296296254,87.5,158000.0,596664.0,77.0,19.0,-8.0,11.0,0.0,0.0,1.0,74.0
159000.0,3.828125,4.716769197127887E-7,159000.0,80.60000000000001,80.60000000000001,-384.99999999999943,80.60000000000001,159000.0,596664.0,77.0,19.0,-8.0,11.0,0.0,0.0,1.0,74.0
160000.0,3.828125,4.716769197127887E-7,160000.0,76.4,76.4,-391.66666666666623,76.4,160000.0,598824.0,77.0,19.0,-8.0,11.0,0.0,0.0,1.0,74.0
161000.0,3.828125,4.716769197127887E-7,161000.0,74.5,74.5,-372.22222222222183,74.5,161000.0,601856.0,77.0,19.0,-8.0,11.0,0.0,0.0,1.0,74.0
162000.0,3.890625,4.819787702419693E-7,162000.0,76.8,76.8,-383.33333333333286,76.8,162000.0,637144.0,79.0,20.0,-7.0,11.0,0.0,0.0,1.0,75.0
163000.0,3.9375,4.901225070676043E-7,163000.0,75.6,75.6,-360.3773584905656,75.6,163000.0,671560.0,81.0,21.0,-6.0,11.0,0.0,0.0,1.0,76.0
164000.0,3.96875,4.95551664951361E-7,164000.0,77.9,77.9,-262.29508196721275,77.9,164000.0,671560.0,81.0,21.0,-6.0,11.0,0.0,0.0,1.0,76.0
165000.0,4.0,5.009808228351177E-7,165000.0,70.19999999999999,70.19999999999999,-520.8333333333328,70.19999999999999,165000.0,671560.0,81.0,21.0,-6.0,11.0,0.0,0.0,1.0,76.0
166000.0,4.015625,5.03695401776996E-7,166000.0,74.3,74.3,-484.09090909090855,74.3,166000.0,671560.0,81.0,21.0,-6.0,11.0,0.0,0.0,1.0,76.0
167000.0,4.046875,5.091245596607527E-7,167000.0,77.9,77.9,-413.9534883720925,77.9,167000.0,671560.0,81.0,21.0,-6.0,11.0,0.0,0.0,1.0,76.0
168000.0,4.0625,5.11839138602631E-7,168000.0,81.10000000000001,81.10000000000001,-329.54545454545405,81.10000000000001,168000.0,671560.0,81.0,21.0,-6.0,11.0,0.0,0.0,1.0,76.0
169000.0,4.09375,5.172682964863877E-7,169000.0,84.89999999999999,84.89999999999999,-344.1176470588232,84.89999999999999,169000.0,671560.0,81.0,21.0,-6.0,11.0,0.0,0.0,1.0,76.0
170000.0,4.125,5.226974543701444E-7,170000.0,80.4,80.4,-476.47058823529346,80.4,170000.0,671560.0,81.0,21.0,-6.0,11.0,0.0,0.0,1.0,76.0
171000.0,4.140625,5.254120333120227E-7,171000.0,87.9,87.9,-210.25641025640996,87.85140562248996,171000.0,671560.0,81.0,21.0,-6.0,11.0,0.0,0.0,1.0,76.0
172000.0,4.15625,5.28126612253901E-7,172000.0,85.7,85.7,-210.86956521739103,85.39325842696628,172000.0,671560.0,81.0,21.0,-6.0,11.0,0.0,0.0,1.0,76.0
173000.0,4.15625,5.28126612253901E-7,173000.0,75.2,75.2,-451.1111111111106,74.32712215320912,173000.0,671560.0,81.0,21.0,-6.0,11.0,0.0,0.0,1.0,76.0
174000.0,4.25,5.451975610210664E-7,174000.0,76.6,76.6,-431.8181818181813,75.97535934291582,174000.0,703864.0,85.0,23.0,-4.0,11.0,0.0,0.0,1.0,78.0
175000.0,4.28125,5.511731594904429E-7,175000.0,76.0,76.0,-361.5384615384611,74.78991596638656,175000.0,739152.0,87.0,24.0,-3.0,11.0,0.0,0.0,1.0,79.0
176000.0,4.3125,5.571662202580935E-7,176000.0,76.6,76.6,-349.99999999999955,75.44596012591815,176000.0,741312.0,87.0,24.0,-3.0,11.0,0.0,0.0,1.0,79.0
177000.0,4.328125,5.603001207216746E-7,177000.0,78.9,78.9,-321.9999999999996,77.62460233297985,177000.0,775296.0,89.0,25.0,-2.0,11.0,0.0,0.0,1.0,80.0
178000.0,4.390625,5.733654122903114E-7,178000.0,69.6,69.6,-484.61538461538424,68.4319833852544,178000.0,808056.0,95.0,28.0,1.0,11.0,0.0,0.0,1.0,83.0
179000.0,4.421875,5.802673533455364E-7,179000.0,74.5,74.5,-390.38461538461496,73.9795918367347,179000.0,853736.0,97.0,29.0,2.0,11.0,0.0,0.0,1.0,84.0
180000.0,4.46875,5.910223828525178E-7,180000.0,76.9,76.9,-437.20930232558084,76.2589928057554,180000.0,886896.0,101.0,31.0,4.0,11.0,0.0,0.0,1.0,86.0
181000.0,4.5,5.985157784178024E-7,181000.0,83.2,83.2,-330.7692307692305,82.6625386996904,181000.0,926896.0,101.0,31.0,4.0,11.0,0.0,0.0,1.0,86.0
182000.0,4.5,5.985157784178024E-7,182000.0,78.5,78.5,-451.28205128205076,78.03881511746681,182000.0,964344.0,103.0,32.0,5.0,11.0,0.0,0.0,1.0,87.0
183000.0,4.5625,6.082483580232493E-7,183000.0,81.3,81.3,-567.8571428571424,81.03448275862068,183000.0,601936.0,93.0,21.0,-7.0,11.0,0.0,0.0,1.0,88.0
184000.0,4.59375,6.133758061979379E-7,184000.0,78.9,78.9,-580.6451612903219,78.60040567951319,184000.0,634240.0,97.0,23.0,-5.0,12.0,0.0,0.0,1.0,90.0
185000.0,4.625,6.187986905893517E-7,185000.0,72.39999999999999,72.39999999999999,-527.2727272727268,72.12121212121212,185000.0,670784.0,97.0,23.0,-5.0,12.0,0.0,0.0,1.0,90.0
186000.0,4.65625,6.242460221983491E-7,186000.0,77.0,77.0,-505.2631578947363,76.72064777327935,186000.0,673808.0,97.0,23.0,-5.0,12.0,0.0,0.0,1.0,90.0
187000.0,4.671875,6.269696880028479E-7,187000.0,80.60000000000001,80.60000000000001,-424.32432432432375,80.10256410256412,187000.0,673808.0,97.0,23.0,-5.0,12.0,0.0,0.0,1.0,90.0
188000.0,4.703125,6.327162716641193E-7,188000.0,71.2,71.2,-433.333333333333,70.58222676200204,188000.0,710824.0,99.0,24.0,-4.0,12.0,0.0,0.0,1.0,91.0
189000.0,4.765625,6.448352360166608E-7,189000.0,74.2,74.2,-386.79245283018827,73.5655737704918,189000.0,749528.0,99.0,24.0,-4.0,12.0,0.0,0.0,1.0,91.0
190000.0,4.796875,6.514405120267635E-7,190000.0,73.5,73.5,-381.8181818181814,72.87615148413511,190000.0,817040.0,101.0,25.0,-3.0,12.0,0.0,0.0,1.0,92.0
191000.0,4.828125,6.57468238690247E-7,191000.0,69.39999999999999,69.39999999999999,-436.8421052631575,68.5185185185185,191000.0,745600.0,99.0,23.0,-6.0,11.0,0.0,0.0,1.0,92.0
192000.0,4.859375,6.640420825634564E-7,192000.0,70.7,70.7,-597.6190476190471,69.54261954261953,192000.0,813152.0,103.0,25.0,-4.0,11.0,0.0,0.0,1.0,94.0
193000.0,4.890625,6.706752982507975E-7,193000.0,79.0,79.0,-483.3333333333327,78.54954034729316,193000.0,820496.0,103.0,25.0,-4.0,11.0,0.0,0.0,1.0,94.0
194000.0,4.921875,6.773085139381387E-7,194000.0,80.5,80.5,-399.99999999999943,79.95889003083249,194000.0,820496.0,103.0,25.0,-4.0,11.0,0.0,0.0,1.0,94.0
195000.0,4.953125,6.841990074867174E-7,195000.0,79.4,79.4,-610.3448275862062,78.82836587872559,195000.0,852320.0,105.0,26.0,-3.0,11.0,0.0,0.0,1.0,95.0
196000.0,5.0,6.945037037237648E-7,196000.0,78.9,78.89894494724736,-470.27027027026963,78.35897435897436,196000.0,849760.0,107.0,27.0,-2.0,11.0,0.0,0.0,1.0,96.0
197000.0,5.0,6.945037037237648E-7,197000.0,80.0,79.99897994797736,-545.1612903225799,79.65412004069177,197000.0,671608.0,103.0,22.0,-8.0,11.0,0.0,0.0,1.0,97.0
198000.0,5.0625,7.059536680268742E-7,198000.0,85.8,85.7999147994888,-358.0645161290319,85.71428571428571,198000.0,708152.0,103.0,22.0,-8.0,11.0,0.0,0.0,1.0,97.0
199000.0,5.109375,7.154022265846528E-7,199000.0,85.8,85.8,-373.333333333333,85.69989929506545,199000.0,779160.0,107.0,24.0,-6.0,11.0,0.0,0.0,1.0,99.0
200000.0,5.15625,7.252687161477901E-7,200000.0,86.6,86.6,-318.74999999999966,86.39593908629442,200000.0,813624.0,111.0,26.0,-4.0,12.0,0.0,0.0,1.0,101.0
201000.0,5.15625,7.252687161477901E-7,201000.0,84.89999999999999,84.89999999999999,-344.1176470588232,84.65447154471545,201000.0,813624.0,111.0,26.0,-4.0,12.0,0.0,0.0,1.0,101.0
202000.0,5.203125,7.351352057109273E-7,202000.0,84.7,84.7,-349.9999999999997,84.33981576253838,202000.0,813624.0,111.0,26.0,-4.0,12.0,0.0,0.0,1.0,101.0
203000.0,5.25,7.450645595478511E-7,203000.0,84.6,84.6,-275.6097560975607,84.14006179196704,203000.0,818808.0,111.0,26.0,-4.0,12.0,0.0,0.0,1.0,101.0
204000.0,5.28125,7.51684128772467E-7,204000.0,80.0,80.0,-365.11627906976696,79.55010224948876,204000.0,818808.0,111.0,26.0,-4.0,12.0,0.0,0.0,1.0,101.0
205000.0,5.3125,7.585851643751889E-7,205000.0,80.7,80.7,-382.49999999999943,80.32619775739043,205000.0,853624.0,111.0,26.0,-4.0,12.0,0.0,0.0,1.0,101.0
206000.0,5.34375,7.657746512753265E-7,206000.0,81.69999999999999,81.69999999999999,-438.23529411764673,81.44016227180528,206000.0,889304.0,111.0,26.0,-4.0,12.0,0.0,0.0,1.0,101.0
207000.0,5.34375,7.657746512753265E-7,207000.0,87.5,87.5,-303.2258064516125,87.23186925434116,207000.0,889304.0,111.0,26.0,-4.0,12.0,0.0,0.0,1.0,101.0
208000.0,5.40625,7.801885496721496E-7,208000.0,85.5,85.49873839023995,-367.7419354838706,85.0669412976313,208000.0,891464.0,111.0,26.0,-4.0,12.0,0.0,0.0,1.0,101.0
209000.0,5.4375,7.874199460881448E-7,209000.0,84.8,84.75701478168435,-424.1379310344824,83.82978723404257,209000.0,894488.0,111.0,26.0,-4.0,12.0,0.0,0.0,1.0,101.0
210000.0,5.46875,7.946411238258908E-7,210000.0,83.7,83.69504329316112,-297.5609756097558,83.38430173292558,210000.0,893224.0,113.0,27.0,-3.0,12.0,0.0,0.0,1.0,102.0
211000.0,5.484375,7.983878539461225E-7,211000.0,86.4,86.4,-257.894736842105,86.24873609706775,211000.0,926904.0,118.0,29.0,-2.0,12.0,0.0,0.0,1.0,105.0
212000.0,5.53125,8.100712956446736E-7,212000.0,90.60000000000001,90.59921033366804,-168.57142857142827,90.3292181069959,212000.0,963456.0,118.0,29.0,-2.0,12.0,0.0,0.0,1.0,105.0
213000.0,5.5625,8.178502321243283E-7,213000.0,91.0,90.9979115154716,-130.7692307692305,90.73120494335737,213000.0,962216.0,120.0,30.0,-1.0,13.0,0.0,0.0,1.0,106.0
214000.0,5.625,8.341040100074474E-7,214000.0,90.0,89.99743934447218,-163.15789473684183,89.6694214876033,214000.0,1005256.0,120.0,30.0,-1.0,13.0,0.0,0.0,1.0,106.0
215000.0,5.65625,8.425582847040558E-7,215000.0,85.9,85.89449885455326,-252.49999999999972,85.32778355879293,215000.0,1045752.0,122.0,31.0,0.0,13.0,0.0,0.0,1.0,107.0
216000.0,5.703125,8.557253426665231E-7,216000.0,92.10000000000001,92.09347711862287,-139.39393939393904,91.64021164021165,216000.0,1085800.0,124.0,32.0,1.0,13.0,0.0,0.0,1.0,108.0
217000.0,5.75,8.698849382603332E-7,217000.0,86.5,86.49092189951647,-221.42857142857116,85.81932773109243,217000.0,1167648.0,128.0,34.0,3.0,14.0,0.0,0.0,1.0,110.0
218000.0,5.78125,8.793421309544806E-7,218000.0,86.9,86.88124017344802,-178.7234042553189,86.13756613756614,218000.0,1169808.0,128.0,34.0,3.0,14.0,0.0,0.0,1.0,110.0
219000.0,5.828125,8.94187218768315E-7,219000.0,86.8,86.78242061942383,-312.49999999999966,86.32124352331606,219000.0,1224176.0,128.0,34.0,3.0,14.0,0.0,0.0,1.0,110.0
220000.0,5.84375,8.992021968070829E-7,220000.0,85.0,84.99108470431436,-316.66666666666634,84.66257668711657,220000.0,1240656.0,128.0,34.0,3.0,14.0,0.0,0.0,1.0,110.0
221000.0,5.90625,9.192621089621548E-7,221000.0,93.0,92.9995169666707,-66.6666666666664,92.83520982599795,221000.0,1240656.0,128.0,34.0,3.0,14.0,0.0,0.0,1.0,110.0
222000.0,5.9375,9.293269896362389E-7,222000.0,90.5,90.49952497624881,-97.91666666666644,90.25641025641026,222000.0,1244976.0,128.0,34.0,3.0,14.0,0.0,0.0,1.0,110.0
223000.0,5.984375,9.447853921705648E-7,223000.0,87.6,87.59930556111142,-163.8297872340423,87.4239350912779,223000.0,1274752.0,132.0,36.0,5.0,14.0,0.0,0.0,1.0,112.0
224000.0,6.015625,9.550909938601154E-7,224000.0,87.9,87.89941917212026,-152.08333333333312,87.80241935483872,224000.0,1274752.0,132.0,36.0,5.0,14.0,0.0,0.0,1.0,112.0
225000.0,6.0625,9.71473637036979E-7,225000.0,87.3,87.29946657759626,-182.22222222222197,87.21047331319235,225000.0,1350968.0,134.0,37.0,6.0,14.0,0.0,0.0,1.0,113.0
226000.0,6.109375,9.878824736612538E-7,226000.0,91.2,91.19970959041649,-144.44444444444414,91.10212335692619,226000.0,1353128.0,134.0,37.0,6.0,14.0,0.0,0.0,1.0,113.0
227000.0,6.140625,9.98839160375711E-7,227000.0,91.7,91.7,-144.1176470588232,91.62462159434914,227000.0,1355288.0,134.0,37.0,6.0,14.0,0.0,0.0,1.0,113.0
228000.0,6.171875,1.0098202943077518E-6,228000.0,90.10000000000001,90.10000000000001,-174.9999999999997,89.95943204868155,228000.0,1358312.0,134.0,37.0,6.0,14.0,0.0,0.0,1.0,113.0
229000.0,6.21875,1.0263443821006352E-6,229000.0,91.7,91.7,-118.42105263157865,91.58215010141988,229000.0,1362632.0,134.0,37.0,6.0,14.0,0.0,0.0,1.0,113.0
230000.0,6.25,1.0373779029274982E-6,230000.0,89.60000000000001,89.60000000000001,-147.61904761904736,89.45233265720081,230000.0,1364792.0,134.0,37.0,6.0,14.0,0.0,0.0,1.0,113.0
231000.0,6.296875,1.053284504450858E-6,231000.0,85.7,85.7,-204.25531914893594,85.36335721596724,231000.0,1311712.0,134.0,36.0,4.0,15.0,0.0,0.0,1.0,114.0
232000.0,6.34375,1.069160061888397E-6,232000.0,88.7,88.69853080900518,-162.79069767441834,88.39835728952772,232000.0,1309152.0,136.0,37.0,5.0,15.0,0.0,0.0,1.0,115.0
233000.0,6.375,1.079768278739519E-6,233000.0,90.5,90.49895488503735,-89.99999999999979,90.28629856850716,233000.0,1312184.0,136.0,37.0,5.0,15.0,0.0,0.0,1.0,115.0
234000.0,6.40625,1.0904152360227377E-6,234000.0,89.2,89.2,-134.78260869565193,88.9795918367347,234000.0,1316976.0,136.0,37.0,5.0,15.0,0.0,0.0,1.0,115.0
235000.0,6.4375,1.1010796556042305E-6,235000.0,86.1,86.1,-183.6734693877549,85.78732106339469,235000.0,1319136.0,136.0,37.0,5.0,15.0,0.0,0.0,1.0,115.0
236000.0,6.46875,1.1117440751857232E-6,236000.0,82.6,82.59923436631212,-205.26315789473665,82.20858895705521,236000.0,1319136.0,136.0,37.0,5.0,15.0,0.0,0.0,1.0,115.0
237000.0,6.515625,1.1277407045579623E-6,237000.0,80.4,80.39451046292963,-291.99999999999955,79.83539094650206,237000.0,1319136.0,136.0,37.0,5.0,15.0,0.0,0.0,1.0,115.0
238000.0,6.546875,1.138405124139455E-6,238000.0,77.0,76.9807559119424,-369.3877551020404,75.94142259414227,238000.0,1319136.0,136.0,37.0,5.0,15.0,0.0,0.0,1.0,115.0
239000.0,6.578125,1.1490870060192217E-6,239000.0,76.9,76.80648374244956,-305.2631578947365,74.78165938864629,239000.0,1321296.0,136.0,37.0,5.0,15.0,0.0,0.0,1.0,115.0
240000.0,6.625,1.165109828838872E-6,240000.0,78.60000000000001,78.44284836457777,-289.09090909090867,76.4835164835165,240000.0,1321296.0,136.0,37.0,5.0,15.0,0.0,0.0,1.0,115.0
241000.0,6.671875,1.1808905077891221E-6,241000.0,81.3,81.1419126537766,-239.9999999999998,79.19911012235818,241000.0,1301328.0,136.0,36.0,3.0,15.0,0.0,0.0,1.0,116.0
242000.0,6.6875,1.1861787061207E-6,242000.0,80.4,80.23492206912131,-168.4931506849316,78.31858407079648,242000.0,1308248.0,136.0,36.0,3.0,15.0,0.0,0.0,1.0,116.0
243000.0,6.703125,1.191475635601415E-6,243000.0,72.6,72.50790146992424,-275.3424657534249,70.63236870310826,243000.0,1310408.0,136.0,36.0,3.0,15.0,0.0,0.0,1.0,116.0
244000.0,6.75,1.2073664240435598E-6,244000.0,73.1,73.01402267624651,-301.49253731343316,71.56448202959831,244000.0,1310408.0,136.0,36.0,3.0,15.0,0.0,0.0,1.0,116.0
245000.0,6.796875,1.2227761261682548E-6,245000.0,76.3,76.27143080268644,-276.1904761904765,75.23510971786834,245000.0,1270736.0,136.0,35.0,1.0,15.0,0.0,0.0,1.0,117.0
246000.0,6.828125,1.2330492609180514E-6,246000.0,80.10000000000001,80.02842186396045,-255.3571428571425,78.91949152542374,246000.0,1270736.0,136.0,35.0,1.0,15.0,0.0,0.0,1.0,117.0
247000.0,6.84375,1.2381858282929498E-6,247000.0,81.69999999999999,81.6247349142086,-306.6666666666664,80.44871794871794,247000.0,1270736.0,136.0,35.0,1.0,15.0,0.0,0.0,1.0,117.0
248000.0,6.90625,1.2592056494516636E-6,248000.0,80.0,79.94927165729295,-299.99999999999955,78.83597883597884,248000.0,1300024.0,138.0,36.0,2.0,15.0,0.0,0.0,1.0,118.0
249000.0,6.921875,1.2646523666464625E-6,249000.0,84.39999999999999,84.39634874560647,-299.9999999999997,83.7669094693028,249000.0,1347464.0,140.0,37.0,3.0,15.0,0.0,0.0,1.0,119.0
250000.0,6.96875,1.2810449051256813E-6,250000.0,87.4,87.39965979081435,-193.02325581395323,87.05035971223022,250000.0,1351784.0,140.0,37.0,3.0,15.0,0.0,0.0,1.0,119.0
251000.0,7.0,1.2920256510066493E-6,251000.0,82.8,82.79779811815912,-299.9999999999997,82.23140495867767,251000.0,1358264.0,140.0,37.0,3.0,15.0,0.0,0.0,1.0,119.0
252000.0,7.03125,1.3030245059376794E-6,252000.0,83.8,83.79967599351986,-295.1219512195119,83.46938775510205,252000.0,1360504.0,142.0,38.0,4.0,15.0,0.0,0.0,1.0,120.0
253000.0,7.078125,1.3200235682436166E-6,253000.0,81.0,81.0,-341.8604651162786,80.1255230125523,253000.0,1401800.0,142.0,38.0,4.0,15.0,0.0,0.0,1.0,120.0
254000.0,7.09375,1.325709195548876E-6,254000.0,84.0,84.0,-280.95238095238074,83.83838383838383,254000.0,1406568.0,142.0,38.0,4.0,15.0,0.0,0.0,1.0,120.0
255000.0,7.15625,1.3489671659448912E-6,255000.0,88.6,88.599942999715,-245.4545454545451,88.54271356783919,255000.0,1438448.0,144.0,39.0,4.0,15.0,0.0,0.0,1.0,121.0
256000.0,7.203125,1.3664473145682783E-6,256000.0,85.39999999999999,85.39855445689123,-239.53488372093,85.26740665993945,256000.0,1441472.0,144.0,39.0,4.0,15.0,0.0,0.0,1.0,121.0
257000.0,7.234375,1.3781359949563117E-6,257000.0,84.0,84.0,-290.2439024390241,84.0,257000.0,1445832.0,146.0,40.0,5.0,15.0,0.0,0.0,1.0,122.0
258000.0,7.25,1.3839998347167345E-6,258000.0,89.7,89.7,-186.1111111111108,89.7,258000.0,1450656.0,148.0,41.0,6.0,15.0,0.0,0.0,1.0,123.0
259000.0,7.3125,1.4074901183549735E-6,259000.0,88.2,88.19974039428867,-202.56410256410228,88.17635270541082,259000.0,1452816.0,148.0,41.0,6.0,15.0,0.0,0.0,1.0,123.0
260000.0,7.359375,1.4251340245310637E-6,260000.0,84.2,84.18633699516383,-209.80392156862723,83.76156217882837,260000.0,1454976.0,148.0,41.0,6.0,15.0,0.0,0.0,1.0,123.0
261000.0,7.390625,1.4368966286484573E-6,261000.0,83.39999999999999,83.39093144857091,-277.272727272727,83.04392236976507,261000.0,1454976.0,148.0,41.0,6.0,15.0,0.0,0.0,1.0,123.0
262000.0,7.390625,1.4368966286484573E-6,262000.0,84.1,84.05893581866889,-224.48979591836712,83.15677966101694,262000.0,1454976.0,148.0,41.0,6.0,15.0,0.0,0.0,1.0,123.0
263000.0,7.46875,1.4625893284877148E-6,263000.0,84.8,84.77121760126639,-145.16129032258047,84.13361169102296,263000.0,1271224.0,145.0,36.0,0.0,15.0,0.0,0.0,1.0,125.0
264000.0,7.515625,1.4780049483912693E-6,264000.0,84.0,83.91400426681037,-105.12820512820528,82.58977149075082,264000.0,1271224.0,145.0,36.0,0.0,15.0,0.0,0.0,1.0,125.0
265000.0,7.53125,1.4831490827620863E-6,265000.0,82.19999999999999,82.1197534534993,-97.7777777777779,80.94218415417559,265000.0,1272608.0,147.0,37.0,1.0,15.0,0.0,0.0,1.0,126.0
266000.0,7.5625,1.4937956519942322E-6,266000.0,80.9,80.88394251170983,-180.8823529411766,80.34979423868313,266000.0,1316928.0,147.0,37.0,1.0,15.0,0.0,0.0,1.0,126.0
267000.0,7.609375,1.5098283701162376E-6,267000.0,80.2,80.1841671495525,-186.95652173913058,79.85757884028484,267000.0,1322112.0,147.0,37.0,1.0,15.0,0.0,0.0,1.0,126.0
268000.0,7.625,1.5151813406393765E-6,268000.0,85.7,85.6936909176947,-180.39215686274488,85.39325842696628,268000.0,1324272.0,147.0,37.0,1.0,15.0,0.0,0.0,1.0,126.0
269000.0,7.625,1.5151813406393765E-6,269000.0,83.1,83.09716032293424,-164.06250000000028,82.86004056795132,269000.0,1324272.0,147.0,37.0,1.0,15.0,0.0,0.0,1.0,126.0
270000.0,7.671875,1.531240252208793E-6,270000.0,80.4,80.39913756205273,-201.53846153846172,80.18200202224469,270000.0,1324272.0,147.0,37.0,1.0,15.0,0.0,0.0,1.0,126.0
271000.0,7.71875,1.5472991637782094E-6,271000.0,78.2,78.19694757266016,-235.3846153846156,77.89046653144015,271000.0,1324272.0,147.0,37.0,1.0,15.0,0.0,0.0,1.0,126.0
272000.0,7.75,1.558005104824487E-6,272000.0,74.3,74.28379879323974,-358.92857142857105,73.50515463917525,272000.0,1324272.0,147.0,37.0,1.0,15.0,0.0,0.0,1.0,126.0
273000.0,7.75,1.558005104824487E-6,273000.0,69.6,69.58570528148229,-382.53968253968304,68.10073452256033,273000.0,1324272.0,147.0,37.0,1.0,15.0,0.0,0.0,1.0,126.0
274000.0,7.796875,1.5740640163939036E-6,274000.0,72.6,72.5723529317552,-470.83333333333286,70.47413793103449,274000.0,1324272.0,147.0,37.0,1.0,15.0,0.0,0.0,1.0,126.0
275000.0,7.84375,1.59012292796332E-6,275000.0,74.2,74.17189902614044,-448.93617021276555,72.43589743589743,275000.0,1324272.0,147.0,37.0,1.0,15.0,0.0,0.0,1.0,126.0
276000.0,7.875,1.6008288690095977E-6,276000.0,71.2,71.16655320171398,-585.7142857142851,69.42675159235668,276000.0,1324272.0,147.0,37.0,1.0,15.0,0.0,0.0,1.0,126.0
277000.0,7.890625,1.6061818395327366E-6,277000.0,72.0,71.99705969126758,-438.46153846153805,71.5736040609137,277000.0,1324272.0,147.0,37.0,1.0,15.0,0.0,0.0,1.0,126.0
278000.0,7.96875,1.6329466921484307E-6,278000.0,72.7,72.69399267838924,-445.99999999999955,72.14285714285714,278000.0,1324272.0,147.0,37.0,1.0,15.0,0.0,0.0,1.0,126.0
279000.0,8.0,1.6436526331947084E-6,279000.0,76.4,76.39362627909536,-413.0434782608691,76.04060913705584,279000.0,1324272.0,147.0,37.0,1.0,15.0,0.0,0.0,1.0,126.0
280000.0,8.03125,1.654358574240986E-6,280000.0,66.3,66.29561843039595,-602.0833333333327,65.95959595959596,280000.0,1324272.0,147.0,37.0,1.0,15.0,0.0,0.0,1.0,126.0
281000.0,8.046875,1.6597115447641249E-6,281000.0,68.5,68.49747979838388,-668.2926829268284,68.24596774193549,281000.0,1324272.0,147.0,37.0,1.0,15.0,0.0,0.0,1.0,126.0
282000.0,8.09375,1.6757704563335413E-6,282000.0,69.1,69.08144886932158,-517.9999999999995,68.34016393442623,282000.0,1324272.0,147.0,37.0,1.0,15.0,0.0,0.0,1.0,126.0
283000.0,8.15625,1.6977250925265255E-6,283000.0,69.8,69.78041771067652,-619.0476190476186,68.96197327852003,283000.0,1357840.0,149.0,38.0,2.0,15.0,0.0,0.0,1.0,127.0
284000.0,8.203125,1.7141910696712636E-6,284000.0,66.7,66.6758399839884,-674.418604651162,65.70545829042224,284000.0,1357840.0,149.0,38.0,2.0,15.0,0.0,0.0,1.0,127.0
285000.0,8.203125,1.7141910696712636E-6,285000.0,69.3,69.29692969296929,-648.7804878048775,68.98989898989899,285000.0,1357840.0,149.0,38.0,2.0,15.0,0.0,0.0,1.0,127.0
286000.0,8.265625,1.7361457058642477E-6,286000.0,67.5,67.49590448396499,-655.8139534883713,67.27089627391743,286000.0,1357840.0,149.0,38.0,2.0,15.0,0.0,0.0,1.0,127.0
287000.0,8.296875,1.7474044903388458E-6,287000.0,67.4,67.39869594783792,-608.6956521739123,67.26907630522089,287000.0,1392656.0,149.0,38.0,2.0,15.0,0.0,0.0,1.0,127.0
288000.0,8.328125,1.7586632748134438E-6,288000.0,68.5,68.49930698475367,-542.8571428571422,68.436873747495,288000.0,1392656.0,149.0,38.0,2.0,15.0,0.0,0.0,1.0,127.0
289000.0,8.359375,1.7699220592880419E-6,289000.0,64.5,64.5,-834.2105263157887,64.5,289000.0,1392656.0,149.0,38.0,2.0,15.0,0.0,0.0,1.0,127.0
290000.0,8.421875,1.7924886520227629E-6,290000.0,60.3,60.3,-744.6808510638291,60.3,290000.0,1395688.0,149.0,38.0,2.0,15.0,0.0,0.0,1.0,127.0
291000.0,8.453125,1.8037719483901233E-6,291000.0,57.699999999999996,57.69221536762764,-729.4117647058818,57.35887096774193,291000.0,1395688.0,149.0,38.0,2.0,15.0,0.0,0.0,1.0,127.0
292000.0,8.484375,1.8153440194307935E-6,292000.0,60.199999999999996,60.19363098095695,-650.9433962264144,59.87903225806451,292000.0,1431408.0,151.0,39.0,3.0,16.0,0.0,0.0,1.0,128.0
293000.0,8.484375,1.8153440194307935E-6,293000.0,67.80000000000001,67.79706953332753,-685.3658536585358,67.5730110775428,293000.0,1433568.0,151.0,39.0,3.0,16.0,0.0,0.0,1.0,128.0
294000.0,8.546875,1.8385230861086817E-6,294000.0,70.1,70.09605267895361,-595.3488372093018,69.73684210526315,294000.0,1433568.0,151.0,39.0,3.0,16.0,0.0,0.0,1.0,128.0
295000.0,8.5625,1.8443265839272908E-6,295000.0,70.5,70.49946899044183,-586.0465116279064,70.4112337011033,295000.0,1435728.0,151.0,39.0,3.0,16.0,0.0,0.0,1.0,128.0
296000.0,8.59375,1.855933579564509E-6,296000.0,66.8,66.8,-637.777777777777,66.8,296000.0,1435728.0,151.0,39.0,3.0,16.0,0.0,0.0,1.0,128.0
297000.0,8.625,1.867540575201727E-6,297000.0,68.60000000000001,68.60000000000001,-665.8536585365846,68.60000000000001,297000.0,1435728.0,151.0,39.0,3.0,16.0,0.0,0.0,1.0,128.0
298000.0,8.65625,1.8791475708389452E-6,298000.0,70.19999999999999,70.19999999999999,-705.4054054054048,70.19999999999999,298000.0,1435728.0,151.0,39.0,3.0,16.0,0.0,0.0,1.0,128.0
299000.0,8.6875,1.8907545664761633E-6,299000.0,64.60000000000001,64.60000000000001,-742.8571428571421,64.60000000000001,299000.0,1435728.0,151.0,39.0,3.0,16.0,0.0,0.0,1.0,128.0
300000.0,8.703125,1.8965580642947724E-6,300000.0,68.30000000000001,68.30000000000001,-620.4545454545447,68.30000000000001,300000.0,1435728.0,151.0,39.0,3.0,16.0,0.0,0.0,1.0,128.0
301000.0,8.75,1.9139685577505995E-6,301000.0,61.199999999999996,61.199999999999996,-823.8095238095231,61.199999999999996,301000.0,1435728.0,151.0,39.0,3.0,16.0,0.0,0.0,1.0,128.0
302000.0,8.78125,1.925575553387818E-6,302000.0,65.5,65.5,-914.7058823529402,65.5,302000.0,1435728.0,151.0,39.0,3.0,16.0,0.0,0.0,1.0,128.0
303000.0,8.828125,1.942986046843645E-6,303000.0,65.3,65.3,-767.4999999999992,65.3,303000.0,1435728.0,151.0,39.0,3.0,16.0,0.0,0.0,1.0,128.0
304000.0,8.828125,1.942986046843645E-6,304000.0,68.4,68.4,-634.8837209302318,68.4,304000.0,1430592.0,153.0,40.0,4.0,16.0,0.0,0.0,1.0,129.0
305000.0,8.875,1.960334258102295E-6,305000.0,71.6,71.6,-517.3913043478257,71.6,305000.0,1430592.0,153.0,40.0,4.0,16.0,0.0,0.0,1.0,129.0
306000.0,8.921875,1.9777086628083557E-6,306000.0,69.6,69.6,-452.7272727272723,69.13705583756344,306000.0,1432752.0,153.0,40.0,4.0,16.0,0.0,0.0,1.0,129.0
307000.0,8.953125,1.989291599279063E-6,307000.0,65.0,65.0,-473.7704918032781,64.50304259634888,307000.0,1432752.0,153.0,40.0,4.0,16.0,0.0,0.0,1.0,129.0
308000.0,8.984375,2.000878351585319E-6,308000.0,58.3,58.3,-701.9230769230763,57.36196319018404,308000.0,1433224.0,155.0,41.0,5.0,16.0,0.0,0.0,1.0,130.0
309000.0,9.015625,2.012746570269681E-6,309000.0,58.8,58.8,-795.6521739130427,57.95918367346938,309000.0,1468040.0,155.0,41.0,5.0,16.0,0.0,0.0,1.0,130.0
310000.0,9.0625,2.030548898296224E-6,310000.0,64.8,64.8,-648.9361702127653,64.08163265306122,310000.0,1468040.0,155.0,41.0,5.0,16.0,0.0,0.0,1.0,130.0
311000.0,9.078125,2.036483007638405E-6,311000.0,68.2,68.2,-639.5348837209294,67.28395061728395,311000.0,1468040.0,155.0,41.0,5.0,16.0,0.0,0.0,1.0,130.0
312000.0,9.125,2.054285335664948E-6,312000.0,67.10000000000001,67.10000000000001,-631.1111111111104,65.72916666666667,312000.0,1468040.0,155.0,41.0,5.0,16.0,0.0,0.0,1.0,130.0
313000.0,9.15625,2.06615355434931E-6,313000.0,75.9,75.9,-460.46511627906926,75.02590673575129,313000.0,1468040.0,155.0,41.0,5.0,16.0,0.0,0.0,1.0,130.0
314000.0,9.1875,2.0780392353319463E-6,314000.0,67.80000000000001,67.80000000000001,-599.9999999999993,67.00819672131148,314000.0,1470200.0,155.0,41.0,5.0,16.0,0.0,0.0,1.0,130.0
315000.0,9.203125,2.083982075823264E-6,315000.0,71.1,71.1,-528.2608695652169,70.29804727646453,315000.0,1470200.0,155.0,41.0,5.0,16.0,0.0,0.0,1.0,130.0
316000.0,9.25,2.101810597297218E-6,316000.0,69.19999999999999,69.19999999999999,-528.5714285714281,68.18181818181817,316000.0,1470200.0,155.0,41.0,5.0,16.0,0.0,0.0,1.0,130.0
317000.0,9.28125,2.1136962782798542E-6,317000.0,76.2,76.2,-621.2121212121206,75.95959595959596,317000.0,1470200.0,155.0,41.0,5.0,16.0,0.0,0.0,1.0,130.0
318000.0,9.328125,2.131524799753808E-6,318000.0,67.7,67.7,-878.7878787878778,66.87179487179488,318000.0,1470200.0,155.0,41.0,5.0,16.0,0.0,0.0,1.0,130.0
319000.0,9.328125,2.131524799753808E-6,319000.0,72.1,72.1,-720.588235294117,71.53061224489795,319000.0,1470200.0,155.0,41.0,5.0,16.0,0.0,0.0,1.0,130.0
320000.0,9.390625,2.1552961617190804E-6,320000.0,62.0,61.99935398901781,-1125.806451612902,61.34282807731434,320000.0,1470200.0,155.0,41.0,5.0,16.0,0.0,0.0,1.0,130.0
321000.0,9.421875,2.1671818427017166E-6,321000.0,67.5,67.49756231717379,-1199.9999999999989,67.00507614213198,321000.0,1470200.0,155.0,41.0,5.0,16.0,0.0,0.0,1.0,130.0
322000.0,9.453125,2.1790675236843527E-6,322000.0,62.4,62.39315555431089,-1196.5517241379298,61.39630390143736,322000.0,1470200.0,155.0,41.0,5.0,16.0,0.0,0.0,1.0,130.0
323000.0,9.453125,2.1790675236843527E-6,323000.0,68.60000000000001,68.59208520547179,-1021.4285714285703,68.0244399185336,323000.0,1470200.0,155.0,41.0,5.0,16.0,0.0,0.0,1.0,130.0
324000.0,9.53125,2.208781726140943E-6,324000.0,59.099999999999994,59.087562619036184,-897.5609756097552,57.484407484407484,324000.0,1470200.0,155.0,41.0,5.0,16.0,0.0,0.0,1.0,130.0
325000.0,9.578125,2.226610247614897E-6,325000.0,72.3,72.29426491283697,-691.4285714285709,71.64790174002047,325000.0,1470200.0,155.0,41.0,5.0,16.0,0.0,0.0,1.0,130.0
326000.0,9.59375,2.2325530881062146E-6,326000.0,63.1,63.08944358086413,-778.5714285714278,62.26993865030674,326000.0,1470200.0,155.0,41.0,5.0,16.0,0.0,0.0,1.0,130.0
327000.0,9.640625,2.2503816095801686E-6,327000.0,68.2,68.19122077693443,-606.666666666666,66.66666666666667,327000.0,1470200.0,155.0,41.0,5.0,16.0,0.0,0.0,1.0,130.0
328000.0,9.671875,2.2622672905628048E-6,328000.0,64.60000000000001,64.59348520127703,-669.5652173913036,63.76663254861822,328000.0,1470200.0,155.0,41.0,5.0,16.0,0.0,0.0,1.0,130.0
329000.0,9.71875,2.28012200548417E-6,329000.0,67.2,67.19691651015196,-496.36363636363575,65.58237145855195,329000.0,1472360.0,155.0,41.0,5.0,16.0,0.0,0.0,1.0,130.0
330000.0,9.71875,2.28012200548417E-6,330000.0,73.4,73.39914877276073,-518.6046511627902,72.96747967479675,330000.0,1472360.0,155.0,41.0,5.0,16.0,0.0,0.0,1.0,130.0
331000.0,9.78125,2.303977315831515E-6,331000.0,63.4,63.39868235256469,-631.9999999999993,62.03319502074689,331000.0,1475392.0,155.0,41.0,5.0,16.0,0.0,0.0,1.0,130.0
332000.0,9.8125,2.3159049710051877E-6,332000.0,65.2,65.2,-640.4255319148929,64.48979591836735,332000.0,1475392.0,155.0,41.0,5.0,16.0,0.0,0.0,1.0,130.0
333000.0,9.84375,2.3278326261788603E-6,333000.0,62.5,62.5,-681.2499999999993,61.85147507629705,333000.0,1475392.0,155.0,41.0,5.0,16.0,0.0,0.0,1.0,130.0
334000.0,9.84375,2.3278326261788603E-6,334000.0,59.599999999999994,59.599999999999994,-692.1568627450973,58.43621399176955,334000.0,1475392.0,155.0,41.0,5.0,16.0,0.0,0.0,1.0,130.0
335000.0,9.9375,2.363615591699878E-6,335000.0,67.2,67.2,-699.9999999999992,66.63275686673448,335000.0,1475392.0,155.0,41.0,5.0,16.0,0.0,0.0,1.0,130.0
336000.0,9.96875,2.375529600410825E-6,336000.0,56.8,56.8,-839.1304347826078,55.692307692307686,336000.0,1473704.0,157.0,42.0,6.0,17.0,0.0,0.0,1.0,131.0
337000.0,9.984375,2.3814953359154356E-6,337000.0,65.4,65.4,-620.8333333333327,65.05050505050505,337000.0,1475864.0,157.0,42.0,6.0,17.0,0.0,0.0,1.0,131.0
338000.0,10.03125,2.3993925424292675E-6,338000.0,60.4,60.4,-633.3333333333327,59.83772819472616,338000.0,1475864.0,157.0,42.0,6.0,17.0,0.0,0.0,1.0,131.0
339000.0,10.078125,2.4172897489430994E-6,339000.0,62.0,62.0,-708.5106382978717,61.80904522613066,339000.0,1475864.0,157.0,42.0,6.0,17.0,0.0,0.0,1.0,131.0
340000.0,10.125,2.4356091550240903E-6,340000.0,59.9,59.9,-791.1111111111103,59.617321248741185,340000.0,1510680.0,157.0,42.0,6.0,17.0,0.0,0.0,1.0,131.0
341000.0,10.15625,2.4478220924114176E-6,341000.0,64.2,64.18065755507975,-661.7021276595738,63.46938775510205,341000.0,1510680.0,157.0,42.0,6.0,17.0,0.0,0.0,1.0,131.0
342000.0,10.203125,2.4661414984924086E-6,342000.0,67.0,66.9956434249321,-602.1276595744673,66.86746987951807,342000.0,1510680.0,157.0,42.0,6.0,17.0,0.0,0.0,1.0,131.0
343000.0,10.234375,2.478622255795117E-6,343000.0,64.9,64.87787306002782,-697.727272727272,64.54545454545455,343000.0,1543808.0,159.0,43.0,7.0,17.0,0.0,0.0,1.0,132.0
344000.0,10.25,2.484862634446471E-6,344000.0,67.2,67.14628417462552,-662.7906976744179,66.7005076142132,344000.0,1543808.0,159.0,43.0,7.0,17.0,0.0,0.0,1.0,132.0
345000.0,10.3125,2.509824149051887E-6,345000.0,70.19999999999999,70.15801232333894,-534.0425531914889,69.56077630234934,345000.0,1543808.0,159.0,43.0,7.0,17.0,0.0,0.0,1.0,132.0
346000.0,10.328125,2.516064527703241E-6,346000.0,65.5,65.34227268298025,-516.071428571428,64.17445482866043,346000.0,1543808.0,159.0,43.0,7.0,17.0,0.0,0.0,1.0,132.0
347000.0,10.375,2.5347232844473577E-6,347000.0,69.6,69.50981001803333,-484.61538461538424,68.69207003089598,347000.0,1538664.0,161.0,44.0,8.0,17.0,0.0,0.0,1.0,133.0
348000.0,10.375,2.5347232844473577E-6,348000.0,73.6,73.54722671730102,-449.99999999999955,73.03370786516854,348000.0,1538664.0,161.0,44.0,8.0,17.0,0.0,0.0,1.0,133.0
349000.0,10.453125,2.5658212123542185E-6,349000.0,67.80000000000001,67.6690596917516,-648.8372093023248,66.80412371134021,349000.0,1538664.0,161.0,44.0,8.0,17.0,0.0,0.0,1.0,133.0
350000.0,10.5,2.584479969098335E-6,350000.0,65.7,65.5677111462238,-645.6521739130427,64.4927536231884,350000.0,1538664.0,161.0,44.0,8.0,17.0,0.0,0.0,1.0,133.0
351000.0,10.515625,2.590835049179278E-6,351000.0,77.3,77.28509902496037,-513.5135135135129,76.93089430894308,351000.0,1572184.0,161.0,44.0,8.0,17.0,0.0,0.0,1.0,133.0
352000.0,10.59375,2.6218726674819146E-6,352000.0,65.8,65.73420968259057,-776.923076923076,64.6694214876033,352000.0,1535680.0,163.0,45.0,9.0,18.0,0.0,0.0,1.0,134.0
353000.0,10.640625,2.6409174380306557E-6,353000.0,63.0,62.91388604339275,-740.9090909090901,61.337513061650995,353000.0,1570496.0,163.0,45.0,9.0,18.0,0.0,0.0,1.0,134.0
354000.0,10.671875,2.6536139517298165E-6,354000.0,66.9,66.8702163244757,-688.0952380952374,65.84107327141383,354000.0,1570496.0,163.0,45.0,9.0,18.0,0.0,0.0,1.0,134.0
355000.0,10.71875,2.6726587222785576E-6,355000.0,62.2,62.12292014248997,-704.2553191489355,60.747663551401864,355000.0,1570496.0,163.0,45.0,9.0,18.0,0.0,0.0,1.0,134.0
356000.0,10.734375,2.679006979128138E-6,356000.0,61.4,61.38679428364501,-1231.0344827586196,60.652395514780835,356000.0,1570496.0,163.0,45.0,9.0,18.0,0.0,0.0,1.0,134.0
357000.0,10.78125,2.698051749676879E-6,357000.0,62.3,62.29208133708079,-1042.4242424242416,62.03423967774421,357000.0,1570496.0,163.0,45.0,9.0,18.0,0.0,0.0,1.0,134.0
358000.0,10.796875,2.7044000065264595E-6,358000.0,58.199999999999996,58.18159990395774,-999.9999999999991,57.77777777777777,358000.0,1570496.0,163.0,45.0,9.0,18.0,0.0,0.0,1.0,134.0
359000.0,10.875,2.733658895724349E-6,359000.0,84.7,84.69816377965356,-255.81395348837185,84.54545454545455,359000.0,1447672.0,161.0,42.0,5.0,18.0,0.0,0.0,1.0,135.0
360000.0,10.921875,2.751199580315086E-6,360000.0,80.7,80.69687289340874,-348.83720930232505,80.1644398766701,360000.0,1446464.0,163.0,43.0,6.0,18.0,0.0,0.0,1.0,136.0
361000.0,10.9375,2.7571907008273727E-6,361000.0,82.6,82.59977379705936,-357.894736842105,82.370820668693,361000.0,1482144.0,163.0,43.0,6.0,18.0,0.0,0.0,1.0,136.0
362000.0,10.984375,2.775164062364233E-6,362000.0,90.5,90.5,-227.58620689655135,90.41372351160445,362000.0,1482144.0,163.0,43.0,6.0,18.0,0.0,0.0,1.0,136.0
363000.0,11.03125,2.793090954785131E-6,363000.0,88.1,88.1,-249.9999999999997,87.8323108384458,363000.0,1478312.0,165.0,44.0,7.0,18.0,0.0,0.0,1.0,137.0
364000.0,11.0625,2.805696211807015E-6,364000.0,89.1,89.1,-230.30303030302997,88.90020366598777,364000.0,1559208.0,167.0,45.0,8.0,18.0,0.0,0.0,1.0,138.0
365000.0,11.078125,2.811998840317957E-6,365000.0,88.7,88.69937846581563,-175.6097560975607,88.57431749241658,365000.0,1559208.0,167.0,45.0,8.0,18.0,0.0,0.0,1.0,138.0
366000.0,11.140625,2.837258507497608E-6,366000.0,88.6,88.59972639343344,-184.99999999999972,88.46153846153845,366000.0,1562248.0,167.0,45.0,8.0,18.0,0.0,0.0,1.0,138.0
367000.0,11.1875,2.8563029870080443E-6,367000.0,81.6,81.6,-299.9999999999998,81.30081300813008,367000.0,1570472.0,167.0,45.0,8.0,18.0,0.0,0.0,1.0,138.0
368000.0,11.203125,2.8626633704536484E-6,368000.0,80.10000000000001,80.10000000000001,-410.2564102564097,79.83789260385007,368000.0,1573496.0,167.0,45.0,8.0,18.0,0.0,0.0,1.0,138.0
369000.0,11.25,2.8817607219227478E-6,369000.0,80.0,79.99927997407907,-344.44444444444395,79.75708502024293,369000.0,1574832.0,169.0,46.0,9.0,18.0,0.0,0.0,1.0,139.0
370000.0,11.296875,2.9013071454957947E-6,370000.0,83.3,83.2983298329833,-233.99999999999977,82.87179487179486,370000.0,1611864.0,171.0,47.0,10.0,18.0,0.0,0.0,1.0,140.0
371000.0,11.34375,2.921302447147253E-6,371000.0,84.8,84.7968073295392,-162.0689655172412,84.47395301327886,371000.0,1648880.0,173.0,48.0,11.0,18.0,0.0,0.0,1.0,141.0
372000.0,11.34375,2.921302447147253E-6,372000.0,82.6,82.5982598259826,-228.30188679245262,82.15384615384615,372000.0,1686328.0,175.0,49.0,12.0,18.0,0.0,0.0,1.0,142.0
373000.0,11.390625,2.941751865566604E-6,373000.0,83.2,83.19574852437667,-249.99999999999977,82.80450358239509,373000.0,1686328.0,175.0,49.0,12.0,18.0,0.0,0.0,1.0,142.0
374000.0,11.421875,2.955384811179505E-6,374000.0,84.89999999999999,84.89885231277577,-196.0784313725488,84.60754332313965,374000.0,1686328.0,175.0,49.0,12.0,18.0,0.0,0.0,1.0,142.0
375000.0,11.4375,2.9622012839859555E-6,375000.0,86.6,86.59662234883191,-226.82926829268263,86.35437881873726,375000.0,1686328.0,175.0,49.0,12.0,18.0,0.0,0.0,1.0,142.0
376000.0,11.53125,3.004040950650556E-6,376000.0,81.8,81.79544886221555,-243.39622641509413,81.33333333333333,376000.0,1725120.0,177.0,50.0,13.0,18.0,0.0,0.0,1.0,143.0
377000.0,11.5625,3.017987506205423E-6,377000.0,84.6,84.59932237018428,-327.77777777777743,84.42871587462083,377000.0,1725120.0,177.0,50.0,13.0,18.0,0.0,0.0,1.0,143.0
378000.0,11.59375,3.0322018170004914E-6,378000.0,85.1,85.09704921574472,-223.91304347826062,84.82688391038697,378000.0,1758240.0,179.0,51.0,14.0,18.0,0.0,0.0,1.0,144.0
379000.0,11.625,3.04641612779556E-6,379000.0,85.1,85.09786899526632,-380.6451612903222,84.90374873353596,379000.0,1758240.0,179.0,51.0,14.0,18.0,0.0,0.0,1.0,144.0
380000.0,11.671875,3.0677742648145385E-6,380000.0,86.6,86.59233081322516,-226.82926829268263,86.29856850715746,380000.0,1761264.0,179.0,51.0,14.0,18.0,0.0,0.0,1.0,144.0
381000.0,11.71875,3.089132401833517E-6,381000.0,83.89999999999999,83.8968598876781,-436.6666666666663,83.68794326241135,381000.0,1761264.0,179.0,51.0,14.0,18.0,0.0,0.0,1.0,144.0
382000.0,11.734375,3.0962517808398432E-6,382000.0,83.8,83.78993354873376,-337.8378378378375,83.4186284544524,382000.0,1761264.0,179.0,51.0,14.0,18.0,0.0,0.0,1.0,144.0
383000.0,11.8125,3.1318486758714744E-6,383000.0,85.2,85.19807574984748,-428.5714285714282,85.05050505050504,383000.0,1761264.0,179.0,51.0,14.0,18.0,0.0,0.0,1.0,144.0
384000.0,11.84375,3.146111945776889E-6,384000.0,82.8,82.7870903177383,-299.9999999999997,82.35897435897435,384000.0,1764296.0,179.0,51.0,14.0,18.0,0.0,0.0,1.0,144.0
385000.0,11.890625,3.1675330440824224E-6,385000.0,82.1,82.09656254000768,-426.47058823529375,81.80894308943088,385000.0,1766456.0,179.0,51.0,14.0,18.0,0.0,0.0,1.0,144.0
386000.0,11.9375,3.188980335835367E-6,386000.0,78.2,78.17981633010535,-419.0476190476185,77.36240913811008,386000.0,1768616.0,179.0,51.0,14.0,18.0,0.0,0.0,1.0,144.0
387000.0,11.96875,3.203553464522378E-6,387000.0,84.3,84.29660806734253,-336.1111111111108,83.9139344262295,387000.0,1802624.0,181.0,52.0,15.0,18.0,0.0,0.0,1.0,145.0
388000.0,12.03125,3.2333198275106644E-6,388000.0,79.3,79.28978986640413,-459.45945945945886,78.68177136972194,388000.0,1840976.0,183.0,53.0,16.0,18.0,0.0,0.0,1.0,146.0
389000.0,12.0625,3.2485234745157255E-6,389000.0,82.39999999999999,82.39771170252132,-417.6470588235291,81.93018480492813,389000.0,1880616.0,185.0,54.0,17.0,18.0,0.0,0.0,1.0,147.0
390000.0,12.09375,3.2637690310366443E-6,390000.0,76.5,76.49894245241036,-552.7777777777771,76.14213197969544,390000.0,1885800.0,185.0,54.0,17.0,18.0,0.0,0.0,1.0,147.0
391000.0,12.15625,3.2949781679134394E-6,391000.0,81.10000000000001,81.09795857952659,-349.9999999999995,80.57553956834533,391000.0,1930208.0,187.0,55.0,18.0,18.0,0.0,0.0,1.0,148.0
392000.0,12.203125,3.318312358007662E-6,392000.0,82.3,82.2994689840695,-261.22448979591815,82.19315895372233,392000.0,1924216.0,189.0,56.0,19.0,18.0,0.0,0.0,1.0,149.0
393000.0,12.25,3.342461261329137E-6,393000.0,81.5,81.49674342684312,-351.2195121951217,81.29423660262891,393000.0,1991400.0,195.0,59.0,22.0,18.0,0.0,0.0,1.0,152.0
394000.0,12.328125,3.3847872853382585E-6,394000.0,85.1,85.09928476566874,-254.76190476190447,85.01006036217304,394000.0,2094208.0,197.0,60.0,23.0,18.0,0.0,0.0,1.0,153.0
395000.0,12.390625,3.4187334757815624E-6,395000.0,82.8,82.79731638135549,-309.5238095238093,82.5910931174089,395000.0,2099488.0,201.0,62.0,25.0,18.0,0.0,0.0,1.0,155.0
396000.0,12.4375,3.445200014135075E-6,396000.0,87.8,87.79931676173865,-229.72972972972943,87.7139979859013,396000.0,2182520.0,201.0,62.0,25.0,18.0,0.0,0.0,1.0,155.0
397000.0,12.5,3.481143244749141E-6,397000.0,85.5,85.49451692739855,-222.22222222222197,85.23421588594704,397000.0,2223000.0,203.0,63.0,26.0,18.0,0.0,0.0,1.0,156.0
398000.0,12.515625,3.490280586346569E-6,398000.0,85.39999999999999,85.39627605039286,-247.61904761904736,85.14750762970498,398000.0,2260488.0,205.0,64.0,27.0,18.0,0.0,0.0,1.0,157.0
399000.0,12.59375,3.5337041481398036E-6,399000.0,83.1,83.08907554280066,-259.57446808510616,82.50517598343686,399000.0,2148512.0,204.0,62.0,24.0,18.0,0.0,0.0,1.0,158.0
400000.0,12.640625,3.5602391775076577E-6,400000.0,83.89999999999999,83.89581291135696,-257.77777777777754,83.57142857142857,400000.0,2188168.0,206.0,63.0,25.0,18.0,0.0,0.0,1.0,159.0
401000.0,12.6875,3.5872177492516726E-6,401000.0,87.5,87.49399711861695,-212.49999999999974,87.11340206185567,401000.0,2224744.0,208.0,64.0,26.0,18.0,0.0,0.0,1.0,160.0
402000.0,12.734375,3.6146556764530627E-6,402000.0,87.6,87.58460491008852,-143.13725490196057,87.08333333333333,402000.0,2262624.0,210.0,65.0,27.0,18.0,0.0,0.0,1.0,161.0
403000.0,12.78125,3.64265841199085E-6,403000.0,88.9,88.88365897869869,-94.73684210526297,88.32807570977918,403000.0,2309200.0,212.0,66.0,28.0,18.0,0.0,0.0,1.0,162.0
404000.0,12.828125,3.6707135344234593E-6,404000.0,88.3,88.28523940164608,-80.00000000000014,87.87564766839378,404000.0,2313520.0,212.0,66.0,28.0,18.0,0.0,0.0,1.0,162.0
405000.0,12.875,3.698847237198302E-6,405000.0,87.1,87.0695876702003,-157.99999999999977,86.43533123028391,405000.0,2320000.0,212.0,66.0,28.0,18.0,0.0,0.0,1.0,162.0
406000.0,12.921875,3.727378110246111E-6,406000.0,87.4,87.38709700023124,-162.49999999999977,86.97001034126164,406000.0,2352752.0,216.0,68.0,30.0,18.0,0.0,0.0,1.0,164.0
407000.0,12.984375,3.76666569435555E-6,407000.0,85.2,85.15832457540775,-202.04081632653038,84.38818565400844,407000.0,2429840.0,218.0,69.0,31.0,18.0,0.0,0.0,1.0,165.0
408000.0,13.0,3.7765085774784278E-6,408000.0,88.0,87.9915700821977,-207.6923076923074,87.67967145790554,408000.0,2435032.0,218.0,69.0,31.0,18.0,0.0,0.0,1.0,165.0
409000.0,13.09375,3.835565876215696E-6,409000.0,83.5,83.46726518506642,-334.2105263157892,82.74058577405857,409000.0,2435032.0,218.0,69.0,31.0,18.0,0.0,0.0,1.0,165.0
410000.0,13.125,3.85558601313581E-6,410000.0,83.1,83.09086906929741,-284.09090909090884,82.75510204081633,410000.0,2476392.0,220.0,70.0,32.0,18.0,0.0,0.0,1.0,166.0
411000.0,13.1875,3.896329694220588E-6,411000.0,76.6,76.5892310462813,-444.18604651162735,76.12244897959184,411000.0,2519896.0,222.0,71.0,33.0,18.0,0.0,0.0,1.0,167.0
412000.0,13.25,3.937081395027537E-6,412000.0,80.7,80.6433818920342,-370.7317073170726,79.79057591623037,412000.0,2520392.0,224.0,72.0,34.0,18.0,0.0,0.0,1.0,168.0
413000.0,13.296875,3.968182718381285E-6,413000.0,78.8,78.77248914593314,-562.4999999999993,78.00829875518673,413000.0,2564720.0,224.0,72.0,34.0,18.0,0.0,0.0,1.0,168.0
414000.0,13.34375,3.999670249565193E-6,414000.0,81.69999999999999,81.66373085964037,-454.5454545454542,80.81761006289308,414000.0,2596568.0,226.0,73.0,35.0,18.0,0.0,0.0,1.0,169.0
415000.0,13.375,4.02096849736861E-6,415000.0,73.4,73.38546846578231,-731.2499999999993,72.82941777323799,415000.0,2634488.0,228.0,74.0,36.0,18.0,0.0,0.0,1.0,170.0
416000.0,13.453125,4.074415741747037E-6,416000.0,78.9,78.88536755971889,-539.3939393939387,78.44739530132789,416000.0,2644464.0,228.0,74.0,36.0,18.0,0.0,0.0,1.0,170.0
417000.0,13.484375,4.095168454417337E-6,417000.0,80.60000000000001,80.59751648210971,-487.8787878787872,80.44354838709677,417000.0,2567008.0,227.0,73.0,34.0,18.0,0.0,0.0,1.0,170.0
418000.0,13.578125,4.158117323337743E-6,418000.0,79.2,79.18334667734189,-433.33333333333275,78.77551020408163,418000.0,2595488.0,231.0,75.0,36.0,18.0,0.0,0.0,1.0,172.0
419000.0,13.625,4.19049475264425E-6,419000.0,82.3,82.29571556316628,-453.12499999999966,82.10313447927199,419000.0,2669952.0,235.0,77.0,38.0,18.0,0.0,0.0,1.0,174.0
420000.0,13.703125,4.245160800767027E-6,420000.0,88.4,88.38969004475975,-189.99999999999972,88.11475409836066,420000.0,2704768.0,235.0,77.0,38.0,18.0,0.0,0.0,1.0,174.0
421000.0,13.765625,4.288901270936346E-6,421000.0,87.2,87.19633815271168,-287.87878787878753,87.05763397371082,421000.0,2705240.0,237.0,78.0,39.0,18.0,0.0,0.0,1.0,175.0
422000.0,13.8125,4.321706623563335E-6,422000.0,84.3,84.29761323721206,-423.333333333333,84.17338709677419,422000.0,2705240.0,237.0,78.0,39.0,18.0,0.0,0.0,1.0,175.0
423000.0,13.859375,4.354511976190324E-6,423000.0,83.1,83.09949298478953,-463.3333333333329,83.04914744232697,423000.0,2705240.0,237.0,78.0,39.0,18.0,0.0,0.0,1.0,175.0
424000.0,13.90625,4.3873435222647245E-6,424000.0,83.6,83.59958998974973,-355.55555555555526,83.51758793969849,424000.0,2707400.0,237.0,78.0,39.0,18.0,0.0,0.0,1.0,175.0
425000.0,13.953125,4.420264223073091E-6,425000.0,84.89999999999999,84.89800653686285,-243.18181818181793,84.7165991902834,425000.0,2714752.0,237.0,78.0,39.0,18.0,0.0,0.0,1.0,175.0
426000.0,14.015625,4.464158490817579E-6,426000.0,83.6,83.59665371735834,-309.9999999999997,83.31637843336725,426000.0,2714752.0,237.0,78.0,39.0,18.0,0.0,0.0,1.0,175.0
427000.0,14.0625,4.497147585627518E-6,427000.0,86.8,86.79498209319542,-339.99999999999966,86.54434250764525,427000.0,2720392.0,237.0,78.0,39.0,18.0,0.0,0.0,1.0,175.0
428000.0,14.125,4.541133045374104E-6,428000.0,90.7,90.69717194026985,-190.62499999999966,90.54878048780488,428000.0,2720392.0,237.0,78.0,39.0,18.0,0.0,0.0,1.0,175.0
429000.0,14.171875,4.5741221401840436E-6,429000.0,92.7,92.69927722844562,-128.12499999999966,92.63370332996973,429000.0,2720392.0,237.0,78.0,39.0,18.0,0.0,0.0,1.0,175.0
430000.0,14.234375,4.618107599930629E-6,430000.0,89.60000000000001,89.59956318165364,-372.72727272727224,89.53722334004024,430000.0,2720392.0,237.0,78.0,39.0,18.0,0.0,0.0,1.0,175.0
431000.0,14.296875,4.662093059677215E-6,431000.0,92.30000000000001,92.29967658641664,-284.99999999999943,92.24572004028198,431000.0,2720392.0,237.0,78.0,39.0,18.0,0.0,0.0,1.0,175.0
432000.0,14.359375,4.7060785194238005E-6,432000.0,91.0,90.99972999189976,-181.24999999999966,90.95477386934674,432000.0,2720392.0,237.0,78.0,39.0,18.0,0.0,0.0,1.0,175.0
433000.0,14.40625,4.73906761423374E-6,433000.0,88.9,88.89968919129736,-258.0645161290319,88.82175226586104,433000.0,2720392.0,237.0,78.0,39.0,18.0,0.0,0.0,1.0,175.0
434000.0,14.453125,4.772082902491091E-6,434000.0,84.5,84.5,-384.37499999999966,84.5,434000.0,2722552.0,237.0,78.0,39.0,18.0,0.0,0.0,1.0,175.0
435000.0,14.5,4.805098190748441E-6,435000.0,82.1,82.1,-477.41935483870935,82.1,435000.0,2722552.0,237.0,78.0,39.0,18.0,0.0,0.0,1.0,175.0
436000.0,14.578125,4.860123671177359E-6,436000.0,79.9,79.9,-593.1034482758613,79.9,436000.0,2722552.0,237.0,78.0,39.0,18.0,0.0,0.0,1.0,175.0
437000.0,14.640625,4.904144055520493E-6,437000.0,80.60000000000001,80.60000000000001,-546.666666666666,80.60000000000001,437000.0,2722552.0,237.0,78.0,39.0,18.0,0.0,0.0,1.0,175.0
438000.0,14.703125,4.948164439863627E-6,438000.0,83.6,83.6,-446.66666666666634,83.6,438000.0,2722552.0,237.0,78.0,39.0,18.0,0.0,0.0,1.0,175.0
439000.0,14.75,4.9811797281209775E-6,439000.0,75.9,75.9,-653.1249999999993,75.9,439000.0,2722552.0,237.0,78.0,39.0,18.0,0.0,0.0,1.0,175.0
440000.0,14.765625,4.992184824206761E-6,440000.0,78.10000000000001,78.10000000000001,-508.3333333333327,78.10000000000001,440000.0,2722552.0,237.0,78.0,39.0,18.0,0.0,0.0,1.0,175.0
441000.0,14.84375,5.047253960381364E-6,441000.0,76.4,76.4,-371.9999999999996,76.4,441000.0,2724712.0,237.0,78.0,39.0,18.0,0.0,0.0,1.0,175.0
442000.0,14.875,5.069257426334336E-6,442000.0,67.9,67.9,-969.9999999999989,67.9,442000.0,2721720.0,239.0,79.0,40.0,18.0,0.0,0.0,1.0,176.0
443000.0,14.921875,5.0976358923233195E-6,443000.0,70.0,70.0,-899.9999999999993,70.0,443000.0,2340184.0,229.0,69.0,29.0,18.0,0.0,0.0,1.0,176.0
444000.0,14.984375,5.136044411402607E-6,444000.0,78.60000000000001,78.60000000000001,-664.2857142857135,78.60000000000001,444000.0,2375472.0,231.0,70.0,30.0,18.0,0.0,0.0,1.0,177.0
445000.0,15.015625,5.155224547100562E-6,445000.0,78.10000000000001,78.10000000000001,-584.3749999999993,78.10000000000001,445000.0,2372488.0,233.0,71.0,31.0,18.0,0.0,0.0,1.0,178.0
446000.0,15.078125,5.194885436341992E-6,446000.0,78.3,78.3,-578.1249999999993,78.3,446000.0,2452928.0,233.0,71.0,31.0,18.0,0.0,0.0,1.0,178.0
447000.0,15.09375,5.20480065865235E-6,447000.0,80.80000000000001,80.80000000000001,-519.3548387096766,80.80000000000001,447000.0,2452928.0,233.0,71.0,31.0,18.0,0.0,0.0,1.0,178.0
448000.0,15.171875,5.254368685806789E-6,448000.0,77.4,77.4,-464.99999999999943,77.4,448000.0,2452528.0,235.0,72.0,32.0,18.0,0.0,0.0,1.0,179.0
449000.0,15.21875,5.2841095020994526E-6,449000.0,82.8,82.8,-454.83870967741905,82.8,449000.0,2452528.0,235.0,72.0,32.0,18.0,0.0,0.0,1.0,179.0
450000.0,15.28125,5.3238619713940535E-6,450000.0,82.6,82.6,-569.2307692307688,82.6,450000.0,2458592.0,235.0,72.0,32.0,18.0,0.0,0.0,1.0,179.0
451000.0,15.328125,5.353676323365004E-6,451000.0,80.4,80.4,-512.4999999999993,80.4,451000.0,2458592.0,235.0,72.0,32.0,18.0,0.0,0.0,1.0,179.0
452000.0,15.375,5.383490675335955E-6,452000.0,84.6,84.6,-413.3333333333329,84.6,452000.0,2458592.0,235.0,72.0,32.0,18.0,0.0,0.0,1.0,179.0
453000.0,15.421875,5.4133050273069055E-6,453000.0,85.0,85.0,-399.99999999999966,85.0,453000.0,2458592.0,235.0,72.0,32.0,18.0,0.0,0.0,1.0,179.0
454000.0,15.46875,5.4435474966238745E-6,454000.0,84.5,84.5,-369.69696969696935,84.5,454000.0,2493896.0,237.0,73.0,33.0,18.0,0.0,0.0,1.0,180.0
455000.0,15.53125,5.484483521690382E-6,455000.0,81.5,81.5,-428.57142857142827,81.5,455000.0,2531792.0,239.0,74.0,34.0,18.0,0.0,0.0,1.0,181.0
456000.0,15.59375,5.52541954675689E-6,456000.0,84.7,84.7,-324.9999999999997,84.7,456000.0,2531792.0,239.0,74.0,34.0,18.0,0.0,0.0,1.0,181.0
457000.0,15.609375,5.5356781295914585E-6,457000.0,84.1,84.1,-318.4210526315787,84.1,457000.0,2537872.0,239.0,74.0,34.0,18.0,0.0,0.0,1.0,181.0
458000.0,15.703125,5.598920753173941E-6,458000.0,83.2,83.2,-354.0540540540538,83.2,458000.0,2607600.0,243.0,76.0,36.0,18.0,0.0,0.0,1.0,183.0
459000.0,15.765625,5.642251312060071E-6,459000.0,84.5,84.5,-318.9189189189186,84.5,459000.0,2679888.0,245.0,77.0,37.0,18.0,0.0,0.0,1.0,184.0
460000.0,15.8125,5.674785902051045E-6,460000.0,85.0,85.0,-435.7142857142853,85.0,460000.0,2682912.0,245.0,77.0,37.0,18.0,0.0,0.0,1.0,184.0
461000.0,15.875,5.7182142498075105E-6,461000.0,85.5,85.5,-367.7419354838706,85.5,461000.0,2685936.0,245.0,77.0,37.0,18.0,0.0,0.0,1.0,184.0
462000.0,15.921875,5.75078551062486E-6,462000.0,84.1,84.1,-412.90322580645125,84.1,462000.0,2685936.0,245.0,77.0,37.0,18.0,0.0,0.0,1.0,184.0
463000.0,15.984375,5.794248782977873E-6,463000.0,84.89999999999999,84.89999999999999,-331.4285714285711,84.89999999999999,463000.0,2688096.0,245.0,77.0,37.0,18.0,0.0,0.0,1.0,184.0
464000.0,16.0,5.805114601066127E-6,464000.0,81.5,81.5,-444.1176470588232,81.5,464000.0,2688096.0,245.0,77.0,37.0,18.0,0.0,0.0,1.0,184.0
465000.0,16.09375,5.871154878857647E-6,465000.0,80.5,80.5,-387.4999999999995,80.5,465000.0,2722952.0,247.0,78.0,38.0,18.0,0.0,0.0,1.0,185.0
466000.0,16.125,5.893422284215273E-6,466000.0,77.0,77.0,-538.8888888888883,77.0,466000.0,2754368.0,249.0,79.0,39.0,18.0,0.0,0.0,1.0,186.0
467000.0,16.234375,5.97129889582801E-6,467000.0,80.9,80.9,-445.7142857142851,80.9,467000.0,2752272.0,251.0,80.0,40.0,18.0,0.0,0.0,1.0,187.0
468000.0,16.265625,5.993591330479828E-6,468000.0,80.5,80.5,-333.33333333333286,80.5,468000.0,2757464.0,251.0,80.0,40.0,18.0,0.0,0.0,1.0,187.0
469000.0,16.328125,6.038323012439325E-6,469000.0,81.3,81.3,-334.8837209302323,81.3,469000.0,2766544.0,251.0,80.0,40.0,18.0,0.0,0.0,1.0,187.0
470000.0,16.375,6.071987122090324E-6,470000.0,81.8,81.8,-304.44444444444423,81.8,470000.0,2776056.0,251.0,80.0,40.0,18.0,0.0,0.0,1.0,187.0
471000.0,16.421875,6.106068871708378E-6,471000.0,80.60000000000001,80.60000000000001,-273.07692307692264,80.60000000000001,471000.0,2810496.0,253.0,81.0,41.0,18.0,0.0,0.0,1.0,188.0
472000.0,16.5,6.163688958622513E-6,472000.0,77.10000000000001,77.10000000000001,-275.4098360655734,77.10000000000001,472000.0,2850928.0,253.0,81.0,41.0,18.0,0.0,0.0,1.0,188.0
473000.0,16.5625,6.209819952750369E-6,473000.0,75.4,75.4,-331.57894736842064,75.4,473000.0,2853088.0,253.0,81.0,41.0,18.0,0.0,0.0,1.0,188.0
474000.0,16.609375,6.244418198346261E-6,474000.0,73.6,73.6,-449.99999999999955,73.6,474000.0,2853088.0,253.0,81.0,41.0,18.0,0.0,0.0,1.0,188.0
475000.0,16.640625,6.267754684409331E-6,475000.0,74.0,74.0,-399.99999999999955,74.0,475000.0,2886608.0,253.0,81.0,41.0,18.0,0.0,0.0,1.0,188.0
476000.0,16.734375,6.33776414259854E-6,476000.0,70.39999999999999,70.39999999999999,-469.23076923076883,70.39999999999999,476000.0,2886608.0,253.0,81.0,41.0,18.0,0.0,0.0,1.0,188.0
477000.0,16.8125,6.3967828302540685E-6,477000.0,63.0,63.0,-611.5384615384609,63.0,477000.0,2920128.0,253.0,81.0,41.0,18.0,0.0,0.0,1.0,188.0
478000.0,16.875,6.443997780378491E-6,478000.0,57.49999999999999,57.49999999999999,-717.3076923076916,57.49999999999999,478000.0,2920128.0,253.0,81.0,41.0,18.0,0.0,0.0,1.0,188.0
479000.0,16.90625,6.467605255440703E-6,479000.0,55.800000000000004,55.800000000000004,-689.2857142857135,55.800000000000004,479000.0,2920128.0,253.0,81.0,41.0,18.0,0.0,0.0,1.0,188.0
480000.0,16.96875,6.514820205565125E-6,480000.0,56.10000000000001,56.10000000000001,-777.9999999999991,56.10000000000001,480000.0,2920128.0,253.0,81.0,41.0,18.0,0.0,0.0,1.0,188.0
481000.0,17.03125,6.562084050124715E-6,481000.0,66.5,66.5,-758.9743589743581,66.5,481000.0,2923152.0,253.0,81.0,41.0,18.0,0.0,0.0,1.0,188.0
482000.0,17.109375,6.621163855824203E-6,482000.0,66.4,66.4,-719.5121951219504,66.4,482000.0,2923152.0,253.0,81.0,41.0,18.0,0.0,0.0,1.0,188.0
483000.0,17.15625,6.650904187053025E-6,483000.0,80.7,80.7,-484.84848484848413,80.7,483000.0,2452488.0,243.0,70.0,29.0,18.0,0.0,0.0,1.0,189.0
484000.0,17.203125,6.680644518281848E-6,484000.0,87.5,87.5,-316.6666666666663,87.5,484000.0,2452488.0,243.0,70.0,29.0,18.0,0.0,0.0,1.0,189.0
485000.0,17.265625,6.720966646551255E-6,485000.0,90.9,90.9,-237.0370370370366,90.9,485000.0,2493824.0,245.0,71.0,30.0,18.0,0.0,0.0,1.0,190.0
486000.0,17.3125,6.7516571208317215E-6,486000.0,94.89999999999999,94.89999999999999,-75.86206896551724,94.89999999999999,486000.0,2530840.0,247.0,72.0,31.0,18.0,0.0,0.0,1.0,191.0
487000.0,17.359375,6.7819512979541355E-6,487000.0,86.3,86.3,-522.7272727272722,86.3,487000.0,2498160.0,247.0,71.0,29.0,18.0,0.0,0.0,1.0,192.0
488000.0,17.40625,6.812297861971372E-6,488000.0,84.1,84.1,-488.88888888888846,84.1,488000.0,2502480.0,247.0,71.0,29.0,18.0,0.0,0.0,1.0,192.0
489000.0,17.484375,6.862936910086619E-6,489000.0,81.39999999999999,81.39999999999999,-376.9230769230767,81.39999999999999,489000.0,2505520.0,247.0,71.0,29.0,18.0,0.0,0.0,1.0,192.0
490000.0,17.53125,6.893748359289017E-6,490000.0,77.5,77.5,-703.5714285714278,77.5,490000.0,2540816.0,249.0,72.0,30.0,18.0,0.0,0.0,1.0,193.0
491000.0,17.59375,6.930993371901824E-6,491000.0,82.39999999999999,82.39999999999999,-486.6666666666663,82.39999999999999,491000.0,2303512.0,243.0,66.0,23.0,18.0,0.0,0.0,1.0,193.0
492000.0,17.625,6.9496158782082275E-6,492000.0,77.2,77.2,-516.2162162162156,77.2,492000.0,2303512.0,243.0,66.0,23.0,18.0,0.0,0.0,1.0,193.0
493000.0,17.65625,6.968513189349321E-6,493000.0,74.9,74.9,-373.58490566037693,74.9,493000.0,2337504.0,245.0,67.0,24.0,18.0,0.0,0.0,1.0,194.0
494000.0,17.703125,6.996958788173892E-6,494000.0,80.4,80.4,-429.7297297297291,80.4,494000.0,2345720.0,245.0,67.0,24.0,18.0,0.0,0.0,1.0,194.0
495000.0,17.75,7.025404386998462E-6,495000.0,75.4,75.4,-472.0930232558135,75.4,495000.0,2345720.0,245.0,67.0,24.0,18.0,0.0,0.0,1.0,194.0
496000.0,17.796875,7.0538867536621765E-6,496000.0,77.9,77.9,-513.8888888888883,77.9,496000.0,2348752.0,245.0,67.0,24.0,18.0,0.0,0.0,1.0,194.0
497000.0,17.84375,7.082369120325891E-6,497000.0,76.1,76.1,-497.49999999999943,76.1,497000.0,2348752.0,245.0,67.0,24.0,18.0,0.0,0.0,1.0,194.0
498000.0,17.875,7.101357364768367E-6,498000.0,71.2,71.2,-619.9999999999994,71.2,498000.0,2348752.0,245.0,67.0,24.0,18.0,0.0,0.0,1.0,194.0
499000.0,17.9375,7.139334629755464E-6,499000.0,65.10000000000001,65.10000000000001,-818.421052631578,65.03006012024048,499000.0,2348800.0,247.0,68.0,25.0,18.0,0.0,0.0,1.0,195.0
500000.0,17.984375,7.168667701383429E-6,500000.0,77.5,77.49966249493743,-378.7234042553187,77.38693467336684,500000.0,2418904.0,249.0,69.0,26.0,18.0,0.0,0.0,1.0,196.0
501000.0,18.03125,7.198000773011394E-6,501000.0,78.9,78.8999155996624,-441.0256410256404,78.85771543086173,501000.0,2418904.0,249.0,69.0,26.0,18.0,0.0,0.0,1.0,196.0
502000.0,18.078125,7.227333844639359E-6,502000.0,81.3,81.29970079521271,-345.238095238095,81.22489959839358,502000.0,2418904.0,249.0,69.0,26.0,18.0,0.0,0.0,1.0,196.0
503000.0,18.09375,7.237235032435919E-6,503000.0,82.1,82.09978519742236,-371.05263157894706,82.0281124497992,503000.0,2449456.0,251.0,70.0,27.0,18.0,0.0,0.0,1.0,197.0
504000.0,18.171875,7.286740971418717E-6,504000.0,83.3,83.29849686471782,-438.7096774193544,83.14833501513623,504000.0,2449456.0,251.0,70.0,27.0,18.0,0.0,0.0,1.0,197.0
505000.0,18.234375,7.325134485856525E-6,505000.0,83.1,83.0981407954875,-482.7586206896548,82.92929292929293,505000.0,2374544.0,250.0,68.0,24.0,18.0,0.0,0.0,1.0,198.0
506000.0,18.3125,7.374587876256554E-6,506000.0,84.39999999999999,84.39968799375987,-419.99999999999966,84.33734939759036,506000.0,2446856.0,254.0,70.0,26.0,18.0,0.0,0.0,1.0,200.0
507000.0,18.375,7.414172060735936E-6,507000.0,85.39999999999999,85.39967879293344,-440.7407407407403,85.2376137512639,507000.0,2448184.0,256.0,71.0,27.0,18.0,0.0,0.0,1.0,201.0
508000.0,18.421875,7.444324987267867E-6,508000.0,86.5,86.5,-321.87499999999966,86.30831643002028,508000.0,2486512.0,258.0,72.0,28.0,18.0,0.0,0.0,1.0,202.0
509000.0,18.46875,7.474937366269941E-6,509000.0,82.1,82.1,-442.4242424242421,81.91919191919192,509000.0,2524400.0,260.0,73.0,29.0,18.0,0.0,0.0,1.0,203.0
510000.0,18.515625,7.505930617399927E-6,510000.0,86.4,86.4,-288.57142857142827,86.24873609706775,510000.0,2555808.0,262.0,74.0,30.0,18.0,0.0,0.0,1.0,204.0
511000.0,18.578125,7.547303846675074E-6,511000.0,87.9,87.9,-195.1219512195119,87.8147029204431,511000.0,2558832.0,262.0,74.0,30.0,18.0,0.0,0.0,1.0,204.0
512000.0,18.625,7.578370536470578E-6,512000.0,87.6,87.6,-202.43902439024365,87.4239350912779,512000.0,2561864.0,262.0,74.0,30.0,18.0,0.0,0.0,1.0,204.0
513000.0,18.6875,7.620892267570726E-6,513000.0,85.7,85.7,-240.4761904761902,85.48223350253808,513000.0,2629864.0,266.0,76.0,32.0,18.0,0.0,0.0,1.0,206.0
514000.0,18.75,7.663413998670875E-6,514000.0,83.89999999999999,83.89999999999999,-257.77777777777754,83.67139959432049,514000.0,2629864.0,266.0,76.0,32.0,18.0,0.0,0.0,1.0,206.0
515000.0,18.796875,7.695717504248022E-6,515000.0,84.2,84.2,-222.44897959183652,83.9430894308943,515000.0,2663856.0,268.0,77.0,33.0,18.0,0.0,0.0,1.0,207.0
516000.0,18.84375,7.728490745648741E-6,516000.0,86.9,86.9,-227.49999999999972,86.76767676767678,516000.0,2702592.0,270.0,78.0,34.0,18.0,0.0,0.0,1.0,208.0
517000.0,18.875,7.750357035547495E-6,517000.0,91.0,91.0,-136.8421052631576,90.91826437941474,517000.0,2704752.0,270.0,78.0,34.0,18.0,0.0,0.0,1.0,208.0
518000.0,18.984375,7.82902071174855E-6,518000.0,89.7,89.7,-164.1025641025638,89.5959595959596,518000.0,2780088.0,274.0,80.0,36.0,18.0,0.0,0.0,1.0,210.0
519000.0,19.03125,7.862733715834717E-6,519000.0,89.8,89.8,-131.81818181818156,89.68655207280081,519000.0,2780088.0,274.0,80.0,36.0,18.0,0.0,0.0,1.0,210.0
520000.0,19.09375,7.907803131577868E-6,520000.0,86.2,86.2,-263.1578947368418,86.15847542627884,520000.0,2787432.0,274.0,80.0,36.0,18.0,0.0,0.0,1.0,210.0
521000.0,19.125,7.930337839449445E-6,521000.0,86.0,86.0,-337.49999999999966,85.97194388777555,521000.0,2787432.0,274.0,80.0,36.0,18.0,0.0,0.0,1.0,210.0
522000.0,19.1875,7.97545640832848E-6,522000.0,86.2,86.2,-430.7692307692303,86.2,522000.0,2790472.0,274.0,80.0,36.0,18.0,0.0,0.0,1.0,210.0
523000.0,19.25,8.020574977207515E-6,523000.0,90.3,90.3,-212.90322580645125,90.3,523000.0,2790472.0,274.0,80.0,36.0,18.0,0.0,0.0,1.0,210.0
524000.0,19.3125,8.06615261050562E-6,524000.0,88.3,88.3,-277.4193548387093,88.3,524000.0,2818864.0,276.0,81.0,37.0,18.0,0.0,0.0,1.0,211.0
525000.0,19.359375,8.100372700331111E-6,525000.0,90.2,90.2,-249.9999999999996,90.2,525000.0,2821904.0,276.0,81.0,37.0,18.0,0.0,0.0,1.0,211.0
526000.0,19.390625,8.123228067739141E-6,526000.0,89.9,89.9,-359.0909090909086,89.9,526000.0,2827096.0,276.0,81.0,37.0,18.0,0.0,0.0,1.0,211.0
527000.0,19.453125,8.169460343196987E-6,527000.0,93.8,93.8,-210.0,93.8,527000.0,2859352.0,278.0,82.0,38.0,18.0,0.0,0.0,1.0,212.0
528000.0,19.515625,8.21560970507562E-6,528000.0,97.1,97.1,-61.111111111111114,97.1,528000.0,2854224.0,280.0,83.0,39.0,18.0,0.0,0.0,1.0,213.0
529000.0,19.578125,8.262280736946397E-6,529000.0,95.89999999999999,95.89999999999999,-192.85714285714286,95.89999999999999,529000.0,2886488.0,282.0,84.0,40.0,18.0,0.0,0.0,1.0,214.0
530000.0,19.59375,8.27394849491409E-6,530000.0,95.39999999999999,95.39999999999999,-206.66666666666669,95.39999999999999,530000.0,2886488.0,282.0,84.0,40.0,18.0,0.0,0.0,1.0,214.0
531000.0,19.703125,8.355807739361707E-6,531000.0,91.9,91.9,-439.99999999999926,91.9,531000.0,2893024.0,284.0,85.0,41.0,18.0,0.0,0.0,1.0,215.0
532000.0,19.734375,8.37945692991424E-6,532000.0,94.19999999999999,94.19999999999999,-480.0,94.19999999999999,532000.0,2925288.0,286.0,86.0,42.0,18.0,0.0,0.0,1.0,216.0
533000.0,19.828125,8.450404501571838E-6,533000.0,94.69999999999999,94.69999999999999,-278.57142857142856,94.69999999999999,533000.0,2925288.0,286.0,86.0,42.0,18.0,0.0,0.0,1.0,216.0
534000.0,19.84375,8.462378690536651E-6,534000.0,95.19999999999999,95.19999999999999,-242.85714285714283,95.19999999999999,534000.0,2962296.0,288.0,87.0,43.0,18.0,0.0,0.0,1.0,217.0
535000.0,19.9375,8.53438098501E-6,535000.0,91.2,91.2,-203.44827586206858,91.2,535000.0,2968776.0,288.0,87.0,43.0,18.0,0.0,0.0,1.0,217.0
536000.0,19.96875,8.55838174983445E-6,536000.0,94.19999999999999,94.19999999999999,-81.25,94.19999999999999,536000.0,2968776.0,288.0,87.0,43.0,18.0,0.0,0.0,1.0,217.0
537000.0,20.046875,8.619035749385753E-6,537000.0,86.3,86.3,-191.48936170212744,86.3,537000.0,3001040.0,290.0,88.0,44.0,18.0,0.0,0.0,1.0,218.0
538000.0,20.09375,8.655454342563945E-6,538000.0,80.30000000000001,80.30000000000001,-286.27450980392115,80.30000000000001,538000.0,3003200.0,290.0,88.0,44.0,18.0,0.0,0.0,1.0,218.0
539000.0,20.1875,8.729147375561296E-6,539000.0,66.9,66.9,-707.317073170731,66.9,539000.0,3038488.0,292.0,89.0,45.0,18.0,0.0,0.0,1.0,219.0
540000.0,20.234375,8.765993892059972E-6,540000.0,64.1,64.1,-1280.7692307692294,64.1,540000.0,3038488.0,292.0,89.0,45.0,18.0,0.0,0.0,1.0,219.0
541000.0,20.296875,8.815637136447347E-6,541000.0,69.1,69.1,-1444.9999999999989,69.1,541000.0,3070312.0,294.0,90.0,46.0,18.0,0.0,0.0,1.0,220.0
542000.0,20.34375,8.85284910004379E-6,542000.0,80.4,80.4,-988.8888888888877,80.4,542000.0,3068624.0,296.0,91.0,47.0,18.0,0.0,0.0,1.0,221.0
543000.0,20.40625,8.902465051505715E-6,543000.0,87.6,87.6,-519.9999999999994,87.6,543000.0,3068624.0,296.0,91.0,47.0,18.0,0.0,0.0,1.0,221.0
544000.0,20.4375,8.927290489534951E-6,544000.0,88.3,88.3,-172.0930232558137,88.3,544000.0,3070784.0,296.0,91.0,47.0,18.0,0.0,0.0,1.0,221.0
545000.0,20.515625,8.989397740353727E-6,545000.0,85.7,85.7,-276.31578947368394,85.7,545000.0,3072944.0,296.0,91.0,47.0,18.0,0.0,0.0,1.0,221.0
546000.0,20.5625,9.026662090844992E-6,546000.0,86.8,86.8,-277.1428571428568,86.8,546000.0,3072944.0,296.0,91.0,47.0,18.0,0.0,0.0,1.0,221.0
547000.0,20.640625,9.088639182866448E-6,547000.0,86.7,86.7,-374.9999999999996,86.7,547000.0,3066504.0,298.0,92.0,47.0,18.0,0.0,0.0,1.0,222.0
548000.0,20.6875,9.126263741766E-6,548000.0,81.5,81.5,-460.6060606060603,81.5,548000.0,3102648.0,300.0,93.0,48.0,18.0,0.0,0.0,1.0,223.0
549000.0,20.78125,9.20241080974746E-6,549000.0,67.80000000000001,67.80000000000001,-1594.7368421052613,67.80000000000001,549000.0,3139672.0,302.0,94.0,49.0,18.0,0.0,0.0,1.0,224.0
550000.0,20.84375,9.25312740340208E-6,550000.0,77.3,77.3,-710.714285714285,77.3,550000.0,3136696.0,304.0,95.0,50.0,18.0,0.0,0.0,1.0,225.0
551000.0,20.90625,9.304366184450273E-6,551000.0,89.2,89.2,-369.56521739130386,89.2,551000.0,3168992.0,308.0,97.0,52.0,18.0,0.0,0.0,1.0,227.0
552000.0,20.96875,9.35619609663263E-6,552000.0,93.60000000000001,93.60000000000001,-178.26086956521692,93.60000000000001,552000.0,3205552.0,308.0,97.0,52.0,18.0,0.0,0.0,1.0,227.0
553000.0,21.015625,9.395126156353702E-6,553000.0,90.60000000000001,90.60000000000001,-275.99999999999955,90.60000000000001,553000.0,3210304.0,308.0,97.0,52.0,18.0,0.0,0.0,1.0,227.0
554000.0,21.046875,9.421121503692121E-6,554000.0,89.5,89.5,-218.18181818181785,89.5,554000.0,3215496.0,308.0,97.0,52.0,18.0,0.0,0.0,1.0,227.0
555000.0,21.140625,9.494375068849574E-6,555000.0,79.3,79.3,-381.39534883720876,79.0273556231003,555000.0,3020368.0,302.0,91.0,45.0,18.0,0.0,0.0,1.0,227.0
556000.0,21.203125,9.543788198950804E-6,556000.0,81.5,81.49722458368754,-413.8888888888886,81.31313131313131,556000.0,3056080.0,304.0,92.0,46.0,18.0,0.0,0.0,1.0,228.0
557000.0,21.28125,9.608241218504393E-6,557000.0,83.2,83.19991599958,-499.99999999999966,83.11557788944724,557000.0,3189008.0,310.0,95.0,49.0,18.0,0.0,0.0,1.0,231.0
558000.0,21.328125,9.647070481959317E-6,558000.0,79.4,79.4,-758.3333333333325,79.4,558000.0,3201992.0,310.0,95.0,49.0,18.0,0.0,0.0,1.0,231.0
559000.0,21.40625,9.71252612847214E-6,559000.0,72.39999999999999,72.39696366600326,-589.9999999999994,72.09302325581395,559000.0,3238616.0,312.0,96.0,50.0,18.0,0.0,0.0,1.0,232.0
560000.0,21.46875,9.76558060048976E-6,560000.0,76.9,76.89979209812888,-352.9411764705878,76.87687687687688,560000.0,3281288.0,316.0,98.0,52.0,18.0,0.0,0.0,1.0,234.0
561000.0,21.53125,9.818677628775025E-6,561000.0,78.0,78.0,-339.99999999999955,78.0,561000.0,3283920.0,318.0,99.0,53.0,18.0,0.0,0.0,1.0,235.0
562000.0,21.625,9.899514487996285E-6,562000.0,79.0,79.0,-262.068965517241,79.0,562000.0,3333040.0,324.0,102.0,56.0,18.0,0.0,0.0,1.0,238.0
563000.0,21.671875,9.940407892119969E-6,563000.0,86.6,86.6,-243.5897435897433,86.6,563000.0,3372208.0,326.0,103.0,57.0,18.0,0.0,0.0,1.0,239.0
564000.0,21.75,1.0008607221405127E-5,564000.0,79.80000000000001,79.80000000000001,-512.1212121212114,79.80000000000001,564000.0,3374368.0,326.0,103.0,57.0,18.0,0.0,0.0,1.0,239.0
565000.0,21.796875,1.0048591324852574E-5,565000.0,90.4,90.4,-118.18181818181792,90.4,565000.0,3297224.0,323.0,100.0,53.0,18.0,0.0,0.0,1.0,239.0
566000.0,21.875,1.0115241036853858E-5,566000.0,86.9,86.9,-178.7234042553189,86.9,566000.0,3297696.0,325.0,101.0,54.0,18.0,0.0,0.0,1.0,240.0
567000.0,21.90625,1.0141894260110956E-5,567000.0,84.5,84.5,-307.894736842105,84.5,567000.0,3296872.0,327.0,102.0,55.0,18.0,0.0,0.0,1.0,241.0
568000.0,22.0,1.0221990135808788E-5,568000.0,79.9,79.9,-318.74999999999955,79.9,568000.0,3302488.0,327.0,102.0,55.0,18.0,0.0,0.0,1.0,241.0
569000.0,22.03125,1.024869296492802E-5,569000.0,84.1,84.1,-205.76923076923057,84.1,569000.0,3303008.0,329.0,103.0,56.0,18.0,0.0,0.0,1.0,242.0
570000.0,22.15625,1.0357778001990586E-5,570000.0,91.8,91.8,-43.85964912280682,91.8,570000.0,3373320.0,339.0,108.0,61.0,18.0,0.0,0.0,1.0,247.0
571000.0,22.234375,1.0427690900137857E-5,571000.0,90.8,90.8,-37.31343283582096,90.8,571000.0,3459152.0,343.0,110.0,63.0,18.0,0.0,0.0,1.0,249.0
572000.0,22.296875,1.0484507139254776E-5,572000.0,88.5,88.5,-35.29411764705887,88.5,572000.0,3513944.0,345.0,111.0,64.0,18.0,0.0,0.0,1.0,250.0
573000.0,22.359375,1.0542110604647962E-5,573000.0,79.80000000000001,79.80000000000001,-112.63157894736844,79.80000000000001,573000.0,3562632.0,345.0,111.0,64.0,18.0,0.0,0.0,1.0,250.0
574000.0,22.421875,1.0600279848505226E-5,574000.0,86.9,86.9,-92.64705882352956,86.9,574000.0,3597624.0,349.0,113.0,66.0,18.0,0.0,0.0,1.0,252.0
575000.0,22.5,1.0667724903517714E-5,575000.0,86.8,86.8,-144.44444444444423,86.8,575000.0,3337048.0,340.0,105.0,53.0,18.0,0.0,0.0,1.0,254.0
576000.0,22.515625,1.0681231376818485E-5,576000.0,85.6,85.6,-118.18181818181839,85.6,576000.0,3341368.0,340.0,105.0,53.0,18.0,0.0,0.0,1.0,254.0
577000.0,22.609375,1.0762270216623115E-5,577000.0,84.8,84.8,-108.21917808219195,84.8,577000.0,3341368.0,340.0,105.0,53.0,18.0,0.0,0.0,1.0,254.0
578000.0,22.6875,1.0829802583126973E-5,578000.0,97.1,97.1,39.58333333333333,97.1,578000.0,3341368.0,340.0,105.0,53.0,18.0,0.0,0.0,1.0,254.0
579000.0,22.75,1.0884434741456062E-5,579000.0,89.8,89.8,-131.81818181818156,89.8,579000.0,3378864.0,342.0,106.0,54.0,18.0,0.0,0.0,1.0,255.0
580000.0,22.796875,1.0925445531029255E-5,580000.0,72.5,72.5,-623.6842105263153,72.5,580000.0,3381888.0,342.0,106.0,54.0,18.0,0.0,0.0,1.0,255.0
581000.0,22.859375,1.096952257082901E-5,581000.0,97.3,97.3,-35.0,97.3,581000.0,2726056.0,321.0,84.0,31.0,18.0,0.0,0.0,1.0,256.0
581012.0,22.890625,1.0991561090728889E-5,581012.0,97.6,97.6,-20.0,97.6,581012.0,2726056.0,321.0,84.0,31.0,18.0,0.0,0.0,1.0,256.0
