learning evaluation instances,evaluation time (cpu seconds),model cost (RAM-Hours),classified instances,classifications correct (percent),Kappa Statistic (percent),Kappa Temporal Statistic (percent),Kappa M Statistic (percent),model training instances,model serialized size (bytes),tree size (nodes),tree size (leaves),active learning leaves,tree depth,active leaf byte size estimate,inactive leaf byte size estimate,byte size estimate overhead,splits
1000.0,0.015625,3.094060553444756E-10,1000.0,65.10000000000001,64.24169336586077,15.291262135922343,56.96670776818743,1000.0,76544.0,3.0,2.0,2.0,1.0,0.0,0.0,1.0,1.0
2000.0,0.015625,3.094060553444756E-10,2000.0,69.5,66.02356516401706,41.23314065510596,54.54545454545453,2000.0,137520.0,7.0,4.0,4.0,3.0,0.0,0.0,1.0,3.0
3000.0,0.078125,4.255368063847223E-9,3000.0,71.5,69.83743967487935,26.73521850899742,61.48648648648648,3000.0,244048.0,15.0,8.0,8.0,5.0,0.0,0.0,1.0,7.0
4000.0,0.109375,7.72027609248956E-9,4000.0,73.5,73.35371187821139,5.01792114695341,70.87912087912088,4000.0,428592.0,21.0,11.0,11.0,6.0,0.0,0.0,1.0,10.0
5000.0,0.171875,1.4789790535966554E-8,5000.0,75.3,75.22942864220164,27.777777777777775,73.23943661971832,5000.0,437232.0,21.0,11.0,11.0,6.0,0.0,0.0,1.0,10.0
6000.0,0.171875,1.4789790535966554E-8,6000.0,60.199999999999996,60.17283787543104,13.665943600867669,58.92672858617131,6000.0,483280.0,21.0,11.0,11.0,6.0,0.0,0.0,1.0,10.0
7000.0,0.21875,1.7967540770769116E-8,7000.0,57.49999999999999,56.05281934089569,12.73100616016426,47.852760736196316,7000.0,262048.0,19.0,6.0,5.0,3.0,0.0,0.0,1.0,13.0
8000.0,0.25,2.0424615488284162E-8,8000.0,66.8,65.25357563731431,27.352297592997814,59.16359163591637,8000.0,303928.0,25.0,9.0,8.0,4.0,0.0,0.0,1.0,16.0
9000.0,0.25,2.0424615488284162E-8,9000.0,63.4,60.65366517559107,29.069767441860467,52.8957528957529,9000.0,389560.0,25.0,9.0,8.0,4.0,0.0,0.0,1.0,16.0
10000.0,0.25,2.0424615488284162E-8,10000.0,75.3,75.3,39.16256157635468,75.0,10000.0,389560.0,25.0,9.0,8.0,4.0,0.0,0.0,1.0,16.0
11000.0,0.25,2.0424615488284162E-8,11000.0,62.7,62.55869652066901,20.806794055201692,61.2668743509865,11000.0,389560.0,25.0,9.0,8.0,4.0,0.0,0.0,1.0,16.0
12000.0,0.25,2.0424615488284162E-8,12000.0,65.3,64.70847881339125,26.6384778012685,59.1283863368669,12000.0,434880.0,29.0,11.0,10.0,5.0,0.0,0.0,1.0,18.0
13000.0,0.25,2.0424615488284162E-8,13000.0,64.4,64.05075306603655,29.644268774703562,58.36257309941521,13000.0,529792.0,33.0,13.0,12.0,5.0,0.0,0.0,1.0,20.0
14000.0,0.3125,2.8949838856028185E-8,14000.0,64.4,63.598363153363366,44.20062695924765,58.459743290548424,14000.0,527264.0,35.0,14.0,13.0,6.0,0.0,0.0,1.0,21.0
15000.0,0.328125,3.111083060503006E-8,15000.0,71.6,71.21625511316876,50.17543859649122,68.40934371523916,15000.0,534608.0,35.0,14.0,13.0,6.0,0.0,0.0,1.0,21.0
16000.0,0.359375,3.62151897408896E-8,16000.0,81.39999999999999,81.39307822509974,-111.36363636363652,80.8049535603715,16000.0,631384.0,39.0,16.0,15.0,7.0,0.0,0.0,1.0,23.0
17000.0,0.40625,4.4467386841360064E-8,17000.0,82.0,81.96201199726623,-267.34693877551,80.41349292709467,17000.0,680504.0,41.0,17.0,16.0,7.0,0.0,0.0,1.0,24.0
18000.0,0.4375,4.996885157500704E-8,18000.0,85.0,84.91285666006856,-399.99999999999966,83.76623376623377,18000.0,680504.0,41.0,17.0,16.0,7.0,0.0,0.0,1.0,24.0
19000.0,0.46875,5.5470316308654016E-8,19000.0,80.9,80.83872223370338,-768.1818181818172,80.12486992715921,19000.0,680504.0,41.0,17.0,16.0,7.0,0.0,0.0,1.0,24.0
20000.0,0.5,6.0971781042301E-8,20000.0,79.0,78.98732935960385,-899.999999999999,78.80928355196771,20000.0,680504.0,41.0,17.0,16.0,7.0,0.0,0.0,1.0,24.0
21000.0,0.546875,6.997078243229125E-8,21000.0,83.5,83.5,-534.6153846153842,83.5,21000.0,742088.0,49.0,21.0,20.0,7.0,0.0,0.0,1.0,28.0
22000.0,0.578125,7.62066984963086E-8,22000.0,88.9,88.9,-909.0909090909081,88.9,22000.0,771352.0,53.0,23.0,22.0,9.0,0.0,0.0,1.0,30.0
23000.0,0.625,8.270247942871518E-8,23000.0,91.2,91.2,-449.9999999999993,91.2,23000.0,535664.0,47.0,15.0,13.0,5.0,0.0,0.0,1.0,32.0
24000.0,0.65625,8.703300005031956E-8,24000.0,89.4,89.4,-292.59259259259215,89.4,24000.0,535664.0,47.0,15.0,13.0,5.0,0.0,0.0,1.0,32.0
25000.0,0.671875,8.919826036112176E-8,25000.0,92.80000000000001,92.80000000000001,-227.27272727272677,92.80000000000001,25000.0,535664.0,47.0,15.0,13.0,5.0,0.0,0.0,1.0,32.0
26000.0,0.703125,9.380707827707131E-8,26000.0,94.19999999999999,94.19999999999999,-100.0,94.19999999999999,26000.0,570088.0,49.0,16.0,14.0,6.0,0.0,0.0,1.0,33.0
27000.0,0.734375,9.836344462301996E-8,27000.0,94.39999999999999,94.39999999999999,-100.0,94.39999999999999,27000.0,563600.0,50.0,16.0,13.0,6.0,0.0,0.0,1.0,34.0
28000.0,0.734375,9.836344462301996E-8,28000.0,87.0,87.0,-182.60869565217368,87.0,28000.0,589880.0,54.0,18.0,15.0,6.0,0.0,0.0,1.0,36.0
29000.0,0.78125,1.0551668108544416E-7,29000.0,86.8,86.8,-288.23529411764673,86.8,29000.0,589880.0,54.0,18.0,15.0,6.0,0.0,0.0,1.0,36.0
30000.0,0.796875,1.0790109323958556E-7,30000.0,90.3,90.3,-212.90322580645125,90.3,30000.0,589880.0,54.0,18.0,15.0,6.0,0.0,0.0,1.0,36.0
31000.0,0.8125,1.1029776134010818E-7,31000.0,84.89999999999999,84.89999999999999,-268.292682926829,84.89999999999999,31000.0,592912.0,54.0,18.0,15.0,6.0,0.0,0.0,1.0,36.0
32000.0,0.859375,1.1748776564167605E-7,32000.0,88.7,88.7,-232.35294117647024,88.7,32000.0,592912.0,54.0,18.0,15.0,6.0,0.0,0.0,1.0,36.0
33000.0,0.890625,1.2131323779208791E-7,33000.0,85.8,85.8,-294.4444444444442,85.8,33000.0,473192.0,52.0,15.0,11.0,5.0,0.0,0.0,1.0,37.0
34000.0,0.921875,1.2513870994249978E-7,34000.0,82.89999999999999,82.89999999999999,-317.0731707317071,82.89999999999999,34000.0,473192.0,52.0,15.0,11.0,5.0,0.0,0.0,1.0,37.0
35000.0,0.9375,1.2720091035589574E-7,35000.0,87.2,87.2,-299.99999999999966,87.1356783919598,35000.0,510168.0,52.0,15.0,11.0,5.0,0.0,0.0,1.0,37.0
36000.0,0.96875,1.3132531118268765E-7,36000.0,85.9,85.9,-354.838709677419,85.82914572864323,36000.0,510168.0,52.0,15.0,11.0,5.0,0.0,0.0,1.0,37.0
37000.0,1.015625,1.388275025722881E-7,37000.0,89.3,89.29989299892999,-345.83333333333286,89.19191919191918,37000.0,618656.0,60.0,19.0,15.0,6.0,0.0,0.0,1.0,41.0
38000.0,1.03125,1.4148122217092247E-7,38000.0,93.30000000000001,93.30000000000001,-252.63157894736784,93.30000000000001,38000.0,656504.0,60.0,19.0,15.0,6.0,0.0,0.0,1.0,41.0
39000.0,1.078125,1.4944810472014874E-7,39000.0,97.2,97.2,-180.0,97.2,39000.0,656976.0,62.0,20.0,16.0,6.0,0.0,0.0,1.0,42.0
40000.0,1.09375,1.521037322365575E-7,40000.0,95.89999999999999,95.89999999999999,-925.0,95.89999999999999,40000.0,656976.0,62.0,20.0,16.0,6.0,0.0,0.0,1.0,42.0
41000.0,1.125,1.5741498726937502E-7,41000.0,96.0,96.0,-566.6666666666667,96.0,41000.0,656976.0,62.0,20.0,16.0,6.0,0.0,0.0,1.0,42.0
42000.0,1.15625,1.6272624230219256E-7,42000.0,91.10000000000001,91.10000000000001,-584.6153846153837,91.10000000000001,42000.0,656976.0,62.0,20.0,16.0,6.0,0.0,0.0,1.0,42.0
43000.0,1.171875,1.6552260300765433E-7,43000.0,90.5,90.5,-533.3333333333326,90.5,43000.0,691792.0,62.0,20.0,16.0,6.0,0.0,0.0,1.0,42.0
44000.0,1.203125,1.7111532441857787E-7,44000.0,90.7,90.7,-519.9999999999992,90.7,44000.0,691792.0,62.0,20.0,16.0,6.0,0.0,0.0,1.0,42.0
45000.0,1.25,1.7855445750885538E-7,45000.0,92.10000000000001,92.10000000000001,-276.19047619047564,92.10000000000001,45000.0,613456.0,63.0,19.0,14.0,7.0,0.0,0.0,1.0,44.0
46000.0,1.25,1.7855445750885538E-7,46000.0,94.0,94.0,-328.57142857142856,94.0,46000.0,651296.0,63.0,19.0,14.0,7.0,0.0,0.0,1.0,44.0
47000.0,1.296875,1.8688038431314957E-7,47000.0,96.7,96.7,-229.99999999999997,96.7,47000.0,686584.0,65.0,20.0,15.0,8.0,0.0,0.0,1.0,45.0
48000.0,1.34375,1.9606215775840811E-7,48000.0,98.3,98.3,-183.33333333333331,98.3,48000.0,757160.0,69.0,22.0,17.0,9.0,0.0,0.0,1.0,47.0
49000.0,1.375,2.022077872728308E-7,49000.0,98.3,98.3,-112.5,98.3,49000.0,760184.0,69.0,22.0,17.0,9.0,0.0,0.0,1.0,47.0
50000.0,1.40625,2.083327207300398E-7,50000.0,98.3,98.3,-70.0,98.3,50000.0,757624.0,71.0,23.0,18.0,10.0,0.0,0.0,1.0,48.0
51000.0,1.4375,2.1476363245811728E-7,51000.0,96.5,96.5,-191.66666666666669,96.5,51000.0,795472.0,71.0,23.0,18.0,10.0,0.0,0.0,1.0,48.0
52000.0,1.46875,2.214553145070871E-7,52000.0,99.3,99.3,41.66666666666667,99.3,52000.0,827728.0,73.0,24.0,19.0,11.0,0.0,0.0,1.0,49.0
53000.0,1.5,2.2817150844881933E-7,53000.0,98.0,98.0,-25.0,98.0,53000.0,830760.0,73.0,24.0,19.0,11.0,0.0,0.0,1.0,49.0
54000.0,1.53125,2.3488770239055158E-7,54000.0,96.7,96.7,-83.33333333333334,96.7,54000.0,830760.0,73.0,24.0,19.0,11.0,0.0,0.0,1.0,49.0
55000.0,1.546875,2.3837463231757285E-7,55000.0,90.60000000000001,90.60000000000001,-291.66666666666623,90.60000000000001,55000.0,862632.0,77.0,26.0,21.0,12.0,0.0,0.0,1.0,51.0
56000.0,1.546875,2.3837463231757285E-7,56000.0,87.7,87.7,-339.2857142857139,87.7,56000.0,862632.0,77.0,26.0,21.0,12.0,0.0,0.0,1.0,51.0
57000.0,1.59375,2.4887218993778033E-7,57000.0,90.4,90.4,-182.35294117647024,90.4,57000.0,865664.0,77.0,26.0,21.0,12.0,0.0,0.0,1.0,51.0
58000.0,1.625,2.5588802398285936E-7,58000.0,86.5,86.5,-264.86486486486456,86.5,58000.0,867824.0,77.0,26.0,21.0,12.0,0.0,0.0,1.0,51.0
59000.0,1.65625,2.6318946361748715E-7,59000.0,86.5,86.5,-237.49999999999974,86.5,59000.0,903152.0,81.0,28.0,23.0,13.0,0.0,0.0,1.0,53.0
60000.0,1.6875,2.707618922512565E-7,60000.0,86.6,86.6,-306.0606060606057,86.6,60000.0,936672.0,81.0,28.0,23.0,13.0,0.0,0.0,1.0,53.0
61000.0,1.71875,2.7836924548157395E-7,61000.0,87.7,87.7,-251.4285714285711,87.7,61000.0,940992.0,81.0,28.0,23.0,13.0,0.0,0.0,1.0,53.0
62000.0,1.75,2.859940610101654E-7,62000.0,85.7,85.7,-217.77777777777754,85.7,62000.0,943152.0,81.0,28.0,23.0,13.0,0.0,0.0,1.0,53.0
63000.0,1.78125,2.9363666221292485E-7,63000.0,78.5,78.5,-298.14814814814775,78.5,63000.0,945352.0,83.0,29.0,24.0,13.0,0.0,0.0,1.0,54.0
64000.0,1.8125,3.0155025241482593E-7,64000.0,81.3,81.3,-273.9999999999998,81.3,64000.0,978872.0,83.0,29.0,24.0,13.0,0.0,0.0,1.0,54.0
65000.0,1.84375,3.076967227065729E-7,65000.0,89.0,89.0,-161.90476190476164,89.0,65000.0,760288.0,79.0,24.0,18.0,13.0,0.0,0.0,1.0,55.0
66000.0,1.890625,3.1688548107114107E-7,66000.0,89.0,89.0,-189.47368421052602,89.0,66000.0,757736.0,81.0,25.0,19.0,13.0,0.0,0.0,1.0,56.0
67000.0,1.921875,3.230113199808532E-7,67000.0,89.1,89.1,-263.333333333333,89.1,67000.0,757736.0,81.0,25.0,19.0,13.0,0.0,0.0,1.0,56.0
68000.0,1.953125,3.293874518324932E-7,68000.0,88.8,88.8,-330.7692307692304,88.8,68000.0,788696.0,83.0,26.0,20.0,13.0,0.0,0.0,1.0,57.0
69000.0,1.984375,3.36038259168466E-7,69000.0,89.7,89.7,-329.16666666666623,89.7,69000.0,822672.0,85.0,27.0,21.0,13.0,0.0,0.0,1.0,58.0
70000.0,2.015625,3.426648779875703E-7,70000.0,93.5,93.5,-306.2499999999993,93.5,70000.0,819680.0,87.0,28.0,22.0,14.0,0.0,0.0,1.0,59.0
71000.0,2.046875,3.4931626740015225E-7,71000.0,92.5,92.5,-212.49999999999955,92.5,71000.0,822744.0,89.0,29.0,23.0,14.0,0.0,0.0,1.0,60.0
72000.0,2.078125,3.5597496510793777E-7,72000.0,83.0,82.99892893252274,-399.9999999999997,82.84561049445006,72000.0,823648.0,91.0,30.0,24.0,14.0,0.0,0.0,1.0,61.0
73000.0,2.109375,3.629258005983301E-7,73000.0,81.5,81.46168129523726,-413.8888888888886,80.46462513199577,73000.0,859784.0,93.0,31.0,25.0,14.0,0.0,0.0,1.0,62.0
74000.0,2.109375,3.629258005983301E-7,74000.0,78.7,78.65975229282427,-432.4999999999995,77.67295597484278,74000.0,889040.0,97.0,33.0,27.0,14.0,0.0,0.0,1.0,64.0
75000.0,2.1875,3.7583642147688415E-7,75000.0,84.7,84.69119743852715,-324.9999999999997,84.3076923076923,75000.0,638792.0,87.0,21.0,14.0,7.0,0.0,0.0,1.0,66.0
76000.0,2.21875,3.8100448566385456E-7,76000.0,90.0,89.99878985357228,-156.41025641025612,89.88877654196158,76000.0,639264.0,89.0,22.0,15.0,7.0,0.0,0.0,1.0,67.0
77000.0,2.25,3.8617254985082496E-7,77000.0,83.39999999999999,83.39999999999999,-245.8333333333331,83.39999999999999,77000.0,639264.0,89.0,22.0,15.0,7.0,0.0,0.0,1.0,67.0
78000.0,2.25,3.8617254985082496E-7,78000.0,87.7,87.7,-324.1379310344824,87.7,78000.0,639264.0,89.0,22.0,15.0,7.0,0.0,0.0,1.0,67.0
79000.0,2.28125,3.9134061403779536E-7,79000.0,87.1,87.1,-303.12499999999966,87.1,79000.0,639264.0,89.0,22.0,15.0,7.0,0.0,0.0,1.0,67.0
80000.0,2.3125,3.9653312544234943E-7,80000.0,88.9,88.9,-326.9230769230765,88.9,80000.0,642288.0,89.0,22.0,15.0,7.0,0.0,0.0,1.0,67.0
81000.0,2.34375,4.0227809222415106E-7,81000.0,86.7,86.7,-343.333333333333,86.7,81000.0,710624.0,89.0,22.0,15.0,7.0,0.0,0.0,1.0,67.0
82000.0,2.34375,4.0227809222415106E-7,82000.0,88.9,88.9,-454.99999999999943,88.9,82000.0,710624.0,89.0,22.0,15.0,7.0,0.0,0.0,1.0,67.0
83000.0,2.359375,4.0515057561505187E-7,83000.0,80.2,80.2,-799.999999999999,80.2,83000.0,710624.0,89.0,22.0,15.0,7.0,0.0,0.0,1.0,67.0
84000.0,2.375,4.080230590059527E-7,84000.0,81.3,81.3,-749.9999999999994,81.3,84000.0,710624.0,89.0,22.0,15.0,7.0,0.0,0.0,1.0,67.0
85000.0,2.390625,4.108955423968535E-7,85000.0,75.5,75.5,-512.4999999999994,75.5,85000.0,710624.0,89.0,22.0,15.0,7.0,0.0,0.0,1.0,67.0
86000.0,2.421875,4.1702733142301453E-7,86000.0,83.6,83.6,-272.72727272727246,83.6,86000.0,758472.0,91.0,23.0,16.0,7.0,0.0,0.0,1.0,68.0
87000.0,2.46875,4.2628787923604264E-7,87000.0,88.7,88.7,-303.57142857142816,88.7,87000.0,763656.0,91.0,23.0,16.0,7.0,0.0,0.0,1.0,68.0
88000.0,2.5,4.325280638618603E-7,88000.0,78.4,78.4,-369.56521739130386,78.4,88000.0,771880.0,91.0,23.0,16.0,7.0,0.0,0.0,1.0,68.0
89000.0,2.5,4.325280638618603E-7,89000.0,85.1,85.1,-396.6666666666663,85.1,89000.0,770616.0,93.0,24.0,17.0,7.0,0.0,0.0,1.0,69.0
90000.0,2.546875,4.419206460523938E-7,90000.0,90.5,90.5,-331.8181818181813,90.5,90000.0,774544.0,95.0,25.0,18.0,8.0,0.0,0.0,1.0,70.0
91000.0,2.578125,4.4849882316258235E-7,91000.0,87.7,87.7,-284.37499999999966,87.7,91000.0,813688.0,95.0,25.0,18.0,8.0,0.0,0.0,1.0,70.0
92000.0,2.609375,4.550982784065937E-7,92000.0,89.9,89.9,-180.55555555555526,89.9,92000.0,816320.0,97.0,26.0,19.0,8.0,0.0,0.0,1.0,71.0
93000.0,2.640625,4.616663015137118E-7,93000.0,94.6,94.6,-107.6923076923077,94.6,93000.0,812432.0,98.0,26.0,18.0,8.0,0.0,0.0,1.0,72.0
94000.0,2.640625,4.616663015137118E-7,94000.0,97.8,97.8,0.0,97.8,94000.0,812432.0,98.0,26.0,18.0,8.0,0.0,0.0,1.0,72.0
95000.0,2.6875,4.62574923100571E-7,95000.0,95.6,95.6,-69.23076923076923,95.6,95000.0,74928.0,76.0,3.0,-6.0,2.0,0.0,0.0,1.0,73.0
96000.0,2.703125,4.6301694561002996E-7,96000.0,94.3,94.3,-78.125,94.3,96000.0,109352.0,78.0,4.0,-5.0,3.0,0.0,0.0,1.0,74.0
97000.0,2.734375,4.6389743349411436E-7,97000.0,88.6,88.6,-279.9999999999996,88.6,97000.0,108912.0,79.0,4.0,-6.0,3.0,0.0,0.0,1.0,75.0
98000.0,2.765625,4.6508066589012756E-7,98000.0,91.60000000000001,91.60000000000001,-223.07692307692264,91.60000000000001,98000.0,146360.0,81.0,5.0,-5.0,3.0,0.0,0.0,1.0,76.0
99000.0,2.765625,4.6508066589012756E-7,99000.0,88.4,88.4,-222.22222222222192,88.37675350701403,99000.0,222552.0,85.0,7.0,-3.0,5.0,0.0,0.0,1.0,78.0
100000.0,2.796875,4.6717555960640324E-7,100000.0,92.0,91.9983196471259,-105.12820512820484,91.82839632277835,100000.0,259128.0,87.0,8.0,-2.0,6.0,0.0,0.0,1.0,79.0
101000.0,2.828125,4.695451934821905E-7,101000.0,90.7,90.6964646565695,-106.66666666666642,90.51020408163265,101000.0,293112.0,89.0,9.0,-1.0,7.0,0.0,0.0,1.0,80.0
102000.0,2.84375,4.707300104200841E-7,102000.0,93.8,93.79843720617596,-129.62962962962962,93.68635437881873,102000.0,293112.0,89.0,9.0,-1.0,7.0,0.0,0.0,1.0,80.0
103000.0,2.875,4.731486680813963E-7,103000.0,92.7,92.6931607985074,-135.48387096774158,92.42738589211619,103000.0,299176.0,89.0,9.0,-1.0,7.0,0.0,0.0,1.0,80.0
104000.0,2.890625,4.7449536699180813E-7,104000.0,92.80000000000001,92.79776730786544,-118.18181818181786,92.56965944272446,104000.0,333160.0,91.0,10.0,0.0,7.0,0.0,0.0,1.0,81.0
105000.0,2.90625,4.7508869708205276E-7,105000.0,91.7,91.69579807382536,-137.14285714285683,91.51329243353784,105000.0,146784.0,82.0,5.0,-14.0,3.0,0.0,0.0,1.0,83.0
106000.0,2.90625,4.7508869708205276E-7,106000.0,93.8,93.8,-121.42857142857142,93.8,106000.0,185536.0,84.0,6.0,-13.0,4.0,0.0,0.0,1.0,84.0
107000.0,2.953125,4.773386172018946E-7,107000.0,95.0,95.0,-66.66666666666666,95.0,107000.0,185536.0,84.0,6.0,-13.0,4.0,0.0,0.0,1.0,84.0
108000.0,2.953125,4.773386172018946E-7,108000.0,89.60000000000001,89.60000000000001,-224.99999999999966,89.48432760364004,108000.0,185536.0,84.0,6.0,-13.0,4.0,0.0,0.0,1.0,84.0
109000.0,2.953125,4.773386172018946E-7,109000.0,91.7,91.69867178748599,-245.83333333333286,91.5650406504065,109000.0,185536.0,84.0,6.0,-13.0,4.0,0.0,0.0,1.0,84.0
110000.0,3.0,4.795885373217365E-7,110000.0,93.5,93.49856318246333,-170.8333333333329,93.38758901322483,110000.0,185536.0,84.0,6.0,-13.0,4.0,0.0,0.0,1.0,84.0
111000.0,3.015625,4.803507666413983E-7,111000.0,95.1,95.09951975293578,-122.72727272727273,95.06545820745215,111000.0,188568.0,84.0,6.0,-13.0,4.0,0.0,0.0,1.0,84.0
112000.0,3.03125,4.811129959610602E-7,112000.0,94.0,94.0,-130.76923076923077,93.95770392749245,112000.0,188568.0,84.0,6.0,-13.0,4.0,0.0,0.0,1.0,84.0
113000.0,3.0625,4.826374546003839E-7,113000.0,94.0,94.0,-100.0,93.93939393939394,113000.0,188568.0,84.0,6.0,-13.0,4.0,0.0,0.0,1.0,84.0
114000.0,3.0625,4.826374546003839E-7,114000.0,94.5,94.5,-83.33333333333334,94.41624365482232,114000.0,190728.0,84.0,6.0,-13.0,4.0,0.0,0.0,1.0,84.0
115000.0,3.09375,4.841793755379816E-7,115000.0,94.39999999999999,94.3998599964999,-100.0,94.37185929648241,115000.0,190728.0,84.0,6.0,-13.0,4.0,0.0,0.0,1.0,84.0
116000.0,3.109375,4.850842459644709E-7,116000.0,93.0,93.0,-249.99999999999946,93.0,116000.0,223856.0,86.0,7.0,-12.0,5.0,0.0,0.0,1.0,85.0
117000.0,3.125,4.859978475400972E-7,117000.0,86.1,86.1,-334.37499999999966,86.1,117000.0,226016.0,86.0,7.0,-12.0,5.0,0.0,0.0,1.0,85.0
118000.0,3.140625,4.869114491157235E-7,118000.0,85.5,85.5,-302.77777777777743,85.5,118000.0,226016.0,86.0,7.0,-12.0,5.0,0.0,0.0,1.0,85.0
119000.0,3.140625,4.869114491157235E-7,119000.0,84.7,84.7,-378.12499999999966,84.7,119000.0,226016.0,86.0,7.0,-12.0,5.0,0.0,0.0,1.0,85.0
120000.0,3.171875,4.887386522669761E-7,120000.0,80.4,80.4,-291.99999999999955,80.4,120000.0,226016.0,86.0,7.0,-12.0,5.0,0.0,0.0,1.0,85.0
121000.0,3.171875,4.887386522669761E-7,121000.0,79.10000000000001,79.10000000000001,-326.5306122448975,79.10000000000001,121000.0,226016.0,86.0,7.0,-12.0,5.0,0.0,0.0,1.0,85.0
122000.0,3.171875,4.887386522669761E-7,122000.0,71.5,71.5,-670.2702702702696,71.5,122000.0,260008.0,88.0,8.0,-11.0,6.0,0.0,0.0,1.0,86.0
123000.0,3.171875,4.887386522669761E-7,123000.0,76.5,76.5,-422.2222222222217,76.5,123000.0,263032.0,88.0,8.0,-11.0,6.0,0.0,0.0,1.0,86.0
124000.0,3.21875,4.91928335072266E-7,124000.0,80.10000000000001,80.10000000000001,-385.365853658536,80.10000000000001,124000.0,263032.0,88.0,8.0,-11.0,6.0,0.0,0.0,1.0,86.0
125000.0,3.21875,4.91928335072266E-7,125000.0,83.1,83.1,-284.09090909090884,83.1,125000.0,263032.0,88.0,8.0,-11.0,6.0,0.0,0.0,1.0,86.0
126000.0,3.265625,4.951180178775558E-7,126000.0,81.69999999999999,81.69999999999999,-251.9230769230767,81.69999999999999,126000.0,263032.0,88.0,8.0,-11.0,6.0,0.0,0.0,1.0,86.0
127000.0,3.28125,4.961812454793192E-7,127000.0,81.69999999999999,81.69999999999999,-265.9999999999998,81.69999999999999,127000.0,263032.0,88.0,8.0,-11.0,6.0,0.0,0.0,1.0,86.0
128000.0,3.296875,4.97374890579118E-7,128000.0,83.8,83.8,-285.71428571428544,83.8,128000.0,295296.0,90.0,9.0,-10.0,6.0,0.0,0.0,1.0,87.0
129000.0,3.328125,5.00392117020157E-7,129000.0,83.7,83.7,-307.4999999999997,83.7,129000.0,373216.0,94.0,11.0,-8.0,6.0,0.0,0.0,1.0,89.0
130000.0,3.359375,5.034093434611959E-7,130000.0,88.0,88.0,-242.85714285714252,88.0,130000.0,373216.0,94.0,11.0,-8.0,6.0,0.0,0.0,1.0,89.0
131000.0,3.375,5.049179566817155E-7,131000.0,93.5,93.5,-182.60869565217342,93.5,131000.0,373216.0,94.0,11.0,-8.0,6.0,0.0,0.0,1.0,89.0
132000.0,3.40625,5.079351831227544E-7,132000.0,95.1,95.1,-104.16666666666667,95.1,132000.0,373216.0,94.0,11.0,-8.0,6.0,0.0,0.0,1.0,89.0
133000.0,3.421875,5.09443796343274E-7,133000.0,90.4,90.4,-336.36363636363586,90.4,133000.0,373216.0,94.0,11.0,-8.0,6.0,0.0,0.0,1.0,89.0
134000.0,3.4375,5.109524095637935E-7,134000.0,88.9,88.9,-382.6086956521734,88.9,134000.0,373216.0,94.0,11.0,-8.0,6.0,0.0,0.0,1.0,89.0
135000.0,3.46875,5.139870983031065E-7,135000.0,91.0,91.0,-259.99999999999955,90.92741935483872,135000.0,375376.0,94.0,11.0,-8.0,6.0,0.0,0.0,1.0,89.0
136000.0,3.484375,5.15504442672763E-7,136000.0,90.0,90.0,-270.37037037037,89.70133882595263,136000.0,375376.0,94.0,11.0,-8.0,6.0,0.0,0.0,1.0,89.0
137000.0,3.5,5.170217870424195E-7,137000.0,88.1,88.1,-310.3448275862065,87.64278296988577,137000.0,375376.0,94.0,11.0,-8.0,6.0,0.0,0.0,1.0,89.0
138000.0,3.53125,5.200564757817325E-7,138000.0,89.9,89.9,-260.7142857142853,89.55532574974147,138000.0,375376.0,94.0,11.0,-8.0,6.0,0.0,0.0,1.0,89.0
139000.0,3.546875,5.21573820151389E-7,139000.0,90.10000000000001,90.10000000000001,-209.37499999999966,89.84615384615385,139000.0,375376.0,94.0,11.0,-8.0,6.0,0.0,0.0,1.0,89.0
140000.0,3.578125,5.246259711889761E-7,140000.0,88.2,88.19959878635873,-247.05882352941143,87.78467908902692,140000.0,377536.0,94.0,11.0,-8.0,6.0,0.0,0.0,1.0,89.0
141000.0,3.59375,5.261520467077697E-7,141000.0,86.4,86.39941517485252,-195.65217391304324,85.7889237199582,141000.0,377536.0,94.0,11.0,-8.0,6.0,0.0,0.0,1.0,89.0
142000.0,3.609375,5.276781222265632E-7,142000.0,83.6,83.5990487448272,-281.39534883720904,83.1101956745623,142000.0,377536.0,94.0,11.0,-8.0,6.0,0.0,0.0,1.0,89.0
143000.0,3.640625,5.307302732641503E-7,143000.0,83.89999999999999,83.89999999999999,-455.17241379310303,83.57142857142857,143000.0,377536.0,94.0,11.0,-8.0,6.0,0.0,0.0,1.0,89.0
144000.0,3.65625,5.322563487829438E-7,144000.0,81.3,81.3,-523.333333333333,81.1111111111111,144000.0,377536.0,94.0,11.0,-8.0,6.0,0.0,0.0,1.0,89.0
145000.0,3.671875,5.337824243017373E-7,145000.0,82.19999999999999,82.19999999999999,-673.9130434782604,82.14643931795386,145000.0,377536.0,94.0,11.0,-8.0,6.0,0.0,0.0,1.0,89.0
146000.0,3.703125,5.368345753393244E-7,146000.0,81.2,81.2,-526.666666666666,81.2,146000.0,377536.0,94.0,11.0,-8.0,6.0,0.0,0.0,1.0,89.0
147000.0,3.71875,5.38360650858118E-7,147000.0,72.1,72.1,-829.9999999999992,72.1,147000.0,377536.0,94.0,11.0,-8.0,6.0,0.0,0.0,1.0,89.0
148000.0,3.75,5.41412801895705E-7,148000.0,70.89999999999999,70.89999999999999,-1165.2173913043468,70.89999999999999,148000.0,377536.0,94.0,11.0,-8.0,6.0,0.0,0.0,1.0,89.0
149000.0,3.765625,5.430834264391003E-7,149000.0,73.7,73.7,-1214.9999999999989,73.7,149000.0,413296.0,98.0,13.0,-7.0,7.0,0.0,0.0,1.0,91.0
150000.0,3.796875,5.464145215228205E-7,150000.0,75.9,75.9,-826.9230769230761,75.9,150000.0,412040.0,100.0,14.0,-6.0,7.0,0.0,0.0,1.0,92.0
151000.0,3.8125,5.480713379155436E-7,151000.0,74.1,74.1,-979.1666666666657,74.1,151000.0,409880.0,101.0,14.0,-7.0,7.0,0.0,0.0,1.0,93.0
152000.0,3.8125,5.480713379155436E-7,152000.0,85.7,85.7,-286.48648648648617,85.7,152000.0,446856.0,101.0,14.0,-7.0,7.0,0.0,0.0,1.0,93.0
153000.0,3.859375,5.534901801082828E-7,153000.0,80.10000000000001,80.10000000000001,-610.714285714285,80.10000000000001,153000.0,446856.0,101.0,14.0,-7.0,7.0,0.0,0.0,1.0,93.0
154000.0,3.890625,5.576593361587994E-7,154000.0,84.0,84.0,-433.333333333333,84.0,154000.0,515704.0,105.0,16.0,-5.0,7.0,0.0,0.0,1.0,95.0
155000.0,3.890625,5.576593361587994E-7,155000.0,90.3,90.3,-246.42857142857105,90.3,155000.0,149432.0,96.0,6.0,-17.0,4.0,0.0,0.0,1.0,96.0
156000.0,3.9375,5.607655879834465E-7,156000.0,90.0,90.0,-299.99999999999955,90.0,156000.0,256152.0,102.0,9.0,-14.0,6.0,0.0,0.0,1.0,99.0
157000.0,3.984375,5.630370449378264E-7,157000.0,90.10000000000001,90.10000000000001,-209.37499999999966,90.10000000000001,157000.0,187312.0,101.0,7.0,-17.0,5.0,0.0,0.0,1.0,100.0
158000.0,4.0,5.63794197255953E-7,158000.0,92.5,92.5,-177.77777777777737,92.5,158000.0,187312.0,101.0,7.0,-17.0,5.0,0.0,0.0,1.0,100.0
159000.0,4.015625,5.645513495740795E-7,159000.0,85.8,85.8,-254.99999999999972,85.8,159000.0,187312.0,101.0,7.0,-17.0,5.0,0.0,0.0,1.0,100.0
160000.0,4.046875,5.660656542103328E-7,160000.0,80.10000000000001,80.10000000000001,-314.58333333333286,80.10000000000001,160000.0,187312.0,101.0,7.0,-17.0,5.0,0.0,0.0,1.0,100.0
161000.0,4.0625,5.668228065284594E-7,161000.0,79.2,79.2,-285.18518518518476,79.2,161000.0,187312.0,101.0,7.0,-17.0,5.0,0.0,0.0,1.0,100.0
162000.0,4.0625,5.668228065284594E-7,162000.0,76.5,76.5,-389.58333333333286,76.5,162000.0,187312.0,101.0,7.0,-17.0,5.0,0.0,0.0,1.0,100.0
163000.0,4.0625,5.668228065284594E-7,163000.0,71.3,71.3,-441.50943396226376,71.3,163000.0,187312.0,101.0,7.0,-17.0,5.0,0.0,0.0,1.0,100.0
164000.0,4.109375,5.690942634828392E-7,164000.0,76.9,76.9,-278.6885245901636,76.9,164000.0,187312.0,101.0,7.0,-17.0,5.0,0.0,0.0,1.0,100.0
165000.0,4.125,5.698514158009658E-7,165000.0,64.2,64.2,-645.8333333333327,64.2,165000.0,187312.0,101.0,7.0,-17.0,5.0,0.0,0.0,1.0,100.0
166000.0,4.140625,5.707440626186632E-7,166000.0,54.800000000000004,54.800000000000004,-927.2727272727262,54.800000000000004,166000.0,220832.0,101.0,7.0,-17.0,5.0,0.0,0.0,1.0,100.0
167000.0,4.171875,5.725330427392492E-7,167000.0,59.9,59.9,-832.5581395348829,59.9,167000.0,221288.0,103.0,8.0,-16.0,5.0,0.0,0.0,1.0,101.0
168000.0,4.1875,5.735752832454942E-7,168000.0,71.39999999999999,71.39999999999999,-549.9999999999994,71.39999999999999,168000.0,257840.0,103.0,8.0,-16.0,5.0,0.0,0.0,1.0,101.0
169000.0,4.203125,5.746175237517392E-7,169000.0,75.3,75.3,-626.4705882352935,75.3,169000.0,257840.0,103.0,8.0,-16.0,5.0,0.0,0.0,1.0,101.0
170000.0,4.21875,5.757850724168951E-7,170000.0,79.4,79.4,-505.88235294117584,79.4,170000.0,288840.0,107.0,10.0,-14.0,7.0,0.0,0.0,1.0,103.0
171000.0,4.21875,5.757850724168951E-7,171000.0,82.6,82.6,-346.15384615384585,82.53012048192771,171000.0,299216.0,107.0,10.0,-14.0,7.0,0.0,0.0,1.0,103.0
172000.0,4.28125,5.811726441606881E-7,172000.0,84.2,84.1976770585276,-243.47826086956496,83.86108273748722,172000.0,333208.0,109.0,11.0,-13.0,8.0,0.0,0.0,1.0,104.0
173000.0,4.296875,5.825317607054281E-7,173000.0,76.2,76.2,-428.88888888888846,75.36231884057972,173000.0,336232.0,109.0,11.0,-13.0,8.0,0.0,0.0,1.0,104.0
174000.0,4.328125,5.852499937949082E-7,174000.0,77.3,77.3,-415.90909090909037,76.69404517453799,174000.0,336232.0,109.0,11.0,-13.0,8.0,0.0,0.0,1.0,104.0
175000.0,4.34375,5.866178414887853E-7,175000.0,74.4,74.39631306908194,-392.30769230769187,73.10924369747899,175000.0,338392.0,109.0,11.0,-13.0,8.0,0.0,0.0,1.0,104.0
176000.0,4.359375,5.879856891826623E-7,176000.0,73.2,73.1836151888804,-415.38461538461496,71.87827911857293,176000.0,338392.0,109.0,11.0,-13.0,8.0,0.0,0.0,1.0,104.0
177000.0,4.375,5.893535368765394E-7,177000.0,71.89999999999999,71.87113978942395,-461.99999999999955,70.20148462354189,177000.0,338392.0,109.0,11.0,-13.0,8.0,0.0,0.0,1.0,104.0
178000.0,4.375,5.893535368765394E-7,178000.0,51.5,51.491025839780356,-832.6923076923068,49.636552440290764,178000.0,338392.0,109.0,11.0,-13.0,8.0,0.0,0.0,1.0,104.0
179000.0,4.421875,5.934418489535649E-7,179000.0,42.3,42.3,-1009.6153846153836,41.12244897959184,179000.0,337136.0,111.0,12.0,-12.0,9.0,0.0,0.0,1.0,105.0
180000.0,4.453125,5.967376313896642E-7,180000.0,48.0,48.0,-1109.3023255813944,46.557040082219935,180000.0,407672.0,113.0,13.0,-11.0,10.0,0.0,0.0,1.0,106.0
181000.0,4.484375,6.000334138257636E-7,181000.0,50.9,50.9,-1158.974358974358,49.32920536635707,181000.0,407672.0,113.0,13.0,-11.0,10.0,0.0,0.0,1.0,106.0
182000.0,4.5,6.016971828002069E-7,182000.0,54.400000000000006,54.400000000000006,-1069.2307692307681,53.42185903983657,182000.0,411600.0,115.0,14.0,-10.0,10.0,0.0,0.0,1.0,107.0
183000.0,4.546875,6.066941164640917E-7,183000.0,50.8,50.8,-1657.1428571428555,50.10141987829615,183000.0,412064.0,117.0,15.0,-9.0,10.0,0.0,0.0,1.0,108.0
184000.0,4.546875,6.066941164640917E-7,184000.0,74.0,73.9938105269054,-738.7096774193541,73.63083164300203,184000.0,446880.0,117.0,15.0,-9.0,10.0,0.0,0.0,1.0,108.0
185000.0,4.59375,6.121394431425465E-7,185000.0,66.4,66.39395091116401,-663.6363636363628,66.06060606060606,185000.0,449040.0,117.0,15.0,-9.0,10.0,0.0,0.0,1.0,108.0
186000.0,4.625,6.157559497902791E-7,186000.0,68.10000000000001,68.09502282356048,-739.4736842105254,67.71255060728745,186000.0,447344.0,119.0,16.0,-8.0,10.0,0.0,0.0,1.0,109.0
187000.0,4.65625,6.193724564380116E-7,187000.0,74.2,74.1780513436421,-597.2972972972966,73.53846153846155,187000.0,447344.0,119.0,16.0,-8.0,10.0,0.0,0.0,1.0,109.0
188000.0,4.6875,6.232707528397441E-7,188000.0,75.9,75.88734085394833,-346.2962962962959,75.38304392236977,188000.0,482200.0,121.0,17.0,-7.0,10.0,0.0,0.0,1.0,110.0
189000.0,4.703125,6.252199010406104E-7,189000.0,70.19999999999999,70.1785285405492,-462.2641509433958,69.46721311475409,189000.0,482200.0,121.0,17.0,-7.0,10.0,0.0,0.0,1.0,110.0
190000.0,4.703125,6.252199010406104E-7,190000.0,66.3,66.28681814589504,-512.7272727272722,65.5066530194473,190000.0,482200.0,121.0,17.0,-7.0,10.0,0.0,0.0,1.0,110.0
191000.0,4.75,6.310673456432092E-7,191000.0,73.3,73.27755314464149,-368.42105263157856,72.53086419753086,191000.0,482200.0,121.0,17.0,-7.0,10.0,0.0,0.0,1.0,110.0
192000.0,4.78125,6.349831043432157E-7,192000.0,70.8,70.73884418434527,-595.2380952380947,69.64656964656965,192000.0,484360.0,121.0,17.0,-7.0,10.0,0.0,0.0,1.0,110.0
193000.0,4.796875,6.36940983693219E-7,193000.0,78.4,78.38047757124684,-499.9999999999994,77.93667007150154,193000.0,484360.0,121.0,17.0,-7.0,10.0,0.0,0.0,1.0,110.0
194000.0,4.828125,6.40846588390155E-7,194000.0,85.39999999999999,85.38579499273294,-274.3589743589741,84.99486125385405,194000.0,483104.0,123.0,18.0,-6.0,11.0,0.0,0.0,1.0,111.0
195000.0,4.84375,6.427960599669152E-7,195000.0,81.8,81.78180001821819,-527.5862068965513,81.29496402877697,195000.0,482280.0,125.0,19.0,-5.0,11.0,0.0,0.0,1.0,112.0
196000.0,4.84375,6.427960599669152E-7,196000.0,76.4,76.38110488390713,-537.8378378378372,75.7948717948718,196000.0,482280.0,125.0,19.0,-5.0,11.0,0.0,0.0,1.0,112.0
197000.0,4.90625,6.511708488687873E-7,197000.0,72.5,72.48643581285573,-787.0967741935477,72.02441505595117,197000.0,517960.0,125.0,19.0,-5.0,11.0,0.0,0.0,1.0,112.0
198000.0,4.921875,6.532645460942554E-7,198000.0,71.3,71.29121511182422,-825.8064516129025,71.12676056338027,198000.0,517960.0,125.0,19.0,-5.0,11.0,0.0,0.0,1.0,112.0
199000.0,4.953125,6.57476387762775E-7,199000.0,73.2,73.19399545498192,-793.3333333333326,73.0110775427996,199000.0,520984.0,125.0,19.0,-5.0,11.0,0.0,0.0,1.0,112.0
200000.0,4.984375,6.616882294312947E-7,200000.0,76.6,76.58770854698716,-631.2499999999993,76.24365482233503,200000.0,520984.0,125.0,19.0,-5.0,11.0,0.0,0.0,1.0,112.0
201000.0,5.0,6.637941502655545E-7,201000.0,75.0,74.98599215560714,-635.2941176470582,74.59349593495935,201000.0,520984.0,125.0,19.0,-5.0,11.0,0.0,0.0,1.0,112.0
202000.0,5.0,6.637941502655545E-7,202000.0,79.3,79.27759908461047,-508.82352941176407,78.81269191402252,202000.0,520984.0,125.0,19.0,-5.0,11.0,0.0,0.0,1.0,112.0
203000.0,5.046875,6.701485835947096E-7,203000.0,75.0,74.96297023297457,-509.7560975609751,74.25334706488157,203000.0,524008.0,125.0,19.0,-5.0,11.0,0.0,0.0,1.0,112.0
204000.0,5.0625,6.722667280377613E-7,204000.0,82.39999999999999,82.3825587331458,-309.3023255813951,82.0040899795501,204000.0,524008.0,125.0,19.0,-5.0,11.0,0.0,0.0,1.0,112.0
205000.0,5.09375,6.765030169238646E-7,205000.0,84.6,84.58652862601915,-284.9999999999997,84.30173292558614,205000.0,524008.0,125.0,19.0,-5.0,11.0,0.0,0.0,1.0,112.0
206000.0,5.125,6.810102948091096E-7,206000.0,83.39999999999999,83.39279247193282,-388.23529411764673,83.16430020283975,206000.0,557528.0,125.0,19.0,-5.0,11.0,0.0,0.0,1.0,112.0
207000.0,5.140625,6.83263933751732E-7,207000.0,81.39999999999999,81.3827977050795,-499.99999999999966,81.00102145045965,207000.0,557528.0,125.0,19.0,-5.0,11.0,0.0,0.0,1.0,112.0
208000.0,5.140625,6.83263933751732E-7,208000.0,87.2,87.18662283423895,-312.90322580645125,86.81771369721936,208000.0,560144.0,127.0,20.0,-4.0,11.0,0.0,0.0,1.0,113.0
209000.0,5.203125,6.923698108746772E-7,209000.0,91.5,91.46157709693622,-193.10344827586167,90.95744680851064,209000.0,563176.0,127.0,20.0,-4.0,11.0,0.0,0.0,1.0,113.0
210000.0,5.234375,6.969227494361499E-7,210000.0,86.5,86.48767676120622,-229.26829268292656,86.23853211009174,210000.0,563176.0,127.0,20.0,-4.0,11.0,0.0,0.0,1.0,113.0
211000.0,5.25,6.992115393384461E-7,211000.0,86.2,86.19559639525008,-263.1578947368418,86.04651162790698,211000.0,566224.0,127.0,20.0,-4.0,11.0,0.0,0.0,1.0,113.0
212000.0,5.28125,7.037891191430388E-7,212000.0,86.4,86.38589578803641,-288.57142857142827,86.0082304526749,212000.0,566224.0,127.0,20.0,-4.0,11.0,0.0,0.0,1.0,113.0
213000.0,5.296875,7.060779090453351E-7,213000.0,84.7,84.68712186949224,-292.30769230769204,84.2430484037075,213000.0,566224.0,127.0,20.0,-4.0,11.0,0.0,0.0,1.0,113.0
214000.0,5.296875,7.060779090453351E-7,214000.0,81.0,80.97991479001827,-399.99999999999943,80.37190082644628,214000.0,566224.0,127.0,20.0,-4.0,11.0,0.0,0.0,1.0,113.0
215000.0,5.359375,7.152330686545204E-7,215000.0,75.0,74.96387286854932,-524.9999999999994,73.98543184183143,215000.0,566224.0,127.0,20.0,-4.0,11.0,0.0,0.0,1.0,113.0
216000.0,5.390625,7.198106484591131E-7,216000.0,81.0,80.94970722707949,-475.75757575757507,79.8941798941799,216000.0,566224.0,127.0,20.0,-4.0,11.0,0.0,0.0,1.0,113.0
217000.0,5.421875,7.243882282637058E-7,217000.0,83.6,83.56845142673933,-290.4761904761902,82.77310924369748,217000.0,566224.0,127.0,20.0,-4.0,11.0,0.0,0.0,1.0,113.0
218000.0,5.4375,7.266770181660021E-7,218000.0,86.6,86.5511807862541,-185.10638297872316,85.82010582010582,218000.0,566224.0,127.0,20.0,-4.0,11.0,0.0,0.0,1.0,113.0
219000.0,5.46875,7.319126679148109E-7,219000.0,83.39999999999999,83.35864623589619,-418.74999999999966,82.79792746113989,219000.0,647624.0,129.0,21.0,-4.0,11.0,0.0,0.0,1.0,114.0
220000.0,5.515625,7.398503496208123E-7,220000.0,82.39999999999999,82.37673729322705,-388.8888888888886,82.0040899795501,220000.0,654568.0,129.0,21.0,-4.0,11.0,0.0,0.0,1.0,114.0
221000.0,5.546875,7.423783730094629E-7,221000.0,92.2,92.19784660566317,-85.71428571428545,92.01637666325486,221000.0,312704.0,119.0,9.0,-17.0,5.0,0.0,0.0,1.0,116.0
222000.0,5.578125,7.454836223688388E-7,222000.0,93.7,93.69606003752345,-31.249999999999766,93.53846153846155,222000.0,384104.0,121.0,10.0,-16.0,6.0,0.0,0.0,1.0,117.0
223000.0,5.609375,7.486591089723836E-7,223000.0,92.2,92.19781538830874,-65.9574468085104,92.08924949290062,223000.0,392792.0,123.0,11.0,-15.0,6.0,0.0,0.0,1.0,118.0
224000.0,5.625,7.502314919191928E-7,224000.0,93.4,93.39947195775663,-37.499999999999766,93.34677419354838,224000.0,388992.0,125.0,12.0,-14.0,6.0,0.0,0.0,1.0,119.0
225000.0,5.671875,7.541549793030651E-7,225000.0,89.7,89.69971159192458,-128.88888888888866,89.62739174219537,225000.0,323544.0,121.0,8.0,-22.0,4.0,0.0,0.0,1.0,121.0
226000.0,5.703125,7.567706375589799E-7,226000.0,93.89999999999999,93.89926181067909,-69.44444444444444,93.83215369059656,226000.0,323544.0,121.0,8.0,-22.0,4.0,0.0,0.0,1.0,121.0
227000.0,5.734375,7.594075739487176E-7,227000.0,94.19999999999999,94.19979119248293,-70.58823529411765,94.14732593340061,227000.0,326176.0,123.0,9.0,-21.0,4.0,0.0,0.0,1.0,122.0
228000.0,5.75,7.608667753326394E-7,228000.0,94.1,94.09900863345041,-63.888888888888886,94.01622718052738,228000.0,360992.0,123.0,9.0,-21.0,4.0,0.0,0.0,1.0,122.0
229000.0,5.78125,7.637851781004831E-7,229000.0,94.8,94.79912625321053,-36.84210526315789,94.7261663286004,229000.0,360992.0,123.0,9.0,-21.0,4.0,0.0,0.0,1.0,122.0
230000.0,5.796875,7.65253110633542E-7,230000.0,91.3,91.29865999363902,-107.14285714285687,91.17647058823529,230000.0,363152.0,123.0,9.0,-21.0,4.0,0.0,0.0,1.0,122.0
231000.0,5.8125,7.667210431666008E-7,231000.0,91.10000000000001,91.09651873882689,-89.36170212765934,90.89048106448313,231000.0,363152.0,123.0,9.0,-21.0,4.0,0.0,0.0,1.0,122.0
232000.0,5.828125,7.681889756996596E-7,232000.0,92.30000000000001,92.29699582837307,-79.06976744186021,92.09445585215606,232000.0,363152.0,123.0,9.0,-21.0,4.0,0.0,0.0,1.0,122.0
233000.0,5.859375,7.711248407657773E-7,233000.0,91.5,91.49681981060918,-69.99999999999977,91.30879345603272,233000.0,363152.0,123.0,9.0,-21.0,4.0,0.0,0.0,1.0,122.0
234000.0,5.875,7.727494165818722E-7,234000.0,90.0,89.99619855545107,-117.39130434782585,89.79591836734694,234000.0,401904.0,125.0,10.0,-20.0,5.0,0.0,0.0,1.0,123.0
235000.0,5.90625,7.762801639425256E-7,235000.0,86.7,86.69414542398655,-171.4285714285712,86.40081799591002,235000.0,436736.0,127.0,11.0,-19.0,6.0,0.0,0.0,1.0,124.0
236000.0,5.9375,7.798949243604307E-7,236000.0,82.39999999999999,82.39341513726133,-208.7719298245612,82.0040899795501,236000.0,447128.0,127.0,11.0,-19.0,6.0,0.0,0.0,1.0,124.0
237000.0,5.953125,7.817023045693832E-7,237000.0,82.89999999999999,82.88514430525696,-241.99999999999977,82.4074074074074,237000.0,447128.0,127.0,11.0,-19.0,6.0,0.0,0.0,1.0,124.0
238000.0,5.953125,7.817023045693832E-7,238000.0,83.0,82.95951180003688,-246.93877551020384,82.2175732217573,238000.0,447128.0,127.0,11.0,-19.0,6.0,0.0,0.0,1.0,124.0
239000.0,6.015625,7.896917587560081E-7,239000.0,80.2,80.02888750817002,-247.3684210526312,78.38427947598254,239000.0,494128.0,129.0,12.0,-18.0,6.0,0.0,0.0,1.0,125.0
240000.0,6.03125,7.916891223026644E-7,240000.0,81.5,81.29291254183815,-236.36363636363615,79.67032967032966,240000.0,494128.0,129.0,12.0,-18.0,6.0,0.0,0.0,1.0,125.0
241000.0,6.0625,7.957083612887392E-7,241000.0,80.0,79.75876496080285,-263.6363636363632,77.75305895439377,241000.0,497160.0,129.0,12.0,-18.0,6.0,0.0,0.0,1.0,125.0
242000.0,6.09375,7.997450625730882E-7,242000.0,76.0,75.72501294665976,-228.76712328767144,73.45132743362832,242000.0,499320.0,129.0,12.0,-18.0,6.0,0.0,0.0,1.0,125.0
243000.0,6.109375,8.017634132152627E-7,243000.0,71.8,71.59254032197136,-286.301369863014,69.77491961414792,243000.0,499320.0,129.0,12.0,-18.0,6.0,0.0,0.0,1.0,125.0
244000.0,6.109375,8.017634132152627E-7,244000.0,73.2,73.04717749640461,-300.0000000000003,71.67019027484145,244000.0,498496.0,131.0,13.0,-17.0,6.0,0.0,0.0,1.0,126.0
245000.0,6.15625,8.078084728266626E-7,245000.0,76.5,76.4321008826429,-273.01587301587335,75.4440961337513,245000.0,498496.0,131.0,13.0,-17.0,6.0,0.0,0.0,1.0,126.0
246000.0,6.1875,8.118385125675959E-7,246000.0,81.10000000000001,81.04160815311158,-237.4999999999996,79.97881355932203,246000.0,498496.0,131.0,13.0,-17.0,6.0,0.0,0.0,1.0,126.0
247000.0,6.203125,8.138535324380625E-7,247000.0,81.8,81.75328841835098,-304.44444444444423,80.55555555555556,247000.0,498496.0,131.0,13.0,-17.0,6.0,0.0,0.0,1.0,126.0
248000.0,6.234375,8.181442778247093E-7,248000.0,82.1,82.06448768561752,-257.9999999999998,81.05820105820105,248000.0,530744.0,133.0,14.0,-16.0,7.0,0.0,0.0,1.0,127.0
249000.0,6.265625,8.226857688795356E-7,249000.0,81.2,81.17871312454386,-382.0512820512815,80.43704474505724,249000.0,561760.0,135.0,15.0,-15.0,7.0,0.0,0.0,1.0,128.0
250000.0,6.3125,8.294980054617751E-7,250000.0,78.3,78.29062154850895,-404.65116279069713,77.6978417266187,250000.0,561760.0,135.0,15.0,-15.0,7.0,0.0,0.0,1.0,128.0
251000.0,6.359375,8.367647468629806E-7,251000.0,75.9,75.88070456365092,-460.46511627906926,75.10330578512396,251000.0,599240.0,137.0,16.0,-14.0,7.0,0.0,0.0,1.0,129.0
252000.0,6.375,8.3916801183174E-7,252000.0,76.9,76.89584125142525,-463.4146341463409,76.42857142857143,252000.0,594544.0,139.0,17.0,-13.0,7.0,0.0,0.0,1.0,130.0
253000.0,6.40625,8.442739231718906E-7,253000.0,78.0,77.94954856712157,-411.6279069767437,76.98744769874477,253000.0,631576.0,141.0,18.0,-12.0,7.0,0.0,0.0,1.0,131.0
254000.0,6.4375,8.499850001600049E-7,254000.0,81.10000000000001,81.09603016633493,-349.9999999999995,80.90909090909092,254000.0,706432.0,143.0,19.0,-11.0,7.0,0.0,0.0,1.0,132.0
255000.0,6.46875,8.562882430851454E-7,255000.0,85.6,85.59978399675995,-336.36363636363603,85.52763819095478,255000.0,779680.0,147.0,21.0,-10.0,7.0,0.0,0.0,1.0,134.0
256000.0,6.5,8.626334602013225E-7,256000.0,87.9,87.89912873726908,-181.39534883720904,87.79011099899093,256000.0,784872.0,147.0,21.0,-10.0,7.0,0.0,0.0,1.0,134.0
257000.0,6.53125,8.69066247509585E-7,257000.0,85.1,85.1,-263.4146341463412,85.1,257000.0,795704.0,147.0,21.0,-10.0,7.0,0.0,0.0,1.0,134.0
258000.0,6.546875,8.72294864772508E-7,258000.0,88.6,88.6,-216.66666666666634,88.6,258000.0,798728.0,147.0,21.0,-10.0,7.0,0.0,0.0,1.0,134.0
259000.0,6.578125,8.787418806201049E-7,259000.0,91.0,90.999945999676,-130.7692307692305,90.98196392785572,259000.0,797464.0,149.0,22.0,-9.0,7.0,0.0,0.0,1.0,135.0
260000.0,6.609375,8.851508674625717E-7,260000.0,89.3,89.29624298128644,-109.80392156862723,89.00308324768757,260000.0,792760.0,151.0,23.0,-8.0,7.0,0.0,0.0,1.0,136.0
261000.0,6.640625,8.918765686555865E-7,261000.0,88.4,88.39878187209656,-163.63636363636337,88.1511746680286,261000.0,831936.0,153.0,24.0,-7.0,7.0,0.0,0.0,1.0,137.0
262000.0,6.671875,8.989291382022198E-7,262000.0,85.1,85.09248661325309,-204.081632653061,84.21610169491525,262000.0,872368.0,153.0,24.0,-7.0,7.0,0.0,0.0,1.0,137.0
263000.0,6.671875,8.989291382022198E-7,263000.0,85.8,85.79164548754667,-129.03225806451596,85.17745302713988,263000.0,879296.0,153.0,24.0,-7.0,7.0,0.0,0.0,1.0,137.0
264000.0,6.75,9.167537791654464E-7,264000.0,83.5,83.46115024191826,-111.5384615384617,82.04570184983677,264000.0,881928.0,155.0,25.0,-6.0,7.0,0.0,0.0,1.0,138.0
265000.0,6.796875,9.278565024336176E-7,265000.0,79.9,79.86012304362639,-123.33333333333336,78.47965738758032,265000.0,915568.0,160.0,27.0,-5.0,7.0,0.0,0.0,1.0,141.0
266000.0,6.8125,9.317190981366564E-7,266000.0,81.6,81.59484655703596,-170.58823529411794,81.06995884773663,266000.0,955568.0,160.0,27.0,-5.0,7.0,0.0,0.0,1.0,141.0
267000.0,6.859375,9.432759381727208E-7,267000.0,83.8,83.79944918127215,-134.78260869565239,83.51983723296033,267000.0,953016.0,162.0,28.0,-4.0,8.0,0.0,0.0,1.0,142.0
268000.0,6.890625,9.515542317078341E-7,268000.0,83.0,82.99964299250284,-233.33333333333312,82.63534218590398,268000.0,1023984.0,164.0,29.0,-3.0,8.0,0.0,0.0,1.0,143.0
269000.0,6.9375,9.599096503936577E-7,269000.0,86.2,86.19922715672078,-115.6250000000002,86.00405679513185,269000.0,689016.0,157.0,20.0,-13.0,8.0,0.0,0.0,1.0,145.0
270000.0,6.953125,9.628271153714088E-7,270000.0,84.39999999999999,84.39811217157276,-140.00000000000023,84.22649140546005,270000.0,721752.0,161.0,22.0,-11.0,8.0,0.0,0.0,1.0,147.0
271000.0,6.984375,9.692220677000775E-7,271000.0,85.5,85.49736051961456,-123.07692307692328,85.29411764705883,271000.0,791024.0,165.0,24.0,-9.0,8.0,0.0,0.0,1.0,149.0
272000.0,7.015625,9.759966633282595E-7,272000.0,85.3,85.29647115307674,-162.4999999999998,84.84536082474227,272000.0,837984.0,167.0,25.0,-8.0,8.0,0.0,0.0,1.0,150.0
273000.0,7.046875,9.830320292773338E-7,273000.0,83.1,83.06657341592303,-168.25396825396854,82.26652675760755,273000.0,870240.0,169.0,26.0,-7.0,9.0,0.0,0.0,1.0,151.0
274000.0,7.078125,9.900673952264081E-7,274000.0,82.89999999999999,82.82953240097359,-256.2499999999998,81.57327586206897,274000.0,870240.0,169.0,26.0,-7.0,9.0,0.0,0.0,1.0,151.0
275000.0,7.109375,9.971202234737567E-7,275000.0,82.8,82.75917372337696,-265.95744680851044,81.62393162393164,275000.0,872400.0,169.0,26.0,-7.0,9.0,0.0,0.0,1.0,151.0
276000.0,7.140625,1.00445833393476E-6,276000.0,76.7,76.63495170554825,-454.7619047619042,75.26539278131635,276000.0,907688.0,171.0,27.0,-6.0,9.0,0.0,0.0,1.0,152.0
277000.0,7.171875,1.0118384185867997E-6,277000.0,77.3,77.29386934472308,-336.5384615384611,76.95431472081219,277000.0,912880.0,171.0,27.0,-6.0,9.0,0.0,0.0,1.0,152.0
278000.0,7.203125,1.0192185032388394E-6,278000.0,71.7,71.67677495546347,-465.99999999999955,71.12244897959184,278000.0,912880.0,171.0,27.0,-6.0,9.0,0.0,0.0,1.0,152.0
279000.0,7.21875,1.0227628000494497E-6,279000.0,81.3,81.29214269993396,-306.5217391304345,81.01522842639594,279000.0,876824.0,175.0,29.0,-4.0,9.0,0.0,0.0,1.0,154.0
280000.0,7.25,1.0301468945625747E-6,280000.0,76.3,76.2976297629763,-393.74999999999955,76.06060606060606,280000.0,913376.0,175.0,29.0,-4.0,9.0,0.0,0.0,1.0,154.0
281000.0,7.296875,1.0425706406951769E-6,281000.0,84.7,84.6991431520165,-273.1707317073168,84.5766129032258,281000.0,1024504.0,179.0,31.0,-2.0,9.0,0.0,0.0,1.0,156.0
282000.0,7.34375,1.0550329008967502E-6,282000.0,75.8,75.78837842164239,-383.99999999999955,75.20491803278688,282000.0,1027680.0,183.0,33.0,0.0,9.0,0.0,0.0,1.0,158.0
283000.0,7.375,1.0637418017722656E-6,283000.0,77.60000000000001,77.58608095627385,-433.33333333333275,76.97841726618705,283000.0,1077248.0,185.0,34.0,1.0,9.0,0.0,0.0,1.0,159.0
284000.0,7.421875,1.0782296885736277E-6,284000.0,83.3,83.28642858000697,-288.37209302325556,82.80123583934088,284000.0,1194720.0,187.0,35.0,2.0,9.0,0.0,0.0,1.0,160.0
285000.0,7.46875,1.0936329878556222E-6,285000.0,78.60000000000001,78.59700358050127,-421.9512195121946,78.3838383838384,285000.0,1270208.0,193.0,38.0,5.0,9.0,0.0,0.0,1.0,163.0
286000.0,7.5,1.1041903053410341E-6,286000.0,77.5,77.49574669612556,-423.25581395348786,77.34138972809667,286000.0,1305888.0,193.0,38.0,5.0,9.0,0.0,0.0,1.0,163.0
287000.0,7.53125,1.1147720700440298E-6,287000.0,80.2,80.19873271889402,-330.4347826086952,80.12048192771086,287000.0,1308912.0,193.0,38.0,5.0,9.0,0.0,0.0,1.0,163.0
288000.0,7.578125,1.1307444462242216E-6,288000.0,80.2,80.19948518661487,-304.0816326530608,80.16032064128257,288000.0,1317136.0,193.0,38.0,5.0,9.0,0.0,0.0,1.0,163.0
289000.0,7.609375,1.1413759461397087E-6,289000.0,77.5,77.5,-492.10526315789417,77.5,289000.0,1315064.0,195.0,39.0,6.0,9.0,0.0,0.0,1.0,164.0
290000.0,7.640625,1.1525812442414452E-6,290000.0,72.7,72.7,-480.85106382978677,72.7,290000.0,1386040.0,197.0,40.0,7.0,9.0,0.0,0.0,1.0,165.0
291000.0,7.703125,1.1725767399184395E-6,291000.0,77.2,77.19963519416311,-347.0588235294113,77.01612903225806,291000.0,1236672.0,194.0,36.0,2.0,9.0,0.0,0.0,1.0,166.0
292000.0,7.75,1.1879592784680416E-6,292000.0,78.8,78.7994911877885,-299.9999999999996,78.62903225806453,292000.0,1268496.0,196.0,37.0,3.0,9.0,0.0,0.0,1.0,167.0
293000.0,7.75,1.1879592784680416E-6,293000.0,88.4,88.3991067312183,-182.9268292682924,88.31822759315206,293000.0,1268496.0,196.0,37.0,3.0,9.0,0.0,0.0,1.0,167.0
294000.0,7.8125,1.2084772202393238E-6,294000.0,88.8,88.79838696772336,-160.46511627906952,88.66396761133603,294000.0,1268984.0,198.0,38.0,4.0,9.0,0.0,0.0,1.0,168.0
295000.0,7.84375,1.2190875713713458E-6,295000.0,84.7,84.69972459504271,-255.81395348837185,84.65396188565697,295000.0,1312448.0,198.0,38.0,4.0,9.0,0.0,0.0,1.0,168.0
296000.0,7.890625,1.2358700041659167E-6,296000.0,86.0,86.0,-211.11111111111086,86.0,296000.0,1383936.0,202.0,40.0,6.0,9.0,0.0,0.0,1.0,170.0
297000.0,7.921875,1.2470621732063582E-6,297000.0,82.3,82.3,-331.70731707317043,82.3,297000.0,1384416.0,204.0,41.0,7.0,9.0,0.0,0.0,1.0,171.0
298000.0,7.953125,1.2585081923235613E-6,298000.0,85.7,85.7,-286.48648648648617,85.7,298000.0,1415816.0,206.0,42.0,8.0,9.0,0.0,0.0,1.0,172.0
299000.0,8.015625,1.2814002305579674E-6,299000.0,84.6,84.6,-266.6666666666664,84.6,299000.0,1415816.0,206.0,42.0,8.0,9.0,0.0,0.0,1.0,172.0
300000.0,8.03125,1.28714943356398E-6,300000.0,85.0,85.0,-240.90909090909065,85.0,300000.0,1422296.0,206.0,42.0,8.0,9.0,0.0,0.0,1.0,172.0
301000.0,8.078125,1.304783056386642E-6,301000.0,85.0,85.0,-257.1428571428569,85.0,301000.0,1454128.0,208.0,43.0,9.0,9.0,0.0,0.0,1.0,173.0
302000.0,8.125,1.3224166792093043E-6,302000.0,89.7,89.7,-202.94117647058792,89.7,302000.0,1454128.0,208.0,43.0,9.0,9.0,0.0,0.0,1.0,173.0
303000.0,8.15625,1.334183228512604E-6,303000.0,90.8,90.8,-129.99999999999972,90.8,303000.0,1455464.0,210.0,44.0,10.0,9.0,0.0,0.0,1.0,174.0
304000.0,8.1875,1.346248706492284E-6,304000.0,90.2,90.2,-127.90697674418578,90.2,304000.0,1492440.0,210.0,44.0,10.0,9.0,0.0,0.0,1.0,174.0
305000.0,8.21875,1.3583316467702378E-6,305000.0,87.6,87.6,-169.5652173913041,87.6,305000.0,1494600.0,210.0,44.0,10.0,9.0,0.0,0.0,1.0,174.0
306000.0,8.265625,1.3765608309768129E-6,306000.0,84.5,84.49837232909455,-181.8181818181816,84.26395939086294,306000.0,1503240.0,210.0,44.0,10.0,9.0,0.0,0.0,1.0,174.0
307000.0,8.28125,1.3826426584273566E-6,307000.0,82.39999999999999,82.3943309745738,-188.52459016393425,82.1501014198783,307000.0,1504584.0,212.0,45.0,11.0,9.0,0.0,0.0,1.0,175.0
308000.0,8.328125,1.4009143342263985E-6,308000.0,73.8,73.78269657974262,-403.8461538461534,73.21063394683026,308000.0,1506744.0,212.0,45.0,11.0,9.0,0.0,0.0,1.0,175.0
309000.0,8.375,1.4191860100254404E-6,309000.0,69.3,69.27910979466037,-567.3913043478257,68.67346938775509,309000.0,1506744.0,212.0,45.0,11.0,9.0,0.0,0.0,1.0,175.0
310000.0,8.40625,1.4313671272248017E-6,310000.0,71.39999999999999,71.37939316307741,-508.5106382978719,70.81632653061224,310000.0,1506744.0,212.0,45.0,11.0,9.0,0.0,0.0,1.0,175.0
311000.0,8.4375,1.443548244424163E-6,311000.0,77.60000000000001,77.5736265848638,-420.93023255813904,76.95473251028807,311000.0,1506744.0,212.0,45.0,11.0,9.0,0.0,0.0,1.0,175.0
312000.0,8.484375,1.461819920223205E-6,312000.0,76.2,76.14274258219727,-428.88888888888846,75.20833333333333,312000.0,1506744.0,212.0,45.0,11.0,9.0,0.0,0.0,1.0,175.0
313000.0,8.53125,1.4809998295580336E-6,313000.0,80.80000000000001,80.78587762005074,-346.51162790697623,80.1036269430052,313000.0,1581640.0,216.0,47.0,13.0,9.0,0.0,0.0,1.0,177.0
314000.0,8.5625,1.4937773165810427E-6,314000.0,79.2,79.18501320951084,-352.1739130434778,78.68852459016394,314000.0,1580512.0,222.0,50.0,16.0,10.0,0.0,0.0,1.0,180.0
315000.0,8.625,1.5210496753247234E-6,315000.0,78.9,78.89829076155169,-358.69565217391255,78.31449126413156,315000.0,1686728.0,224.0,51.0,17.0,10.0,0.0,0.0,1.0,181.0
316000.0,8.65625,1.5344186815329711E-6,316000.0,78.5,78.4820971047912,-338.7755102040812,77.78925619834712,316000.0,1653680.0,226.0,52.0,18.0,10.0,0.0,0.0,1.0,182.0
317000.0,8.703125,1.554983448133699E-6,317000.0,79.9,79.89678348535766,-509.09090909090844,79.6969696969697,317000.0,1695840.0,226.0,52.0,18.0,10.0,0.0,0.0,1.0,182.0
318000.0,8.75,1.5764934101348937E-6,318000.0,88.3,88.29151134572565,-254.54545454545422,88.0,318000.0,1773784.0,230.0,54.0,20.0,12.0,0.0,0.0,1.0,184.0
319000.0,8.796875,1.5980295655834994E-6,319000.0,84.6,84.59630311274705,-352.9411764705879,84.28571428571429,319000.0,1775944.0,230.0,54.0,20.0,12.0,0.0,0.0,1.0,184.0
320000.0,8.828125,1.6123979326544525E-6,320000.0,85.8,85.79637807640948,-358.0645161290319,85.55442522889115,320000.0,1777296.0,232.0,55.0,21.0,12.0,0.0,0.0,1.0,185.0
321000.0,8.875,1.6339766767082932E-6,321000.0,84.1,84.09713748474725,-535.9999999999995,83.85786802030456,321000.0,1779456.0,232.0,55.0,21.0,12.0,0.0,0.0,1.0,185.0
322000.0,8.921875,1.6563385078269563E-6,322000.0,87.2,87.19300738203059,-341.3793103448272,86.8583162217659,322000.0,1844032.0,238.0,58.0,24.0,14.0,0.0,0.0,1.0,188.0
323000.0,8.96875,1.679451605822476E-6,323000.0,85.2,85.19573637207516,-428.5714285714282,84.92871690427698,323000.0,1905984.0,242.0,60.0,26.0,14.0,0.0,0.0,1.0,190.0
324000.0,9.015625,1.7026905293783369E-6,324000.0,86.0,85.9845549795875,-241.46341463414606,85.44698544698545,324000.0,1916360.0,242.0,60.0,26.0,14.0,0.0,0.0,1.0,190.0
325000.0,9.046875,1.7181729910791737E-6,325000.0,82.39999999999999,82.39352081566015,-402.8571428571426,81.985670419652,325000.0,1915104.0,244.0,61.0,27.0,14.0,0.0,0.0,1.0,191.0
326000.0,9.125,1.7568791453312658E-6,326000.0,84.1,84.09720110739491,-278.57142857142827,83.74233128834355,326000.0,1915104.0,244.0,61.0,27.0,14.0,0.0,0.0,1.0,191.0
327000.0,9.171875,1.7805304701646987E-6,327000.0,78.2,78.17490113630676,-384.44444444444395,77.14884696016772,327000.0,1950368.0,246.0,62.0,28.0,14.0,0.0,0.0,1.0,192.0
328000.0,9.1875,1.7885568862160038E-6,328000.0,81.2,81.19480976749584,-308.69565217391255,80.75742067553736,328000.0,1985656.0,248.0,63.0,29.0,14.0,0.0,0.0,1.0,193.0
329000.0,9.265625,1.828865044646792E-6,329000.0,73.2,73.14825669064287,-387.27272727272685,71.87827911857293,329000.0,1994368.0,248.0,63.0,29.0,14.0,0.0,0.0,1.0,193.0
330000.0,9.3125,1.8531023266000871E-6,330000.0,78.8,78.79389264108063,-393.02325581395297,78.45528455284553,330000.0,1998688.0,248.0,63.0,29.0,14.0,0.0,0.0,1.0,193.0
331000.0,9.3125,1.8531023266000871E-6,331000.0,74.2,74.16931314401509,-415.99999999999955,73.23651452282157,331000.0,2001728.0,248.0,63.0,29.0,14.0,0.0,0.0,1.0,193.0
332000.0,9.390625,1.893682444157699E-6,332000.0,71.39999999999999,71.39141742522756,-508.5106382978719,70.81632653061224,332000.0,2007824.0,248.0,63.0,29.0,14.0,0.0,0.0,1.0,193.0
333000.0,9.4375,1.9181255872050913E-6,333000.0,71.3,71.29267963330649,-497.9166666666662,70.80366225839268,333000.0,2015664.0,250.0,64.0,30.0,14.0,0.0,0.0,1.0,194.0
334000.0,9.5,1.9508927491390033E-6,334000.0,66.0,65.97141598943112,-566.666666666666,65.02057613168725,334000.0,2026568.0,250.0,64.0,30.0,14.0,0.0,0.0,1.0,194.0
335000.0,9.546875,1.9755048884285812E-6,335000.0,76.7,76.69286801761339,-468.2926829268287,76.2970498474059,335000.0,2029600.0,250.0,64.0,30.0,14.0,0.0,0.0,1.0,194.0
336000.0,9.59375,2.0002167568438576E-6,336000.0,73.1,73.0750944623777,-484.78260869565173,72.41025641025641,336000.0,2037824.0,250.0,64.0,30.0,14.0,0.0,0.0,1.0,194.0
337000.0,9.640625,2.024928625259134E-6,337000.0,74.4,74.39820787455122,-433.33333333333286,74.14141414141415,337000.0,2037824.0,250.0,64.0,30.0,14.0,0.0,0.0,1.0,194.0
338000.0,9.703125,2.057877783146169E-6,338000.0,79.80000000000001,79.7974544792644,-274.0740740740736,79.5131845841785,338000.0,2037824.0,250.0,64.0,30.0,14.0,0.0,0.0,1.0,194.0
339000.0,9.71875,2.0662631464397735E-6,339000.0,78.8,78.79968199522993,-351.0638297872336,78.69346733668343,339000.0,2074456.0,252.0,65.0,31.0,14.0,0.0,0.0,1.0,195.0
340000.0,9.796875,2.1082336186534823E-6,340000.0,75.2,75.19930558055626,-451.1111111111106,75.02517623363545,340000.0,2076616.0,252.0,65.0,31.0,14.0,0.0,0.0,1.0,195.0
341000.0,9.84375,2.1334944823239406E-6,341000.0,75.0,74.9979998399872,-431.9148936170208,74.48979591836735,341000.0,2083096.0,252.0,65.0,31.0,14.0,0.0,0.0,1.0,195.0
342000.0,9.84375,2.1334944823239406E-6,342000.0,77.4,77.3999095996384,-380.85106382978677,77.30923694779118,342000.0,2092232.0,252.0,65.0,31.0,14.0,0.0,0.0,1.0,195.0
343000.0,9.9375,2.1845852865630546E-6,343000.0,78.8,78.79978799787999,-381.8181818181813,78.58585858585859,343000.0,2106560.0,252.0,65.0,31.0,14.0,0.0,0.0,1.0,195.0
344000.0,9.96875,2.2019113142353784E-6,344000.0,82.39999999999999,82.39603910879949,-309.3023255813951,82.13197969543147,344000.0,2143144.0,254.0,66.0,32.0,14.0,0.0,0.0,1.0,196.0
345000.0,10.046875,2.245974351858926E-6,345000.0,85.39999999999999,85.3950927511644,-210.6382978723402,85.08682328907048,345000.0,2180152.0,256.0,67.0,33.0,14.0,0.0,0.0,1.0,197.0
346000.0,10.109375,2.2818016845525955E-6,346000.0,84.5,84.47817631590016,-176.78571428571408,83.90446521287642,346000.0,2215832.0,256.0,67.0,33.0,14.0,0.0,0.0,1.0,197.0
347000.0,10.140625,2.2933395424236844E-6,347000.0,85.0,84.98693863661386,-188.46153846153825,84.55200823892893,347000.0,1427176.0,229.0,37.0,2.0,14.0,0.0,0.0,1.0,200.0
348000.0,10.203125,2.316999663081433E-6,348000.0,85.0,84.98865142047389,-212.49999999999977,84.67824310520939,348000.0,1463320.0,231.0,38.0,3.0,15.0,0.0,0.0,1.0,201.0
349000.0,10.234375,2.3288758368127864E-6,349000.0,83.8,83.78053664397277,-276.74418604651135,83.29896907216494,349000.0,1469024.0,231.0,38.0,3.0,15.0,0.0,0.0,1.0,201.0
350000.0,10.25,2.3349653606096064E-6,350000.0,83.89999999999999,83.88739994675836,-249.99999999999977,83.33333333333333,350000.0,1506488.0,233.0,39.0,4.0,15.0,0.0,0.0,1.0,202.0
351000.0,10.328125,2.3655542948593686E-6,351000.0,87.6,87.59742026341479,-235.13513513513482,87.39837398373984,351000.0,1513480.0,235.0,40.0,5.0,15.0,0.0,0.0,1.0,203.0
352000.0,10.390625,2.3905758280307045E-6,352000.0,84.39999999999999,84.39250840403393,-299.9999999999997,83.88429752066115,352000.0,1547520.0,237.0,41.0,6.0,15.0,0.0,0.0,1.0,204.0
353000.0,10.390625,2.3905758280307045E-6,353000.0,72.7,72.65414099444769,-520.4545454545449,71.47335423197492,353000.0,1594048.0,239.0,42.0,7.0,15.0,0.0,0.0,1.0,205.0
354000.0,10.46875,2.4227596521894958E-6,354000.0,77.60000000000001,77.58332199156173,-433.33333333333275,76.88338493292053,354000.0,1592392.0,241.0,43.0,8.0,16.0,0.0,0.0,1.0,206.0
355000.0,10.515625,2.4425813979986636E-6,355000.0,82.3,82.2763921543496,-276.5957446808508,81.61993769470405,355000.0,1634568.0,241.0,43.0,8.0,16.0,0.0,0.0,1.0,206.0
356000.0,10.53125,2.4492029074786433E-6,356000.0,86.1,86.09709429270718,-379.3103448275858,85.83078491335372,356000.0,1638096.0,243.0,44.0,9.0,16.0,0.0,0.0,1.0,207.0
357000.0,10.640625,2.496697513076166E-6,357000.0,87.1,87.09963878988611,-290.90909090909054,87.00906344410876,357000.0,1678528.0,243.0,44.0,9.0,16.0,0.0,0.0,1.0,207.0
358000.0,10.6875,2.5171794307728603E-6,358000.0,87.0,87.0,-242.10526315789443,86.86868686868688,358000.0,1689008.0,245.0,45.0,10.0,16.0,0.0,0.0,1.0,208.0
359000.0,10.734375,2.5222198261568937E-6,359000.0,86.8,86.7984158098972,-206.97674418604626,86.66666666666667,359000.0,415648.0,216.0,12.0,-24.0,5.0,0.0,0.0,1.0,212.0
360000.0,10.765625,2.5265406455016792E-6,360000.0,87.9,87.89411654063876,-181.39534883720904,87.56423432682425,360000.0,534464.0,220.0,14.0,-22.0,6.0,0.0,0.0,1.0,214.0
361000.0,10.78125,2.528709786323209E-6,361000.0,89.4,89.39710540977687,-178.94736842105235,89.26038500506586,361000.0,536624.0,220.0,14.0,-22.0,6.0,0.0,0.0,1.0,214.0
362000.0,10.8125,2.5333753890461385E-6,362000.0,91.4,91.3993807554144,-196.55172413793065,91.32189707366297,362000.0,577112.0,222.0,15.0,-21.0,7.0,0.0,0.0,1.0,215.0
363000.0,10.828125,2.5357169215567404E-6,363000.0,90.7,90.6965204986665,-173.52941176470554,90.49079754601227,363000.0,579272.0,222.0,15.0,-21.0,7.0,0.0,0.0,1.0,215.0
364000.0,10.828125,2.5357169215567404E-6,364000.0,89.8,89.79559169561252,-209.09090909090878,89.61303462321793,364000.0,579272.0,222.0,15.0,-21.0,7.0,0.0,0.0,1.0,215.0
365000.0,10.90625,2.548060017741388E-6,365000.0,87.7,87.69661656955662,-199.99999999999974,87.56319514661274,365000.0,610712.0,226.0,17.0,-19.0,7.0,0.0,0.0,1.0,217.0
366000.0,10.921875,2.5506852155861746E-6,366000.0,90.10000000000001,90.09881185742289,-147.49999999999972,89.97975708502024,366000.0,649448.0,226.0,17.0,-19.0,7.0,0.0,0.0,1.0,217.0
367000.0,10.96875,2.5564675646213182E-6,367000.0,84.5,84.49702342849828,-236.9565217391302,84.24796747967478,367000.0,476832.0,222.0,12.0,-25.0,6.0,0.0,0.0,1.0,218.0
368000.0,10.984375,2.5583950142996996E-6,368000.0,87.2,87.19816933821537,-228.20512820512792,87.03140830800406,368000.0,476832.0,222.0,12.0,-25.0,6.0,0.0,0.0,1.0,218.0
369000.0,11.015625,2.5625500064860605E-6,369000.0,80.4,80.39670664671665,-335.5555555555551,80.16194331983806,369000.0,513952.0,226.0,14.0,-24.0,6.0,0.0,0.0,1.0,220.0
370000.0,11.0625,2.5705624850363358E-6,370000.0,84.0,83.99239638828443,-219.9999999999998,83.58974358974358,370000.0,660736.0,232.0,17.0,-21.0,7.0,0.0,0.0,1.0,223.0
371000.0,11.09375,2.5762910889979027E-6,371000.0,86.7,86.6966475551839,-129.31034482758602,86.414708886619,371000.0,708600.0,234.0,18.0,-20.0,7.0,0.0,0.0,1.0,224.0
372000.0,11.125,2.582072079854292E-6,372000.0,88.7,88.69349876178802,-113.20754716981112,88.41025641025641,372000.0,715080.0,234.0,18.0,-20.0,7.0,0.0,0.0,1.0,224.0
373000.0,11.140625,2.5849625752824864E-6,373000.0,87.4,87.39362117231319,-162.49999999999977,87.1033776867963,373000.0,715080.0,234.0,18.0,-20.0,7.0,0.0,0.0,1.0,224.0
374000.0,11.171875,2.591036221322913E-6,374000.0,85.39999999999999,85.39528267630445,-186.27450980392135,85.11722731906218,374000.0,751280.0,236.0,19.0,-19.0,8.0,0.0,0.0,1.0,225.0
375000.0,11.203125,2.5973428273573506E-6,375000.0,89.9,89.89727226351116,-146.34146341463386,89.71486761710794,375000.0,780096.0,238.0,20.0,-18.0,8.0,0.0,0.0,1.0,226.0
376000.0,11.234375,2.6036956114694464E-6,376000.0,86.7,86.69334667333666,-150.94339622641488,86.35897435897436,376000.0,785808.0,240.0,21.0,-17.0,9.0,0.0,0.0,1.0,227.0
377000.0,11.265625,2.610336846878958E-6,377000.0,87.0,86.99842680964397,-261.1111111111108,86.85540950455005,377000.0,821488.0,240.0,21.0,-17.0,9.0,0.0,0.0,1.0,227.0
378000.0,11.296875,2.6173056620690547E-6,378000.0,87.3,87.29565511404901,-176.0869565217389,87.06720977596741,378000.0,862008.0,242.0,22.0,-16.0,9.0,0.0,0.0,1.0,228.0
379000.0,11.328125,2.6242744772591515E-6,379000.0,89.2,89.19803404219569,-248.3870967741932,89.05775075987842,379000.0,862008.0,242.0,22.0,-16.0,9.0,0.0,0.0,1.0,228.0
380000.0,11.359375,2.6312432924492483E-6,380000.0,88.0,87.99286776345149,-192.682926829268,87.73006134969326,380000.0,862008.0,242.0,22.0,-16.0,9.0,0.0,0.0,1.0,228.0
381000.0,11.40625,2.6383529701787556E-6,381000.0,85.7,85.69721095613644,-376.6666666666663,85.51165146909827,381000.0,586288.0,238.0,16.0,-23.0,6.0,0.0,0.0,1.0,230.0
382000.0,11.421875,2.640889854066901E-6,382000.0,88.9,88.89310261672499,-199.9999999999997,88.63868986693961,382000.0,627600.0,238.0,16.0,-23.0,6.0,0.0,0.0,1.0,230.0
383000.0,11.46875,2.648574429460697E-6,383000.0,85.9,85.89816676167902,-403.5714285714282,85.75757575757575,383000.0,633696.0,240.0,17.0,-22.0,7.0,0.0,0.0,1.0,231.0
384000.0,11.5,2.6536974797232276E-6,384000.0,88.0,87.9909932449337,-179.0697674418602,87.6923076923077,384000.0,633696.0,240.0,17.0,-22.0,7.0,0.0,0.0,1.0,231.0
385000.0,11.515625,2.656276467152767E-6,385000.0,87.7,87.69763794648573,-261.76470588235264,87.5,385000.0,638016.0,240.0,17.0,-22.0,7.0,0.0,0.0,1.0,231.0
386000.0,11.5625,2.6653337732164387E-6,386000.0,84.3,84.28255363453432,-273.80952380952357,83.69678089304257,386000.0,746896.0,244.0,19.0,-20.0,7.0,0.0,0.0,1.0,233.0
387000.0,11.5625,2.6653337732164387E-6,387000.0,85.5,85.4933849835525,-302.77777777777743,85.14344262295081,387000.0,749056.0,244.0,19.0,-20.0,7.0,0.0,0.0,1.0,233.0
388000.0,11.609375,2.674417272727522E-6,388000.0,85.9,85.88444465801312,-281.0810810810808,85.47888774459321,388000.0,749056.0,244.0,19.0,-20.0,7.0,0.0,0.0,1.0,233.0
389000.0,11.640625,2.6807723851460542E-6,389000.0,86.1,86.09204464953953,-308.82352941176435,85.72895277207392,389000.0,786096.0,246.0,20.0,-19.0,7.0,0.0,0.0,1.0,234.0
390000.0,11.6875,2.69119825033057E-6,390000.0,83.89999999999999,83.8968598876781,-347.22222222222194,83.65482233502539,390000.0,859752.0,252.0,23.0,-16.0,8.0,0.0,0.0,1.0,237.0
391000.0,11.6875,2.69119825033057E-6,391000.0,85.39999999999999,85.39802873387907,-247.61904761904736,84.99486125385405,391000.0,929488.0,256.0,25.0,-14.0,8.0,0.0,0.0,1.0,239.0
392000.0,11.734375,2.702965802099141E-6,392000.0,79.9,79.89939698190946,-310.2040816326526,79.77867203219317,392000.0,970392.0,256.0,25.0,-14.0,8.0,0.0,0.0,1.0,239.0
393000.0,11.765625,2.710859795721868E-6,393000.0,82.19999999999999,82.1980417845963,-334.14634146341433,82.0020222446916,393000.0,976448.0,256.0,25.0,-14.0,8.0,0.0,0.0,1.0,239.0
394000.0,11.796875,2.718837673051489E-6,394000.0,78.2,78.1994767874429,-419.0476190476185,78.06841046277665,394000.0,986824.0,256.0,25.0,-14.0,8.0,0.0,0.0,1.0,239.0
395000.0,11.828125,2.7267913618642415E-6,395000.0,73.9,73.89655434517356,-521.4285714285709,73.582995951417,395000.0,983832.0,258.0,26.0,-13.0,9.0,0.0,0.0,1.0,240.0
396000.0,11.859375,2.735047471813029E-6,396000.0,78.60000000000001,78.59895134861608,-478.3783783783778,78.4491440080564,396000.0,1021240.0,258.0,26.0,-13.0,9.0,0.0,0.0,1.0,240.0
397000.0,11.890625,2.743338506358364E-6,397000.0,80.9,80.89415361100497,-324.44444444444395,80.54989816700612,397000.0,1025560.0,258.0,26.0,-13.0,9.0,0.0,0.0,1.0,240.0
398000.0,11.90625,2.7476373684799494E-6,398000.0,84.7,84.69765874178749,-264.285714285714,84.4354018311292,398000.0,1063496.0,260.0,27.0,-12.0,9.0,0.0,0.0,1.0,241.0
399000.0,11.9375,2.756559115368872E-6,399000.0,85.9,85.89184548669131,-199.99999999999974,85.40372670807453,399000.0,1103576.0,262.0,28.0,-11.0,9.0,0.0,0.0,1.0,242.0
400000.0,11.96875,2.7654776284988547E-6,400000.0,80.5,80.49570905599232,-333.33333333333286,80.10204081632654,400000.0,1103176.0,264.0,29.0,-10.0,9.0,0.0,0.0,1.0,243.0
401000.0,12.0,2.7747232040079924E-6,401000.0,82.3,82.28990524599021,-342.4999999999997,81.75257731958763,401000.0,1143632.0,264.0,29.0,-10.0,9.0,0.0,0.0,1.0,243.0
402000.0,12.046875,2.7892912233558785E-6,402000.0,77.9,77.87787787787788,-333.3333333333329,76.97916666666667,402000.0,1201328.0,270.0,32.0,-7.0,10.0,0.0,0.0,1.0,246.0
403000.0,12.046875,2.7892912233558785E-6,403000.0,86.3,86.27444301289,-140.35087719298227,85.59411146161935,403000.0,1283576.0,274.0,34.0,-5.0,10.0,0.0,0.0,1.0,248.0
404000.0,12.140625,2.82312985897685E-6,404000.0,85.6,85.59294054086503,-121.53846153846175,85.07772020725388,404000.0,1395224.0,286.0,40.0,1.0,12.0,0.0,0.0,1.0,254.0
405000.0,12.1875,2.840972253276655E-6,405000.0,88.7,88.69057925251734,-125.99999999999977,88.11777076761304,405000.0,1471344.0,286.0,40.0,1.0,12.0,0.0,0.0,1.0,254.0
406000.0,12.1875,2.840972253276655E-6,406000.0,91.10000000000001,91.09441619895675,-85.41666666666644,90.79627714581179,406000.0,1507488.0,288.0,41.0,2.0,13.0,0.0,0.0,1.0,255.0
407000.0,12.265625,2.8713812288414263E-6,407000.0,86.4,86.38229698608191,-177.55102040816303,85.65400843881856,407000.0,1504576.0,292.0,43.0,4.0,13.0,0.0,0.0,1.0,257.0
408000.0,12.3125,2.890519228660397E-6,408000.0,88.5,88.49281951938009,-194.87179487179458,88.19301848049281,408000.0,1578184.0,294.0,44.0,5.0,13.0,0.0,0.0,1.0,258.0
409000.0,12.3125,2.890519228660397E-6,409000.0,89.0,88.98109155310513,-189.47368421052602,88.49372384937239,409000.0,1631144.0,294.0,44.0,5.0,13.0,0.0,0.0,1.0,258.0
410000.0,12.390625,2.9232177055544313E-6,410000.0,89.4,89.39363618170903,-140.90909090909065,89.18367346938776,410000.0,1617856.0,298.0,46.0,7.0,13.0,0.0,0.0,1.0,260.0
411000.0,12.4375,2.9333730991412356E-6,411000.0,81.5,81.498889933396,-330.2325581395346,81.12244897959184,411000.0,837448.0,276.0,22.0,-18.0,7.0,0.0,0.0,1.0,262.0
412000.0,12.46875,2.9404182310423076E-6,412000.0,86.6,86.57159893174064,-226.82926829268263,85.96858638743456,412000.0,871448.0,278.0,23.0,-17.0,7.0,0.0,0.0,1.0,263.0
413000.0,12.515625,2.951455858743024E-6,413000.0,84.8,84.7764339197077,-374.99999999999966,84.23236514522821,413000.0,910200.0,280.0,24.0,-16.0,8.0,0.0,0.0,1.0,264.0
414000.0,12.546875,2.9587801287157656E-6,414000.0,89.4,89.36968233401662,-221.21212121212088,88.8888888888889,414000.0,905976.0,284.0,26.0,-14.0,9.0,0.0,0.0,1.0,266.0
415000.0,12.59375,2.9715615609246813E-6,415000.0,89.1,89.0979395105675,-240.62499999999966,88.8661899897855,415000.0,1054000.0,288.0,28.0,-13.0,9.0,0.0,0.0,1.0,268.0
416000.0,12.640625,2.9848029306675814E-6,416000.0,93.0,92.9983826263867,-112.12121212121178,92.84984678243106,416000.0,1091928.0,290.0,29.0,-12.0,9.0,0.0,0.0,1.0,269.0
417000.0,12.671875,2.9936798576576003E-6,417000.0,92.4,92.39939195135611,-130.30303030302997,92.33870967741936,417000.0,1098032.0,292.0,30.0,-11.0,10.0,0.0,0.0,1.0,270.0
418000.0,12.703125,3.0031028371821664E-6,418000.0,87.3,87.29339256413336,-225.64102564102538,87.04081632653062,418000.0,1165576.0,294.0,31.0,-10.0,10.0,0.0,0.0,1.0,271.0
419000.0,12.71875,3.0077878747963233E-6,419000.0,87.4,87.39805930113236,-293.74999999999966,87.25985844287159,419000.0,1159032.0,295.0,30.0,-12.0,10.0,0.0,0.0,1.0,273.0
420000.0,12.78125,3.0266119736350236E-6,420000.0,85.7,85.69175845286885,-257.4999999999997,85.3483606557377,420000.0,1164224.0,295.0,30.0,-12.0,10.0,0.0,0.0,1.0,273.0
421000.0,12.828125,3.041258088261302E-6,421000.0,87.2,87.19760595231308,-287.87878787878753,87.05763397371082,421000.0,1207768.0,297.0,31.0,-11.0,10.0,0.0,0.0,1.0,274.0
422000.0,12.859375,3.0516071516710012E-6,422000.0,90.2,90.19945116926547,-226.66666666666632,90.12096774193549,422000.0,1280128.0,303.0,34.0,-8.0,10.0,0.0,0.0,1.0,277.0
423000.0,12.90625,3.0679235351271915E-6,423000.0,92.30000000000001,92.2999768999307,-156.6666666666663,92.27683049147443,423000.0,1345504.0,305.0,35.0,-7.0,10.0,0.0,0.0,1.0,278.0
424000.0,12.953125,3.084292305478204E-6,424000.0,92.0,91.99987999819997,-122.22222222222192,91.95979899497488,424000.0,1349824.0,305.0,35.0,-7.0,10.0,0.0,0.0,1.0,278.0
425000.0,13.0,3.1006929930299508E-6,425000.0,89.3,89.29833053956418,-143.18181818181793,89.17004048582996,425000.0,1352456.0,307.0,36.0,-6.0,10.0,0.0,0.0,1.0,279.0
426000.0,13.0,3.1006929930299508E-6,426000.0,85.5,85.49679479164895,-262.4999999999997,85.24923702950153,426000.0,1387272.0,307.0,36.0,-6.0,10.0,0.0,0.0,1.0,279.0
427000.0,13.0625,3.1231584337850398E-6,427000.0,88.3,88.29799895782179,-289.99999999999966,88.07339449541286,427000.0,1389432.0,307.0,36.0,-6.0,10.0,0.0,0.0,1.0,279.0
428000.0,13.09375,3.1344086164608583E-6,428000.0,92.80000000000001,92.79942395391632,-124.99999999999964,92.6829268292683,428000.0,1391592.0,307.0,36.0,-6.0,10.0,0.0,0.0,1.0,279.0
429000.0,13.125,3.1456587991366768E-6,429000.0,91.8,91.79977859402204,-156.24999999999966,91.72552976791121,429000.0,1391592.0,307.0,36.0,-6.0,10.0,0.0,0.0,1.0,279.0
430000.0,13.171875,3.162919989942261E-6,430000.0,92.5,92.5,-240.9090909090904,92.45472837022133,430000.0,1423416.0,309.0,37.0,-5.0,10.0,0.0,0.0,1.0,280.0
431000.0,13.203125,3.1744274504793168E-6,431000.0,92.7,92.7,-264.99999999999943,92.64853977844915,431000.0,1423416.0,309.0,37.0,-5.0,10.0,0.0,0.0,1.0,280.0
432000.0,13.265625,3.1975058825790036E-6,432000.0,90.5,90.5,-196.87499999999966,90.45226130653266,432000.0,1427344.0,311.0,38.0,-4.0,10.0,0.0,0.0,1.0,281.0
433000.0,13.265625,3.1975058825790036E-6,433000.0,90.8,90.8,-196.77419354838673,90.73514602215509,433000.0,1492696.0,313.0,39.0,-3.0,10.0,0.0,0.0,1.0,282.0
434000.0,13.328125,3.2216900015353312E-6,434000.0,87.3,87.3,-296.87499999999966,87.3,434000.0,1495728.0,313.0,39.0,-3.0,10.0,0.0,0.0,1.0,282.0
435000.0,13.390625,3.245909045088207E-6,435000.0,81.6,81.6,-493.54838709677387,81.6,435000.0,1497888.0,313.0,39.0,-3.0,10.0,0.0,0.0,1.0,282.0
436000.0,13.421875,3.2580185668646447E-6,436000.0,84.3,84.3,-441.3793103448272,84.3,436000.0,1497888.0,313.0,39.0,-3.0,10.0,0.0,0.0,1.0,282.0
437000.0,13.46875,3.277017838425105E-6,437000.0,85.39999999999999,85.39999999999999,-386.6666666666663,85.39999999999999,437000.0,1566744.0,317.0,41.0,-1.0,10.0,0.0,0.0,1.0,284.0
438000.0,13.5,3.2896840194654118E-6,438000.0,87.0,87.0,-333.333333333333,87.0,438000.0,1566744.0,317.0,41.0,-1.0,10.0,0.0,0.0,1.0,284.0
439000.0,13.53125,3.302367662803993E-6,439000.0,82.8,82.8,-437.49999999999966,82.8,439000.0,1568904.0,317.0,41.0,-1.0,10.0,0.0,0.0,1.0,284.0
440000.0,13.578125,3.3214193212592753E-6,440000.0,79.2,79.2,-477.77777777777715,79.2,440000.0,1571064.0,317.0,41.0,-1.0,10.0,0.0,0.0,1.0,284.0
441000.0,13.609375,3.33412042689613E-6,441000.0,72.89999999999999,72.89999999999999,-441.99999999999955,72.89999999999999,441000.0,1571064.0,317.0,41.0,-1.0,10.0,0.0,0.0,1.0,284.0
442000.0,13.65625,3.353637164562111E-6,442000.0,75.4,75.4,-719.9999999999992,75.4,442000.0,1609416.0,321.0,43.0,1.0,10.0,0.0,0.0,1.0,286.0
443000.0,13.6875,3.3669542366017882E-6,443000.0,88.2,88.2,-293.333333333333,88.2,443000.0,1647256.0,321.0,43.0,1.0,10.0,0.0,0.0,1.0,286.0
444000.0,13.734375,3.386929844661304E-6,444000.0,88.9,88.9,-296.42857142857105,88.9,444000.0,1647256.0,321.0,43.0,1.0,10.0,0.0,0.0,1.0,286.0
445000.0,13.78125,3.4069012811717874E-6,445000.0,88.3,88.3,-265.62499999999966,88.3,445000.0,1646912.0,325.0,45.0,3.0,11.0,0.0,0.0,1.0,288.0
446000.0,13.78125,3.4069012811717874E-6,446000.0,87.0,87.0,-306.24999999999966,87.0,446000.0,1723104.0,329.0,47.0,5.0,11.0,0.0,0.0,1.0,290.0
447000.0,13.859375,3.442588236389887E-6,447000.0,89.2,89.2,-248.3870967741932,89.2,447000.0,1765720.0,329.0,47.0,5.0,11.0,0.0,0.0,1.0,290.0
448000.0,13.90625,3.4644392952840344E-6,448000.0,87.6,87.6,-209.99999999999974,87.6,448000.0,1801912.0,331.0,48.0,6.0,11.0,0.0,0.0,1.0,291.0
449000.0,13.90625,3.4644392952840344E-6,449000.0,86.8,86.8,-325.80645161290283,86.8,449000.0,1801912.0,331.0,48.0,6.0,11.0,0.0,0.0,1.0,291.0
450000.0,13.984375,3.501686700878456E-6,450000.0,86.7,86.7,-411.53846153846115,86.7,450000.0,1842928.0,337.0,51.0,9.0,11.0,0.0,0.0,1.0,294.0
451000.0,14.015625,3.5169090390101886E-6,451000.0,86.5,86.5,-321.87499999999966,86.5,451000.0,1882928.0,337.0,51.0,9.0,11.0,0.0,0.0,1.0,294.0
452000.0,14.0625,3.539742546207787E-6,452000.0,89.1,89.1,-263.333333333333,89.1,452000.0,1882928.0,337.0,51.0,9.0,11.0,0.0,0.0,1.0,294.0
453000.0,14.109375,3.5630354088627612E-6,453000.0,93.5,93.5,-116.6666666666663,93.5,453000.0,1920808.0,339.0,52.0,10.0,11.0,0.0,0.0,1.0,295.0
454000.0,14.140625,3.5785639839660773E-6,454000.0,91.0,91.0,-172.7272727272724,91.0,454000.0,1920808.0,339.0,52.0,10.0,11.0,0.0,0.0,1.0,295.0
455000.0,14.21875,3.6175083045640737E-6,455000.0,88.3,88.3,-234.285714285714,88.3,455000.0,1926888.0,339.0,52.0,10.0,11.0,0.0,0.0,1.0,295.0
456000.0,14.25,3.6330860328032724E-6,456000.0,86.6,86.6,-272.22222222222194,86.6,456000.0,1926888.0,339.0,52.0,10.0,11.0,0.0,0.0,1.0,295.0
457000.0,14.28125,3.6492620711214824E-6,457000.0,85.39999999999999,85.39999999999999,-284.2105263157892,85.39999999999999,457000.0,2000896.0,341.0,53.0,11.0,11.0,0.0,0.0,1.0,296.0
458000.0,14.359375,3.6904768138709978E-6,458000.0,82.8,82.8,-364.86486486486456,82.8,458000.0,2039224.0,343.0,54.0,12.0,11.0,0.0,0.0,1.0,297.0
459000.0,14.40625,3.715242427359851E-6,459000.0,82.69999999999999,82.69999999999999,-367.56756756756727,82.69999999999999,459000.0,2042256.0,343.0,54.0,12.0,11.0,0.0,0.0,1.0,297.0
460000.0,14.40625,3.715242427359851E-6,460000.0,84.0,84.0,-471.428571428571,84.0,460000.0,2042256.0,343.0,54.0,12.0,11.0,0.0,0.0,1.0,297.0
461000.0,14.484375,3.7565621055869577E-6,461000.0,86.1,86.1,-348.3870967741932,86.1,461000.0,2044416.0,343.0,54.0,12.0,11.0,0.0,0.0,1.0,297.0
462000.0,14.515625,3.7730899768778E-6,462000.0,88.3,88.3,-277.4193548387093,88.3,462000.0,2044416.0,343.0,54.0,12.0,11.0,0.0,0.0,1.0,297.0
463000.0,14.5625,3.797866746834995E-6,463000.0,86.8,86.8,-277.1428571428568,86.8,463000.0,2043176.0,345.0,55.0,13.0,11.0,0.0,0.0,1.0,298.0
464000.0,14.59375,3.8146839748757564E-6,464000.0,83.0,83.0,-399.9999999999997,83.0,464000.0,2080208.0,347.0,56.0,14.0,11.0,0.0,0.0,1.0,299.0
465000.0,14.625,3.831811061698114E-6,465000.0,81.6,81.6,-359.9999999999997,81.6,465000.0,2118536.0,349.0,57.0,15.0,11.0,0.0,0.0,1.0,300.0
466000.0,14.703125,3.874716090245378E-6,466000.0,78.0,78.0,-511.1111111111105,78.0,466000.0,2122856.0,349.0,57.0,15.0,11.0,0.0,0.0,1.0,300.0
467000.0,14.75,3.900485979910524E-6,467000.0,78.60000000000001,78.60000000000001,-511.42857142857076,78.60000000000001,467000.0,2125072.0,351.0,58.0,16.0,11.0,0.0,0.0,1.0,301.0
468000.0,14.78125,3.917669657514325E-6,468000.0,82.8,82.8,-282.222222222222,82.8,468000.0,2125536.0,353.0,59.0,17.0,11.0,0.0,0.0,1.0,302.0
469000.0,14.84375,3.953226518610283E-6,469000.0,80.30000000000001,80.30000000000001,-358.1395348837204,80.30000000000001,469000.0,2199104.0,355.0,60.0,18.0,11.0,0.0,0.0,1.0,303.0
470000.0,14.859375,3.962261835113166E-6,470000.0,78.2,78.2,-384.44444444444395,78.2,470000.0,2235248.0,357.0,61.0,19.0,12.0,0.0,0.0,1.0,304.0
471000.0,14.9375,4.007525729118948E-6,471000.0,81.0,81.0,-265.38461538461496,81.0,471000.0,2239568.0,357.0,61.0,19.0,12.0,0.0,0.0,1.0,304.0
472000.0,14.984375,4.035148174605434E-6,472000.0,75.7,75.7,-298.3606557377045,75.7,472000.0,2277840.0,357.0,61.0,19.0,12.0,0.0,0.0,1.0,304.0
473000.0,15.03125,4.062749762346759E-6,473000.0,75.3,75.3,-333.333333333333,75.3,473000.0,2276120.0,357.0,61.0,18.0,12.0,0.0,0.0,1.0,304.0
474000.0,15.078125,4.090351350088084E-6,474000.0,76.6,76.6,-387.49999999999955,76.6,474000.0,2276120.0,357.0,61.0,18.0,12.0,0.0,0.0,1.0,304.0
475000.0,15.09375,4.099564135281574E-6,475000.0,76.8,76.8,-346.15384615384573,76.8,475000.0,2279152.0,357.0,61.0,18.0,12.0,0.0,0.0,1.0,304.0
476000.0,15.1875,4.154840846442512E-6,476000.0,76.7,76.7,-348.07692307692264,76.7,476000.0,2279152.0,357.0,61.0,18.0,12.0,0.0,0.0,1.0,304.0
477000.0,15.21875,4.171784449782634E-6,477000.0,75.2,75.2,-376.9230769230765,75.2,477000.0,2095840.0,354.0,57.0,13.0,11.0,0.0,0.0,1.0,305.0
478000.0,15.265625,4.197199854792818E-6,478000.0,74.5,74.5,-390.38461538461496,74.5,478000.0,2095840.0,354.0,57.0,13.0,11.0,0.0,0.0,1.0,305.0
479000.0,15.3125,4.222641453250412E-6,479000.0,76.8,76.8,-314.2857142857139,76.8,479000.0,2098000.0,354.0,57.0,13.0,11.0,0.0,0.0,1.0,305.0
480000.0,15.34375,4.239602518888809E-6,480000.0,77.7,77.7,-345.99999999999955,77.7,480000.0,2098000.0,354.0,57.0,13.0,11.0,0.0,0.0,1.0,305.0
481000.0,15.421875,4.282674732773252E-6,481000.0,75.4,75.4,-530.7692307692303,75.4,481000.0,2131128.0,356.0,58.0,13.0,11.0,0.0,0.0,1.0,306.0
482000.0,15.484375,4.31764072143576E-6,482000.0,80.30000000000001,80.30000000000001,-380.4878048780482,80.30000000000001,482000.0,2162560.0,360.0,60.0,15.0,11.0,0.0,0.0,1.0,308.0
483000.0,15.546875,4.353232507128267E-6,483000.0,84.39999999999999,84.39999999999999,-372.7272727272724,84.39999999999999,483000.0,2201264.0,360.0,60.0,15.0,11.0,0.0,0.0,1.0,308.0
484000.0,15.59375,4.380015501131612E-6,484000.0,86.0,86.0,-366.6666666666663,86.0,484000.0,2208616.0,360.0,60.0,15.0,11.0,0.0,0.0,1.0,308.0
485000.0,15.609375,4.388617687962119E-6,485000.0,84.2,84.2,-485.18518518518476,84.2,485000.0,2128096.0,358.0,58.0,12.0,11.0,0.0,0.0,1.0,308.0
486000.0,15.703125,4.4404300731710244E-6,486000.0,84.6,84.6,-431.0344827586203,84.6,486000.0,2136312.0,358.0,58.0,12.0,11.0,0.0,0.0,1.0,308.0
487000.0,15.75,4.466669989698048E-6,487000.0,85.0,85.0,-581.8181818181813,85.0,487000.0,2163832.0,360.0,59.0,13.0,11.0,0.0,0.0,1.0,309.0
488000.0,15.8125,4.502165409374153E-6,488000.0,84.2,84.2,-485.18518518518476,84.2,488000.0,2195304.0,366.0,62.0,16.0,12.0,0.0,0.0,1.0,312.0
489000.0,15.875,4.5377936718674985E-6,489000.0,82.6,82.6,-346.15384615384585,82.6,489000.0,2203520.0,368.0,62.0,15.0,11.0,0.0,0.0,1.0,314.0
490000.0,15.890625,4.546741030127223E-6,490000.0,83.3,83.3,-496.428571428571,83.3,490000.0,2213488.0,370.0,63.0,16.0,11.0,0.0,0.0,1.0,315.0
491000.0,15.96875,4.592191188647928E-6,491000.0,80.60000000000001,80.60000000000001,-546.666666666666,80.60000000000001,491000.0,2248784.0,372.0,64.0,17.0,11.0,0.0,0.0,1.0,316.0
492000.0,16.0,4.611174388426459E-6,492000.0,76.1,76.1,-545.9459459459454,76.1,492000.0,2348128.0,376.0,66.0,19.0,12.0,0.0,0.0,1.0,318.0
493000.0,16.078125,4.65867604361847E-6,493000.0,74.1,74.1,-388.6792452830185,74.1,493000.0,2350288.0,376.0,66.0,19.0,12.0,0.0,0.0,1.0,318.0
494000.0,16.125,4.687182760487E-6,494000.0,73.2,73.2,-624.3243243243238,73.2,494000.0,2350760.0,378.0,67.0,20.0,12.0,0.0,0.0,1.0,319.0
495000.0,16.171875,4.716529316889743E-6,495000.0,66.9,66.9,-669.7674418604644,66.9,495000.0,2420016.0,380.0,68.0,21.0,12.0,0.0,0.0,1.0,320.0
496000.0,16.21875,4.745875873292485E-6,496000.0,73.6,73.6,-633.3333333333327,73.6,496000.0,2420016.0,380.0,68.0,21.0,12.0,0.0,0.0,1.0,320.0
497000.0,16.28125,4.782026323179403E-6,497000.0,70.1,70.1,-647.4999999999994,70.1,497000.0,2235816.0,377.0,63.0,15.0,12.0,0.0,0.0,1.0,322.0
498000.0,16.328125,4.809259747465451E-6,498000.0,68.60000000000001,68.60000000000001,-684.9999999999992,68.60000000000001,498000.0,2245760.0,377.0,63.0,15.0,12.0,0.0,0.0,1.0,322.0
499000.0,16.359375,4.8274153636561495E-6,499000.0,67.9,67.9,-744.7368421052623,67.83567134268537,499000.0,2245760.0,377.0,63.0,15.0,12.0,0.0,0.0,1.0,322.0
500000.0,16.421875,4.864179451639453E-6,500000.0,71.6,71.6,-504.25531914893565,71.4572864321608,500000.0,2273768.0,381.0,65.0,17.0,12.0,0.0,0.0,1.0,324.0
501000.0,16.46875,4.891789285466074E-6,501000.0,75.5,75.5,-528.2051282051276,75.45090180360722,501000.0,2276800.0,381.0,65.0,17.0,12.0,0.0,0.0,1.0,324.0
502000.0,16.46875,4.891789285466074E-6,502000.0,77.9,77.9,-426.19047619047564,77.81124497991968,502000.0,2278960.0,381.0,65.0,17.0,12.0,0.0,0.0,1.0,324.0
503000.0,16.5625,4.947061340014139E-6,503000.0,80.30000000000001,80.30000000000001,-418.4210526315784,80.22088353413656,503000.0,2278960.0,381.0,65.0,17.0,12.0,0.0,0.0,1.0,324.0
504000.0,16.578125,4.956423136819567E-6,504000.0,82.39999999999999,82.39999999999999,-467.74193548387063,82.2401614530777,504000.0,2316016.0,385.0,67.0,19.0,12.0,0.0,0.0,1.0,326.0
505000.0,16.65625,5.003953249090246E-6,505000.0,80.4,80.4,-575.8620689655164,80.20202020202021,505000.0,2351696.0,385.0,67.0,19.0,12.0,0.0,0.0,1.0,326.0
506000.0,16.703125,5.032920291543833E-6,506000.0,77.60000000000001,77.60000000000001,-646.666666666666,77.51004016064257,506000.0,2388720.0,387.0,68.0,20.0,12.0,0.0,0.0,1.0,327.0
507000.0,16.78125,5.0825890502892416E-6,507000.0,73.3,73.3,-888.888888888888,73.0030333670374,507000.0,2457512.0,389.0,69.0,21.0,12.0,0.0,0.0,1.0,328.0
508000.0,16.828125,5.112526996526865E-6,508000.0,78.2,78.2,-581.2499999999993,77.89046653144015,508000.0,2468784.0,389.0,69.0,21.0,12.0,0.0,0.0,1.0,328.0
509000.0,16.84375,5.122506311939406E-6,509000.0,79.5,79.49958999179984,-521.2121212121206,79.29292929292929,509000.0,2468784.0,389.0,69.0,21.0,12.0,0.0,0.0,1.0,328.0
510000.0,16.921875,5.172402889002112E-6,510000.0,80.80000000000001,80.79978879767677,-448.57142857142793,80.58645096056624,510000.0,2468784.0,389.0,69.0,21.0,12.0,0.0,0.0,1.0,328.0
511000.0,16.96875,5.202340835239736E-6,511000.0,78.60000000000001,78.60000000000001,-421.9512195121946,78.4491440080564,511000.0,2468784.0,389.0,69.0,21.0,12.0,0.0,0.0,1.0,328.0
512000.0,17.015625,5.232685264976072E-6,512000.0,75.4,75.4,-499.9999999999995,75.05070993914808,512000.0,2502304.0,389.0,69.0,21.0,12.0,0.0,0.0,1.0,328.0
513000.0,17.046875,5.252956858991333E-6,513000.0,70.5,70.5,-602.3809523809518,70.05076142131979,513000.0,2507496.0,389.0,69.0,21.0,12.0,0.0,0.0,1.0,328.0
514000.0,17.109375,5.29356989621495E-6,514000.0,72.89999999999999,72.899241178753,-502.2222222222218,72.51521298174441,514000.0,2511816.0,389.0,69.0,21.0,12.0,0.0,0.0,1.0,328.0
515000.0,17.171875,5.334739786727973E-6,515000.0,72.6,72.59561529844774,-459.18367346938726,72.15447154471545,515000.0,2546256.0,391.0,70.0,22.0,12.0,0.0,0.0,1.0,329.0
516000.0,17.21875,5.365643398060151E-6,516000.0,73.5,73.49708467931471,-562.4999999999994,73.23232323232322,516000.0,2548416.0,391.0,70.0,22.0,12.0,0.0,0.0,1.0,329.0
517000.0,17.25,5.386263267913211E-6,517000.0,70.8,70.7973717634587,-668.4210526315784,70.53481331987891,517000.0,2550576.0,391.0,70.0,22.0,12.0,0.0,0.0,1.0,329.0
518000.0,17.265625,5.396581933988878E-6,518000.0,67.2,67.19639160307635,-741.0256410256402,66.86868686868688,518000.0,2552736.0,391.0,70.0,22.0,12.0,0.0,0.0,1.0,329.0
519000.0,17.359375,5.458493930442878E-6,519000.0,66.5,66.494471587812,-661.3636363636356,66.12740141557128,519000.0,2552736.0,391.0,70.0,22.0,12.0,0.0,0.0,1.0,329.0
520000.0,17.375,5.468812596518545E-6,520000.0,72.8,72.79918397551927,-615.78947368421,72.71815446339018,520000.0,2552736.0,391.0,70.0,22.0,12.0,0.0,0.0,1.0,329.0
521000.0,17.453125,5.520459122231435E-6,521000.0,76.8,76.79967519545275,-624.9999999999993,76.75350701402806,521000.0,2555368.0,393.0,71.0,23.0,12.0,0.0,0.0,1.0,330.0
522000.0,17.5,5.551885438358616E-6,522000.0,77.7,77.7,-757.6923076923068,77.7,522000.0,2591520.0,395.0,72.0,24.0,12.0,0.0,0.0,1.0,331.0
523000.0,17.5625,5.593836087630025E-6,523000.0,79.10000000000001,79.10000000000001,-574.1935483870961,79.10000000000001,523000.0,2594544.0,395.0,72.0,24.0,12.0,0.0,0.0,1.0,331.0
524000.0,17.625,5.635822825651199E-6,524000.0,75.3,75.3,-696.7741935483864,75.3,524000.0,2596776.0,399.0,74.0,26.0,12.0,0.0,0.0,1.0,333.0
525000.0,17.671875,5.66773507873424E-6,525000.0,78.7,78.7,-660.714285714285,78.7,525000.0,2631592.0,399.0,74.0,26.0,12.0,0.0,0.0,1.0,333.0
526000.0,17.71875,5.69964733181728E-6,526000.0,72.5,72.5,-1149.9999999999989,72.5,526000.0,2631592.0,399.0,74.0,26.0,12.0,0.0,0.0,1.0,333.0
527000.0,17.796875,5.753530486900771E-6,527000.0,68.89999999999999,68.89999999999999,-1454.9999999999989,68.89999999999999,527000.0,2666032.0,401.0,75.0,27.0,12.0,0.0,0.0,1.0,334.0
528000.0,17.84375,5.785860379950866E-6,528000.0,68.8,68.8,-1633.3333333333321,68.8,528000.0,2666032.0,401.0,75.0,27.0,12.0,0.0,0.0,1.0,334.0
529000.0,17.859375,5.796772667155082E-6,529000.0,69.0,69.0,-2114.285714285713,69.0,529000.0,2699592.0,403.0,76.0,28.0,12.0,0.0,0.0,1.0,335.0
530000.0,17.953125,5.861329813746526E-6,530000.0,71.2,71.2,-1819.9999999999984,71.2,530000.0,2661800.0,405.0,77.0,29.0,12.0,0.0,0.0,1.0,336.0
531000.0,18.03125,5.916483027653559E-6,531000.0,67.30000000000001,67.30000000000001,-2079.9999999999977,67.30000000000001,531000.0,2728872.0,407.0,78.0,30.0,13.0,0.0,0.0,1.0,337.0
532000.0,18.09375,5.961141367960305E-6,532000.0,78.9,78.9,-2009.9999999999977,78.9,532000.0,2762008.0,409.0,79.0,31.0,13.0,0.0,0.0,1.0,338.0
533000.0,18.125,5.984026679976117E-6,533000.0,79.7,79.7,-1349.9999999999984,79.7,533000.0,2830800.0,411.0,80.0,32.0,13.0,0.0,0.0,1.0,339.0
534000.0,18.21875,6.05282949335459E-6,534000.0,88.8,88.8,-699.9999999999992,88.8,534000.0,2836856.0,411.0,80.0,32.0,13.0,0.0,0.0,1.0,339.0
535000.0,18.234375,6.0643176160131875E-6,535000.0,80.7,80.7,-565.5172413793096,80.7,535000.0,2842048.0,411.0,80.0,32.0,13.0,0.0,0.0,1.0,339.0
536000.0,18.3125,6.121758229306173E-6,536000.0,75.4,75.4,-668.7499999999993,75.4,536000.0,2842048.0,411.0,80.0,32.0,13.0,0.0,0.0,1.0,339.0
537000.0,18.359375,6.14934526513227E-6,537000.0,79.5,79.5,-336.170212765957,79.5,537000.0,2274920.0,395.0,63.0,14.0,13.0,0.0,0.0,1.0,340.0
538000.0,18.453125,6.205468703733962E-6,538000.0,78.8,78.8,-315.68627450980347,78.8,538000.0,2314064.0,395.0,63.0,14.0,13.0,0.0,0.0,1.0,340.0
539000.0,18.5,6.233556616482219E-6,539000.0,78.3,78.3,-429.2682926829263,78.3,539000.0,2316224.0,395.0,63.0,14.0,13.0,0.0,0.0,1.0,340.0
540000.0,18.546875,6.261670722677888E-6,540000.0,84.7,84.7,-488.46153846153805,84.7,540000.0,2318384.0,395.0,63.0,14.0,13.0,0.0,0.0,1.0,340.0
541000.0,18.625,6.309726320776259E-6,541000.0,91.60000000000001,91.60000000000001,-319.99999999999943,91.60000000000001,541000.0,2377696.0,399.0,65.0,15.0,13.0,0.0,0.0,1.0,342.0
542000.0,18.640625,6.3193496963423145E-6,542000.0,89.7,89.7,-472.2222222222216,89.7,542000.0,2380728.0,399.0,65.0,15.0,13.0,0.0,0.0,1.0,342.0
543000.0,18.71875,6.367494061123578E-6,543000.0,91.0,91.0,-349.9999999999995,91.0,543000.0,2382088.0,401.0,66.0,16.0,13.0,0.0,0.0,1.0,343.0
544000.0,18.75,6.386828770498847E-6,544000.0,95.6,95.6,-2.3255813953488373,95.6,544000.0,2391608.0,401.0,66.0,16.0,13.0,0.0,0.0,1.0,343.0
545000.0,18.8125,6.4255820082811E-6,545000.0,89.5,89.5,-176.3157894736839,89.5,545000.0,2396792.0,401.0,66.0,16.0,13.0,0.0,0.0,1.0,343.0
546000.0,18.875,6.465351551822902E-6,546000.0,85.3,85.3,-319.99999999999966,85.3,546000.0,2459648.0,407.0,69.0,19.0,13.0,0.0,0.0,1.0,346.0
547000.0,18.921875,6.4952049029266645E-6,547000.0,87.4,87.4,-349.9999999999996,87.4,547000.0,2461808.0,407.0,69.0,19.0,13.0,0.0,0.0,1.0,346.0
548000.0,18.96875,6.5254703642696945E-6,548000.0,86.4,86.4,-312.1212121212118,86.4,548000.0,2495792.0,409.0,70.0,20.0,13.0,0.0,0.0,1.0,347.0
549000.0,18.984375,6.535558851384038E-6,549000.0,88.3,88.3,-515.78947368421,88.3,549000.0,2495792.0,409.0,70.0,20.0,13.0,0.0,0.0,1.0,347.0
550000.0,19.0625,6.586106222433346E-6,550000.0,88.3,88.3,-317.8571428571425,88.3,550000.0,2500984.0,409.0,70.0,20.0,13.0,0.0,0.0,1.0,347.0
551000.0,19.09375,6.600516369669799E-6,551000.0,94.8,94.8,-126.08695652173914,94.8,551000.0,1782464.0,387.0,50.0,-5.0,13.0,0.0,0.0,1.0,348.0
552000.0,19.140625,6.622179320806428E-6,552000.0,95.1,95.1,-113.04347826086956,95.1,552000.0,1786400.0,389.0,51.0,-4.0,13.0,0.0,0.0,1.0,349.0
553000.0,19.1875,6.643879039782201E-6,553000.0,86.6,86.6,-435.9999999999996,86.6,553000.0,1789432.0,389.0,51.0,-4.0,13.0,0.0,0.0,1.0,349.0
554000.0,19.21875,6.658345519099382E-6,554000.0,82.0,82.0,-445.45454545454515,82.0,554000.0,1789432.0,389.0,51.0,-4.0,13.0,0.0,0.0,1.0,349.0
555000.0,19.28125,6.687814376265222E-6,555000.0,86.0,85.99981799763397,-225.58139534883693,85.81560283687944,555000.0,1822576.0,393.0,53.0,-2.0,13.0,0.0,0.0,1.0,351.0
556000.0,19.34375,6.717783819314918E-6,556000.0,86.4,86.3983678041365,-277.77777777777743,86.26262626262627,556000.0,1853536.0,395.0,54.0,-1.0,13.0,0.0,0.0,1.0,352.0
557000.0,19.34375,6.717783819314918E-6,557000.0,79.80000000000001,79.79969699545494,-621.4285714285706,79.69849246231156,557000.0,1856568.0,395.0,54.0,-1.0,13.0,0.0,0.0,1.0,352.0
558000.0,19.421875,6.755039794370529E-6,558000.0,73.5,73.5,-1004.1666666666657,73.5,558000.0,1843352.0,399.0,56.0,1.0,13.0,0.0,0.0,1.0,354.0
559000.0,19.46875,6.778437527827916E-6,559000.0,78.7,78.69859410721108,-432.4999999999995,78.46309403437817,559000.0,1929456.0,401.0,57.0,2.0,13.0,0.0,0.0,1.0,355.0
560000.0,19.515625,6.802431501758593E-6,560000.0,78.7,78.6999147996592,-317.647058823529,78.67867867867868,560000.0,1978624.0,403.0,58.0,3.0,13.0,0.0,0.0,1.0,356.0
561000.0,19.5625,6.826785490072019E-6,561000.0,79.0,79.0,-319.99999999999955,79.0,561000.0,2008312.0,405.0,59.0,4.0,13.0,0.0,0.0,1.0,357.0
562000.0,19.59375,6.843042695739614E-6,562000.0,72.3,72.3,-377.58620689655135,72.3,562000.0,2010936.0,407.0,60.0,5.0,13.0,0.0,0.0,1.0,358.0
563000.0,19.671875,6.884494311331458E-6,563000.0,72.2,72.2,-612.8205128205122,72.2,563000.0,2050944.0,407.0,60.0,5.0,13.0,0.0,0.0,1.0,358.0
564000.0,19.734375,6.918783538923078E-6,564000.0,68.0,68.0,-869.6969696969686,68.0,564000.0,2120704.0,413.0,63.0,8.0,13.0,0.0,0.0,1.0,361.0
565000.0,19.78125,6.946003575447116E-6,565000.0,88.4,88.4,-163.63636363636337,88.4,565000.0,2244656.0,413.0,63.0,8.0,13.0,0.0,0.0,1.0,361.0
566000.0,19.828125,6.9732236119711535E-6,566000.0,90.4,90.4,-104.25531914893594,90.4,566000.0,2244656.0,413.0,63.0,8.0,13.0,0.0,0.0,1.0,361.0
567000.0,19.890625,7.0078882143004876E-6,567000.0,80.0,80.0,-426.31578947368365,80.0,567000.0,2143920.0,416.0,63.0,7.0,14.0,0.0,0.0,1.0,364.0
568000.0,19.9375,7.03440461721685E-6,568000.0,87.1,87.1,-168.74999999999977,87.1,568000.0,2186632.0,422.0,66.0,10.0,15.0,0.0,0.0,1.0,367.0
569000.0,19.984375,7.061804612425878E-6,569000.0,93.4,93.4,-26.92307692307671,93.4,569000.0,2259496.0,428.0,69.0,13.0,15.0,0.0,0.0,1.0,370.0
570000.0,20.03125,7.089274941891843E-6,570000.0,95.1,95.1,14.035087719298245,95.1,570000.0,2265296.0,428.0,69.0,13.0,15.0,0.0,0.0,1.0,370.0
571000.0,20.078125,7.117243043871387E-6,571000.0,90.10000000000001,90.10000000000001,-47.76119402985082,90.10000000000001,571000.0,2306344.0,430.0,70.0,14.0,15.0,0.0,0.0,1.0,371.0
572000.0,20.09375,7.126783796896535E-6,572000.0,90.5,90.5,-11.764705882352956,90.5,572000.0,2360288.0,432.0,71.0,15.0,15.0,0.0,0.0,1.0,372.0
573000.0,20.171875,7.1770482140386245E-6,573000.0,81.8,81.8,-91.57894736842115,81.8,573000.0,2486984.0,436.0,73.0,17.0,15.0,0.0,0.0,1.0,374.0
574000.0,20.21875,7.2077296661316495E-6,574000.0,87.1,87.1,-89.70588235294133,87.1,574000.0,2530096.0,438.0,74.0,18.0,15.0,0.0,0.0,1.0,375.0
575000.0,20.265625,7.238474079511229E-6,575000.0,90.8,90.8,-70.37037037037017,90.8,575000.0,2535288.0,438.0,74.0,18.0,15.0,0.0,0.0,1.0,375.0
576000.0,20.3125,7.269218492890809E-6,576000.0,87.4,87.4,-90.90909090909106,87.4,576000.0,2535288.0,438.0,74.0,18.0,15.0,0.0,0.0,1.0,375.0
577000.0,20.375,7.304182799998668E-6,577000.0,79.5,79.5,-180.8219178082193,79.5,577000.0,2162456.0,431.0,65.0,8.0,15.0,0.0,0.0,1.0,377.0
578000.0,20.390625,7.312923876775633E-6,578000.0,96.89999999999999,96.89999999999999,35.41666666666667,96.89999999999999,578000.0,2162456.0,431.0,65.0,8.0,15.0,0.0,0.0,1.0,377.0
579000.0,20.453125,7.347888183883492E-6,579000.0,91.8,91.8,-86.3636363636361,91.8,579000.0,2162456.0,431.0,65.0,8.0,15.0,0.0,0.0,1.0,377.0
580000.0,20.5,7.3745598072289565E-6,580000.0,70.3,70.3,-681.5789473684205,70.3,580000.0,2199432.0,431.0,65.0,8.0,15.0,0.0,0.0,1.0,377.0
581000.0,20.515625,7.38360204397597E-6,581000.0,92.30000000000001,92.30000000000001,-284.99999999999943,92.30000000000001,581000.0,2236960.0,433.0,66.0,9.0,15.0,0.0,0.0,1.0,378.0
581012.0,20.578125,7.419770990964022E-6,581012.0,92.4,92.4,-279.99999999999943,92.4,581012.0,2236960.0,433.0,66.0,9.0,15.0,0.0,0.0,1.0,378.0
