learning evaluation instances,evaluation time (cpu seconds),model cost (RAM-Hours),classified instances,classifications correct (percent),Kappa Statistic (percent),Kappa Temporal Statistic (percent),Kappa M Statistic (percent),model training instances,model serialized size (bytes),tree size (nodes),tree size (leaves),active learning leaves,tree depth,active leaf byte size estimate,inactive leaf byte size estimate,byte size estimate overhead,splits
1000.0,0.015625,1.5628756955266E-10,1000.0,61.1,60.365897146955916,5.582524271844664,52.034525277435264,1000.0,38664.0,1.0,1.0,1.0,0.0,0.0,0.0,1.0,0.0
2000.0,0.015625,1.5628756955266E-10,2000.0,64.1,61.11954062574796,30.82851637764933,46.49776453055141,2000.0,92600.0,3.0,2.0,2.0,1.0,0.0,0.0,1.0,1.0
3000.0,0.015625,1.5628756955266E-10,3000.0,74.3,72.63512074619874,33.933161953727506,65.27027027027027,3000.0,167576.0,7.0,4.0,4.0,3.0,0.0,0.0,1.0,3.0
4000.0,0.03125,1.1423900206055906E-9,4000.0,77.3,77.15608332494716,18.637992831541233,75.05494505494505,4000.0,243952.0,13.0,7.0,7.0,5.0,0.0,0.0,1.0,6.0
5000.0,0.03125,1.1423900206055906E-9,5000.0,74.8,74.65951233639296,26.315789473684205,72.69772481040087,5000.0,293024.0,13.0,7.0,7.0,5.0,0.0,0.0,1.0,6.0
6000.0,0.09375,6.6613817277054E-9,6000.0,65.0,64.96850668751208,24.07809110629067,63.880288957688336,6000.0,341336.0,15.0,8.0,8.0,6.0,0.0,0.0,1.0,7.0
7000.0,0.15625,9.970163874742058E-9,7000.0,65.60000000000001,63.7136543198156,29.36344969199179,57.791411042944794,7000.0,204640.0,13.0,5.0,4.0,3.0,0.0,0.0,1.0,8.0
8000.0,0.1875,1.1948383568475644E-8,8000.0,53.800000000000004,48.514326278755924,-1.0940919037199135,43.173431734317354,8000.0,244696.0,15.0,6.0,5.0,3.0,0.0,0.0,1.0,9.0
9000.0,0.21875,1.395111515497168E-8,9000.0,57.099999999999994,51.98151792130341,16.860465116279062,44.78764478764478,9000.0,247728.0,15.0,6.0,5.0,3.0,0.0,0.0,1.0,9.0
10000.0,0.234375,1.4952480948219696E-8,10000.0,75.1,75.08953760579443,38.669950738916256,74.79757085020243,10000.0,247728.0,15.0,6.0,5.0,3.0,0.0,0.0,1.0,9.0
11000.0,0.25,1.6115761051575343E-8,11000.0,47.599999999999994,47.173904715434695,-11.252653927813174,45.586708203530634,11000.0,287784.0,17.0,7.0,6.0,4.0,0.0,0.0,1.0,10.0
12000.0,0.328125,2.2733487033595642E-8,12000.0,48.5,47.517314190910604,-8.879492600422841,39.340400471142516,12000.0,327432.0,19.0,8.0,7.0,4.0,0.0,0.0,1.0,11.0
13000.0,0.359375,2.6161465535147324E-8,13000.0,69.3,68.84371622410197,39.32806324110671,64.09356725146198,13000.0,424024.0,23.0,10.0,9.0,4.0,0.0,0.0,1.0,13.0
14000.0,0.359375,2.6161465535147324E-8,14000.0,59.9,59.06885211096525,37.14733542319749,53.20886814469078,14000.0,432664.0,23.0,10.0,9.0,4.0,0.0,0.0,1.0,13.0
15000.0,0.359375,2.6161465535147324E-8,15000.0,68.5,68.21103833849695,44.736842105263165,64.96106785317019,15000.0,436984.0,23.0,10.0,9.0,4.0,0.0,0.0,1.0,13.0
16000.0,0.375,2.7927971031102872E-8,16000.0,80.7,80.67903675487905,-119.31818181818184,80.08255933952529,16000.0,437016.0,25.0,11.0,10.0,5.0,0.0,0.0,1.0,14.0
17000.0,0.40625,3.170474277188381E-8,17000.0,84.2,84.10213272908021,-222.44897959183652,82.80739934711643,17000.0,467168.0,29.0,13.0,12.0,6.0,0.0,0.0,1.0,16.0
18000.0,0.4375,3.574228483355708E-8,18000.0,84.0,83.84654215042907,-433.333333333333,82.68398268398268,18000.0,499424.0,31.0,14.0,13.0,7.0,0.0,0.0,1.0,17.0
19000.0,0.46875,3.980802527318399E-8,19000.0,84.6,84.5378886989035,-599.9999999999994,83.97502601456816,19000.0,502912.0,33.0,15.0,14.0,7.0,0.0,0.0,1.0,18.0
20000.0,0.484375,4.198864593894946E-8,20000.0,81.8,81.79098653833647,-766.6666666666662,81.63471241170535,20000.0,539464.0,33.0,15.0,14.0,7.0,0.0,0.0,1.0,18.0
21000.0,0.515625,4.63498872704804E-8,21000.0,81.8,81.8,-599.9999999999995,81.8,21000.0,539464.0,33.0,15.0,14.0,7.0,0.0,0.0,1.0,18.0
22000.0,0.53125,4.8680133962382876E-8,22000.0,82.89999999999999,82.89999999999999,-1454.5454545454536,82.89999999999999,22000.0,576480.0,35.0,16.0,15.0,8.0,0.0,0.0,1.0,19.0
23000.0,0.5625,5.334062734618783E-8,23000.0,88.4,88.4,-624.9999999999993,88.4,23000.0,576480.0,35.0,16.0,15.0,8.0,0.0,0.0,1.0,19.0
24000.0,0.59375,5.800112072999278E-8,24000.0,90.3,90.3,-259.25925925925884,90.3,24000.0,576480.0,35.0,16.0,15.0,8.0,0.0,0.0,1.0,19.0
25000.0,0.625,6.124419289537601E-8,25000.0,92.30000000000001,92.30000000000001,-249.99999999999952,92.30000000000001,25000.0,401152.0,32.0,12.0,10.0,4.0,0.0,0.0,1.0,20.0
26000.0,0.640625,6.286572897806763E-8,26000.0,89.5,89.5,-262.068965517241,89.5,26000.0,401152.0,32.0,12.0,10.0,4.0,0.0,0.0,1.0,20.0
27000.0,0.671875,6.611630346419082E-8,27000.0,92.7,92.7,-160.71428571428532,92.7,27000.0,402080.0,34.0,13.0,11.0,5.0,0.0,0.0,1.0,21.0
28000.0,0.6875,6.77417523951994E-8,28000.0,83.6,83.6,-256.5217391304345,83.6,28000.0,402120.0,36.0,14.0,12.0,6.0,0.0,0.0,1.0,22.0
29000.0,0.703125,6.9516665664398E-8,29000.0,86.8,86.8,-288.23529411764673,86.8,29000.0,439096.0,36.0,14.0,12.0,6.0,0.0,0.0,1.0,22.0
30000.0,0.734375,7.307030803834397E-8,30000.0,87.3,87.3,-309.6774193548383,87.3,30000.0,439568.0,38.0,15.0,13.0,6.0,0.0,0.0,1.0,23.0
31000.0,0.75,7.484712922531696E-8,31000.0,85.8,85.8,-246.34146341463386,85.8,31000.0,439568.0,38.0,15.0,13.0,6.0,0.0,0.0,1.0,23.0
32000.0,0.765625,7.662395041228994E-8,32000.0,85.6,85.6,-323.52941176470557,85.6,32000.0,439568.0,38.0,15.0,13.0,6.0,0.0,0.0,1.0,23.0
33000.0,0.765625,7.662395041228994E-8,33000.0,81.6,81.6,-411.1111111111108,81.6,33000.0,437880.0,40.0,16.0,14.0,7.0,0.0,0.0,1.0,24.0
34000.0,0.78125,7.853135078524547E-8,34000.0,84.0,84.0,-290.2439024390241,84.0,34000.0,471872.0,42.0,17.0,15.0,7.0,0.0,0.0,1.0,25.0
35000.0,0.78125,7.853135078524547E-8,35000.0,85.9,85.9,-340.62499999999966,85.82914572864323,35000.0,474032.0,42.0,17.0,15.0,7.0,0.0,0.0,1.0,25.0
36000.0,0.78125,7.853135078524547E-8,36000.0,78.7,78.7,-587.0967741935477,78.5929648241206,36000.0,474032.0,42.0,17.0,15.0,7.0,0.0,0.0,1.0,25.0
37000.0,0.859375,8.811200839570824E-8,37000.0,84.7,84.7,-537.4999999999995,84.54545454545455,37000.0,474032.0,42.0,17.0,15.0,7.0,0.0,0.0,1.0,25.0
38000.0,0.875,9.00281399178008E-8,38000.0,83.8,83.8,-752.6315789473679,83.8,38000.0,474032.0,42.0,17.0,15.0,7.0,0.0,0.0,1.0,25.0
39000.0,0.890625,9.194427143989335E-8,39000.0,91.2,91.2,-779.9999999999989,91.2,39000.0,474032.0,42.0,17.0,15.0,7.0,0.0,0.0,1.0,25.0
40000.0,0.921875,9.577653448407846E-8,40000.0,94.5,94.5,-1275.0,94.5,40000.0,474032.0,42.0,17.0,15.0,7.0,0.0,0.0,1.0,25.0
41000.0,0.9375,9.768758900463578E-8,41000.0,96.6,96.6,-466.6666666666667,96.6,41000.0,472776.0,44.0,18.0,16.0,7.0,0.0,0.0,1.0,26.0
42000.0,0.96875,1.0150969804575044E-7,42000.0,94.5,94.5,-323.0769230769231,94.5,42000.0,472776.0,44.0,18.0,16.0,7.0,0.0,0.0,1.0,26.0
43000.0,1.0,1.0209468503793078E-7,43000.0,86.9,86.9,-773.3333333333326,86.9,43000.0,72360.0,27.0,4.0,-5.0,3.0,0.0,0.0,1.0,28.0
44000.0,1.03125,1.0295066102925271E-7,44000.0,87.3,87.3,-746.666666666666,87.3,44000.0,105880.0,27.0,4.0,-5.0,3.0,0.0,0.0,1.0,28.0
45000.0,1.046875,1.0351954390191367E-7,45000.0,88.3,88.3,-457.1428571428566,88.3,45000.0,140736.0,29.0,5.0,-4.0,4.0,0.0,0.0,1.0,29.0
46000.0,1.078125,1.049600541591644E-7,46000.0,95.7,95.7,-207.14285714285717,95.7,46000.0,178184.0,31.0,6.0,-3.0,5.0,0.0,0.0,1.0,30.0
47000.0,1.09375,1.0568904043692679E-7,47000.0,97.39999999999999,97.39999999999999,-160.0,97.39999999999999,47000.0,180344.0,31.0,6.0,-3.0,5.0,0.0,0.0,1.0,30.0
48000.0,1.125,1.0744975750438038E-7,48000.0,97.6,97.6,-300.0,97.6,48000.0,217792.0,33.0,7.0,-2.0,6.0,0.0,0.0,1.0,31.0
49000.0,1.125,1.0744975750438038E-7,49000.0,98.3,98.3,-112.5,98.3,49000.0,253080.0,35.0,8.0,-1.0,7.0,0.0,0.0,1.0,32.0
50000.0,1.15625,1.0952026867825121E-7,50000.0,98.1,98.1,-90.0,98.1,50000.0,256112.0,35.0,8.0,-1.0,7.0,0.0,0.0,1.0,32.0
51000.0,1.1875,1.1159077985212204E-7,51000.0,98.8,98.8,0.0,98.8,51000.0,256112.0,35.0,8.0,-1.0,7.0,0.0,0.0,1.0,32.0
52000.0,1.203125,1.1262603543905745E-7,52000.0,99.3,99.3,41.66666666666667,99.3,52000.0,256112.0,35.0,8.0,-1.0,7.0,0.0,0.0,1.0,32.0
53000.0,1.21875,1.1366129102599286E-7,53000.0,98.4,98.4,0.0,98.4,53000.0,256112.0,35.0,8.0,-1.0,7.0,0.0,0.0,1.0,32.0
54000.0,1.25,1.160310542521377E-7,54000.0,96.0,96.0,-122.22222222222223,96.0,54000.0,293128.0,37.0,9.0,0.0,8.0,0.0,0.0,1.0,33.0
55000.0,1.28125,1.1840081747828254E-7,55000.0,94.0,94.0,-150.0,94.0,55000.0,293128.0,37.0,9.0,0.0,8.0,0.0,0.0,1.0,33.0
56000.0,1.296875,1.1958569909135495E-7,56000.0,91.0,91.0,-221.42857142857105,91.0,56000.0,293128.0,37.0,9.0,0.0,8.0,0.0,0.0,1.0,33.0
57000.0,1.328125,1.219554623174998E-7,57000.0,91.8,91.8,-141.17647058823496,91.8,57000.0,293128.0,37.0,9.0,0.0,8.0,0.0,0.0,1.0,33.0
58000.0,1.34375,1.2314034393057224E-7,58000.0,89.3,89.3,-189.1891891891889,89.3,58000.0,293128.0,37.0,9.0,0.0,8.0,0.0,0.0,1.0,33.0
59000.0,1.359375,1.2432522554364466E-7,59000.0,86.9,86.9,-227.49999999999972,86.9,59000.0,293128.0,37.0,9.0,0.0,8.0,0.0,0.0,1.0,33.0
60000.0,1.390625,1.2669498876978952E-7,60000.0,86.2,86.2,-318.18181818181785,86.2,60000.0,293128.0,37.0,9.0,0.0,8.0,0.0,0.0,1.0,33.0
61000.0,1.421875,1.2756189486632743E-7,61000.0,88.5,88.5,-228.57142857142824,88.5,61000.0,107232.0,34.0,5.0,-5.0,4.0,0.0,0.0,1.0,34.0
62000.0,1.4375,1.2816576701071527E-7,62000.0,85.7,85.7,-217.77777777777754,85.7,62000.0,149392.0,34.0,5.0,-5.0,4.0,0.0,0.0,1.0,34.0
63000.0,1.453125,1.287696391551031E-7,63000.0,79.80000000000001,79.80000000000001,-274.0740740740736,79.80000000000001,63000.0,149392.0,34.0,5.0,-5.0,4.0,0.0,0.0,1.0,34.0
64000.0,1.46875,1.2937351129949095E-7,64000.0,79.9,79.9,-301.99999999999955,79.9,64000.0,149392.0,34.0,5.0,-5.0,4.0,0.0,0.0,1.0,34.0
65000.0,1.484375,1.299773834438788E-7,65000.0,88.8,88.8,-166.6666666666664,88.8,65000.0,149392.0,34.0,5.0,-5.0,4.0,0.0,0.0,1.0,34.0
66000.0,1.5,1.3058125558826663E-7,66000.0,81.89999999999999,81.89999999999999,-376.31578947368394,81.89999999999999,66000.0,149392.0,34.0,5.0,-5.0,4.0,0.0,0.0,1.0,34.0
67000.0,1.53125,1.3178899987704228E-7,67000.0,85.9,85.9,-369.9999999999996,85.9,67000.0,149392.0,34.0,5.0,-5.0,4.0,0.0,0.0,1.0,34.0
68000.0,1.546875,1.3239287202143012E-7,68000.0,93.2,93.2,-161.53846153846112,93.2,68000.0,149392.0,34.0,5.0,-5.0,4.0,0.0,0.0,1.0,34.0
69000.0,1.5625,1.3299674416581796E-7,69000.0,94.1,94.1,-145.83333333333331,94.1,69000.0,149392.0,34.0,5.0,-5.0,4.0,0.0,0.0,1.0,34.0
70000.0,1.578125,1.336006163102058E-7,70000.0,95.5,95.5,-181.25,95.5,70000.0,149392.0,34.0,5.0,-5.0,4.0,0.0,0.0,1.0,34.0
71000.0,1.59375,1.3420448845459363E-7,71000.0,91.8,91.8,-241.6666666666662,91.8,71000.0,149392.0,34.0,5.0,-5.0,4.0,0.0,0.0,1.0,34.0
72000.0,1.609375,1.3481709174811847E-7,72000.0,76.4,76.39893795220785,-594.1176470588229,76.18567103935419,72000.0,151552.0,34.0,5.0,-5.0,4.0,0.0,0.0,1.0,34.0
73000.0,1.625,1.354296950416433E-7,73000.0,75.8,75.74858700444943,-572.2222222222216,74.44561774023232,73000.0,151552.0,34.0,5.0,-5.0,4.0,0.0,0.0,1.0,34.0
74000.0,1.625,1.354296950416433E-7,74000.0,79.10000000000001,79.05568182273691,-422.49999999999943,78.0922431865828,74000.0,151552.0,34.0,5.0,-5.0,4.0,0.0,0.0,1.0,34.0
75000.0,1.625,1.354296950416433E-7,75000.0,77.10000000000001,77.08682492433148,-536.1111111111105,76.51282051282051,75000.0,151552.0,34.0,5.0,-5.0,4.0,0.0,0.0,1.0,34.0
76000.0,1.625,1.354296950416433E-7,76000.0,84.0,83.99823980637869,-310.25641025640994,83.82204246713853,76000.0,151552.0,34.0,5.0,-5.0,4.0,0.0,0.0,1.0,34.0
77000.0,1.625,1.354296950416433E-7,77000.0,80.30000000000001,80.30000000000001,-310.41666666666623,80.30000000000001,77000.0,151552.0,34.0,5.0,-5.0,4.0,0.0,0.0,1.0,34.0
78000.0,1.671875,1.3726750492221785E-7,78000.0,79.5,79.5,-606.8965517241372,79.5,78000.0,151552.0,34.0,5.0,-5.0,4.0,0.0,0.0,1.0,34.0
79000.0,1.671875,1.3726750492221785E-7,79000.0,81.5,81.5,-478.12499999999966,81.5,79000.0,151552.0,34.0,5.0,-5.0,4.0,0.0,0.0,1.0,34.0
80000.0,1.671875,1.3726750492221785E-7,80000.0,82.89999999999999,82.89999999999999,-557.6923076923073,82.89999999999999,80000.0,151552.0,34.0,5.0,-5.0,4.0,0.0,0.0,1.0,34.0
81000.0,1.6875,1.378801082157427E-7,81000.0,83.8,83.8,-439.9999999999996,83.8,81000.0,151552.0,34.0,5.0,-5.0,4.0,0.0,0.0,1.0,34.0
82000.0,1.703125,1.3849271150926753E-7,82000.0,80.7,80.7,-864.999999999999,80.7,82000.0,151552.0,34.0,5.0,-5.0,4.0,0.0,0.0,1.0,34.0
83000.0,1.703125,1.3849271150926753E-7,83000.0,79.80000000000001,79.80000000000001,-818.1818181818171,79.80000000000001,83000.0,151552.0,34.0,5.0,-5.0,4.0,0.0,0.0,1.0,34.0
84000.0,1.703125,1.3849271150926753E-7,84000.0,84.5,84.5,-604.545454545454,84.5,84000.0,151552.0,34.0,5.0,-5.0,4.0,0.0,0.0,1.0,34.0
85000.0,1.75,1.4033052138984207E-7,85000.0,81.10000000000001,81.10000000000001,-372.49999999999943,81.10000000000001,85000.0,151552.0,34.0,5.0,-5.0,4.0,0.0,0.0,1.0,34.0
86000.0,1.75,1.4033052138984207E-7,86000.0,76.5,76.5,-434.09090909090855,76.5,86000.0,151552.0,34.0,5.0,-5.0,4.0,0.0,0.0,1.0,34.0
87000.0,1.765625,1.409431246833669E-7,87000.0,78.9,78.9,-653.5714285714278,78.9,87000.0,151552.0,34.0,5.0,-5.0,4.0,0.0,0.0,1.0,34.0
88000.0,1.78125,1.4155572797689174E-7,88000.0,76.9,76.9,-402.1739130434778,76.9,88000.0,151552.0,34.0,5.0,-5.0,4.0,0.0,0.0,1.0,34.0
89000.0,1.796875,1.4216833127041658E-7,89000.0,78.60000000000001,78.60000000000001,-613.3333333333326,78.60000000000001,89000.0,151552.0,34.0,5.0,-5.0,4.0,0.0,0.0,1.0,34.0
90000.0,1.8125,1.4278093456394142E-7,90000.0,71.2,71.2,-1209.090909090908,71.2,90000.0,151552.0,34.0,5.0,-5.0,4.0,0.0,0.0,1.0,34.0
91000.0,1.8125,1.4278093456394142E-7,91000.0,78.8,78.8,-562.4999999999993,78.8,91000.0,151552.0,34.0,5.0,-5.0,4.0,0.0,0.0,1.0,34.0
92000.0,1.8125,1.4278093456394142E-7,92000.0,89.60000000000001,89.60000000000001,-188.88888888888857,89.60000000000001,92000.0,151552.0,34.0,5.0,-5.0,4.0,0.0,0.0,1.0,34.0
93000.0,1.8125,1.4278093456394142E-7,93000.0,88.7,88.7,-334.6153846153842,88.7,93000.0,151552.0,34.0,5.0,-5.0,4.0,0.0,0.0,1.0,34.0
94000.0,1.84375,1.4400614115099112E-7,94000.0,87.9,87.9,-449.9999999999995,87.9,94000.0,151552.0,34.0,5.0,-5.0,4.0,0.0,0.0,1.0,34.0
95000.0,1.859375,1.4461874444451596E-7,95000.0,90.0,90.0,-284.6153846153842,90.0,95000.0,151552.0,34.0,5.0,-5.0,4.0,0.0,0.0,1.0,34.0
96000.0,1.859375,1.4461874444451596E-7,96000.0,87.9,87.9,-278.12499999999966,87.9,96000.0,151552.0,34.0,5.0,-5.0,4.0,0.0,0.0,1.0,34.0
97000.0,1.859375,1.4461874444451596E-7,97000.0,90.4,90.4,-219.99999999999963,90.4,97000.0,151552.0,34.0,5.0,-5.0,4.0,0.0,0.0,1.0,34.0
98000.0,1.890625,1.4584395103156566E-7,98000.0,91.2,91.2,-238.46153846153803,91.2,98000.0,151552.0,34.0,5.0,-5.0,4.0,0.0,0.0,1.0,34.0
99000.0,1.90625,1.464565543250905E-7,99000.0,83.39999999999999,83.39999999999999,-361.1111111111108,83.36673346693387,99000.0,151552.0,34.0,5.0,-5.0,4.0,0.0,0.0,1.0,34.0
100000.0,1.921875,1.4706915761861534E-7,100000.0,85.2,85.2,-279.4871794871792,84.88253319713994,100000.0,151552.0,34.0,5.0,-5.0,4.0,0.0,0.0,1.0,34.0
101000.0,1.921875,1.4706915761861534E-7,101000.0,87.1,87.1,-186.66666666666643,86.83673469387755,101000.0,151552.0,34.0,5.0,-5.0,4.0,0.0,0.0,1.0,34.0
102000.0,1.921875,1.4706915761861534E-7,102000.0,89.2,89.2,-299.9999999999996,89.0020366598778,102000.0,151552.0,34.0,5.0,-5.0,4.0,0.0,0.0,1.0,34.0
103000.0,1.921875,1.4706915761861534E-7,103000.0,88.1,88.1,-283.87096774193515,87.65560165975104,103000.0,151552.0,34.0,5.0,-5.0,4.0,0.0,0.0,1.0,34.0
104000.0,1.921875,1.4706915761861534E-7,104000.0,89.60000000000001,89.60000000000001,-215.15151515151481,89.2672858617131,104000.0,151552.0,34.0,5.0,-5.0,4.0,0.0,0.0,1.0,34.0
105000.0,2.0,1.5013217408623958E-7,105000.0,88.1,88.1,-239.9999999999997,87.8323108384458,105000.0,151552.0,34.0,5.0,-5.0,4.0,0.0,0.0,1.0,34.0
106000.0,2.015625,1.5074477737976442E-7,106000.0,94.39999999999999,94.39999999999999,-100.0,94.39999999999999,106000.0,151552.0,34.0,5.0,-5.0,4.0,0.0,0.0,1.0,34.0
107000.0,2.03125,1.5135738067328926E-7,107000.0,92.0,92.0,-166.6666666666663,92.0,107000.0,151552.0,34.0,5.0,-5.0,4.0,0.0,0.0,1.0,34.0
108000.0,2.046875,1.519699839668141E-7,108000.0,89.7,89.7,-221.87499999999966,89.58543983822042,108000.0,151552.0,34.0,5.0,-5.0,4.0,0.0,0.0,1.0,34.0
109000.0,2.0625,1.5258258726033893E-7,109000.0,89.7,89.7,-329.16666666666623,89.53252032520325,109000.0,151552.0,34.0,5.0,-5.0,4.0,0.0,0.0,1.0,34.0
110000.0,2.078125,1.5319519055386377E-7,110000.0,91.9,91.9,-237.49999999999955,91.75991861648016,110000.0,151552.0,34.0,5.0,-5.0,4.0,0.0,0.0,1.0,34.0
111000.0,2.09375,1.538077938473886E-7,111000.0,94.1,94.1,-168.1818181818182,94.05840886203424,111000.0,151552.0,34.0,5.0,-5.0,4.0,0.0,0.0,1.0,34.0
112000.0,2.09375,1.538077938473886E-7,112000.0,92.10000000000001,92.10000000000001,-203.84615384615344,92.04431017119839,112000.0,151552.0,34.0,5.0,-5.0,4.0,0.0,0.0,1.0,34.0
113000.0,2.109375,1.5442039714091345E-7,113000.0,90.2,90.2,-226.66666666666632,90.1010101010101,113000.0,151552.0,34.0,5.0,-5.0,4.0,0.0,0.0,1.0,34.0
114000.0,2.125,1.5503300043443828E-7,114000.0,91.3,91.3,-189.99999999999963,91.16751269035534,114000.0,151552.0,34.0,5.0,-5.0,4.0,0.0,0.0,1.0,34.0
115000.0,2.140625,1.5564560372796312E-7,115000.0,93.4,93.4,-135.71428571428532,93.36683417085428,115000.0,151552.0,34.0,5.0,-5.0,4.0,0.0,0.0,1.0,34.0
116000.0,2.15625,1.5625820702148796E-7,116000.0,94.3,94.3,-185.0,94.3,116000.0,151552.0,34.0,5.0,-5.0,4.0,0.0,0.0,1.0,34.0
117000.0,2.171875,1.568708103150128E-7,117000.0,86.1,86.1,-334.37499999999966,86.1,117000.0,151552.0,34.0,5.0,-5.0,4.0,0.0,0.0,1.0,34.0
118000.0,2.171875,1.568708103150128E-7,118000.0,81.69999999999999,81.69999999999999,-408.33333333333303,81.69999999999999,118000.0,151552.0,34.0,5.0,-5.0,4.0,0.0,0.0,1.0,34.0
119000.0,2.171875,1.568708103150128E-7,119000.0,85.0,85.0,-368.74999999999966,85.0,119000.0,186408.0,36.0,6.0,-4.0,4.0,0.0,0.0,1.0,35.0
120000.0,2.171875,1.568708103150128E-7,120000.0,83.2,83.2,-235.99999999999977,83.2,120000.0,186408.0,36.0,6.0,-4.0,4.0,0.0,0.0,1.0,35.0
121000.0,2.171875,1.568708103150128E-7,121000.0,80.10000000000001,80.10000000000001,-306.12244897959135,80.10000000000001,121000.0,186408.0,36.0,6.0,-4.0,4.0,0.0,0.0,1.0,35.0
122000.0,2.171875,1.568708103150128E-7,122000.0,75.7,75.7,-556.7567567567561,75.7,122000.0,186408.0,36.0,6.0,-4.0,4.0,0.0,0.0,1.0,35.0
123000.0,2.171875,1.568708103150128E-7,123000.0,76.4,76.4,-424.4444444444439,76.4,123000.0,186408.0,36.0,6.0,-4.0,4.0,0.0,0.0,1.0,35.0
124000.0,2.1875,1.5762430848553764E-7,124000.0,75.1,75.1,-507.3170731707312,75.1,124000.0,186408.0,36.0,6.0,-4.0,4.0,0.0,0.0,1.0,35.0
125000.0,2.203125,1.583778066560625E-7,125000.0,78.7,78.7,-384.0909090909086,78.7,125000.0,186408.0,36.0,6.0,-5.0,4.0,0.0,0.0,1.0,35.0
126000.0,2.203125,1.583778066560625E-7,126000.0,82.0,82.0,-246.15384615384593,82.0,126000.0,186880.0,38.0,7.0,-4.0,4.0,0.0,0.0,1.0,36.0
127000.0,2.265625,1.6139943100925937E-7,127000.0,83.3,83.3,-233.99999999999977,83.3,127000.0,186880.0,38.0,7.0,-4.0,4.0,0.0,0.0,1.0,36.0
128000.0,2.265625,1.6139943100925937E-7,128000.0,84.6,84.6,-266.6666666666664,84.6,128000.0,186880.0,38.0,7.0,-4.0,4.0,0.0,0.0,1.0,36.0
129000.0,2.265625,1.6139943100925937E-7,129000.0,86.3,86.3,-242.49999999999972,86.3,129000.0,186880.0,38.0,7.0,-4.0,4.0,0.0,0.0,1.0,36.0
130000.0,2.3125,1.6366564927415704E-7,130000.0,85.5,85.5,-314.285714285714,85.5,130000.0,186880.0,38.0,7.0,-4.0,4.0,0.0,0.0,1.0,36.0
131000.0,2.3125,1.6366564927415704E-7,131000.0,92.80000000000001,92.80000000000001,-213.04347826086908,92.80000000000001,131000.0,186880.0,38.0,7.0,-4.0,4.0,0.0,0.0,1.0,36.0
132000.0,2.328125,1.6442105536245625E-7,132000.0,91.0,91.0,-274.99999999999955,91.0,132000.0,186880.0,38.0,7.0,-4.0,4.0,0.0,0.0,1.0,36.0
133000.0,2.359375,1.659318675390547E-7,133000.0,86.3,86.3,-522.7272727272722,86.3,133000.0,186880.0,38.0,7.0,-4.0,4.0,0.0,0.0,1.0,36.0
134000.0,2.375,1.6668727362735392E-7,134000.0,88.4,88.4,-404.347826086956,88.4,134000.0,186880.0,38.0,7.0,-4.0,4.0,0.0,0.0,1.0,36.0
135000.0,2.390625,1.6745141086479016E-7,135000.0,90.7,90.6997023904765,-271.9999999999996,90.625,135000.0,189040.0,38.0,7.0,-4.0,4.0,0.0,0.0,1.0,36.0
136000.0,2.40625,1.6822427925136342E-7,136000.0,91.2,91.19463753425838,-225.9259259259255,90.93717816683832,136000.0,191200.0,38.0,7.0,-4.0,4.0,0.0,0.0,1.0,36.0
137000.0,2.421875,1.6900587878707371E-7,137000.0,86.9,86.89272546263176,-351.72413793103414,86.39667705088266,137000.0,193360.0,38.0,7.0,-4.0,4.0,0.0,0.0,1.0,36.0
138000.0,2.4375,1.69787478322784E-7,138000.0,90.7,90.6981582353306,-232.14285714285677,90.38262668045502,138000.0,193360.0,38.0,7.0,-4.0,4.0,0.0,0.0,1.0,36.0
139000.0,2.453125,1.705690778584943E-7,139000.0,89.7,89.6994849742487,-221.87499999999966,89.43589743589743,139000.0,193360.0,38.0,7.0,-4.0,4.0,0.0,0.0,1.0,36.0
140000.0,2.484375,1.7213227692991485E-7,140000.0,87.3,87.3,-273.52941176470557,86.85300207039337,140000.0,193360.0,38.0,7.0,-4.0,4.0,0.0,0.0,1.0,36.0
141000.0,2.5,1.7291387646562514E-7,141000.0,84.5,84.5,-236.9565217391302,83.80355276907001,141000.0,193360.0,38.0,7.0,-4.0,4.0,0.0,0.0,1.0,36.0
142000.0,2.515625,1.7369547600133543E-7,142000.0,82.39999999999999,82.39999999999999,-309.3023255813951,81.87435633367662,142000.0,193360.0,38.0,7.0,-4.0,4.0,0.0,0.0,1.0,36.0
143000.0,2.546875,1.7525867507275598E-7,143000.0,81.2,81.2,-548.2758620689648,80.81632653061224,143000.0,193360.0,38.0,7.0,-4.0,4.0,0.0,0.0,1.0,36.0
144000.0,2.5625,1.7604027460846627E-7,144000.0,82.5,82.5,-483.333333333333,82.32323232323232,144000.0,193360.0,38.0,7.0,-4.0,4.0,0.0,0.0,1.0,36.0
145000.0,2.578125,1.7682187414417656E-7,145000.0,80.80000000000001,80.80000000000001,-734.7826086956512,80.74222668004013,145000.0,193360.0,38.0,7.0,-4.0,4.0,0.0,0.0,1.0,36.0
146000.0,2.59375,1.7760347367988685E-7,146000.0,77.9,77.9,-636.666666666666,77.9,146000.0,193360.0,38.0,7.0,-4.0,4.0,0.0,0.0,1.0,36.0
147000.0,2.609375,1.7838507321559714E-7,147000.0,69.39999999999999,69.39999999999999,-919.9999999999992,69.39999999999999,147000.0,193360.0,38.0,7.0,-4.0,4.0,0.0,0.0,1.0,36.0
148000.0,2.625,1.7916667275130743E-7,148000.0,66.2,66.2,-1369.565217391303,66.2,148000.0,193360.0,38.0,7.0,-4.0,4.0,0.0,0.0,1.0,36.0
149000.0,2.640625,1.7994827228701772E-7,149000.0,58.5,58.5,-1974.9999999999982,58.5,149000.0,193360.0,38.0,7.0,-4.0,4.0,0.0,0.0,1.0,36.0
150000.0,2.65625,1.80729871822728E-7,150000.0,56.99999999999999,56.99999999999999,-1553.8461538461527,56.99999999999999,150000.0,193360.0,38.0,7.0,-4.0,4.0,0.0,0.0,1.0,36.0
151000.0,2.671875,1.815114713584383E-7,151000.0,53.2,53.2,-1849.9999999999982,53.2,151000.0,193360.0,38.0,7.0,-4.0,4.0,0.0,0.0,1.0,36.0
152000.0,2.703125,1.8307467042985886E-7,152000.0,73.6,73.6,-613.5135135135129,73.6,152000.0,193360.0,38.0,7.0,-4.0,4.0,0.0,0.0,1.0,36.0
153000.0,2.71875,1.8385626996556915E-7,153000.0,74.7,74.7,-803.5714285714278,74.7,153000.0,193360.0,38.0,7.0,-4.0,4.0,0.0,0.0,1.0,36.0
154000.0,2.734375,1.8463786950127944E-7,154000.0,71.7,71.7,-843.3333333333327,71.7,154000.0,193360.0,38.0,7.0,-4.0,4.0,0.0,0.0,1.0,36.0
155000.0,2.75,1.8541946903698973E-7,155000.0,73.0,73.0,-864.2857142857135,73.0,155000.0,193360.0,38.0,7.0,-4.0,4.0,0.0,0.0,1.0,36.0
156000.0,2.765625,1.8620106857270002E-7,156000.0,70.8,70.8,-1067.999999999999,70.8,156000.0,193360.0,38.0,7.0,-4.0,4.0,0.0,0.0,1.0,36.0
157000.0,2.78125,1.869826681084103E-7,157000.0,68.5,68.5,-884.374999999999,68.5,157000.0,193360.0,38.0,7.0,-4.0,4.0,0.0,0.0,1.0,36.0
158000.0,2.8125,1.8854586717983086E-7,158000.0,72.0,72.0,-937.0370370370362,72.0,158000.0,193360.0,38.0,7.0,-4.0,4.0,0.0,0.0,1.0,36.0
159000.0,2.828125,1.8932746671554115E-7,159000.0,73.0,73.0,-574.9999999999994,73.0,159000.0,193360.0,38.0,7.0,-4.0,4.0,0.0,0.0,1.0,36.0
160000.0,2.84375,1.9010906625125144E-7,160000.0,64.4,64.4,-641.666666666666,64.4,160000.0,193360.0,38.0,7.0,-4.0,4.0,0.0,0.0,1.0,36.0
161000.0,2.84375,1.9010906625125144E-7,161000.0,62.5,62.5,-594.4444444444439,62.5,161000.0,193360.0,38.0,7.0,-4.0,4.0,0.0,0.0,1.0,36.0
162000.0,2.84375,1.9010906625125144E-7,162000.0,60.4,60.4,-724.9999999999993,60.4,162000.0,193360.0,38.0,7.0,-4.0,4.0,0.0,0.0,1.0,36.0
163000.0,2.890625,1.9245386485838228E-7,163000.0,71.39999999999999,71.39999999999999,-439.62264150943355,71.39999999999999,163000.0,193360.0,38.0,7.0,-4.0,4.0,0.0,0.0,1.0,36.0
164000.0,2.90625,1.9323546439409257E-7,164000.0,76.4,76.4,-286.885245901639,76.4,164000.0,193360.0,38.0,7.0,-4.0,4.0,0.0,0.0,1.0,36.0
165000.0,2.921875,1.9401706392980286E-7,165000.0,62.4,62.4,-683.3333333333327,62.4,165000.0,193360.0,38.0,7.0,-4.0,4.0,0.0,0.0,1.0,36.0
166000.0,2.9375,1.9479866346551315E-7,166000.0,52.300000000000004,52.300000000000004,-984.0909090909081,52.300000000000004,166000.0,193360.0,38.0,7.0,-4.0,4.0,0.0,0.0,1.0,36.0
167000.0,2.96875,1.963618625369337E-7,167000.0,50.8,50.8,-1044.186046511627,50.8,167000.0,193360.0,38.0,7.0,-4.0,4.0,0.0,0.0,1.0,36.0
168000.0,2.984375,1.97143462072644E-7,168000.0,49.1,49.1,-1056.8181818181808,49.1,168000.0,193360.0,38.0,7.0,-4.0,4.0,0.0,0.0,1.0,36.0
169000.0,2.984375,1.97143462072644E-7,169000.0,47.8,47.8,-1435.2941176470574,47.8,169000.0,193360.0,38.0,7.0,-4.0,4.0,0.0,0.0,1.0,36.0
170000.0,3.0,1.9792506160835429E-7,170000.0,43.4,43.4,-1564.7058823529399,43.4,170000.0,193360.0,38.0,7.0,-4.0,4.0,0.0,0.0,1.0,36.0
171000.0,3.015625,1.9871539229320158E-7,171000.0,58.9,58.9,-953.8461538461529,58.734939759036145,171000.0,195520.0,38.0,7.0,-4.0,4.0,0.0,0.0,1.0,36.0
172000.0,3.046875,2.0029605366289618E-7,172000.0,51.0,51.0,-965.2173913043467,49.948927477017364,172000.0,195520.0,38.0,7.0,-4.0,4.0,0.0,0.0,1.0,36.0
173000.0,3.078125,2.0187671503259078E-7,173000.0,52.1,52.1,-964.4444444444435,50.414078674948236,173000.0,195520.0,38.0,7.0,-4.0,4.0,0.0,0.0,1.0,36.0
174000.0,3.09375,2.0266720740538508E-7,174000.0,59.5,59.5,-820.4545454545446,58.41889117043121,174000.0,195560.0,40.0,8.0,-3.0,4.0,0.0,0.0,1.0,37.0
175000.0,3.125,2.045544291225573E-7,175000.0,70.8,70.8,-461.53846153846115,69.32773109243698,175000.0,233440.0,42.0,9.0,-2.0,5.0,0.0,0.0,1.0,38.0
176000.0,3.125,2.045544291225573E-7,176000.0,72.7,72.6910153440482,-424.99999999999955,71.3536201469045,176000.0,233440.0,42.0,9.0,-2.0,5.0,0.0,0.0,1.0,38.0
177000.0,3.171875,2.0734286711861696E-7,177000.0,83.39999999999999,83.35065133054373,-231.99999999999977,82.39660657476139,177000.0,229944.0,41.0,8.0,-4.0,5.0,0.0,0.0,1.0,38.0
178000.0,3.203125,2.0920182578265672E-7,178000.0,65.8,65.7416923603974,-557.692307692307,64.48598130841123,178000.0,229944.0,41.0,8.0,-4.0,5.0,0.0,0.0,1.0,38.0
179000.0,3.21875,2.101313051146766E-7,179000.0,57.599999999999994,57.5813357877466,-715.3846153846147,56.73469387755101,179000.0,229944.0,41.0,8.0,-4.0,5.0,0.0,0.0,1.0,38.0
180000.0,3.234375,2.1120151763574948E-7,180000.0,65.7,65.67683186150653,-697.6744186046503,64.74820143884892,180000.0,264760.0,41.0,8.0,-4.0,5.0,0.0,0.0,1.0,38.0
181000.0,3.234375,2.1120151763574948E-7,181000.0,63.800000000000004,63.774170983911525,-828.2051282051274,62.641898864809086,181000.0,264760.0,41.0,8.0,-4.0,5.0,0.0,0.0,1.0,38.0
182000.0,3.234375,2.1120151763574948E-7,182000.0,63.5,63.48773187791098,-835.8974358974351,62.7170582226762,182000.0,263072.0,43.0,9.0,-3.0,6.0,0.0,0.0,1.0,39.0
183000.0,3.296875,2.1605293214735062E-7,183000.0,79.80000000000001,79.79660582977941,-621.4285714285706,79.5131845841785,183000.0,300048.0,43.0,9.0,-3.0,6.0,0.0,0.0,1.0,39.0
184000.0,3.3125,2.174084268820783E-7,184000.0,78.0,77.99476275353534,-609.677419354838,77.68762677484787,184000.0,335336.0,45.0,10.0,-2.0,7.0,0.0,0.0,1.0,40.0
185000.0,3.34375,2.1954885192422408E-7,185000.0,79.2,79.1968795319298,-372.72727272727224,78.989898989899,185000.0,264760.0,43.0,8.0,-5.0,5.0,0.0,0.0,1.0,40.0
186000.0,3.375,2.222423144202266E-7,186000.0,78.4,78.39740768892267,-468.4210526315784,78.13765182186235,186000.0,333168.0,47.0,10.0,-3.0,6.0,0.0,0.0,1.0,42.0
187000.0,3.40625,2.2523502896850315E-7,187000.0,78.8,78.78674171357099,-472.97297297297234,78.25641025641026,187000.0,370184.0,49.0,11.0,-2.0,6.0,0.0,0.0,1.0,43.0
188000.0,3.4375,2.2883323254063732E-7,188000.0,71.7,71.68810900578244,-424.0740740740737,71.09295199182839,188000.0,445080.0,53.0,13.0,0.0,7.0,0.0,0.0,1.0,45.0
189000.0,3.46875,2.3244889841104555E-7,189000.0,78.9,78.88733239943967,-298.1132075471694,78.3811475409836,189000.0,447240.0,53.0,13.0,0.0,7.0,0.0,0.0,1.0,45.0
190000.0,3.5,2.360820265797278E-7,190000.0,81.3,81.28838008403217,-239.9999999999998,80.85977482088023,190000.0,449400.0,53.0,13.0,0.0,7.0,0.0,0.0,1.0,45.0
191000.0,3.515625,2.3805170914986074E-7,191000.0,75.2,75.17775927230798,-335.08771929824525,74.48559670781893,191000.0,487280.0,55.0,14.0,1.0,8.0,0.0,0.0,1.0,46.0
192000.0,3.53125,2.401727639759581E-7,192000.0,77.4,77.36645708940651,-438.0952380952376,76.50727650727652,192000.0,524728.0,57.0,15.0,2.0,8.0,0.0,0.0,1.0,47.0
193000.0,3.5625,2.444148736281528E-7,193000.0,87.4,87.39179205662887,-249.9999999999997,87.12972420837589,193000.0,524728.0,57.0,15.0,2.0,8.0,0.0,0.0,1.0,47.0
194000.0,3.609375,2.507780381064449E-7,194000.0,90.3,90.29187429878809,-148.71794871794845,90.03083247687564,194000.0,524728.0,57.0,15.0,2.0,8.0,0.0,0.0,1.0,47.0
195000.0,3.640625,2.5528829104991433E-7,195000.0,86.4,86.39191679857835,-368.9655172413789,86.02261048304214,195000.0,557896.0,61.0,17.0,4.0,8.0,0.0,0.0,1.0,49.0
196000.0,3.671875,2.5979854399338377E-7,196000.0,88.3,88.29297578547128,-216.2162162162159,88.0,196000.0,557896.0,61.0,17.0,4.0,8.0,0.0,0.0,1.0,49.0
197000.0,3.703125,2.643087969368532E-7,197000.0,90.0,89.99523773316098,-222.58064516128994,89.82706002034588,197000.0,557896.0,61.0,17.0,4.0,8.0,0.0,0.0,1.0,49.0
198000.0,3.703125,2.643087969368532E-7,198000.0,89.4,89.39885507634826,-241.9354838709674,89.33601609657947,198000.0,625440.0,65.0,19.0,6.0,9.0,0.0,0.0,1.0,51.0
199000.0,3.75,2.71893255153878E-7,199000.0,90.9,90.8999362995541,-203.33333333333297,90.83585095669689,199000.0,625440.0,65.0,19.0,6.0,9.0,0.0,0.0,1.0,51.0
200000.0,3.78125,2.7695337646744336E-7,200000.0,87.0,86.99980499707496,-306.24999999999966,86.80203045685279,200000.0,625912.0,67.0,20.0,7.0,9.0,0.0,0.0,1.0,52.0
201000.0,3.796875,2.79483437124226E-7,201000.0,81.3,81.29581026149857,-449.99999999999966,80.9959349593496,201000.0,625912.0,67.0,20.0,7.0,9.0,0.0,0.0,1.0,52.0
202000.0,3.8125,2.8202575372738985E-7,202000.0,87.4,87.39217053790404,-270.5882352941173,87.1033776867963,202000.0,628944.0,67.0,20.0,7.0,9.0,0.0,0.0,1.0,52.0
203000.0,3.84375,2.8740931561009767E-7,203000.0,86.0,85.98780939417293,-241.46341463414606,85.58187435633367,203000.0,665920.0,67.0,20.0,7.0,9.0,0.0,0.0,1.0,52.0
204000.0,3.875,2.927792310300802E-7,204000.0,88.3,88.2930460693652,-172.0930232558137,88.03680981595092,204000.0,664232.0,69.0,21.0,8.0,9.0,0.0,0.0,1.0,53.0
205000.0,3.890625,2.945873873411783E-7,205000.0,86.9,86.89327625071662,-227.49999999999972,86.64627930682977,205000.0,447320.0,63.0,15.0,1.0,8.0,0.0,0.0,1.0,53.0
206000.0,3.9375,3.008724565410781E-7,206000.0,89.7,89.69783654567459,-202.94117647058792,89.55375253549695,206000.0,518288.0,65.0,16.0,2.0,8.0,0.0,0.0,1.0,54.0
207000.0,3.953125,3.029674796077114E-7,207000.0,92.10000000000001,92.09701267078955,-154.838709677419,91.93054136874362,207000.0,518288.0,65.0,16.0,2.0,8.0,0.0,0.0,1.0,54.0
208000.0,3.984375,3.07174988039252E-7,208000.0,92.10000000000001,92.09449777044824,-154.838709677419,91.86405767250257,208000.0,520448.0,65.0,16.0,2.0,8.0,0.0,0.0,1.0,54.0
209000.0,4.015625,3.1140694368837625E-7,209000.0,93.30000000000001,93.27255201220981,-131.0344827586203,92.87234042553192,209000.0,523472.0,65.0,16.0,2.0,8.0,0.0,0.0,1.0,54.0
210000.0,4.046875,3.156388993375005E-7,210000.0,89.60000000000001,89.59307939779954,-153.6585365853656,89.39857288481143,210000.0,523472.0,65.0,16.0,2.0,8.0,0.0,0.0,1.0,54.0
211000.0,4.078125,3.2016700263031673E-7,211000.0,87.3,87.29776440653555,-234.2105263157892,87.1587462082912,211000.0,560104.0,67.0,17.0,3.0,8.0,0.0,0.0,1.0,55.0
212000.0,4.109375,3.24730030519681E-7,212000.0,88.6,88.59265366896281,-225.7142857142854,88.27160493827161,212000.0,564424.0,67.0,17.0,3.0,8.0,0.0,0.0,1.0,55.0
213000.0,4.140625,3.2929305840904527E-7,213000.0,90.4,90.39331374636748,-146.15384615384588,90.11328527291452,213000.0,564424.0,67.0,17.0,3.0,8.0,0.0,0.0,1.0,55.0
214000.0,4.15625,3.3158682830010864E-7,214000.0,90.5,90.4920894183961,-149.99999999999972,90.18595041322315,214000.0,567456.0,67.0,17.0,3.0,8.0,0.0,0.0,1.0,55.0
215000.0,4.1875,3.3649813202727184E-7,215000.0,85.3,85.28220618728042,-267.4999999999997,84.70343392299688,215000.0,607504.0,69.0,18.0,4.0,8.0,0.0,0.0,1.0,56.0
216000.0,4.21875,3.4140943575443504E-7,216000.0,87.4,87.37221888153938,-281.8181818181815,86.66666666666667,216000.0,607504.0,69.0,18.0,4.0,8.0,0.0,0.0,1.0,56.0
217000.0,4.234375,3.4386508761801667E-7,217000.0,81.69999999999999,81.66744137588357,-335.71428571428544,80.77731092436974,217000.0,607504.0,69.0,18.0,4.0,8.0,0.0,0.0,1.0,56.0
218000.0,4.265625,3.4877639134517986E-7,218000.0,83.3,83.24378289160131,-255.31914893616997,82.32804232804233,218000.0,607504.0,69.0,18.0,4.0,8.0,0.0,0.0,1.0,56.0
219000.0,4.28125,3.514151063023343E-7,219000.0,80.30000000000001,80.2495375684875,-515.6249999999993,79.58549222797929,219000.0,652792.0,71.0,19.0,5.0,8.0,0.0,0.0,1.0,57.0
220000.0,4.28125,3.514151063023343E-7,220000.0,79.9,79.87653604102384,-458.3333333333327,79.4478527607362,220000.0,659752.0,71.0,19.0,5.0,8.0,0.0,0.0,1.0,57.0
221000.0,4.296875,3.540819549622636E-7,221000.0,81.89999999999999,81.88208137848332,-330.95238095238074,81.47389969293755,221000.0,659752.0,71.0,19.0,5.0,8.0,0.0,0.0,1.0,57.0
222000.0,4.3125,3.56780300434265E-7,222000.0,80.9,80.88183774585858,-297.91666666666623,80.41025641025642,222000.0,667544.0,71.0,19.0,5.0,8.0,0.0,0.0,1.0,57.0
223000.0,4.34375,3.624695818871261E-7,223000.0,86.4,86.39409503724616,-189.36170212765936,86.20689655172413,223000.0,703736.0,73.0,20.0,6.0,8.0,0.0,0.0,1.0,58.0
224000.0,4.375,3.6816293787625113E-7,224000.0,83.89999999999999,83.89561960853352,-235.41666666666643,83.77016129032258,224000.0,704240.0,75.0,21.0,7.0,8.0,0.0,0.0,1.0,59.0
225000.0,4.40625,3.741973260831503E-7,225000.0,85.3,85.29732411298856,-226.66666666666643,85.1963746223565,225000.0,746424.0,75.0,21.0,7.0,8.0,0.0,0.0,1.0,59.0
226000.0,4.4375,3.8023171429004947E-7,226000.0,91.10000000000001,91.09941256122904,-147.22222222222192,91.00101112234582,226000.0,746424.0,75.0,21.0,7.0,8.0,0.0,0.0,1.0,59.0
227000.0,4.453125,3.8324890839349906E-7,227000.0,92.5,92.49966248481182,-120.58823529411733,92.43188698284561,227000.0,746424.0,75.0,21.0,7.0,8.0,0.0,0.0,1.0,59.0
228000.0,4.484375,3.896143688406383E-7,228000.0,89.8,89.798571800052,-183.333333333333,89.65517241379311,228000.0,787376.0,77.0,22.0,8.0,8.0,0.0,0.0,1.0,60.0
229000.0,4.515625,3.949033756119511E-7,229000.0,88.4,88.39821332485202,-205.26315789473654,88.23529411764706,229000.0,654224.0,76.0,20.0,5.0,8.0,0.0,0.0,1.0,61.0
230000.0,4.546875,4.0050224116486E-7,230000.0,85.9,85.8982231761202,-235.71428571428547,85.6997971602434,230000.0,692552.0,78.0,21.0,6.0,8.0,0.0,0.0,1.0,62.0
231000.0,4.546875,4.0050224116486E-7,231000.0,86.5,86.49440868519567,-187.23404255319124,86.18219037871033,231000.0,739928.0,78.0,21.0,6.0,8.0,0.0,0.0,1.0,62.0
232000.0,4.546875,4.0050224116486E-7,232000.0,88.1,88.09504753977654,-176.74418604651137,87.782340862423,232000.0,739928.0,78.0,21.0,6.0,8.0,0.0,0.0,1.0,62.0
233000.0,4.546875,4.0050224116486E-7,233000.0,90.60000000000001,90.59606915690759,-87.99999999999977,90.38854805725973,233000.0,746000.0,78.0,21.0,6.0,8.0,0.0,0.0,1.0,62.0
234000.0,4.578125,4.0658927496729644E-7,234000.0,88.2,88.19669507462089,-156.52173913043455,87.95918367346938,234000.0,752936.0,78.0,21.0,6.0,8.0,0.0,0.0,1.0,62.0
235000.0,4.609375,4.12711233366281E-7,235000.0,84.1,84.0940511751395,-224.48979591836712,83.74233128834355,235000.0,757256.0,78.0,21.0,6.0,8.0,0.0,0.0,1.0,62.0
236000.0,4.640625,4.1886831038734997E-7,236000.0,77.7,77.68723709962099,-291.22807017543823,77.19836400817996,236000.0,761600.0,80.0,22.0,7.0,8.0,0.0,0.0,1.0,63.0
237000.0,4.65625,4.2194684889788446E-7,237000.0,78.5,78.4795124958961,-329.99999999999955,77.88065843621399,237000.0,761600.0,80.0,22.0,7.0,8.0,0.0,0.0,1.0,63.0
238000.0,4.671875,4.2502538740841894E-7,238000.0,79.80000000000001,79.75546201643617,-312.2448979591832,78.8702928870293,238000.0,761600.0,80.0,22.0,7.0,8.0,0.0,0.0,1.0,63.0
239000.0,4.703125,4.3119992672776197E-7,239000.0,77.60000000000001,77.45226725505512,-292.9824561403505,75.54585152838428,239000.0,763760.0,80.0,22.0,7.0,8.0,0.0,0.0,1.0,63.0
240000.0,4.71875,4.342959275365705E-7,240000.0,77.3,77.11462849077529,-312.72727272727235,75.05494505494505,240000.0,765920.0,80.0,22.0,7.0,8.0,0.0,0.0,1.0,63.0
241000.0,4.75,4.404879291541876E-7,241000.0,77.0,76.7795450002322,-318.1818181818178,74.41601779755284,241000.0,765920.0,80.0,22.0,7.0,8.0,0.0,0.0,1.0,63.0
242000.0,4.78125,4.4697957087515145E-7,242000.0,79.3,79.10947844340384,-183.56164383561656,77.10176991150442,242000.0,802984.0,82.0,23.0,8.0,8.0,0.0,0.0,1.0,64.0
243000.0,4.8125,4.5350613719266337E-7,243000.0,73.8,73.6517118342029,-258.90410958904135,71.91854233654877,243000.0,807304.0,82.0,23.0,8.0,8.0,0.0,0.0,1.0,64.0
244000.0,4.84375,4.603036925093169E-7,244000.0,71.3,71.23943024008561,-328.35820895522426,69.66173361522198,244000.0,840824.0,82.0,23.0,8.0,8.0,0.0,0.0,1.0,64.0
245000.0,4.859375,4.637288899781805E-7,245000.0,77.4,77.37080834276216,-258.730158730159,76.38453500522466,245000.0,847360.0,84.0,24.0,9.0,8.0,0.0,0.0,1.0,65.0
246000.0,4.890625,4.7059674721418175E-7,246000.0,79.0,78.96112015003727,-274.9999999999996,77.7542372881356,246000.0,849520.0,84.0,24.0,9.0,8.0,0.0,0.0,1.0,65.0
247000.0,4.921875,4.77464604450183E-7,247000.0,79.5,79.45661236531555,-355.55555555555503,78.0982905982906,247000.0,849520.0,84.0,24.0,9.0,8.0,0.0,0.0,1.0,65.0
248000.0,4.9375,4.808985330681836E-7,248000.0,78.0,77.9575683190141,-339.99999999999955,76.71957671957672,248000.0,849520.0,84.0,24.0,9.0,8.0,0.0,0.0,1.0,65.0
249000.0,4.96875,4.877663903041848E-7,249000.0,81.3,81.2839416219116,-379.4871794871792,80.54110301768989,249000.0,849520.0,84.0,24.0,9.0,8.0,0.0,0.0,1.0,65.0
250000.0,5.0,4.946342475401861E-7,250000.0,77.5,77.49209972700419,-423.25581395348786,76.87564234326825,250000.0,849520.0,84.0,24.0,9.0,8.0,0.0,0.0,1.0,65.0
251000.0,5.03125,5.015021047761873E-7,251000.0,78.9,78.88445896179589,-390.69767441860415,78.20247933884298,251000.0,849520.0,84.0,24.0,9.0,8.0,0.0,0.0,1.0,65.0
252000.0,5.046875,5.049360333941879E-7,252000.0,78.4,78.39611130003401,-426.8292682926824,77.9591836734694,252000.0,849520.0,84.0,24.0,9.0,8.0,0.0,0.0,1.0,65.0
253000.0,5.078125,5.121310176845228E-7,253000.0,71.39999999999999,71.32682606010539,-565.116279069767,70.0836820083682,253000.0,889984.0,84.0,24.0,9.0,8.0,0.0,0.0,1.0,65.0
254000.0,5.109375,5.193260019748577E-7,254000.0,71.2,71.19308634072176,-585.7142857142851,70.9090909090909,254000.0,889984.0,84.0,24.0,9.0,8.0,0.0,0.0,1.0,65.0
255000.0,5.125,5.229322252691621E-7,255000.0,72.2,72.19777582206576,-742.4242424242418,72.06030150753769,255000.0,892144.0,84.0,24.0,9.0,8.0,0.0,0.0,1.0,65.0
256000.0,5.15625,5.301692484257123E-7,256000.0,74.8,74.7981854693538,-486.0465116279064,74.57114026236124,256000.0,895184.0,84.0,24.0,9.0,8.0,0.0,0.0,1.0,65.0
257000.0,5.171875,5.338000159503686E-7,257000.0,71.39999999999999,71.39999999999999,-597.5609756097556,71.39999999999999,257000.0,898216.0,84.0,24.0,9.0,8.0,0.0,0.0,1.0,65.0
258000.0,5.203125,5.410615509996812E-7,258000.0,80.0,80.0,-455.5555555555549,80.0,258000.0,898216.0,84.0,24.0,9.0,8.0,0.0,0.0,1.0,65.0
259000.0,5.234375,5.483230860489938E-7,259000.0,81.69999999999999,81.69981699816998,-369.23076923076894,81.66332665330661,259000.0,898216.0,84.0,24.0,9.0,8.0,0.0,0.0,1.0,65.0
260000.0,5.265625,5.556020833965805E-7,260000.0,77.5,77.49270763727448,-341.17647058823485,76.87564234326825,260000.0,900376.0,84.0,24.0,9.0,8.0,0.0,0.0,1.0,65.0
261000.0,5.296875,5.62480159310831E-7,261000.0,79.7,79.69488311054386,-361.36363636363586,79.26455566905005,261000.0,850784.0,83.0,23.0,7.0,8.0,0.0,0.0,1.0,65.0
262000.0,5.328125,5.693582352250814E-7,262000.0,83.5,83.44530328204387,-236.7346938775508,82.52118644067797,262000.0,850784.0,83.0,23.0,7.0,8.0,0.0,0.0,1.0,65.0
263000.0,5.359375,5.762363111393319E-7,263000.0,86.8,86.77556123716629,-112.90322580645142,86.22129436325679,263000.0,850784.0,83.0,23.0,7.0,8.0,0.0,0.0,1.0,65.0
264000.0,5.375,5.796753490964571E-7,264000.0,82.6,82.53066420623453,-123.07692307692326,81.06637649619151,264000.0,850784.0,83.0,23.0,7.0,8.0,0.0,0.0,1.0,65.0
265000.0,5.421875,5.904524975145856E-7,265000.0,81.6,81.56593384574694,-104.44444444444458,80.29978586723769,265000.0,888720.0,85.0,24.0,8.0,8.0,0.0,0.0,1.0,66.0
266000.0,5.421875,5.904524975145856E-7,266000.0,82.5,82.49313730982544,-157.35294117647086,81.99588477366254,266000.0,928824.0,87.0,25.0,9.0,8.0,0.0,0.0,1.0,67.0
267000.0,5.46875,6.017421643870572E-7,267000.0,83.1,83.08936320945874,-144.9275362318843,82.80773143438454,267000.0,930984.0,87.0,25.0,9.0,8.0,0.0,0.0,1.0,67.0
268000.0,5.5,6.092686089687049E-7,268000.0,80.0,79.98823308105166,-292.1568627450976,79.57099080694586,268000.0,930984.0,87.0,25.0,9.0,8.0,0.0,0.0,1.0,67.0
269000.0,5.53125,6.167950535503526E-7,269000.0,74.3,74.29532174855824,-301.56250000000034,73.93509127789046,269000.0,930984.0,87.0,25.0,9.0,8.0,0.0,0.0,1.0,67.0
270000.0,5.546875,6.205582758411764E-7,270000.0,76.1,76.09684478351141,-267.69230769230796,75.83417593528817,270000.0,930984.0,87.0,25.0,9.0,8.0,0.0,0.0,1.0,67.0
271000.0,5.578125,6.255546921036308E-7,271000.0,82.19999999999999,82.19750765107115,-173.84615384615415,81.947261663286,271000.0,618032.0,82.0,19.0,2.0,8.0,0.0,0.0,1.0,68.0
272000.0,5.609375,6.308849616390135E-7,272000.0,80.5,80.48887866083668,-248.21428571428532,79.89690721649485,272000.0,659328.0,82.0,19.0,2.0,8.0,0.0,0.0,1.0,68.0
273000.0,5.640625,6.362152311743961E-7,273000.0,74.5,74.47240466944767,-304.76190476190516,73.2423924449108,273000.0,659328.0,82.0,19.0,2.0,8.0,0.0,0.0,1.0,68.0
274000.0,5.65625,6.388735427107247E-7,274000.0,72.2,72.15589493758112,-479.1666666666662,70.04310344827586,274000.0,657640.0,84.0,20.0,3.0,8.0,0.0,0.0,1.0,69.0
275000.0,5.671875,6.415318542470533E-7,275000.0,71.7,71.65464743589743,-502.1276595744676,69.76495726495727,275000.0,657640.0,84.0,20.0,3.0,8.0,0.0,0.0,1.0,69.0
276000.0,5.703125,6.471474059960907E-7,276000.0,68.0,67.96283689079333,-661.9047619047611,66.02972399150744,276000.0,694616.0,84.0,20.0,3.0,8.0,0.0,0.0,1.0,69.0
277000.0,5.734375,6.52762957745128E-7,277000.0,70.1,70.09730875778818,-474.99999999999955,69.64467005076142,277000.0,694616.0,84.0,20.0,3.0,8.0,0.0,0.0,1.0,69.0
278000.0,5.765625,6.583785094941654E-7,278000.0,68.30000000000001,68.29048714614385,-533.9999999999993,67.65306122448979,278000.0,694616.0,84.0,20.0,3.0,8.0,0.0,0.0,1.0,69.0
279000.0,5.796875,6.63374537705547E-7,279000.0,72.6,72.59218877380053,-495.65217391304304,72.18274111675127,279000.0,617984.0,82.0,18.0,0.0,7.0,0.0,0.0,1.0,69.0
280000.0,5.8125,6.658725518112379E-7,280000.0,70.7,70.6970697069707,-510.4166666666662,70.4040404040404,280000.0,617984.0,82.0,18.0,0.0,7.0,0.0,0.0,1.0,69.0
281000.0,5.84375,6.708200736385251E-7,281000.0,73.1,73.09849351563687,-556.0975609756092,72.88306451612902,281000.0,611984.0,84.0,19.0,1.0,7.0,0.0,0.0,1.0,70.0
282000.0,5.875,6.760979562790856E-7,282000.0,71.1,71.08681558790808,-477.9999999999996,70.38934426229507,282000.0,652848.0,84.0,19.0,1.0,7.0,0.0,0.0,1.0,70.0
283000.0,5.90625,6.813933012179201E-7,283000.0,74.3,74.28541983304534,-511.9047619047614,73.58684480986639,283000.0,655008.0,84.0,19.0,1.0,7.0,0.0,0.0,1.0,70.0
284000.0,5.9375,6.870101464705333E-7,284000.0,74.0,73.98340141009965,-504.65116279069713,73.22348094747683,284000.0,694776.0,88.0,21.0,3.0,7.0,0.0,0.0,1.0,72.0
285000.0,5.96875,6.929783072943487E-7,285000.0,75.0,74.99749974997499,-509.7560975609751,74.74747474747475,285000.0,738232.0,88.0,21.0,3.0,7.0,0.0,0.0,1.0,72.0
286000.0,6.0,6.989464681181641E-7,286000.0,78.5,78.4968390353382,-399.9999999999995,78.34843907351461,286000.0,738232.0,88.0,21.0,3.0,7.0,0.0,0.0,1.0,72.0
287000.0,6.015625,7.019392796792088E-7,287000.0,75.2,75.198313485317,-439.13043478260823,75.1004016064257,287000.0,740392.0,88.0,21.0,3.0,7.0,0.0,0.0,1.0,72.0
288000.0,6.046875,7.082313337984182E-7,288000.0,77.5,77.49990999964001,-359.1836734693873,77.45490981963928,288000.0,778296.0,90.0,22.0,4.0,8.0,0.0,0.0,1.0,73.0
289000.0,6.046875,7.082313337984182E-7,289000.0,74.5,74.5,-571.0526315789468,74.5,289000.0,778296.0,90.0,22.0,4.0,8.0,0.0,0.0,1.0,73.0
290000.0,6.09375,7.181343001623946E-7,290000.0,69.89999999999999,69.89999999999999,-540.4255319148931,69.89999999999999,290000.0,816632.0,92.0,23.0,5.0,8.0,0.0,0.0,1.0,74.0
291000.0,6.140625,7.28037266526371E-7,291000.0,72.3,72.3,-443.1372549019604,72.0766129032258,291000.0,816632.0,92.0,23.0,5.0,8.0,0.0,0.0,1.0,74.0
292000.0,6.140625,7.28037266526371E-7,292000.0,77.5,77.5,-324.528301886792,77.31854838709677,292000.0,818792.0,92.0,23.0,5.0,8.0,0.0,0.0,1.0,74.0
293000.0,6.171875,7.346365924200248E-7,293000.0,81.0,81.0,-363.4146341463409,80.86606243705941,293000.0,816304.0,94.0,24.0,6.0,8.0,0.0,0.0,1.0,75.0
294000.0,6.21875,7.455068730956148E-7,294000.0,81.2,81.19954878917095,-337.2093023255809,80.97165991902835,294000.0,896400.0,96.0,25.0,7.0,8.0,0.0,0.0,1.0,76.0
295000.0,6.234375,7.48433392598397E-7,295000.0,81.39999999999999,81.39983259849338,-332.5581395348835,81.34403209628887,295000.0,723992.0,94.0,22.0,3.0,8.0,0.0,0.0,1.0,77.0
296000.0,6.265625,7.546587019330924E-7,296000.0,83.2,83.2,-273.3333333333331,83.2,296000.0,770040.0,94.0,22.0,3.0,8.0,0.0,0.0,1.0,77.0
297000.0,6.28125,7.577713566004401E-7,297000.0,77.5,77.5,-448.78048780487745,77.5,297000.0,770040.0,94.0,22.0,3.0,8.0,0.0,0.0,1.0,77.0
298000.0,6.3125,7.639966659351355E-7,298000.0,80.5,80.5,-427.0270270270264,80.5,298000.0,770040.0,94.0,22.0,3.0,8.0,0.0,0.0,1.0,77.0
299000.0,6.34375,7.702605216763913E-7,299000.0,80.10000000000001,80.10000000000001,-373.8095238095233,80.10000000000001,299000.0,774808.0,94.0,22.0,3.0,8.0,0.0,0.0,1.0,77.0
300000.0,6.359375,7.733924495470192E-7,300000.0,79.10000000000001,79.10000000000001,-374.9999999999995,79.10000000000001,300000.0,774808.0,94.0,22.0,3.0,8.0,0.0,0.0,1.0,77.0
301000.0,6.390625,7.79656305288275E-7,301000.0,82.69999999999999,82.69999999999999,-311.90476190476164,82.69999999999999,301000.0,774808.0,94.0,22.0,3.0,8.0,0.0,0.0,1.0,77.0
302000.0,6.421875,7.859376233278049E-7,302000.0,82.69999999999999,82.69999999999999,-408.8235294117644,82.69999999999999,302000.0,776968.0,94.0,22.0,3.0,8.0,0.0,0.0,1.0,77.0
303000.0,6.453125,7.922189413673347E-7,303000.0,83.6,83.6,-309.9999999999997,83.6,303000.0,776968.0,94.0,22.0,3.0,8.0,0.0,0.0,1.0,77.0
304000.0,6.484375,7.985002594068645E-7,304000.0,85.1,85.1,-246.51162790697646,85.1,304000.0,776968.0,94.0,22.0,3.0,8.0,0.0,0.0,1.0,77.0
305000.0,6.5,8.016409184266294E-7,305000.0,83.89999999999999,83.89999999999999,-249.99999999999977,83.89999999999999,305000.0,776968.0,94.0,22.0,3.0,8.0,0.0,0.0,1.0,77.0
306000.0,6.53125,8.081832008125879E-7,306000.0,81.5,81.5,-236.36363636363615,81.21827411167513,306000.0,809248.0,96.0,23.0,4.0,8.0,0.0,0.0,1.0,78.0
307000.0,6.5625,8.147254831985464E-7,307000.0,74.7,74.7,-314.75409836065535,74.34077079107504,307000.0,809248.0,96.0,23.0,4.0,8.0,0.0,0.0,1.0,78.0
308000.0,6.59375,8.21267765584505E-7,308000.0,64.8,64.8,-576.9230769230763,64.0081799591002,308000.0,809248.0,96.0,23.0,4.0,8.0,0.0,0.0,1.0,78.0
309000.0,6.59375,8.21267765584505E-7,309000.0,68.30000000000001,68.29746379710377,-589.130434782608,67.65306122448979,309000.0,843712.0,100.0,25.0,6.0,9.0,0.0,0.0,1.0,80.0
310000.0,6.640625,8.319213197359605E-7,310000.0,69.89999999999999,69.8843398567255,-540.4255319148931,69.28571428571428,310000.0,878528.0,100.0,25.0,6.0,9.0,0.0,0.0,1.0,80.0
311000.0,6.671875,8.390236891702642E-7,311000.0,72.0,71.96939057450736,-551.1627906976739,71.19341563786008,311000.0,878528.0,100.0,25.0,6.0,9.0,0.0,0.0,1.0,80.0
312000.0,6.703125,8.461260586045679E-7,312000.0,71.5,71.42341475153411,-533.3333333333328,70.3125,312000.0,878528.0,100.0,25.0,6.0,9.0,0.0,0.0,1.0,80.0
313000.0,6.734375,8.532284280388715E-7,313000.0,73.6,73.56113486825635,-513.9534883720925,72.64248704663213,313000.0,878528.0,100.0,25.0,6.0,9.0,0.0,0.0,1.0,80.0
314000.0,6.734375,8.532284280388715E-7,314000.0,67.80000000000001,67.76983256327924,-599.9999999999993,67.00819672131148,314000.0,881560.0,100.0,25.0,6.0,9.0,0.0,0.0,1.0,80.0
315000.0,6.765625,8.603553093659378E-7,315000.0,71.5,71.47612551705778,-519.5652173913038,70.70914696813976,315000.0,881560.0,100.0,25.0,6.0,9.0,0.0,0.0,1.0,80.0
316000.0,6.796875,8.67482190693004E-7,316000.0,68.89999999999999,68.83817493907914,-534.69387755102,67.87190082644628,316000.0,881560.0,100.0,25.0,6.0,9.0,0.0,0.0,1.0,80.0
317000.0,6.828125,8.746090720200702E-7,317000.0,66.3,66.28685187223017,-921.2121212121202,65.95959595959596,317000.0,881560.0,100.0,25.0,6.0,9.0,0.0,0.0,1.0,80.0
318000.0,6.84375,8.781725126836033E-7,318000.0,73.8,73.7718046900418,-693.9393939393932,73.12820512820512,318000.0,881560.0,100.0,25.0,6.0,9.0,0.0,0.0,1.0,80.0
319000.0,6.859375,8.817136727480422E-7,319000.0,84.7,84.69203986072758,-349.9999999999997,84.38775510204081,319000.0,876048.0,102.0,26.0,7.0,9.0,0.0,0.0,1.0,81.0
320000.0,6.90625,8.923371529413592E-7,320000.0,85.1,85.08986110555178,-380.6451612903222,84.84231943031536,320000.0,876048.0,102.0,26.0,7.0,9.0,0.0,0.0,1.0,81.0
321000.0,6.9375,8.994194730702372E-7,321000.0,86.8,86.79663314145107,-427.9999999999996,86.59898477157361,321000.0,876048.0,102.0,26.0,7.0,9.0,0.0,0.0,1.0,81.0
322000.0,6.96875,9.071075409236879E-7,322000.0,85.8,85.78780593749437,-389.6551724137927,85.42094455852155,322000.0,950976.0,106.0,28.0,9.0,9.0,0.0,0.0,1.0,83.0
323000.0,7.0,9.147956087771387E-7,323000.0,82.19999999999999,82.19262774788763,-535.7142857142853,81.87372708757637,323000.0,950976.0,106.0,28.0,9.0,9.0,0.0,0.0,1.0,83.0
324000.0,7.046875,9.263277105573149E-7,324000.0,78.5,78.46317202416132,-424.3902439024385,77.65072765072766,324000.0,950976.0,106.0,28.0,9.0,9.0,0.0,0.0,1.0,83.0
325000.0,7.078125,9.340332407090397E-7,325000.0,82.6,82.58998924381518,-397.1428571428568,82.19037871033777,325000.0,953136.0,106.0,28.0,9.0,9.0,0.0,0.0,1.0,83.0
326000.0,7.09375,9.378860057849021E-7,326000.0,76.0,75.98732130564937,-471.42857142857093,75.4601226993865,326000.0,953136.0,106.0,28.0,9.0,9.0,0.0,0.0,1.0,83.0
327000.0,7.125,9.455915359366269E-7,327000.0,80.0,79.94279685663513,-344.44444444444395,79.03563941299791,327000.0,953136.0,106.0,28.0,9.0,9.0,0.0,0.0,1.0,83.0
328000.0,7.140625,9.494443010124893E-7,328000.0,79.7,79.68364533449427,-341.3043478260865,79.22210849539407,328000.0,953136.0,106.0,28.0,9.0,9.0,0.0,0.0,1.0,83.0
329000.0,7.171875,9.571743430569766E-7,329000.0,71.39999999999999,71.2839296436195,-419.99999999999955,69.98950682056663,329000.0,956168.0,106.0,28.0,9.0,9.0,0.0,0.0,1.0,83.0
330000.0,7.203125,9.64904385101464E-7,330000.0,76.2,76.18475824527698,-453.48837209302275,75.8130081300813,330000.0,956168.0,106.0,28.0,9.0,9.0,0.0,0.0,1.0,83.0
331000.0,7.21875,9.687816620700887E-7,331000.0,70.1,70.01580437869536,-497.9999999999996,68.98340248962656,331000.0,959200.0,106.0,28.0,9.0,9.0,0.0,0.0,1.0,83.0
332000.0,7.25,9.765712052790653E-7,332000.0,74.9,74.88040671723944,-434.0425531914889,74.38775510204081,332000.0,963528.0,106.0,28.0,9.0,9.0,0.0,0.0,1.0,83.0
333000.0,7.296875,9.882555200925302E-7,333000.0,66.7,66.67904111686252,-593.7499999999993,66.12410986775178,333000.0,963528.0,106.0,28.0,9.0,9.0,0.0,0.0,1.0,83.0
334000.0,7.3125,9.921502916970185E-7,334000.0,70.39999999999999,70.3360445119678,-480.3921568627446,69.54732510288065,334000.0,963528.0,106.0,28.0,9.0,9.0,0.0,0.0,1.0,83.0
335000.0,7.359375,1.0038346065104835E-6,335000.0,69.89999999999999,69.8779808039677,-634.1463414634142,69.3794506612411,335000.0,963528.0,106.0,28.0,9.0,9.0,0.0,0.0,1.0,83.0
336000.0,7.375,1.0077293781149718E-6,336000.0,67.4,67.3363057963028,-608.6956521739123,66.56410256410257,336000.0,963528.0,106.0,28.0,9.0,9.0,0.0,0.0,1.0,83.0
337000.0,7.40625,1.0155189213239484E-6,337000.0,71.1,71.08872460259501,-502.08333333333286,70.8080808080808,337000.0,963528.0,106.0,28.0,9.0,9.0,0.0,0.0,1.0,83.0
338000.0,7.4375,1.023308464532925E-6,338000.0,68.7,68.68158477184585,-479.62962962962905,68.2555780933063,338000.0,963528.0,106.0,28.0,9.0,9.0,0.0,0.0,1.0,83.0
339000.0,7.46875,1.031122519634664E-6,339000.0,69.69999999999999,69.68939128695042,-544.6808510638293,69.54773869346734,339000.0,966560.0,106.0,28.0,9.0,9.0,0.0,0.0,1.0,83.0
340000.0,7.5,1.038936574736403E-6,340000.0,67.4,67.39178272924778,-624.4444444444438,67.17019133937563,340000.0,966560.0,106.0,28.0,9.0,9.0,0.0,0.0,1.0,83.0
341000.0,7.53125,1.0470915327055586E-6,341000.0,68.60000000000001,68.55408896989606,-568.085106382978,67.9591836734694,341000.0,1008728.0,106.0,28.0,9.0,9.0,0.0,0.0,1.0,83.0
342000.0,7.53125,1.0470915327055586E-6,342000.0,69.19999999999999,69.19593386326994,-555.3191489361698,69.07630522088353,342000.0,1011760.0,106.0,28.0,9.0,9.0,0.0,0.0,1.0,83.0
343000.0,7.5625,1.0552710025674766E-6,343000.0,71.0,70.9820088454842,-559.0909090909086,70.70707070707071,343000.0,1011760.0,106.0,28.0,9.0,9.0,0.0,0.0,1.0,83.0
344000.0,7.59375,1.0634504724293946E-6,344000.0,74.3,74.28302679768647,-497.6744186046506,73.90862944162436,344000.0,1011760.0,106.0,28.0,9.0,9.0,0.0,0.0,1.0,83.0
345000.0,7.625,1.0716299422913127E-6,345000.0,75.9,75.89848160434107,-412.76595744680805,75.38304392236977,345000.0,1011760.0,106.0,28.0,9.0,9.0,0.0,0.0,1.0,83.0
346000.0,7.65625,1.0798094121532307E-6,346000.0,75.6,75.58645048001641,-335.7142857142853,74.66251298027,346000.0,1011760.0,106.0,28.0,9.0,9.0,0.0,0.0,1.0,83.0
347000.0,7.671875,1.0838991470841897E-6,347000.0,73.4,73.37529227122769,-411.53846153846115,72.60556127703398,347000.0,1011760.0,106.0,28.0,9.0,9.0,0.0,0.0,1.0,83.0
348000.0,7.71875,1.0961683518770667E-6,348000.0,76.8,76.7834233642821,-383.33333333333286,76.3023493360572,348000.0,1011760.0,106.0,28.0,9.0,9.0,0.0,0.0,1.0,83.0
349000.0,7.75,1.1043478217389847E-6,349000.0,73.2,73.16296489155035,-523.2558139534879,72.37113402061856,349000.0,1011760.0,106.0,28.0,9.0,9.0,0.0,0.0,1.0,83.0
350000.0,7.78125,1.1125272916009027E-6,350000.0,72.89999999999999,72.87879121472992,-489.13043478260823,71.94616977225672,350000.0,1011760.0,106.0,28.0,9.0,9.0,0.0,0.0,1.0,83.0
351000.0,7.8125,1.120710447948012E-6,351000.0,75.1,75.09481972250228,-572.9729729729723,74.6951219512195,351000.0,1012216.0,108.0,29.0,10.0,9.0,0.0,0.0,1.0,84.0
352000.0,7.84375,1.1288936042951213E-6,352000.0,68.7,68.66992312620116,-702.5641025641016,67.66528925619835,352000.0,1012216.0,108.0,29.0,10.0,9.0,0.0,0.0,1.0,84.0
353000.0,7.875,1.137347749641372E-6,353000.0,61.4,61.28346322430516,-777.2727272727266,59.66562173458725,353000.0,1045736.0,108.0,29.0,10.0,9.0,0.0,0.0,1.0,84.0
354000.0,7.90625,1.1458018949876228E-6,354000.0,62.3,62.223881120457726,-797.6190476190468,61.09391124871001,354000.0,1045736.0,108.0,29.0,10.0,9.0,0.0,0.0,1.0,84.0
355000.0,7.953125,1.158483113006999E-6,355000.0,60.6,60.444864759587105,-738.2978723404248,59.086188992731046,355000.0,1045736.0,108.0,29.0,10.0,9.0,0.0,0.0,1.0,84.0
356000.0,7.984375,1.1669446959988111E-6,356000.0,59.099999999999994,59.062665150617356,-1310.3448275862056,58.307849133537204,356000.0,1046656.0,110.0,30.0,11.0,10.0,0.0,0.0,1.0,85.0
357000.0,8.0,1.171175487494717E-6,357000.0,61.0,60.97869436712444,-1081.8181818181808,60.7250755287009,357000.0,1046656.0,110.0,30.0,11.0,10.0,0.0,0.0,1.0,85.0
358000.0,8.015625,1.175406278990623E-6,358000.0,61.0,60.9730714192793,-926.3157894736834,60.60606060606061,358000.0,1046656.0,110.0,30.0,11.0,10.0,0.0,0.0,1.0,85.0
359000.0,8.0625,1.185657909243471E-6,359000.0,81.39999999999999,81.39795377491524,-332.5581395348835,81.2121212121212,359000.0,845384.0,106.0,25.0,5.0,10.0,0.0,0.0,1.0,86.0
360000.0,8.09375,1.1925097917103105E-6,360000.0,73.7,73.68650117510282,-511.6279069767437,72.97019527235355,360000.0,847544.0,106.0,25.0,5.0,10.0,0.0,0.0,1.0,86.0
361000.0,8.125,1.19936167417715E-6,361000.0,75.7,75.7,-539.4736842105258,75.37993920972644,361000.0,847544.0,106.0,25.0,5.0,10.0,0.0,0.0,1.0,86.0
362000.0,8.15625,1.2064887495297526E-6,362000.0,85.6,85.59987039883359,-396.55172413793065,85.46922300706356,362000.0,881584.0,108.0,26.0,6.0,10.0,0.0,0.0,1.0,87.0
363000.0,8.203125,1.2175499513331387E-6,363000.0,87.0,86.99742549024707,-282.35294117647027,86.70756646216769,363000.0,912144.0,110.0,27.0,7.0,10.0,0.0,0.0,1.0,88.0
364000.0,8.234375,1.224952930998471E-6,364000.0,90.0,90.0,-203.03030303030266,89.81670061099797,364000.0,915712.0,114.0,29.0,9.0,10.0,0.0,0.0,1.0,90.0
365000.0,8.28125,1.2370641990047362E-6,365000.0,86.9,86.89942357463728,-219.51219512195098,86.75429726996965,365000.0,998736.0,114.0,29.0,9.0,10.0,0.0,0.0,1.0,90.0
366000.0,8.3125,1.2451630189186996E-6,366000.0,88.3,88.29943837304191,-192.49999999999972,88.1578947368421,366000.0,1001784.0,114.0,29.0,9.0,10.0,0.0,0.0,1.0,90.0
367000.0,8.328125,1.249351577522854E-6,367000.0,81.8,81.79650492894636,-295.6521739130432,81.5040650406504,367000.0,1036208.0,116.0,30.0,10.0,10.0,0.0,0.0,1.0,91.0
368000.0,8.375,1.2619801176091034E-6,368000.0,83.3,83.29739439352538,-328.20512820512795,83.08004052684903,368000.0,1041392.0,116.0,30.0,10.0,10.0,0.0,0.0,1.0,91.0
369000.0,8.40625,1.27067394916796E-6,369000.0,75.2,75.19821427142755,-451.1111111111106,74.89878542510121,369000.0,1075384.0,118.0,31.0,11.0,10.0,0.0,0.0,1.0,92.0
370000.0,8.453125,1.2837146965062452E-6,370000.0,81.69999999999999,81.69267707082832,-265.9999999999998,81.23076923076923,370000.0,1075384.0,118.0,31.0,11.0,10.0,0.0,0.0,1.0,92.0
371000.0,8.484375,1.292482128418568E-6,371000.0,80.5,80.49385556450282,-236.20689655172376,80.08171603677222,371000.0,1084488.0,118.0,31.0,11.0,10.0,0.0,0.0,1.0,92.0
372000.0,8.5,1.2968833066730035E-6,372000.0,77.9,77.89115646258504,-316.9811320754713,77.33333333333333,372000.0,1088808.0,118.0,31.0,11.0,10.0,0.0,0.0,1.0,92.0
373000.0,8.546875,1.3100868414363098E-6,373000.0,79.10000000000001,79.09278701151898,-335.41666666666623,78.60798362333675,373000.0,1088808.0,118.0,31.0,11.0,10.0,0.0,0.0,1.0,92.0
374000.0,8.578125,1.3194460512345863E-6,374000.0,77.60000000000001,77.59872312721825,-339.2156862745094,77.16615698267074,374000.0,1157688.0,122.0,33.0,13.0,10.0,0.0,0.0,1.0,94.0
375000.0,8.625,1.3298023582643103E-6,375000.0,85.9,85.8982231761202,-243.90243902438996,85.64154786150712,375000.0,854016.0,112.0,23.0,2.0,8.0,0.0,0.0,1.0,94.0
376000.0,8.65625,1.3370096955137947E-6,376000.0,85.6,85.59891991899391,-171.69811320754695,85.23076923076923,376000.0,891512.0,114.0,24.0,3.0,8.0,0.0,0.0,1.0,95.0
377000.0,8.703125,1.3477480388246476E-6,377000.0,89.4,89.4,-194.44444444444414,89.28210313447927,377000.0,885520.0,116.0,25.0,4.0,9.0,0.0,0.0,1.0,96.0
378000.0,8.734375,1.3555715365024903E-6,378000.0,86.7,86.6988028922603,-189.13043478260846,86.45621181262729,378000.0,967728.0,118.0,26.0,5.0,9.0,0.0,0.0,1.0,97.0
379000.0,8.75,1.3594955089502035E-6,379000.0,89.60000000000001,89.59851258729998,-235.48387096774158,89.4630192502533,379000.0,970752.0,118.0,26.0,5.0,9.0,0.0,0.0,1.0,97.0
380000.0,8.8125,1.3758600107394157E-6,380000.0,87.1,87.09261697691079,-214.63414634146315,86.80981595092024,380000.0,1012104.0,120.0,27.0,6.0,9.0,0.0,0.0,1.0,98.0
381000.0,8.84375,1.3840597239322958E-6,381000.0,88.7,88.6977960702337,-276.6666666666663,88.55116514690982,381000.0,1014264.0,120.0,27.0,6.0,9.0,0.0,0.0,1.0,98.0
382000.0,8.84375,1.3840597239322958E-6,382000.0,85.9,85.890913748454,-281.0810810810808,85.56806550665301,382000.0,1072376.0,124.0,29.0,8.0,9.0,0.0,0.0,1.0,100.0
383000.0,8.90625,1.4020531347745821E-6,383000.0,87.7,87.69840079210297,-339.2857142857139,87.57575757575758,383000.0,1112848.0,126.0,30.0,9.0,10.0,0.0,0.0,1.0,101.0
384000.0,8.9375,1.4110987993060712E-6,384000.0,87.8,87.79084313234927,-183.7209302325579,87.48717948717949,384000.0,1118904.0,126.0,30.0,9.0,10.0,0.0,0.0,1.0,101.0
385000.0,8.953125,1.4157870383415784E-6,385000.0,88.6,88.5976283066878,-235.29411764705847,88.41463414634147,385000.0,1159824.0,128.0,31.0,10.0,10.0,0.0,0.0,1.0,102.0
386000.0,9.015625,1.4346447682732507E-6,386000.0,84.8,84.77972659582564,-261.90476190476164,84.2159916926272,386000.0,1166304.0,128.0,31.0,10.0,10.0,0.0,0.0,1.0,102.0
387000.0,9.046875,1.4440251915301711E-6,387000.0,87.5,87.49279585040983,-247.22222222222192,87.19262295081968,387000.0,1160312.0,130.0,32.0,11.0,10.0,0.0,0.0,1.0,103.0
388000.0,9.09375,1.4581587877021064E-6,388000.0,82.69999999999999,82.68594098407907,-367.56756756756727,82.18331616889803,388000.0,1165504.0,130.0,32.0,11.0,10.0,0.0,0.0,1.0,103.0
389000.0,9.09375,1.4581587877021064E-6,389000.0,86.2,86.19246108375172,-305.8823529411761,85.83162217659137,389000.0,1168536.0,130.0,32.0,11.0,10.0,0.0,0.0,1.0,103.0
390000.0,9.125,1.467585065660791E-6,390000.0,78.4,78.39513890625392,-499.9999999999994,78.07106598984772,390000.0,1165984.0,132.0,33.0,12.0,11.0,0.0,0.0,1.0,104.0
391000.0,9.1875,1.4839251202324197E-6,391000.0,84.2,84.1970132355015,-276.1904761904759,83.76156217882837,391000.0,1010592.0,127.0,30.0,4.0,8.0,0.0,0.0,1.0,105.0
392000.0,9.21875,1.4924572638442945E-6,392000.0,77.9,77.8993369801094,-351.02040816326485,77.76659959758551,392000.0,1055384.0,129.0,31.0,5.0,9.0,0.0,0.0,1.0,106.0
393000.0,9.234375,1.4970082944879927E-6,393000.0,82.3,82.29766329155449,-331.70731707317043,82.10313447927199,393000.0,1125880.0,129.0,31.0,5.0,9.0,0.0,0.0,1.0,106.0
394000.0,9.28125,1.5107137733139094E-6,394000.0,80.60000000000001,80.59941798253948,-361.90476190476136,80.48289738430584,394000.0,1130200.0,129.0,31.0,5.0,9.0,0.0,0.0,1.0,106.0
395000.0,9.296875,1.515419668673227E-6,395000.0,78.3,78.29765614686386,-416.6666666666662,78.03643724696356,395000.0,1164192.0,131.0,32.0,6.0,10.0,0.0,0.0,1.0,107.0
396000.0,9.328125,1.5251167416055166E-6,396000.0,84.6,84.59935317283326,-316.2162162162159,84.49144008056393,396000.0,1199480.0,133.0,33.0,7.0,10.0,0.0,0.0,1.0,108.0
397000.0,9.34375,1.5299740092207984E-6,397000.0,79.7,79.69415191575175,-351.11111111111063,79.32790224032587,397000.0,1201640.0,133.0,33.0,7.0,10.0,0.0,0.0,1.0,108.0
398000.0,9.34375,1.5299740092207984E-6,398000.0,76.7,76.69643455448684,-454.7619047619042,76.2970498474059,398000.0,1237360.0,135.0,34.0,8.0,10.0,0.0,0.0,1.0,109.0
399000.0,9.40625,1.551051908690068E-6,399000.0,80.2,80.1912445300823,-321.2765957446804,79.50310559006212,399000.0,1303616.0,139.0,36.0,10.0,10.0,0.0,0.0,1.0,111.0
400000.0,9.453125,1.5669809201628794E-6,400000.0,80.0,79.99679948791807,-344.44444444444395,79.59183673469387,400000.0,1313560.0,139.0,36.0,10.0,10.0,0.0,0.0,1.0,111.0
401000.0,9.484375,1.5776177234430276E-6,401000.0,83.2,83.19445416987605,-319.9999999999997,82.68041237113401,401000.0,1315720.0,139.0,36.0,10.0,10.0,0.0,0.0,1.0,111.0
402000.0,9.53125,1.5936253152580722E-6,402000.0,79.9,79.88229642085035,-294.1176470588231,79.0625,402000.0,1320040.0,139.0,36.0,10.0,10.0,0.0,0.0,1.0,111.0
403000.0,9.578125,1.608089530943996E-6,403000.0,82.39999999999999,82.3879181118247,-208.7719298245612,81.49316508937959,403000.0,1192768.0,141.0,36.0,9.0,8.0,0.0,0.0,1.0,113.0
404000.0,9.59375,1.6131025363898109E-6,404000.0,84.2,84.18339256219029,-143.07692307692332,83.62694300518135,404000.0,1240168.0,143.0,37.0,10.0,9.0,0.0,0.0,1.0,114.0
405000.0,9.640625,1.6286894808419873E-6,405000.0,88.1,88.0731168052791,-137.99999999999977,87.48685594111461,405000.0,1285352.0,143.0,37.0,10.0,9.0,0.0,0.0,1.0,114.0
406000.0,9.671875,1.6390982394417124E-6,406000.0,90.10000000000001,90.08691472744023,-106.24999999999977,89.76215098241985,406000.0,1287512.0,143.0,37.0,10.0,9.0,0.0,0.0,1.0,114.0
407000.0,9.71875,1.6555519929776586E-6,407000.0,88.3,88.27072372642115,-138.7755102040814,87.65822784810126,407000.0,1356832.0,147.0,39.0,12.0,9.0,0.0,0.0,1.0,116.0
408000.0,9.75,1.6665945036543737E-6,408000.0,90.0,89.98802567871175,-156.41025641025612,89.73305954825463,408000.0,1365904.0,147.0,39.0,12.0,9.0,0.0,0.0,1.0,116.0
409000.0,9.78125,1.6779572858164705E-6,409000.0,89.1,89.08318810968893,-186.8421052631576,88.59832635983264,409000.0,1405520.0,149.0,40.0,13.0,10.0,0.0,0.0,1.0,117.0
410000.0,9.828125,1.6951118595898149E-6,410000.0,91.0,90.99405607701084,-104.54545454545429,90.81632653061224,410000.0,1414624.0,149.0,40.0,13.0,10.0,0.0,0.0,1.0,117.0
411000.0,9.828125,1.6951118595898149E-6,411000.0,88.9,88.89400276149121,-158.13953488372067,88.6734693877551,411000.0,1414624.0,149.0,40.0,13.0,10.0,0.0,0.0,1.0,117.0
412000.0,9.890625,1.7190289994080859E-6,412000.0,85.2,85.18132847387709,-260.9756097560973,84.50261780104712,412000.0,1479216.0,155.0,43.0,16.0,11.0,0.0,0.0,1.0,120.0
413000.0,9.921875,1.731349362267388E-6,413000.0,92.80000000000001,92.79221559284028,-124.99999999999964,92.5311203319502,413000.0,1523968.0,155.0,43.0,16.0,11.0,0.0,0.0,1.0,120.0
414000.0,9.953125,1.7436942370194524E-6,414000.0,94.5,94.48808323595614,-66.66666666666666,94.23480083857442,414000.0,1527000.0,155.0,43.0,16.0,11.0,0.0,0.0,1.0,120.0
415000.0,10.015625,1.7688289517536755E-6,415000.0,93.89999999999999,93.89615457738375,-90.625,93.76915219611848,415000.0,1554520.0,157.0,44.0,17.0,11.0,0.0,0.0,1.0,121.0
416000.0,10.0625,1.788223744370043E-6,416000.0,93.5,93.49590241852368,-96.96969696969663,93.36057201225742,416000.0,1599360.0,159.0,45.0,18.0,11.0,0.0,0.0,1.0,122.0
417000.0,10.109375,1.8076447304338214E-6,417000.0,96.0,95.99961596313246,-21.21212121212121,95.96774193548386,417000.0,1601520.0,159.0,45.0,18.0,11.0,0.0,0.0,1.0,122.0
418000.0,10.125,1.8141183924550809E-6,418000.0,90.60000000000001,90.59454483600489,-141.02564102564074,90.40816326530613,418000.0,1601520.0,159.0,45.0,18.0,11.0,0.0,0.0,1.0,122.0
419000.0,10.203125,1.8465479822932843E-6,419000.0,90.2,90.19827489638178,-206.24999999999966,90.09100101112236,419000.0,1604552.0,159.0,45.0,18.0,11.0,0.0,0.0,1.0,122.0
420000.0,10.234375,1.859454172922091E-6,420000.0,86.9,86.8902463432794,-227.49999999999972,86.57786885245902,420000.0,1596432.0,161.0,46.0,19.0,11.0,0.0,0.0,1.0,123.0
421000.0,10.265625,1.872371164305756E-6,421000.0,90.5,90.49717766176555,-187.87878787878753,90.39433771486351,421000.0,1597768.0,163.0,47.0,20.0,11.0,0.0,0.0,1.0,124.0
422000.0,10.296875,1.8852881556894212E-6,422000.0,90.60000000000001,90.59789392823993,-213.33333333333297,90.5241935483871,422000.0,1597768.0,163.0,47.0,20.0,11.0,0.0,0.0,1.0,124.0
423000.0,10.34375,1.9050701262636312E-6,423000.0,93.2,93.19981639504266,-126.6666666666663,93.17953861584755,423000.0,1631288.0,163.0,47.0,20.0,11.0,0.0,0.0,1.0,124.0
424000.0,10.375,1.918494882475998E-6,424000.0,90.5,90.49938245985989,-163.88888888888857,90.45226130653266,424000.0,1660576.0,165.0,48.0,21.0,11.0,0.0,0.0,1.0,125.0
425000.0,10.40625,1.932017556909057E-6,425000.0,88.2,88.19830055527996,-168.18181818181793,88.05668016194332,425000.0,1672688.0,165.0,48.0,21.0,11.0,0.0,0.0,1.0,125.0
426000.0,10.46875,1.9596753797183426E-6,426000.0,89.60000000000001,89.59805483625438,-159.99999999999972,89.42014242115972,426000.0,1710568.0,167.0,49.0,22.0,12.0,0.0,0.0,1.0,126.0
427000.0,10.5,1.973504291122985E-6,427000.0,90.60000000000001,90.59749893471664,-213.33333333333297,90.41794087665647,427000.0,1710568.0,167.0,49.0,22.0,12.0,0.0,0.0,1.0,126.0
428000.0,10.515625,1.9804187468253067E-6,428000.0,91.7,91.69721026264826,-159.37499999999966,91.5650406504065,428000.0,1710568.0,167.0,49.0,22.0,12.0,0.0,0.0,1.0,126.0
429000.0,10.5625,2.001188307379682E-6,429000.0,92.0,91.99963998379927,-149.99999999999966,91.92734611503532,429000.0,1712728.0,167.0,49.0,22.0,12.0,0.0,0.0,1.0,126.0
430000.0,10.609375,2.0223857912545395E-6,430000.0,90.10000000000001,90.09964358716914,-349.9999999999995,90.04024144869216,430000.0,1748016.0,169.0,50.0,23.0,13.0,0.0,0.0,1.0,127.0
431000.0,10.609375,2.0223857912545395E-6,431000.0,93.7,93.69973538888634,-214.99999999999946,93.65558912386707,431000.0,1748016.0,169.0,50.0,23.0,13.0,0.0,0.0,1.0,127.0
432000.0,10.6875,2.0577585867916534E-6,432000.0,93.4,93.39976899191473,-106.24999999999964,93.36683417085428,432000.0,1750176.0,169.0,50.0,23.0,13.0,0.0,0.0,1.0,127.0
433000.0,10.71875,2.0711913627261905E-6,433000.0,90.8,90.79980679594271,-196.77419354838673,90.73514602215509,433000.0,1661568.0,170.0,50.0,22.0,13.0,0.0,0.0,1.0,128.0
434000.0,10.765625,2.0913667200754075E-6,434000.0,86.1,86.1,-334.37499999999966,86.1,434000.0,1663728.0,170.0,50.0,22.0,13.0,0.0,0.0,1.0,128.0
435000.0,10.8125,2.1119642769917835E-6,435000.0,81.39999999999999,81.39999999999999,-499.99999999999966,81.39999999999999,435000.0,1698544.0,170.0,50.0,22.0,13.0,0.0,0.0,1.0,128.0
436000.0,10.84375,2.1259850796519043E-6,436000.0,80.5,80.5,-572.4137931034475,80.5,436000.0,1734304.0,174.0,52.0,24.0,13.0,0.0,0.0,1.0,130.0
437000.0,10.890625,2.1470162836420855E-6,437000.0,84.8,84.8,-406.6666666666663,84.8,437000.0,1734304.0,174.0,52.0,24.0,13.0,0.0,0.0,1.0,130.0
438000.0,10.921875,2.1610370863022063E-6,438000.0,89.4,89.4,-253.33333333333297,89.4,438000.0,1734304.0,174.0,52.0,24.0,13.0,0.0,0.0,1.0,130.0
439000.0,11.0,2.1960899013922433E-6,439000.0,87.7,87.7,-284.37499999999966,87.7,439000.0,1734344.0,176.0,53.0,25.0,13.0,0.0,0.0,1.0,131.0
440000.0,11.03125,2.2098194070470817E-6,440000.0,85.7,85.7,-297.22222222222194,85.7,440000.0,1698272.0,178.0,54.0,26.0,13.0,0.0,0.0,1.0,132.0
441000.0,11.109375,2.246298633205393E-6,441000.0,78.9,78.9,-321.9999999999996,78.9,441000.0,1804920.0,180.0,55.0,27.0,13.0,0.0,0.0,1.0,133.0
442000.0,11.15625,2.2686345619149494E-6,442000.0,78.7,78.7,-609.9999999999992,78.7,442000.0,1841896.0,180.0,55.0,27.0,13.0,0.0,0.0,1.0,133.0
443000.0,11.203125,2.2909966840719173E-6,443000.0,87.6,87.6,-313.333333333333,87.6,443000.0,1844056.0,180.0,55.0,27.0,13.0,0.0,0.0,1.0,133.0
444000.0,11.234375,2.30592222780817E-6,444000.0,87.8,87.8,-335.7142857142853,87.8,444000.0,1846216.0,180.0,55.0,27.0,13.0,0.0,0.0,1.0,133.0
445000.0,11.28125,2.3282161499891007E-6,445000.0,90.7,90.7,-190.62499999999966,90.7,445000.0,1838432.0,180.0,55.0,26.0,13.0,0.0,0.0,1.0,133.0
446000.0,11.34375,2.3586795820544153E-6,446000.0,92.9,92.9,-121.87499999999964,92.9,446000.0,1884088.0,182.0,56.0,27.0,13.0,0.0,0.0,1.0,134.0
447000.0,11.359375,2.366596470690435E-6,447000.0,90.4,90.4,-209.67741935483835,90.4,447000.0,1958560.0,186.0,58.0,29.0,13.0,0.0,0.0,1.0,136.0
448000.0,11.40625,2.3903319055938876E-6,448000.0,90.10000000000001,90.10000000000001,-147.49999999999972,90.10000000000001,448000.0,1957304.0,188.0,59.0,30.0,13.0,0.0,0.0,1.0,137.0
449000.0,11.4375,2.4061974383787137E-6,449000.0,90.10000000000001,90.10000000000001,-219.35483870967704,90.10000000000001,449000.0,1962488.0,188.0,59.0,30.0,13.0,0.0,0.0,1.0,137.0
450000.0,11.484375,2.429995737555953E-6,450000.0,94.3,94.3,-119.23076923076923,94.3,450000.0,1962488.0,188.0,59.0,30.0,13.0,0.0,0.0,1.0,137.0
451000.0,11.515625,2.4461263738986507E-6,451000.0,89.0,89.0,-243.74999999999966,89.0,451000.0,1995280.0,194.0,62.0,33.0,13.0,0.0,0.0,1.0,140.0
452000.0,11.5625,2.4703589992390726E-6,452000.0,87.9,87.9,-303.333333333333,87.9,452000.0,1998304.0,194.0,62.0,33.0,13.0,0.0,0.0,1.0,140.0
453000.0,11.640625,2.512162771179443E-6,453000.0,89.4,89.4,-253.33333333333297,89.4,453000.0,2068368.0,194.0,62.0,33.0,13.0,0.0,0.0,1.0,140.0
454000.0,11.703125,2.545613420402837E-6,454000.0,87.8,87.8,-269.69696969696935,87.8,454000.0,2068840.0,196.0,63.0,34.0,13.0,0.0,0.0,1.0,141.0
455000.0,11.734375,2.562363321582475E-6,455000.0,87.6,87.6,-254.28571428571396,87.6,455000.0,2071880.0,196.0,63.0,34.0,13.0,0.0,0.0,1.0,141.0
456000.0,11.78125,2.587436756584792E-6,456000.0,89.2,89.2,-199.9999999999997,89.2,456000.0,2067640.0,200.0,65.0,36.0,13.0,0.0,0.0,1.0,143.0
457000.0,11.828125,2.612547250464557E-6,457000.0,87.6,87.6,-226.31578947368394,87.6,457000.0,2070696.0,200.0,65.0,36.0,13.0,0.0,0.0,1.0,143.0
458000.0,11.828125,2.612547250464557E-6,458000.0,83.8,83.8,-337.8378378378375,83.8,458000.0,2074192.0,202.0,66.0,37.0,13.0,0.0,0.0,1.0,144.0
459000.0,11.859375,2.6298787755270783E-6,459000.0,82.89999999999999,82.89999999999999,-362.1621621621619,82.89999999999999,459000.0,2143824.0,202.0,66.0,37.0,13.0,0.0,0.0,1.0,144.0
460000.0,11.890625,2.6472103005895997E-6,460000.0,91.3,91.3,-210.71428571428532,91.3,460000.0,2143824.0,202.0,66.0,37.0,13.0,0.0,0.0,1.0,144.0
461000.0,11.9375,2.6732075881833814E-6,461000.0,90.3,90.3,-212.90322580645125,90.3,461000.0,2143824.0,202.0,66.0,37.0,13.0,0.0,0.0,1.0,144.0
462000.0,11.984375,2.6992048757771632E-6,462000.0,90.0,90.0,-222.58064516128994,90.0,462000.0,2143824.0,202.0,66.0,37.0,13.0,0.0,0.0,1.0,144.0
463000.0,12.03125,2.7252283568183564E-6,463000.0,85.2,85.2,-322.85714285714255,85.2,463000.0,2145984.0,202.0,66.0,37.0,13.0,0.0,0.0,1.0,144.0
464000.0,12.09375,2.759926331539947E-6,464000.0,83.8,83.8,-376.4705882352938,83.8,464000.0,2145984.0,202.0,66.0,37.0,13.0,0.0,0.0,1.0,144.0
465000.0,12.140625,2.786414600753534E-6,465000.0,84.39999999999999,84.39999999999999,-289.9999999999997,84.39999999999999,465000.0,2184312.0,204.0,67.0,38.0,14.0,0.0,0.0,1.0,145.0
466000.0,12.15625,2.79524402382473E-6,466000.0,82.3,82.3,-391.66666666666634,82.3,466000.0,2184312.0,204.0,67.0,38.0,14.0,0.0,0.0,1.0,145.0
467000.0,12.203125,2.8217690608774607E-6,467000.0,80.2,80.2,-465.71428571428504,80.2,467000.0,2187344.0,204.0,67.0,38.0,14.0,0.0,0.0,1.0,145.0
468000.0,12.265625,2.857137199801702E-6,468000.0,83.89999999999999,83.89999999999999,-257.77777777777754,83.89999999999999,468000.0,2187432.0,208.0,69.0,40.0,15.0,0.0,0.0,1.0,147.0
469000.0,12.3125,2.8841751433598484E-6,469000.0,83.8,83.8,-276.74418604651135,83.8,469000.0,2229640.0,210.0,70.0,41.0,15.0,0.0,0.0,1.0,148.0
470000.0,12.34375,2.9022179013635533E-6,470000.0,80.30000000000001,80.30000000000001,-337.77777777777726,80.30000000000001,470000.0,2231800.0,210.0,70.0,41.0,15.0,0.0,0.0,1.0,148.0
471000.0,12.34375,2.9022179013635533E-6,471000.0,79.7,79.7,-290.38461538461496,79.7,471000.0,2303592.0,210.0,70.0,41.0,15.0,0.0,0.0,1.0,148.0
472000.0,12.421875,2.949497720692305E-6,472000.0,77.4,77.4,-270.49180327868817,77.4,472000.0,2339312.0,212.0,71.0,42.0,15.0,0.0,0.0,1.0,149.0
473000.0,12.484375,2.987899384202641E-6,473000.0,78.0,78.0,-285.96491228070136,78.0,473000.0,2375048.0,214.0,72.0,43.0,16.0,0.0,0.0,1.0,150.0
474000.0,12.546875,3.0263016944647646E-6,474000.0,78.7,78.7,-343.74999999999955,78.7,474000.0,2375088.0,216.0,73.0,44.0,16.0,0.0,0.0,1.0,151.0
475000.0,12.59375,3.055140097987733E-6,475000.0,85.39999999999999,85.39999999999999,-180.76923076923055,85.39999999999999,475000.0,2378112.0,216.0,73.0,44.0,16.0,0.0,0.0,1.0,151.0
476000.0,12.640625,3.0839785015107014E-6,476000.0,82.1,82.1,-244.23076923076903,82.1,476000.0,2378112.0,216.0,73.0,44.0,16.0,0.0,0.0,1.0,151.0
477000.0,12.703125,3.113113893454686E-6,477000.0,79.5,79.5,-294.23076923076883,79.5,477000.0,1801952.0,197.0,54.0,24.0,16.0,0.0,0.0,1.0,151.0
478000.0,12.734375,3.1279704287751663E-6,478000.0,76.3,76.3,-355.7692307692304,76.3,478000.0,1837680.0,199.0,55.0,25.0,17.0,0.0,0.0,1.0,152.0
479000.0,12.78125,3.148902873767331E-6,479000.0,80.80000000000001,80.80000000000001,-242.8571428571425,80.80000000000001,479000.0,1726160.0,196.0,51.0,20.0,17.0,0.0,0.0,1.0,153.0
480000.0,12.828125,3.169835318759496E-6,480000.0,81.69999999999999,81.69999999999999,-265.9999999999998,81.69999999999999,480000.0,1726160.0,196.0,51.0,20.0,17.0,0.0,0.0,1.0,153.0
481000.0,12.875,3.1912114031405897E-6,481000.0,81.6,81.6,-371.7948717948715,81.6,481000.0,1762744.0,198.0,52.0,21.0,17.0,0.0,0.0,1.0,154.0
482000.0,12.9375,3.2197001726470045E-6,482000.0,86.1,86.1,-239.02439024390216,86.1,482000.0,1761960.0,202.0,54.0,23.0,18.0,0.0,0.0,1.0,156.0
483000.0,12.984375,3.241515821880763E-6,483000.0,80.2,80.2,-499.9999999999993,80.2,483000.0,1798992.0,204.0,55.0,24.0,18.0,0.0,0.0,1.0,157.0
484000.0,13.03125,3.2633314711145215E-6,484000.0,82.1,82.1,-496.66666666666634,82.1,484000.0,1798992.0,204.0,55.0,24.0,18.0,0.0,0.0,1.0,157.0
485000.0,13.078125,3.285194850630229E-6,485000.0,86.4,86.4,-403.7037037037033,86.4,485000.0,1802928.0,206.0,56.0,25.0,18.0,0.0,0.0,1.0,158.0
486000.0,13.109375,3.2997359651037377E-6,486000.0,88.1,88.1,-310.3448275862065,88.1,486000.0,1798664.0,208.0,57.0,26.0,18.0,0.0,0.0,1.0,159.0
487000.0,13.15625,3.3219698363811593E-6,487000.0,89.3,89.3,-386.36363636363586,89.3,487000.0,1833480.0,208.0,57.0,26.0,18.0,0.0,0.0,1.0,159.0
488000.0,13.203125,3.3442403784849567E-6,488000.0,90.2,90.2,-262.96296296296254,90.2,488000.0,1836504.0,208.0,57.0,26.0,18.0,0.0,0.0,1.0,159.0
489000.0,13.25,3.3569009327847087E-6,489000.0,80.10000000000001,80.10000000000001,-410.2564102564097,80.10000000000001,489000.0,1044032.0,182.0,30.0,-2.0,8.0,0.0,0.0,1.0,160.0
490000.0,13.28125,3.3653413023178765E-6,490000.0,71.1,71.1,-932.1428571428564,71.1,490000.0,1044032.0,182.0,30.0,-2.0,8.0,0.0,0.0,1.0,160.0
491000.0,13.28125,3.3653413023178765E-6,491000.0,76.2,76.2,-693.3333333333326,76.2,491000.0,1044032.0,182.0,30.0,-2.0,8.0,0.0,0.0,1.0,160.0
492000.0,13.34375,3.3827509549963795E-6,492000.0,75.6,75.6,-559.4594594594588,75.6,492000.0,1076744.0,184.0,31.0,-1.0,8.0,0.0,0.0,1.0,161.0
493000.0,13.375,3.3918250119313585E-6,493000.0,71.6,71.6,-435.8490566037732,71.6,493000.0,1122416.0,186.0,32.0,-1.0,9.0,0.0,0.0,1.0,162.0
494000.0,13.421875,3.40548363359024E-6,494000.0,80.60000000000001,80.60000000000001,-424.32432432432375,80.60000000000001,494000.0,1126336.0,188.0,33.0,0.0,9.0,0.0,0.0,1.0,163.0
495000.0,13.421875,3.40548363359024E-6,495000.0,78.60000000000001,78.60000000000001,-397.6744186046506,78.60000000000001,495000.0,1198560.0,188.0,33.0,0.0,9.0,0.0,0.0,1.0,163.0
496000.0,13.46875,3.420044279967744E-6,496000.0,78.4,78.4,-499.9999999999994,78.4,496000.0,1200720.0,188.0,33.0,0.0,9.0,0.0,0.0,1.0,163.0
497000.0,13.515625,3.435471444390713E-6,497000.0,81.0,81.0,-374.9999999999995,81.0,497000.0,1272176.0,192.0,35.0,2.0,10.0,0.0,0.0,1.0,165.0
498000.0,13.578125,3.456674684356483E-6,498000.0,80.9,80.9,-377.49999999999943,80.9,498000.0,1311368.0,194.0,36.0,3.0,11.0,0.0,0.0,1.0,166.0
499000.0,13.609375,3.467293766637642E-6,499000.0,80.5,80.5,-413.1578947368415,80.46092184368739,499000.0,1313528.0,194.0,36.0,3.0,11.0,0.0,0.0,1.0,166.0
500000.0,13.640625,3.4779547584346588E-6,500000.0,81.10000000000001,81.09990549952751,-302.1276595744676,81.00502512562815,500000.0,1318712.0,194.0,36.0,3.0,11.0,0.0,0.0,1.0,166.0
501000.0,13.6875,3.4934027806027883E-6,501000.0,82.6,82.5999651999304,-346.15384615384585,82.56513026052103,501000.0,1273896.0,194.0,35.0,1.0,10.0,0.0,0.0,1.0,167.0
502000.0,13.6875,3.4934027806027883E-6,502000.0,80.10000000000001,80.09968159490552,-373.8095238095233,80.02008032128515,502000.0,1273896.0,194.0,35.0,1.0,10.0,0.0,0.0,1.0,167.0
503000.0,13.734375,3.5088508027709177E-6,503000.0,85.5,85.499883999072,-281.57894736842076,85.4417670682731,503000.0,1273896.0,194.0,35.0,1.0,10.0,0.0,0.0,1.0,167.0
504000.0,13.765625,3.5191494842163376E-6,504000.0,88.7,88.69949147711648,-264.5161290322577,88.59737638748739,504000.0,1273896.0,194.0,35.0,1.0,10.0,0.0,0.0,1.0,167.0
505000.0,13.796875,3.5300222225487215E-6,505000.0,85.9,85.89901293090516,-386.20689655172373,85.75757575757575,505000.0,1344904.0,198.0,37.0,3.0,11.0,0.0,0.0,1.0,169.0
506000.0,13.828125,3.5411802430947606E-6,506000.0,87.6,87.5997519950399,-313.333333333333,87.55020080321285,506000.0,1380192.0,200.0,38.0,4.0,12.0,0.0,0.0,1.0,170.0
507000.0,13.859375,3.5523382636407998E-6,507000.0,91.3,91.29875572206826,-222.22222222222183,91.20323559150657,507000.0,1380192.0,200.0,38.0,4.0,12.0,0.0,0.0,1.0,170.0
508000.0,13.90625,3.5691179800778612E-6,508000.0,90.3,90.29782671318375,-203.12499999999966,90.16227180527385,508000.0,1383712.0,202.0,39.0,5.0,12.0,0.0,0.0,1.0,171.0
509000.0,13.9375,3.5806383109754973E-6,509000.0,87.7,87.69913893972578,-272.7272727272724,87.57575757575758,509000.0,1425008.0,202.0,39.0,5.0,12.0,0.0,0.0,1.0,171.0
510000.0,13.984375,3.597918807321951E-6,510000.0,87.6,87.5976807663033,-254.28571428571396,87.46208291203236,510000.0,1425008.0,202.0,39.0,5.0,12.0,0.0,0.0,1.0,171.0
511000.0,14.0,3.603678972770769E-6,511000.0,87.1,87.09891630896995,-214.63414634146315,87.00906344410876,511000.0,1425008.0,202.0,39.0,5.0,12.0,0.0,0.0,1.0,171.0
512000.0,14.046875,3.6209594691172226E-6,512000.0,86.8,86.7968576521212,-221.95121951219483,86.61257606490872,512000.0,1425008.0,202.0,39.0,5.0,12.0,0.0,0.0,1.0,171.0
513000.0,14.0625,3.626740653999148E-6,513000.0,81.89999999999999,81.89619820162234,-330.95238095238074,81.6243654822335,513000.0,1430208.0,202.0,39.0,5.0,12.0,0.0,0.0,1.0,171.0
514000.0,14.125,3.6498653935268504E-6,514000.0,83.3,83.2964922633753,-271.11111111111086,83.06288032454361,514000.0,1430208.0,202.0,39.0,5.0,12.0,0.0,0.0,1.0,171.0
515000.0,14.171875,3.6672719094591817E-6,515000.0,86.6,86.59678322797471,-173.46938775510182,86.3821138211382,515000.0,1435400.0,202.0,39.0,5.0,12.0,0.0,0.0,1.0,171.0
516000.0,14.21875,3.6850540588299416E-6,516000.0,86.3,86.2982187684399,-242.49999999999972,86.16161616161617,516000.0,1466376.0,204.0,40.0,6.0,13.0,0.0,0.0,1.0,172.0
517000.0,14.21875,3.6850540588299416E-6,517000.0,84.39999999999999,84.39831501802195,-310.5263157894734,84.25832492431886,517000.0,1196416.0,199.0,34.0,-1.0,9.0,0.0,0.0,1.0,173.0
518000.0,14.296875,3.709234814676972E-6,518000.0,90.3,90.2986418098534,-148.71794871794845,90.20202020202021,518000.0,1196416.0,199.0,34.0,-1.0,9.0,0.0,0.0,1.0,173.0
519000.0,14.34375,3.72374326818519E-6,519000.0,89.1,89.09832114145578,-147.7272727272725,88.97876643073812,519000.0,1196416.0,199.0,34.0,-1.0,9.0,0.0,0.0,1.0,173.0
520000.0,14.375,3.733714887251455E-6,520000.0,85.8,85.79940357495015,-273.6842105263155,85.75727181544633,520000.0,1233440.0,201.0,35.0,0.0,9.0,0.0,0.0,1.0,174.0
521000.0,14.40625,3.743672859854995E-6,521000.0,85.5,85.4994489790612,-353.12499999999966,85.47094188376754,521000.0,1231752.0,203.0,36.0,1.0,9.0,0.0,0.0,1.0,175.0
522000.0,14.4375,3.7536553443512967E-6,522000.0,82.3,82.3,-580.7692307692303,82.3,522000.0,1234784.0,203.0,36.0,1.0,9.0,0.0,0.0,1.0,175.0
523000.0,14.484375,3.769056994416232E-6,523000.0,85.3,85.3,-374.19354838709637,85.3,523000.0,1270072.0,205.0,37.0,2.0,10.0,0.0,0.0,1.0,176.0
524000.0,14.515625,3.7793247611261887E-6,524000.0,90.10000000000001,90.10000000000001,-219.35483870967704,90.10000000000001,524000.0,1270072.0,205.0,37.0,2.0,10.0,0.0,0.0,1.0,176.0
525000.0,14.515625,3.7793247611261887E-6,525000.0,78.10000000000001,78.10000000000001,-682.1428571428563,78.10000000000001,525000.0,1272232.0,205.0,37.0,2.0,10.0,0.0,0.0,1.0,176.0
526000.0,14.609375,3.8101497921161337E-6,526000.0,74.6,74.6,-1054.5454545454536,74.6,526000.0,1270968.0,207.0,38.0,3.0,10.0,0.0,0.0,1.0,177.0
527000.0,14.640625,3.820424802446115E-6,527000.0,84.3,84.3,-684.9999999999994,84.3,527000.0,1270968.0,207.0,38.0,3.0,10.0,0.0,0.0,1.0,177.0
528000.0,14.65625,3.825562307611106E-6,528000.0,88.4,88.4,-544.4444444444439,88.4,528000.0,1270968.0,207.0,38.0,3.0,10.0,0.0,0.0,1.0,177.0
529000.0,14.703125,3.840541467070578E-6,529000.0,87.8,87.8,-771.4285714285706,87.8,529000.0,1235232.0,206.0,36.0,0.0,9.0,0.0,0.0,1.0,178.0
530000.0,14.75,3.856402181554584E-6,530000.0,92.80000000000001,92.80000000000001,-379.99999999999926,92.80000000000001,530000.0,1307928.0,208.0,37.0,1.0,10.0,0.0,0.0,1.0,179.0
531000.0,14.796875,3.87226289603859E-6,531000.0,95.39999999999999,95.39999999999999,-206.66666666666669,95.39999999999999,531000.0,1307928.0,208.0,37.0,1.0,10.0,0.0,0.0,1.0,179.0
532000.0,14.796875,3.87226289603859E-6,532000.0,94.1,94.1,-490.00000000000006,94.1,532000.0,1338040.0,210.0,38.0,2.0,10.0,0.0,0.0,1.0,180.0
533000.0,14.828125,3.883122052583428E-6,533000.0,95.1,95.1,-250.0,95.1,533000.0,1343224.0,210.0,38.0,2.0,10.0,0.0,0.0,1.0,180.0
534000.0,14.875,3.89985462081515E-6,534000.0,97.5,97.5,-78.57142857142857,97.5,534000.0,1379824.0,212.0,39.0,3.0,11.0,0.0,0.0,1.0,181.0
535000.0,14.90625,3.911350957221454E-6,535000.0,92.2,92.2,-168.96551724137893,92.2,535000.0,1422040.0,214.0,40.0,4.0,11.0,0.0,0.0,1.0,182.0
536000.0,14.921875,3.917099125424605E-6,536000.0,93.30000000000001,93.30000000000001,-109.37499999999964,93.30000000000001,536000.0,1422040.0,214.0,40.0,4.0,11.0,0.0,0.0,1.0,182.0
537000.0,14.96875,3.934343630034061E-6,537000.0,83.6,83.6,-248.93617021276572,83.6,537000.0,1422040.0,214.0,40.0,4.0,11.0,0.0,0.0,1.0,182.0
538000.0,15.0,3.946150148597854E-6,538000.0,81.5,81.5,-262.74509803921546,81.5,538000.0,1460408.0,218.0,42.0,6.0,12.0,0.0,0.0,1.0,184.0
539000.0,15.015625,3.952053407879751E-6,539000.0,75.5,75.5,-497.5609756097556,75.5,539000.0,1460408.0,218.0,42.0,6.0,12.0,0.0,0.0,1.0,184.0
540000.0,15.078125,3.975666445007339E-6,540000.0,84.7,84.7,-488.46153846153805,84.7,540000.0,1460408.0,218.0,42.0,6.0,12.0,0.0,0.0,1.0,184.0
541000.0,15.109375,3.987472963571132E-6,541000.0,81.69999999999999,81.69999999999999,-814.9999999999995,81.69999999999999,541000.0,1460408.0,218.0,42.0,6.0,12.0,0.0,0.0,1.0,184.0
542000.0,15.15625,4.00553218140784E-6,542000.0,77.10000000000001,77.10000000000001,-1172.222222222221,77.10000000000001,542000.0,1489224.0,220.0,43.0,7.0,12.0,0.0,0.0,1.0,185.0
543000.0,15.1875,4.017596107183229E-6,543000.0,83.3,83.3,-734.9999999999994,83.3,543000.0,1492248.0,220.0,43.0,7.0,12.0,0.0,0.0,1.0,185.0
544000.0,15.234375,4.0357916279592426E-6,544000.0,89.2,89.2,-151.16279069767415,89.2,544000.0,1500464.0,220.0,43.0,7.0,12.0,0.0,0.0,1.0,185.0
545000.0,15.28125,4.05399287248858E-6,545000.0,92.0,92.0,-110.52631578947339,92.0,545000.0,1500936.0,222.0,44.0,8.0,13.0,0.0,0.0,1.0,186.0
546000.0,15.28125,4.05399287248858E-6,546000.0,84.8,84.8,-334.285714285714,84.8,546000.0,1500936.0,222.0,44.0,8.0,13.0,0.0,0.0,1.0,186.0
547000.0,15.34375,4.074535649528518E-6,547000.0,81.0,81.0,-578.5714285714278,81.0,547000.0,1270520.0,216.0,37.0,0.0,10.0,0.0,0.0,1.0,187.0
548000.0,15.390625,4.090297896052812E-6,548000.0,89.9,89.9,-206.06060606060575,89.9,548000.0,1299808.0,220.0,39.0,2.0,11.0,0.0,0.0,1.0,189.0
549000.0,15.421875,4.101070323182888E-6,549000.0,98.7,98.7,31.57894736842105,98.7,549000.0,1332496.0,222.0,40.0,3.0,11.0,0.0,0.0,1.0,190.0
550000.0,15.46875,4.118136809362717E-6,550000.0,89.4,89.4,-278.57142857142816,89.4,550000.0,1407360.0,224.0,41.0,4.0,12.0,0.0,0.0,1.0,191.0
551000.0,15.515625,4.135589794411011E-6,551000.0,93.89999999999999,93.89999999999999,-165.2173913043478,93.89999999999999,551000.0,1439232.0,228.0,43.0,6.0,12.0,0.0,0.0,1.0,193.0
552000.0,15.5625,4.153925013573217E-6,552000.0,93.2,93.2,-195.652173913043,93.2,552000.0,1511984.0,232.0,45.0,8.0,12.0,0.0,0.0,1.0,195.0
553000.0,15.5625,4.153925013573217E-6,553000.0,88.1,88.1,-375.99999999999955,88.1,553000.0,1554192.0,234.0,46.0,9.0,13.0,0.0,0.0,1.0,196.0
554000.0,15.640625,4.186145379208026E-6,554000.0,90.4,90.4,-190.90909090909057,90.4,554000.0,1594200.0,234.0,46.0,9.0,13.0,0.0,0.0,1.0,196.0
555000.0,15.6875,4.205446554503091E-6,555000.0,82.3,82.29884942521264,-311.62790697674393,82.06686930091185,555000.0,1591640.0,236.0,47.0,10.0,13.0,0.0,0.0,1.0,197.0
556000.0,15.703125,4.2118802796014455E-6,556000.0,84.7,84.69954098622958,-324.9999999999997,84.54545454545455,556000.0,1591640.0,236.0,47.0,10.0,13.0,0.0,0.0,1.0,197.0
557000.0,15.734375,4.2250187187972966E-6,557000.0,90.10000000000001,90.10000000000001,-253.57142857142816,90.05025125628141,557000.0,1625160.0,236.0,47.0,10.0,13.0,0.0,0.0,1.0,197.0
558000.0,15.765625,4.238516169910626E-6,558000.0,90.60000000000001,90.60000000000001,-291.66666666666623,90.60000000000001,558000.0,1669568.0,238.0,48.0,11.0,13.0,0.0,0.0,1.0,198.0
559000.0,15.796875,4.252055530539814E-6,559000.0,87.5,87.49862484873336,-212.49999999999974,87.36097067745197,559000.0,1674752.0,238.0,48.0,11.0,13.0,0.0,0.0,1.0,198.0
560000.0,15.84375,4.272799188685083E-6,560000.0,83.89999999999999,83.89977459684435,-215.6862745098037,83.88388388388388,560000.0,1710592.0,242.0,50.0,13.0,13.0,0.0,0.0,1.0,200.0
561000.0,15.890625,4.293949330329064E-6,561000.0,85.3,85.3,-193.99999999999977,85.3,561000.0,1744112.0,242.0,50.0,13.0,13.0,0.0,0.0,1.0,200.0
562000.0,15.921875,4.308098319193553E-6,562000.0,76.3,76.3,-308.62068965517204,76.3,562000.0,1750160.0,242.0,50.0,13.0,13.0,0.0,0.0,1.0,200.0
563000.0,15.96875,4.329728285988998E-6,563000.0,78.2,78.2,-458.97435897435844,78.2,563000.0,1783680.0,242.0,50.0,13.0,13.0,0.0,0.0,1.0,200.0
564000.0,15.984375,4.337077520580753E-6,564000.0,77.3,77.3,-587.8787878787872,77.3,564000.0,1818128.0,244.0,51.0,14.0,13.0,0.0,0.0,1.0,201.0
565000.0,16.015625,4.352117280682754E-6,565000.0,89.1,89.1,-147.7272727272725,89.1,565000.0,1860344.0,246.0,52.0,15.0,13.0,0.0,0.0,1.0,202.0
566000.0,16.0625,4.3747293077305764E-6,566000.0,75.3,75.3,-425.53191489361654,75.3,566000.0,1864664.0,246.0,52.0,15.0,13.0,0.0,0.0,1.0,202.0
567000.0,16.109375,4.397654394981346E-6,567000.0,83.6,83.6,-331.57894736842076,83.6,567000.0,1890480.0,250.0,54.0,17.0,13.0,0.0,0.0,1.0,204.0
568000.0,16.125,4.4054371796341385E-6,568000.0,85.1,85.1,-210.41666666666643,85.1,568000.0,1925384.0,252.0,55.0,18.0,13.0,0.0,0.0,1.0,205.0
569000.0,16.1875,4.436645540408788E-6,569000.0,90.8,90.8,-76.9230769230767,90.8,569000.0,1930160.0,254.0,56.0,19.0,13.0,0.0,0.0,1.0,206.0
570000.0,16.25,4.468580591492353E-6,570000.0,95.6,95.6,22.807017543859647,95.6,570000.0,1975104.0,256.0,57.0,20.0,13.0,0.0,0.0,1.0,207.0
571000.0,16.296875,4.492611236249405E-6,571000.0,89.5,89.5,-56.71641791044786,89.5,571000.0,1981648.0,256.0,57.0,20.0,13.0,0.0,0.0,1.0,207.0
572000.0,16.328125,4.508740255712633E-6,572000.0,85.6,85.6,-69.41176470588243,85.6,572000.0,1995080.0,256.0,57.0,20.0,13.0,0.0,0.0,1.0,207.0
573000.0,16.390625,4.5382521865475494E-6,573000.0,79.9,79.9,-111.57894736842107,79.9,573000.0,1825240.0,251.0,53.0,13.0,13.0,0.0,0.0,1.0,207.0
574000.0,16.421875,4.5533357317455925E-6,574000.0,87.4,87.4,-85.29411764705897,87.4,574000.0,1865760.0,253.0,54.0,14.0,13.0,0.0,0.0,1.0,208.0
575000.0,16.46875,4.576917595437002E-6,575000.0,85.39999999999999,85.39999999999999,-170.37037037037018,85.39999999999999,575000.0,1944640.0,257.0,56.0,16.0,13.0,0.0,0.0,1.0,210.0
576000.0,16.515625,4.600525652575822E-6,576000.0,87.1,87.1,-95.45454545454561,87.1,576000.0,1946800.0,257.0,56.0,16.0,13.0,0.0,0.0,1.0,210.0
577000.0,16.515625,4.600525652575822E-6,577000.0,83.2,83.2,-130.13698630137006,83.2,577000.0,1956400.0,259.0,57.0,17.0,13.0,0.0,0.0,1.0,211.0
578000.0,16.59375,4.640839955148596E-6,578000.0,95.1,95.1,-2.083333333333333,95.1,578000.0,1994672.0,259.0,57.0,17.0,13.0,0.0,0.0,1.0,211.0
579000.0,16.625,4.656983138475979E-6,579000.0,89.3,89.3,-143.18181818181793,89.3,579000.0,1996832.0,259.0,57.0,17.0,13.0,0.0,0.0,1.0,211.0
580000.0,16.625,4.656983138475979E-6,580000.0,67.80000000000001,67.80000000000001,-747.3684210526307,67.80000000000001,580000.0,1996832.0,259.0,57.0,17.0,13.0,0.0,0.0,1.0,211.0
581000.0,16.640625,4.665054730139671E-6,581000.0,77.3,77.3,-1034.9999999999989,77.3,581000.0,1996832.0,259.0,57.0,17.0,13.0,0.0,0.0,1.0,211.0
581012.0,16.65625,4.673126321803363E-6,581012.0,77.4,77.4,-1029.9999999999989,77.4,581012.0,1996832.0,259.0,57.0,17.0,13.0,0.0,0.0,1.0,211.0
