learning evaluation instances,evaluation time (cpu seconds),model cost (RAM-Hours),classified instances,classifications correct (percent),Kappa Statistic (percent),Kappa Temporal Statistic (percent),Kappa M Statistic (percent),model training instances,model serialized size (bytes),tree size (nodes),tree size (leaves),active learning leaves,tree depth,active leaf byte size estimate,inactive leaf byte size estimate,byte size estimate overhead,splits
1000.0,0.015625,1.5628756955266E-10,1000.0,61.1,60.365897146955916,5.582524271844664,52.034525277435264,1000.0,38664.0,1.0,1.0,1.0,0.0,0.0,0.0,1.0,0.0
2000.0,0.015625,1.5628756955266E-10,2000.0,63.7,60.70033518391811,30.057803468208093,45.90163934426229,2000.0,118840.0,5.0,3.0,3.0,2.0,0.0,0.0,1.0,2.0
3000.0,0.03125,9.972912569840749E-10,3000.0,72.39999999999999,70.64454371410338,29.048843187660665,62.702702702702695,3000.0,208056.0,9.0,5.0,5.0,3.0,0.0,0.0,1.0,4.0
4000.0,0.03125,9.972912569840749E-10,4000.0,80.9,80.79456214618254,31.541218637992856,79.01098901098902,4000.0,335288.0,15.0,8.0,8.0,6.0,0.0,0.0,1.0,7.0
5000.0,0.109375,7.861106294310755E-9,5000.0,78.8,78.67851015083949,38.01169590643275,77.03141928494041,5000.0,339608.0,15.0,8.0,8.0,6.0,0.0,0.0,1.0,7.0
6000.0,0.125,9.242600450913111E-9,6000.0,63.4,63.35683435086532,20.60737527114967,62.22910216718266,6000.0,341768.0,15.0,8.0,8.0,6.0,0.0,0.0,1.0,7.0
7000.0,0.203125,1.5347613953053952E-8,7000.0,66.2,64.65008288405123,30.595482546201236,58.5276073619632,7000.0,302064.0,17.0,7.0,6.0,3.0,0.0,0.0,1.0,10.0
8000.0,0.203125,1.5347613953053952E-8,8000.0,68.60000000000001,67.63153554346033,31.2910284463895,61.37761377613777,8000.0,302064.0,17.0,7.0,6.0,3.0,0.0,0.0,1.0,10.0
9000.0,0.21875,1.6744662490155964E-8,9000.0,67.10000000000001,65.08331714854873,36.24031007751939,57.657657657657666,9000.0,345616.0,19.0,8.0,7.0,4.0,0.0,0.0,1.0,11.0
10000.0,0.25,1.9538759564359984E-8,10000.0,74.1,74.09720249786977,36.206896551724135,73.78542510121457,10000.0,345616.0,19.0,8.0,7.0,4.0,0.0,0.0,1.0,11.0
11000.0,0.28125,2.2681585202614467E-8,11000.0,64.8,64.69418848288319,25.265392781316347,63.44755970924195,11000.0,388752.0,23.0,10.0,9.0,4.0,0.0,0.0,1.0,13.0
12000.0,0.328125,2.8821717326839767E-8,12000.0,68.2,67.61315028313032,32.76955602536999,62.544169611307424,12000.0,506336.0,27.0,12.0,11.0,6.0,0.0,0.0,1.0,15.0
13000.0,0.359375,3.304093196574185E-8,13000.0,68.4,67.85939502430888,37.549407114624515,63.04093567251462,13000.0,521896.0,27.0,12.0,11.0,6.0,0.0,0.0,1.0,15.0
14000.0,0.375,3.528813572807445E-8,14000.0,61.4,60.51926373540951,39.49843260188088,54.95915985997666,14000.0,555936.0,29.0,13.0,12.0,7.0,0.0,0.0,1.0,16.0
15000.0,0.390625,3.7728685937407944E-8,15000.0,72.2,71.94783912590273,51.22807017543859,69.07675194660735,15000.0,603768.0,31.0,14.0,13.0,7.0,0.0,0.0,1.0,17.0
16000.0,0.4375,4.547864793696337E-8,16000.0,84.7,84.68052895229837,-73.86363636363646,84.21052631578947,16000.0,639088.0,35.0,16.0,15.0,8.0,0.0,0.0,1.0,19.0
17000.0,0.46875,4.8495098275856836E-8,17000.0,84.5,84.36831871687092,-216.32653061224465,83.13384113166485,17000.0,373120.0,30.0,10.0,8.0,5.0,0.0,0.0,1.0,20.0
18000.0,0.5,5.181080066702432E-8,18000.0,82.1,81.88244439226227,-496.66666666666634,80.62770562770562,18000.0,410136.0,32.0,11.0,9.0,5.0,0.0,0.0,1.0,21.0
19000.0,0.515625,5.362005645616187E-8,19000.0,89.5,89.47784033173865,-377.27272727272674,89.0738813735692,19000.0,447592.0,34.0,12.0,10.0,6.0,0.0,0.0,1.0,22.0
20000.0,0.515625,5.362005645616187E-8,20000.0,86.2,86.19341425860135,-557.1428571428565,86.07467204843591,20000.0,447592.0,34.0,12.0,10.0,6.0,0.0,0.0,1.0,22.0
21000.0,0.546875,5.749584589567449E-8,21000.0,88.3,88.3,-349.99999999999955,88.3,21000.0,479416.0,36.0,13.0,11.0,6.0,0.0,0.0,1.0,23.0
22000.0,0.578125,6.15909488664733E-8,22000.0,95.3,95.3,-327.2727272727273,95.3,22000.0,506544.0,40.0,15.0,13.0,7.0,0.0,0.0,1.0,25.0
23000.0,0.609375,6.597818961987893E-8,23000.0,91.60000000000001,91.60000000000001,-424.9999999999993,91.60000000000001,23000.0,542680.0,42.0,16.0,14.0,7.0,0.0,0.0,1.0,26.0
24000.0,0.640625,7.037972358779775E-8,24000.0,91.2,91.2,-225.9259259259255,91.2,24000.0,544448.0,44.0,17.0,15.0,7.0,0.0,0.0,1.0,27.0
25000.0,0.65625,7.27369721668462E-8,25000.0,92.0,92.0,-263.6363636363631,92.0,25000.0,583160.0,44.0,17.0,15.0,7.0,0.0,0.0,1.0,27.0
26000.0,0.671875,7.524384677203165E-8,26000.0,85.2,85.2,-410.3448275862065,85.2,26000.0,620176.0,46.0,18.0,16.0,8.0,0.0,0.0,1.0,28.0
27000.0,0.703125,8.025759598240257E-8,27000.0,88.8,88.8,-299.9999999999996,88.8,27000.0,620176.0,46.0,18.0,16.0,8.0,0.0,0.0,1.0,28.0
28000.0,0.734375,8.527134519277348E-8,28000.0,77.7,77.7,-384.78260869565173,77.7,28000.0,620176.0,46.0,18.0,16.0,8.0,0.0,0.0,1.0,28.0
29000.0,0.75,8.777821979795894E-8,29000.0,79.2,79.2,-511.7647058823523,79.2,29000.0,620176.0,46.0,18.0,16.0,8.0,0.0,0.0,1.0,28.0
30000.0,0.796875,9.606039384379983E-8,30000.0,84.89999999999999,84.89999999999999,-387.0967741935481,84.89999999999999,30000.0,682976.0,50.0,20.0,18.0,9.0,0.0,0.0,1.0,30.0
31000.0,0.796875,9.606039384379983E-8,31000.0,84.1,84.1,-287.8048780487802,84.1,31000.0,689024.0,50.0,20.0,18.0,9.0,0.0,0.0,1.0,30.0
32000.0,0.796875,9.606039384379983E-8,32000.0,81.2,81.2,-452.9411764705876,81.2,32000.0,689024.0,50.0,20.0,18.0,9.0,0.0,0.0,1.0,30.0
33000.0,0.859375,1.0720108144192233E-7,33000.0,78.8,78.8,-488.8888888888883,78.8,33000.0,689024.0,50.0,20.0,18.0,9.0,0.0,0.0,1.0,30.0
34000.0,0.875,1.0998625334145295E-7,34000.0,76.4,76.4,-475.6097560975604,76.4,34000.0,689024.0,50.0,20.0,18.0,9.0,0.0,0.0,1.0,30.0
35000.0,0.90625,1.1554993559709854E-7,35000.0,78.2,78.2,-581.2499999999993,78.09045226130652,35000.0,688200.0,52.0,21.0,19.0,9.0,0.0,0.0,1.0,31.0
36000.0,0.9375,1.2113108015101817E-7,36000.0,74.0,74.0,-738.7096774193541,73.86934673366834,36000.0,690360.0,52.0,21.0,19.0,9.0,0.0,0.0,1.0,31.0
37000.0,0.9375,1.2113108015101817E-7,37000.0,83.39999999999999,83.39983399833997,-591.6666666666662,83.23232323232322,37000.0,690360.0,52.0,21.0,19.0,9.0,0.0,0.0,1.0,31.0
38000.0,0.984375,1.295027969818976E-7,38000.0,80.30000000000001,80.30000000000001,-936.8421052631568,80.30000000000001,38000.0,690360.0,52.0,21.0,19.0,9.0,0.0,0.0,1.0,31.0
39000.0,1.0,1.3229336925885742E-7,39000.0,85.9,85.9,-1309.9999999999989,85.9,39000.0,690360.0,52.0,21.0,19.0,9.0,0.0,0.0,1.0,31.0
40000.0,1.015625,1.3508394153581723E-7,40000.0,92.9,92.9,-1674.9999999999973,92.9,40000.0,690360.0,52.0,21.0,19.0,9.0,0.0,0.0,1.0,31.0
41000.0,1.046875,1.4034559070650073E-7,41000.0,92.30000000000001,92.30000000000001,-1183.3333333333314,92.30000000000001,41000.0,650840.0,54.0,22.0,20.0,9.0,0.0,0.0,1.0,32.0
42000.0,1.078125,1.4617017263339624E-7,42000.0,92.0,92.0,-515.3846153846146,92.0,42000.0,720472.0,54.0,22.0,20.0,9.0,0.0,0.0,1.0,32.0
43000.0,1.109375,1.5199475456029174E-7,43000.0,91.3,91.3,-479.99999999999926,91.3,43000.0,720472.0,54.0,22.0,20.0,9.0,0.0,0.0,1.0,32.0
44000.0,1.109375,1.5199475456029174E-7,44000.0,92.4,92.4,-406.66666666666595,92.4,44000.0,720472.0,54.0,22.0,20.0,9.0,0.0,0.0,1.0,32.0
45000.0,1.15625,1.6115955077111717E-7,45000.0,86.1,86.1,-561.9047619047615,86.1,45000.0,755760.0,56.0,23.0,21.0,9.0,0.0,0.0,1.0,33.0
46000.0,1.203125,1.7118019362290696E-7,46000.0,92.2,92.2,-457.1428571428563,92.2,46000.0,826336.0,60.0,25.0,23.0,9.0,0.0,0.0,1.0,35.0
47000.0,1.21875,1.745291390559739E-7,47000.0,96.6,96.6,-240.0,96.6,47000.0,828496.0,60.0,25.0,23.0,9.0,0.0,0.0,1.0,35.0
48000.0,1.21875,1.745291390559739E-7,48000.0,98.3,98.3,-183.33333333333331,98.3,48000.0,830656.0,60.0,25.0,23.0,9.0,0.0,0.0,1.0,35.0
49000.0,1.265625,1.8460216880258582E-7,49000.0,98.1,98.1,-137.5,98.1,49000.0,830656.0,60.0,25.0,23.0,9.0,0.0,0.0,1.0,35.0
50000.0,1.296875,1.9127949296186363E-7,50000.0,99.0,99.0,0.0,99.0,50000.0,825952.0,62.0,26.0,24.0,9.0,0.0,0.0,1.0,36.0
51000.0,1.328125,1.9795681712114144E-7,51000.0,98.7,98.7,-8.333333333333332,98.7,51000.0,825952.0,62.0,26.0,24.0,9.0,0.0,0.0,1.0,36.0
52000.0,1.359375,2.0463414128041924E-7,52000.0,98.0,98.0,-66.66666666666666,98.0,52000.0,825952.0,62.0,26.0,24.0,9.0,0.0,0.0,1.0,36.0
53000.0,1.375,2.0797280336005815E-7,53000.0,95.5,95.5,-181.25,95.5,53000.0,825952.0,62.0,26.0,24.0,9.0,0.0,0.0,1.0,36.0
54000.0,1.40625,2.1465394335488472E-7,54000.0,92.60000000000001,92.60000000000001,-311.1111111111105,92.60000000000001,54000.0,826424.0,64.0,27.0,25.0,9.0,0.0,0.0,1.0,37.0
55000.0,1.4375,2.155414808334575E-7,55000.0,90.8,90.8,-283.33333333333286,90.8,55000.0,109784.0,43.0,4.0,1.0,3.0,0.0,0.0,1.0,39.0
56000.0,1.46875,2.1642901831203029E-7,56000.0,91.60000000000001,91.60000000000001,-199.9999999999996,91.60000000000001,56000.0,109784.0,43.0,4.0,1.0,3.0,0.0,0.0,1.0,39.0
57000.0,1.484375,2.1672316102517967E-7,57000.0,85.8,85.8,-317.6470588235291,85.8,57000.0,72768.0,42.0,3.0,-1.0,2.0,0.0,0.0,1.0,39.0
58000.0,1.5,2.1701730373832906E-7,58000.0,85.3,85.3,-297.297297297297,85.3,58000.0,72768.0,42.0,3.0,-1.0,2.0,0.0,0.0,1.0,39.0
59000.0,1.515625,2.1731144645147844E-7,59000.0,84.0,84.0,-299.9999999999997,84.0,59000.0,72768.0,42.0,3.0,-1.0,2.0,0.0,0.0,1.0,39.0
60000.0,1.515625,2.1731144645147844E-7,60000.0,79.80000000000001,79.80000000000001,-512.1212121212114,79.80000000000001,60000.0,72768.0,42.0,3.0,-1.0,2.0,0.0,0.0,1.0,39.0
61000.0,1.515625,2.1731144645147844E-7,61000.0,78.0,78.0,-528.571428571428,78.0,61000.0,72768.0,42.0,3.0,-1.0,2.0,0.0,0.0,1.0,39.0
62000.0,1.515625,2.1731144645147844E-7,62000.0,83.0,83.0,-277.77777777777754,83.0,62000.0,74928.0,42.0,3.0,-1.0,2.0,0.0,0.0,1.0,39.0
63000.0,1.5625,2.1822006803833768E-7,63000.0,70.1,70.1,-453.7037037037033,70.1,63000.0,74928.0,42.0,3.0,-1.0,2.0,0.0,0.0,1.0,39.0
64000.0,1.578125,2.185229419006241E-7,64000.0,75.9,75.9,-381.99999999999955,75.9,64000.0,74928.0,42.0,3.0,-1.0,2.0,0.0,0.0,1.0,39.0
65000.0,1.59375,2.188258157629105E-7,65000.0,87.5,87.5,-197.61904761904736,87.5,65000.0,74928.0,42.0,3.0,-1.0,2.0,0.0,0.0,1.0,39.0
66000.0,1.609375,2.191286896251969E-7,66000.0,80.80000000000001,80.80000000000001,-405.2631578947363,80.80000000000001,66000.0,74928.0,42.0,3.0,-1.0,2.0,0.0,0.0,1.0,39.0
67000.0,1.625,2.1943156348748332E-7,67000.0,83.7,83.7,-443.33333333333303,83.7,67000.0,74928.0,42.0,3.0,-1.0,2.0,0.0,0.0,1.0,39.0
68000.0,1.625,2.1943156348748332E-7,68000.0,91.10000000000001,91.10000000000001,-242.3076923076919,91.10000000000001,68000.0,74928.0,42.0,3.0,-1.0,2.0,0.0,0.0,1.0,39.0
69000.0,1.640625,2.1973443734976973E-7,69000.0,92.60000000000001,92.60000000000001,-208.33333333333286,92.60000000000001,69000.0,74928.0,42.0,3.0,-1.0,2.0,0.0,0.0,1.0,39.0
70000.0,1.65625,2.2003731121205614E-7,70000.0,93.89999999999999,93.89999999999999,-281.25,93.89999999999999,70000.0,74928.0,42.0,3.0,-1.0,2.0,0.0,0.0,1.0,39.0
71000.0,1.671875,2.2034018507434256E-7,71000.0,88.7,88.7,-370.83333333333286,88.7,71000.0,74928.0,42.0,3.0,-1.0,2.0,0.0,0.0,1.0,39.0
72000.0,1.671875,2.2034018507434256E-7,72000.0,77.3,77.29836548231474,-567.6470588235287,77.09384460141273,72000.0,77088.0,42.0,3.0,-1.0,2.0,0.0,0.0,1.0,39.0
73000.0,1.671875,2.2034018507434256E-7,73000.0,77.60000000000001,77.54167573187569,-522.2222222222216,76.34635691657867,73000.0,77088.0,42.0,3.0,-1.0,2.0,0.0,0.0,1.0,39.0
74000.0,1.671875,2.2034018507434256E-7,74000.0,76.0,75.93801633006625,-499.9999999999995,74.84276729559748,74000.0,77088.0,42.0,3.0,-1.0,2.0,0.0,0.0,1.0,39.0
75000.0,1.71875,2.2127500010861284E-7,75000.0,71.1,71.08771227771803,-702.7777777777771,70.35897435897436,75000.0,77088.0,42.0,3.0,-1.0,2.0,0.0,0.0,1.0,39.0
76000.0,1.734375,2.2158660512003628E-7,76000.0,84.5,84.5,-297.4358974358971,84.32760364004044,76000.0,77088.0,42.0,3.0,-1.0,2.0,0.0,0.0,1.0,39.0
77000.0,1.75,2.218982101314597E-7,77000.0,84.7,84.7,-218.74999999999977,84.7,77000.0,77088.0,42.0,3.0,-1.0,2.0,0.0,0.0,1.0,39.0
78000.0,1.75,2.218982101314597E-7,78000.0,84.2,84.2,-444.82758620689617,84.2,78000.0,77088.0,42.0,3.0,-1.0,2.0,0.0,0.0,1.0,39.0
79000.0,1.765625,2.2220981514288315E-7,79000.0,80.7,80.7,-503.1249999999993,80.7,79000.0,77088.0,42.0,3.0,-1.0,2.0,0.0,0.0,1.0,39.0
80000.0,1.78125,2.2252142015430659E-7,80000.0,80.30000000000001,80.30000000000001,-657.6923076923068,80.30000000000001,80000.0,77088.0,42.0,3.0,-1.0,2.0,0.0,0.0,1.0,39.0
81000.0,1.796875,2.2283302516573002E-7,81000.0,79.10000000000001,79.10000000000001,-596.666666666666,79.10000000000001,81000.0,77088.0,42.0,3.0,-1.0,2.0,0.0,0.0,1.0,39.0
82000.0,1.8125,2.2314463017715346E-7,82000.0,77.7,77.7,-1014.999999999999,77.7,82000.0,77088.0,42.0,3.0,-1.0,2.0,0.0,0.0,1.0,39.0
83000.0,1.828125,2.234562351885769E-7,83000.0,78.9,78.9,-859.0909090909081,78.9,83000.0,77088.0,42.0,3.0,-1.0,2.0,0.0,0.0,1.0,39.0
84000.0,1.828125,2.234562351885769E-7,84000.0,83.5,83.5,-649.9999999999994,83.5,84000.0,77088.0,42.0,3.0,-1.0,2.0,0.0,0.0,1.0,39.0
85000.0,1.828125,2.234562351885769E-7,85000.0,79.4,79.4,-414.99999999999943,79.4,85000.0,77088.0,42.0,3.0,-1.0,2.0,0.0,0.0,1.0,39.0
86000.0,1.828125,2.234562351885769E-7,86000.0,78.10000000000001,78.10000000000001,-397.72727272727224,78.10000000000001,86000.0,77088.0,42.0,3.0,-1.0,2.0,0.0,0.0,1.0,39.0
87000.0,1.890625,2.2470265523427062E-7,87000.0,74.7,74.7,-803.5714285714278,74.7,87000.0,77088.0,42.0,3.0,-1.0,2.0,0.0,0.0,1.0,39.0
88000.0,1.890625,2.2470265523427062E-7,88000.0,77.5,77.5,-389.1304347826082,77.5,88000.0,77088.0,42.0,3.0,-1.0,2.0,0.0,0.0,1.0,39.0
89000.0,1.90625,2.2501426024569405E-7,89000.0,84.1,84.1,-429.9999999999996,84.1,89000.0,77088.0,42.0,3.0,-1.0,2.0,0.0,0.0,1.0,39.0
90000.0,1.921875,2.253258652571175E-7,90000.0,80.7,80.7,-777.2727272727262,80.7,90000.0,77088.0,42.0,3.0,-1.0,2.0,0.0,0.0,1.0,39.0
91000.0,1.9375,2.2563747026854093E-7,91000.0,78.0,78.0,-587.4999999999993,78.0,91000.0,77088.0,42.0,3.0,-1.0,2.0,0.0,0.0,1.0,39.0
92000.0,1.953125,2.2594907527996436E-7,92000.0,89.8,89.8,-183.333333333333,89.8,92000.0,77088.0,42.0,3.0,-1.0,2.0,0.0,0.0,1.0,39.0
93000.0,1.96875,2.262606802913878E-7,93000.0,91.5,91.5,-226.9230769230765,91.5,93000.0,77088.0,42.0,3.0,-1.0,2.0,0.0,0.0,1.0,39.0
94000.0,1.984375,2.2683832665077518E-7,94000.0,92.5,92.5,-240.9090909090904,92.5,94000.0,142904.0,46.0,5.0,1.0,4.0,0.0,0.0,1.0,41.0
95000.0,1.984375,2.2683832665077518E-7,95000.0,94.39999999999999,94.39999999999999,-115.38461538461537,94.39999999999999,95000.0,179912.0,48.0,6.0,2.0,4.0,0.0,0.0,1.0,42.0
96000.0,1.984375,2.2683832665077518E-7,96000.0,91.2,91.2,-174.99999999999966,91.2,96000.0,179912.0,48.0,6.0,2.0,4.0,0.0,0.0,1.0,42.0
97000.0,2.03125,2.2902004679458012E-7,97000.0,87.3,87.3,-323.333333333333,87.3,97000.0,179912.0,48.0,6.0,2.0,4.0,0.0,0.0,1.0,42.0
98000.0,2.03125,2.2902004679458012E-7,98000.0,92.0,92.0,-207.69230769230725,92.0,98000.0,179912.0,48.0,6.0,2.0,4.0,0.0,0.0,1.0,42.0
99000.0,2.046875,2.2975601799165211E-7,99000.0,84.89999999999999,84.89999999999999,-319.4444444444442,84.86973947895791,99000.0,182072.0,48.0,6.0,2.0,4.0,0.0,0.0,1.0,42.0
100000.0,2.0625,2.3050945148699816E-7,100000.0,89.1,89.09748151823071,-179.48717948717922,88.8661899897855,100000.0,186392.0,48.0,6.0,2.0,4.0,0.0,0.0,1.0,42.0
101000.0,2.078125,2.312628849823442E-7,101000.0,88.6,88.59680710598968,-153.3333333333331,88.36734693877551,101000.0,186392.0,48.0,6.0,2.0,4.0,0.0,0.0,1.0,42.0
102000.0,2.09375,2.3201631847769026E-7,102000.0,91.7,91.69745942258332,-207.407407407407,91.54786150712832,102000.0,186392.0,48.0,6.0,2.0,4.0,0.0,0.0,1.0,42.0
103000.0,2.125,2.3352318546838236E-7,103000.0,94.39999999999999,94.39313719993271,-80.64516129032258,94.1908713692946,103000.0,186392.0,48.0,6.0,2.0,4.0,0.0,0.0,1.0,42.0
104000.0,2.140625,2.342766189637284E-7,104000.0,90.7,90.69365307139469,-181.81818181818147,90.40247678018576,104000.0,186392.0,48.0,6.0,2.0,4.0,0.0,0.0,1.0,42.0
105000.0,2.15625,2.3515869138969322E-7,105000.0,85.3,85.28964390931215,-319.99999999999966,84.96932515337423,105000.0,218216.0,50.0,7.0,3.0,5.0,0.0,0.0,1.0,43.0
106000.0,2.171875,2.3605301976203924E-7,106000.0,93.60000000000001,93.60000000000001,-128.57142857142819,93.60000000000001,106000.0,221248.0,50.0,7.0,3.0,5.0,0.0,0.0,1.0,43.0
107000.0,2.203125,2.3754617561482726E-7,107000.0,92.2,92.2,-159.99999999999963,92.2,107000.0,184696.0,51.0,7.0,2.0,5.0,0.0,0.0,1.0,44.0
108000.0,2.21875,2.383050094876025E-7,108000.0,89.60000000000001,89.59908471945532,-224.99999999999966,89.48432760364004,108000.0,187728.0,51.0,7.0,2.0,5.0,0.0,0.0,1.0,44.0
109000.0,2.234375,2.3906384336037773E-7,109000.0,91.9,91.9,-237.49999999999955,91.76829268292683,109000.0,187728.0,51.0,7.0,2.0,5.0,0.0,0.0,1.0,44.0
110000.0,2.25,2.39822677233153E-7,110000.0,92.80000000000001,92.80000000000001,-199.99999999999955,92.67548321464903,110000.0,187728.0,51.0,7.0,2.0,5.0,0.0,0.0,1.0,44.0
111000.0,2.265625,2.405815111059282E-7,111000.0,94.19999999999999,94.19999999999999,-163.63636363636365,94.15911379657602,111000.0,187728.0,51.0,7.0,2.0,5.0,0.0,0.0,1.0,44.0
112000.0,2.296875,2.423701678506203E-7,112000.0,91.10000000000001,91.10000000000001,-242.3076923076919,91.03726082578046,112000.0,221248.0,51.0,7.0,2.0,5.0,0.0,0.0,1.0,44.0
113000.0,2.3125,2.432644962229663E-7,113000.0,90.4,90.39923193855509,-219.99999999999963,90.30303030303031,113000.0,221248.0,51.0,7.0,2.0,5.0,0.0,0.0,1.0,44.0
114000.0,2.3125,2.432644962229663E-7,114000.0,92.4,92.3992019162012,-153.33333333333297,92.28426395939087,114000.0,221248.0,51.0,7.0,2.0,5.0,0.0,0.0,1.0,44.0
115000.0,2.3125,2.432644962229663E-7,115000.0,93.8,93.79978299240473,-121.42857142857142,93.76884422110552,115000.0,255672.0,53.0,8.0,3.0,6.0,0.0,0.0,1.0,45.0
116000.0,2.359375,2.4636492728152217E-7,116000.0,94.69999999999999,94.69999999999999,-165.0,94.69999999999999,116000.0,255672.0,53.0,8.0,3.0,6.0,0.0,0.0,1.0,45.0
117000.0,2.375,2.473984043010408E-7,117000.0,84.5,84.5,-384.37499999999966,84.5,117000.0,255672.0,53.0,8.0,3.0,6.0,0.0,0.0,1.0,45.0
118000.0,2.390625,2.484318813205594E-7,118000.0,76.4,76.4,-555.5555555555549,76.4,118000.0,255672.0,53.0,8.0,3.0,6.0,0.0,0.0,1.0,45.0
119000.0,2.421875,2.5054779446994274E-7,119000.0,82.0,82.0,-462.49999999999966,82.0,119000.0,261728.0,53.0,8.0,3.0,6.0,0.0,0.0,1.0,45.0
120000.0,2.4375,2.516057510446344E-7,120000.0,81.39999999999999,81.39999999999999,-271.9999999999998,81.39999999999999,120000.0,261728.0,53.0,8.0,3.0,6.0,0.0,0.0,1.0,45.0
121000.0,2.453125,2.526637076193261E-7,121000.0,78.8,78.8,-332.65306122448936,78.8,121000.0,261728.0,53.0,8.0,3.0,6.0,0.0,0.0,1.0,45.0
122000.0,2.46875,2.5372166419401774E-7,122000.0,76.3,76.3,-540.54054054054,76.3,122000.0,261728.0,53.0,8.0,3.0,6.0,0.0,0.0,1.0,45.0
123000.0,2.484375,2.547796207687094E-7,123000.0,75.6,75.6,-442.2222222222217,75.6,123000.0,261728.0,53.0,8.0,3.0,6.0,0.0,0.0,1.0,45.0
124000.0,2.515625,2.5689553391809274E-7,124000.0,75.8,75.8,-490.2439024390238,75.8,124000.0,261728.0,53.0,8.0,3.0,6.0,0.0,0.0,1.0,45.0
125000.0,2.53125,2.579534904927844E-7,125000.0,78.0,78.0,-399.9999999999995,78.0,125000.0,261728.0,53.0,8.0,3.0,6.0,0.0,0.0,1.0,45.0
126000.0,2.546875,2.590237030138573E-7,126000.0,80.60000000000001,80.60000000000001,-273.07692307692264,80.60000000000001,126000.0,264760.0,53.0,8.0,3.0,6.0,0.0,0.0,1.0,45.0
127000.0,2.5625,2.6009391553493017E-7,127000.0,83.0,83.0,-239.99999999999977,83.0,127000.0,264760.0,53.0,8.0,3.0,6.0,0.0,0.0,1.0,45.0
128000.0,2.59375,2.6223434057707593E-7,128000.0,84.8,84.8,-261.90476190476164,84.8,128000.0,264760.0,53.0,8.0,3.0,6.0,0.0,0.0,1.0,45.0
129000.0,2.609375,2.633045530981488E-7,129000.0,86.7,86.7,-232.49999999999972,86.7,129000.0,264760.0,53.0,8.0,3.0,6.0,0.0,0.0,1.0,45.0
130000.0,2.625,2.643747656192217E-7,130000.0,88.3,88.3,-234.285714285714,88.3,130000.0,264760.0,53.0,8.0,3.0,6.0,0.0,0.0,1.0,45.0
131000.0,2.65625,2.667899954960578E-7,131000.0,91.8,91.8,-256.5217391304343,91.8,131000.0,298752.0,55.0,9.0,4.0,6.0,0.0,0.0,1.0,46.0
132000.0,2.65625,2.667899954960578E-7,132000.0,92.60000000000001,92.60000000000001,-208.33333333333286,92.60000000000001,132000.0,338792.0,57.0,10.0,5.0,7.0,0.0,0.0,1.0,47.0
133000.0,2.65625,2.667899954960578E-7,133000.0,92.30000000000001,92.30000000000001,-249.99999999999952,92.30000000000001,133000.0,338792.0,57.0,10.0,5.0,7.0,0.0,0.0,1.0,47.0
134000.0,2.71875,2.7226785378944544E-7,134000.0,94.39999999999999,94.39999999999999,-143.47826086956522,94.39999999999999,134000.0,338792.0,57.0,10.0,5.0,7.0,0.0,0.0,1.0,47.0
135000.0,2.75,2.750242452344133E-7,135000.0,92.30000000000001,92.29975359211495,-207.99999999999957,92.23790322580646,135000.0,340952.0,57.0,10.0,5.0,7.0,0.0,0.0,1.0,47.0
136000.0,2.765625,2.764024409568972E-7,136000.0,93.89999999999999,93.89645994676911,-125.92592592592592,93.7178166838311,136000.0,340952.0,57.0,10.0,5.0,7.0,0.0,0.0,1.0,47.0
137000.0,2.78125,2.7778063667938117E-7,137000.0,88.2,88.19038697499765,-306.89655172413757,87.74662512980271,137000.0,340952.0,57.0,10.0,5.0,7.0,0.0,0.0,1.0,47.0
138000.0,2.796875,2.791762947001391E-7,138000.0,89.7,89.69217636185866,-267.8571428571425,89.34850051706307,138000.0,345272.0,57.0,10.0,5.0,7.0,0.0,0.0,1.0,47.0
139000.0,2.828125,2.8196761074165505E-7,139000.0,89.4,89.3960235088158,-231.24999999999966,89.12820512820512,139000.0,345272.0,57.0,10.0,5.0,7.0,0.0,0.0,1.0,47.0
140000.0,2.828125,2.8196761074165505E-7,140000.0,89.60000000000001,89.59469329357972,-205.88235294117615,89.23395445134575,140000.0,345272.0,57.0,10.0,5.0,7.0,0.0,0.0,1.0,47.0
141000.0,2.84375,2.83363268762413E-7,141000.0,85.8,85.7853304610358,-208.6956521739128,85.1619644723093,141000.0,345272.0,57.0,10.0,5.0,7.0,0.0,0.0,1.0,47.0
142000.0,2.875,2.8615458480392893E-7,142000.0,83.0,82.98667856931978,-295.3488372093021,82.49227600411946,142000.0,345272.0,57.0,10.0,5.0,7.0,0.0,0.0,1.0,47.0
143000.0,2.890625,2.867848120836748E-7,143000.0,83.2,83.19563086402464,-479.3103448275859,82.85714285714285,143000.0,155912.0,53.0,6.0,0.0,4.0,0.0,0.0,1.0,47.0
144000.0,2.90625,2.8741503936342067E-7,144000.0,89.8,89.79867382759758,-239.99999999999963,89.6969696969697,144000.0,155912.0,53.0,6.0,0.0,4.0,0.0,0.0,1.0,47.0
145000.0,2.9375,2.889747459751864E-7,145000.0,89.5,89.49930695425898,-356.5217391304343,89.46840521564694,145000.0,192928.0,55.0,7.0,1.0,4.0,0.0,0.0,1.0,48.0
146000.0,2.96875,2.910979674197733E-7,146000.0,86.2,86.2,-359.9999999999996,86.2,146000.0,262632.0,59.0,9.0,3.0,4.0,0.0,0.0,1.0,50.0
147000.0,2.984375,2.921595781420668E-7,147000.0,81.69999999999999,81.69999999999999,-509.9999999999996,81.69999999999999,147000.0,262632.0,59.0,9.0,3.0,4.0,0.0,0.0,1.0,50.0
148000.0,3.0,2.9322118886436027E-7,148000.0,88.8,88.8,-386.9565217391299,88.8,148000.0,262632.0,59.0,9.0,3.0,4.0,0.0,0.0,1.0,50.0
149000.0,3.0,2.9322118886436027E-7,149000.0,81.39999999999999,81.39999999999999,-829.9999999999993,81.39999999999999,149000.0,265664.0,59.0,9.0,3.0,4.0,0.0,0.0,1.0,50.0
150000.0,3.0,2.9322118886436027E-7,150000.0,88.3,88.3,-349.99999999999955,88.3,150000.0,265664.0,59.0,9.0,3.0,4.0,0.0,0.0,1.0,50.0
151000.0,3.046875,2.964427888703843E-7,151000.0,87.6,87.6,-416.6666666666662,87.6,151000.0,265664.0,59.0,9.0,3.0,4.0,0.0,0.0,1.0,50.0
152000.0,3.046875,2.964427888703843E-7,152000.0,84.6,84.6,-316.2162162162159,84.6,152000.0,265664.0,59.0,9.0,3.0,4.0,0.0,0.0,1.0,50.0
153000.0,3.046875,2.964427888703843E-7,153000.0,80.5,80.5,-596.4285714285706,80.5,153000.0,265664.0,59.0,9.0,3.0,4.0,0.0,0.0,1.0,50.0
154000.0,3.09375,2.996643888764083E-7,154000.0,80.80000000000001,80.80000000000001,-539.9999999999992,80.80000000000001,154000.0,265664.0,59.0,9.0,3.0,4.0,0.0,0.0,1.0,50.0
155000.0,3.109375,3.00738255545083E-7,155000.0,85.39999999999999,85.39999999999999,-421.428571428571,85.39999999999999,155000.0,265664.0,59.0,9.0,3.0,4.0,0.0,0.0,1.0,50.0
156000.0,3.125,3.018121222137577E-7,156000.0,87.5,87.5,-399.99999999999955,87.5,156000.0,265664.0,59.0,9.0,3.0,4.0,0.0,0.0,1.0,50.0
157000.0,3.140625,3.0315565204040874E-7,157000.0,89.7,89.7,-221.87499999999966,89.7,157000.0,332376.0,65.0,12.0,6.0,6.0,0.0,0.0,1.0,53.0
158000.0,3.140625,3.0315565204040874E-7,158000.0,88.8,88.8,-314.8148148148144,88.8,158000.0,369392.0,67.0,13.0,7.0,6.0,0.0,0.0,1.0,54.0
159000.0,3.203125,3.091365538744463E-7,159000.0,84.89999999999999,84.89999999999999,-277.4999999999997,84.89999999999999,159000.0,369904.0,71.0,15.0,9.0,7.0,0.0,0.0,1.0,56.0
160000.0,3.21875,3.1093947149606214E-7,160000.0,85.39999999999999,85.39999999999999,-204.16666666666643,85.39999999999999,160000.0,446024.0,71.0,15.0,9.0,7.0,0.0,0.0,1.0,56.0
161000.0,3.25,3.148865329826044E-7,161000.0,86.1,86.1,-157.4074074074072,86.1,161000.0,488232.0,73.0,16.0,10.0,7.0,0.0,0.0,1.0,57.0
162000.0,3.28125,3.19111827088313E-7,162000.0,84.3,84.3,-227.0833333333331,84.3,162000.0,522648.0,75.0,17.0,11.0,8.0,0.0,0.0,1.0,58.0
163000.0,3.3125,3.233371211940216E-7,163000.0,78.5,78.5,-305.66037735849017,78.5,163000.0,522648.0,75.0,17.0,11.0,8.0,0.0,0.0,1.0,58.0
164000.0,3.328125,3.254497682468759E-7,164000.0,80.5,80.5,-219.6721311475406,80.5,164000.0,522648.0,75.0,17.0,11.0,8.0,0.0,0.0,1.0,58.0
165000.0,3.359375,3.2995329497175087E-7,165000.0,77.2,77.2,-374.99999999999955,77.2,165000.0,557064.0,77.0,18.0,12.0,8.0,0.0,0.0,1.0,59.0
166000.0,3.375,3.3235293813049797E-7,166000.0,80.9,80.9,-334.0909090909086,80.9,166000.0,593648.0,79.0,19.0,13.0,8.0,0.0,0.0,1.0,60.0
167000.0,3.390625,3.347648372356263E-7,167000.0,80.7,80.7,-348.83720930232505,80.7,167000.0,596680.0,79.0,19.0,13.0,8.0,0.0,0.0,1.0,60.0
168000.0,3.4375,3.4280913597386747E-7,168000.0,81.89999999999999,81.89999999999999,-311.3636363636361,81.89999999999999,168000.0,663360.0,83.0,21.0,15.0,9.0,0.0,0.0,1.0,62.0
169000.0,3.453125,3.456209540470607E-7,169000.0,83.5,83.5,-385.2941176470585,83.5,169000.0,695616.0,85.0,22.0,16.0,9.0,0.0,0.0,1.0,63.0
170000.0,3.5,3.5409317610578404E-7,170000.0,76.8,76.8,-582.3529411764699,76.8,170000.0,698648.0,85.0,22.0,16.0,9.0,0.0,0.0,1.0,63.0
171000.0,3.53125,3.5974132414493295E-7,171000.0,86.8,86.8,-238.4615384615382,86.74698795180723,171000.0,698648.0,85.0,22.0,16.0,9.0,0.0,0.0,1.0,63.0
172000.0,3.5625,3.6568523177670105E-7,172000.0,84.0,84.0,-247.82608695652152,83.65679264555669,172000.0,735232.0,87.0,23.0,17.0,10.0,0.0,0.0,1.0,64.0
173000.0,3.609375,3.740578217224942E-7,173000.0,83.8,83.8,-259.9999999999997,83.22981366459626,173000.0,690432.0,88.0,22.0,15.0,11.0,0.0,0.0,1.0,66.0
174000.0,3.625,3.7699132614458597E-7,174000.0,84.2,84.2,-259.09090909090884,83.77823408624229,174000.0,725720.0,90.0,23.0,16.0,11.0,0.0,0.0,1.0,67.0
175000.0,3.625,3.7699132614458597E-7,175000.0,82.1,82.09484331487468,-244.23076923076903,81.19747899159663,175000.0,797112.0,92.0,24.0,17.0,12.0,0.0,0.0,1.0,68.0
176000.0,3.6875,3.89914591020594E-7,176000.0,78.60000000000001,78.58893047705664,-311.5384615384611,77.54459601259181,176000.0,799272.0,92.0,24.0,17.0,12.0,0.0,0.0,1.0,68.0
177000.0,3.71875,3.971899665581683E-7,177000.0,81.0,80.98157114243702,-279.99999999999955,79.85153764581125,177000.0,899928.0,98.0,27.0,20.0,12.0,0.0,0.0,1.0,71.0
178000.0,3.75,4.0448978931332624E-7,178000.0,81.6,81.58773743313047,-253.84615384615364,80.89304257528556,178000.0,902952.0,98.0,27.0,20.0,12.0,0.0,0.0,1.0,71.0
179000.0,3.765625,4.0828932671704224E-7,179000.0,81.0,80.99695951352217,-265.38461538461496,80.61224489795919,179000.0,939968.0,101.0,28.0,20.0,11.0,0.0,0.0,1.0,73.0
180000.0,3.828125,4.2355176345962617E-7,180000.0,87.2,87.1989631160124,-197.67441860465092,86.84480986639261,180000.0,943944.0,105.0,30.0,22.0,11.0,0.0,0.0,1.0,75.0
181000.0,3.859375,4.3185431018678676E-7,181000.0,88.8,88.7933993121949,-187.1794871794869,88.44169246646027,181000.0,1026984.0,105.0,30.0,22.0,11.0,0.0,0.0,1.0,75.0
182000.0,3.90625,4.4517978999970687E-7,182000.0,85.7,85.69218793461229,-266.6666666666664,85.39325842696628,182000.0,1098864.0,109.0,32.0,24.0,11.0,0.0,0.0,1.0,77.0
183000.0,3.921875,4.478489993036621E-7,183000.0,89.2,89.19697515304286,-285.7142857142853,89.04665314401623,183000.0,660336.0,87.0,21.0,-2.0,11.0,0.0,0.0,1.0,78.0
184000.0,3.984375,4.591033858661022E-7,184000.0,89.3,89.29670338464247,-245.1612903225803,89.14807302231237,184000.0,696056.0,89.0,22.0,-1.0,11.0,0.0,0.0,1.0,79.0
185000.0,4.015625,4.6476550374387036E-7,185000.0,86.3,86.2986298629863,-211.36363636363612,86.16161616161617,185000.0,700376.0,89.0,22.0,-1.0,11.0,0.0,0.0,1.0,79.0
186000.0,4.03125,4.6759656268275445E-7,186000.0,88.0,88.0,-215.7894736842102,87.85425101214574,186000.0,700376.0,89.0,22.0,-1.0,11.0,0.0,0.0,1.0,79.0
187000.0,4.0625,4.7328312777810625E-7,187000.0,87.8,87.79694923730933,-229.72972972972943,87.48717948717949,187000.0,703400.0,89.0,22.0,-1.0,11.0,0.0,0.0,1.0,79.0
188000.0,4.078125,4.7626905143260955E-7,188000.0,81.5,81.49650283903658,-242.59259259259238,81.10316649642492,188000.0,738688.0,91.0,23.0,0.0,11.0,0.0,0.0,1.0,80.0
189000.0,4.109375,4.822583610398901E-7,189000.0,81.10000000000001,81.0959167180111,-256.60377358490524,80.63524590163935,189000.0,740848.0,91.0,23.0,0.0,11.0,0.0,0.0,1.0,80.0
190000.0,4.109375,4.822583610398901E-7,190000.0,82.89999999999999,82.89488557078566,-210.9090909090907,82.49744114636643,190000.0,745168.0,91.0,23.0,0.0,11.0,0.0,0.0,1.0,80.0
191000.0,4.1875,4.935973750737805E-7,191000.0,85.0,84.99747957656886,-163.1578947368419,84.5679012345679,191000.0,561032.0,90.0,20.0,-4.0,8.0,0.0,0.0,1.0,82.0
192000.0,4.203125,4.958651778805586E-7,192000.0,83.0,82.98189273386883,-304.7619047619045,82.32848232848232,192000.0,561032.0,90.0,20.0,-4.0,8.0,0.0,0.0,1.0,82.0
193000.0,4.234375,5.010062725179724E-7,193000.0,85.1,85.0965573047374,-313.8888888888886,84.78038815117466,193000.0,635928.0,94.0,22.0,-2.0,9.0,0.0,0.0,1.0,84.0
194000.0,4.265625,5.064224306907918E-7,194000.0,88.6,88.59384067396394,-192.30769230769204,88.28365878725592,194000.0,669952.0,98.0,24.0,0.0,9.0,0.0,0.0,1.0,86.0
195000.0,4.296875,5.070354867105682E-7,195000.0,78.3,78.28475589864084,-648.2758620689648,77.6978417266187,195000.0,75832.0,79.0,4.0,-21.0,3.0,0.0,0.0,1.0,87.0
196000.0,4.328125,5.079270987254049E-7,196000.0,72.8,72.78298936835522,-635.1351351351345,72.1025641025641,196000.0,110288.0,83.0,6.0,-19.0,5.0,0.0,0.0,1.0,89.0
197000.0,4.34375,5.085136379218763E-7,197000.0,79.9,79.89008581230547,-548.3870967741927,79.55239064089523,197000.0,145104.0,83.0,6.0,-19.0,5.0,0.0,0.0,1.0,89.0
198000.0,4.34375,5.085136379218763E-7,198000.0,81.3,81.29887793267596,-503.2258064516125,81.1871227364185,198000.0,181240.0,85.0,7.0,-18.0,5.0,0.0,0.0,1.0,90.0
199000.0,4.375,5.102641363110806E-7,199000.0,83.7,83.69965769281154,-443.33333333333303,83.58509566968782,199000.0,216528.0,87.0,8.0,-17.0,6.0,0.0,0.0,1.0,91.0
200000.0,4.40625,5.123278565911782E-7,200000.0,88.6,88.5979476305735,-256.24999999999966,88.4263959390863,200000.0,255272.0,89.0,9.0,-16.0,7.0,0.0,0.0,1.0,92.0
201000.0,4.4375,5.143915768712757E-7,201000.0,87.0,86.99708734756585,-282.35294117647027,86.78861788617887,201000.0,255272.0,89.0,9.0,-16.0,7.0,0.0,0.0,1.0,92.0
202000.0,4.453125,5.154234370113245E-7,202000.0,85.1,85.09279982231418,-338.23529411764673,84.74923234390992,202000.0,255272.0,89.0,9.0,-16.0,7.0,0.0,0.0,1.0,92.0
203000.0,4.46875,5.165873962040574E-7,203000.0,84.2,84.18807781066924,-285.3658536585363,83.72811534500515,203000.0,287952.0,91.0,10.0,-15.0,7.0,0.0,0.0,1.0,93.0
204000.0,4.5,5.18939761807107E-7,204000.0,85.2,85.19218147181712,-244.18604651162764,84.86707566462167,204000.0,290976.0,91.0,10.0,-15.0,7.0,0.0,0.0,1.0,93.0
205000.0,4.515625,5.201159446086319E-7,205000.0,85.2,85.19352957242315,-269.9999999999997,84.91335372069317,205000.0,290976.0,91.0,10.0,-15.0,7.0,0.0,0.0,1.0,93.0
206000.0,4.546875,5.23020765588929E-7,206000.0,87.9,87.89779739912665,-255.88235294117615,87.72819472616634,206000.0,359312.0,91.0,10.0,-15.0,7.0,0.0,0.0,1.0,93.0
207000.0,4.5625,5.244731760790776E-7,207000.0,87.4,87.3955001935691,-306.45161290322545,87.12972420837589,207000.0,359312.0,91.0,10.0,-15.0,7.0,0.0,0.0,1.0,93.0
208000.0,4.578125,5.259343177183632E-7,208000.0,83.89999999999999,83.88878659547045,-419.35483870967704,83.41915550978372,208000.0,361472.0,91.0,10.0,-15.0,7.0,0.0,0.0,1.0,93.0
209000.0,4.578125,5.259343177183632E-7,209000.0,82.0,81.92299194568862,-520.6896551724134,80.85106382978724,209000.0,364496.0,91.0,10.0,-15.0,7.0,0.0,0.0,1.0,93.0
210000.0,4.578125,5.259343177183632E-7,210000.0,83.6,83.58752652015532,-299.9999999999997,83.28236493374108,210000.0,363232.0,93.0,11.0,-14.0,7.0,0.0,0.0,1.0,94.0
211000.0,4.65625,5.304509088293544E-7,211000.0,89.2,89.19976239477269,-184.21052631578917,89.0798786653185,211000.0,223472.0,93.0,8.0,-18.0,4.0,0.0,0.0,1.0,97.0
212000.0,4.671875,5.314897215511234E-7,212000.0,92.4,92.39723259266374,-117.14285714285681,92.18106995884774,212000.0,256992.0,93.0,8.0,-18.0,4.0,0.0,0.0,1.0,97.0
213000.0,4.6875,5.326712077173092E-7,213000.0,92.60000000000001,92.59398631688931,-89.74358974358945,92.37899073120495,213000.0,292288.0,95.0,9.0,-17.0,5.0,0.0,0.0,1.0,98.0
214000.0,4.71875,5.355700139059787E-7,214000.0,93.8,93.79344587884806,-63.1578947368421,93.59504132231405,214000.0,358568.0,99.0,11.0,-15.0,6.0,0.0,0.0,1.0,100.0
215000.0,4.734375,5.370578663941056E-7,215000.0,93.0,92.98961060291352,-74.99999999999972,92.7159209157128,215000.0,368080.0,99.0,11.0,-15.0,6.0,0.0,0.0,1.0,100.0
216000.0,4.75,5.3871461811165E-7,216000.0,95.7,95.68742885511266,-30.303030303030305,95.44973544973544,216000.0,409864.0,101.0,12.0,-14.0,6.0,0.0,0.0,1.0,101.0
217000.0,4.78125,5.424287842793595E-7,217000.0,91.5,91.47873091235724,-102.38095238095211,91.07142857142857,217000.0,459424.0,103.0,13.0,-13.0,6.0,0.0,0.0,1.0,102.0
218000.0,4.796875,5.443033296614883E-7,218000.0,90.0,89.95358556531174,-112.76595744680829,89.41798941798942,218000.0,463744.0,103.0,13.0,-13.0,6.0,0.0,0.0,1.0,102.0
219000.0,4.828125,5.487108784210349E-7,219000.0,85.6,85.57576728904559,-349.99999999999966,85.07772020725388,219000.0,545192.0,105.0,14.0,-12.0,6.0,0.0,0.0,1.0,103.0
220000.0,4.859375,5.532761052664781E-7,220000.0,91.2,91.19515733653509,-144.44444444444414,91.00204498977506,220000.0,564696.0,105.0,14.0,-12.0,6.0,0.0,0.0,1.0,103.0
221000.0,4.890625,5.562398453346555E-7,221000.0,92.9,92.8964055812241,-69.04761904761878,92.73285568065506,221000.0,366600.0,100.0,9.0,-20.0,5.0,0.0,0.0,1.0,104.0
222000.0,4.90625,5.578712767197024E-7,222000.0,91.0,90.9925688693172,-87.49999999999977,90.76923076923077,222000.0,403600.0,102.0,10.0,-19.0,5.0,0.0,0.0,1.0,105.0
223000.0,4.96875,5.648784442908232E-7,223000.0,87.2,87.19533910343364,-172.34042553191466,87.0182555780933,223000.0,433376.0,106.0,12.0,-17.0,6.0,0.0,0.0,1.0,107.0
224000.0,4.984375,5.666302361836034E-7,224000.0,88.8,88.79910392831427,-133.33333333333312,88.70967741935483,224000.0,433376.0,106.0,12.0,-17.0,6.0,0.0,0.0,1.0,107.0
225000.0,5.0,5.686901082905629E-7,225000.0,87.9,87.89923765197207,-168.88888888888863,87.8147029204431,225000.0,509592.0,108.0,13.0,-16.0,6.0,0.0,0.0,1.0,108.0
226000.0,5.03125,5.728273148027557E-7,226000.0,93.4,93.3989834434503,-83.33333333333303,93.32659251769465,226000.0,511752.0,108.0,13.0,-16.0,6.0,0.0,0.0,1.0,108.0
227000.0,5.0625,5.769819836132226E-7,227000.0,93.30000000000001,93.2993366343268,-97.05882352941144,93.23915237134209,227000.0,513912.0,108.0,13.0,-16.0,6.0,0.0,0.0,1.0,108.0
228000.0,5.0625,5.769819836132226E-7,228000.0,92.9,92.89840924367059,-97.22222222222192,92.79918864097364,228000.0,513912.0,108.0,13.0,-16.0,6.0,0.0,0.0,1.0,108.0
229000.0,5.09375,5.811715770202377E-7,229000.0,94.1,94.09867810389527,-55.26315789473685,94.01622718052738,229000.0,518232.0,108.0,13.0,-16.0,6.0,0.0,0.0,1.0,108.0
230000.0,5.109375,5.832751048728823E-7,230000.0,92.10000000000001,92.09834065153683,-88.09523809523783,91.98782961460446,230000.0,520392.0,108.0,13.0,-16.0,6.0,0.0,0.0,1.0,108.0
231000.0,5.140625,5.868130958535604E-7,231000.0,88.8,88.7951034602121,-138.2978723404253,88.53633572159673,231000.0,437632.0,106.0,11.0,-19.0,5.0,0.0,0.0,1.0,108.0
232000.0,5.15625,5.885820913438995E-7,232000.0,91.60000000000001,91.59606695933698,-95.34883720930206,91.37577002053389,232000.0,437632.0,106.0,11.0,-19.0,5.0,0.0,0.0,1.0,108.0
233000.0,5.1875,5.924087923227085E-7,233000.0,91.8,91.79620984895021,-63.99999999999978,91.61554192229039,233000.0,473344.0,108.0,12.0,-18.0,5.0,0.0,0.0,1.0,109.0
234000.0,5.21875,5.962742337336143E-7,234000.0,90.8,90.79668680725061,-99.99999999999976,90.61224489795919,234000.0,478136.0,108.0,12.0,-18.0,5.0,0.0,0.0,1.0,109.0
235000.0,5.234375,5.982244167373412E-7,235000.0,88.4,88.39489375325144,-136.7346938775508,88.13905930470348,235000.0,482456.0,108.0,12.0,-18.0,5.0,0.0,0.0,1.0,109.0
236000.0,5.25,6.001868880250388E-7,236000.0,84.3,84.29378033701346,-175.43859649122788,83.94683026584867,236000.0,485496.0,108.0,12.0,-18.0,5.0,0.0,0.0,1.0,109.0
237000.0,5.28125,6.041118306004339E-7,237000.0,83.1,83.08626604803099,-237.99999999999977,82.61316872427983,237000.0,485496.0,108.0,12.0,-18.0,5.0,0.0,0.0,1.0,109.0
238000.0,5.296875,6.060743018881315E-7,238000.0,82.89999999999999,82.85851761262253,-248.97959183673447,82.11297071129707,238000.0,485496.0,108.0,12.0,-18.0,5.0,0.0,0.0,1.0,109.0
239000.0,5.3125,6.08036773175829E-7,239000.0,80.80000000000001,80.6455515009778,-236.84210526315752,79.03930131004367,239000.0,485496.0,108.0,12.0,-18.0,5.0,0.0,0.0,1.0,109.0
240000.0,5.34375,6.119617157512242E-7,240000.0,80.80000000000001,80.60625650245957,-249.09090909090867,78.9010989010989,240000.0,485496.0,108.0,12.0,-18.0,5.0,0.0,0.0,1.0,109.0
241000.0,5.375,6.154891646777591E-7,241000.0,82.69999999999999,82.50563763411502,-214.54545454545433,80.7563959955506,241000.0,436328.0,108.0,11.0,-20.0,5.0,0.0,0.0,1.0,110.0
242000.0,5.375,6.154891646777591E-7,242000.0,79.5,79.25101214574899,-180.8219178082193,77.32300884955752,242000.0,443248.0,108.0,11.0,-20.0,5.0,0.0,0.0,1.0,110.0
243000.0,5.375,6.154891646777591E-7,243000.0,76.2,76.0701326096727,-226.02739726027417,74.49088960342979,243000.0,445408.0,108.0,11.0,-20.0,5.0,0.0,0.0,1.0,110.0
244000.0,5.4375,6.226908751866884E-7,244000.0,80.60000000000001,80.52216657764427,-189.5522388059703,79.49260042283298,244000.0,445408.0,108.0,11.0,-20.0,5.0,0.0,0.0,1.0,110.0
245000.0,5.46875,6.259710062295199E-7,245000.0,81.89999999999999,81.87037619470213,-187.30158730158763,81.08672936259143,245000.0,405736.0,108.0,10.0,-22.0,5.0,0.0,0.0,1.0,111.0
246000.0,5.484375,6.276110717509356E-7,246000.0,87.0,86.95397361892758,-132.14285714285694,86.22881355932203,246000.0,405736.0,108.0,10.0,-22.0,5.0,0.0,0.0,1.0,111.0
247000.0,5.515625,6.308912027937671E-7,247000.0,87.6,87.5569969815683,-175.55555555555532,86.75213675213676,247000.0,405736.0,108.0,10.0,-22.0,5.0,0.0,0.0,1.0,111.0
248000.0,5.53125,6.326496562299629E-7,248000.0,83.89999999999999,83.85293129472412,-221.9999999999998,82.96296296296296,248000.0,435024.0,110.0,11.0,-21.0,5.0,0.0,0.0,1.0,112.0
249000.0,5.53125,6.326496562299629E-7,249000.0,85.6,85.58482081631958,-269.23076923076894,85.0156087408949,249000.0,482464.0,112.0,12.0,-20.0,5.0,0.0,0.0,1.0,113.0
250000.0,5.59375,6.405203667883244E-7,250000.0,88.1,88.09550009903744,-176.74418604651137,87.76978417266187,250000.0,486784.0,112.0,12.0,-20.0,5.0,0.0,0.0,1.0,113.0
251000.0,5.609375,6.424880444279147E-7,251000.0,81.8,81.78309471189263,-323.2558139534881,81.19834710743801,251000.0,486784.0,112.0,12.0,-20.0,5.0,0.0,0.0,1.0,113.0
252000.0,5.640625,6.464240464588834E-7,252000.0,81.5,81.49592910440296,-351.2195121951217,81.12244897959184,252000.0,486864.0,114.0,13.0,-19.0,6.0,0.0,0.0,1.0,114.0
253000.0,5.65625,6.485502429616948E-7,253000.0,77.5,77.48712263414673,-423.25581395348786,76.46443514644352,253000.0,526000.0,114.0,13.0,-19.0,6.0,0.0,0.0,1.0,114.0
254000.0,5.6875,6.52841182373878E-7,254000.0,80.2,80.19920796831875,-371.42857142857093,80.0,254000.0,530768.0,114.0,13.0,-19.0,6.0,0.0,0.0,1.0,114.0
255000.0,5.6875,6.52841182373878E-7,255000.0,86.2,86.199930999655,-318.18181818181785,86.13065326633166,255000.0,564808.0,116.0,14.0,-19.0,6.0,0.0,0.0,1.0,115.0
256000.0,5.734375,6.602181302797464E-7,256000.0,83.89999999999999,83.89826101218931,-274.4186046511625,83.75378405650858,256000.0,608328.0,118.0,15.0,-18.0,6.0,0.0,0.0,1.0,116.0
257000.0,5.765625,6.651957907403509E-7,257000.0,86.1,86.1,-239.02439024390216,86.1,257000.0,615712.0,120.0,16.0,-17.0,6.0,0.0,0.0,1.0,117.0
258000.0,5.78125,6.67717896350142E-7,258000.0,90.9,90.9,-152.7777777777775,90.9,258000.0,623944.0,120.0,16.0,-17.0,6.0,0.0,0.0,1.0,117.0
259000.0,5.8125,6.727795698679983E-7,259000.0,90.4,90.3999615998464,-146.15384615384588,90.38076152304609,259000.0,626104.0,120.0,16.0,-17.0,6.0,0.0,0.0,1.0,117.0
260000.0,5.828125,6.754635574503077E-7,260000.0,89.1,89.09381619378188,-113.7254901960782,88.79753340184995,260000.0,663992.0,122.0,17.0,-16.0,6.0,0.0,0.0,1.0,118.0
261000.0,5.828125,6.754635574503077E-7,261000.0,90.4,90.39677331583412,-118.18181818181792,90.19407558733403,261000.0,691112.0,126.0,19.0,-14.0,6.0,0.0,0.0,1.0,120.0
262000.0,5.875,6.842514590567184E-7,262000.0,88.7,88.67780850466916,-130.61224489795896,88.02966101694916,262000.0,724680.0,128.0,20.0,-13.0,7.0,0.0,0.0,1.0,121.0
263000.0,5.921875,6.913119513127539E-7,263000.0,88.6,88.58321732947432,-83.8709677419353,88.10020876826722,263000.0,582232.0,125.0,15.0,-19.0,7.0,0.0,0.0,1.0,123.0
264000.0,5.953125,6.960189461501109E-7,264000.0,86.0,85.92475373345907,-79.4871794871796,84.76605005440696,264000.0,582232.0,125.0,15.0,-19.0,7.0,0.0,0.0,1.0,123.0
265000.0,5.984375,7.007196674951249E-7,265000.0,84.0,83.93212931422327,-77.77777777777789,82.86937901498929,265000.0,581456.0,127.0,16.0,-18.0,7.0,0.0,0.0,1.0,124.0
266000.0,5.984375,7.007196674951249E-7,266000.0,84.1,84.08841636711526,-133.82352941176492,83.64197530864197,266000.0,652864.0,129.0,17.0,-17.0,8.0,0.0,0.0,1.0,125.0
267000.0,6.046875,7.113595105086764E-7,267000.0,79.2,79.18372167034622,-201.449275362319,78.84028484231943,267000.0,658048.0,129.0,17.0,-17.0,8.0,0.0,0.0,1.0,125.0
268000.0,6.0625,7.140282024112012E-7,268000.0,83.89999999999999,83.89289676747445,-215.6862745098037,83.55464759959142,268000.0,660208.0,129.0,17.0,-17.0,8.0,0.0,0.0,1.0,125.0
269000.0,6.09375,7.19365586216251E-7,269000.0,84.7,84.69742916810023,-139.06250000000026,84.48275862068965,269000.0,660208.0,129.0,17.0,-17.0,8.0,0.0,0.0,1.0,125.0
270000.0,6.125,7.247029700213009E-7,270000.0,81.5,81.49918596418242,-184.61538461538493,81.29423660262891,270000.0,660208.0,129.0,17.0,-17.0,8.0,0.0,0.0,1.0,125.0
271000.0,6.140625,7.273716619238257E-7,271000.0,80.9,80.89759309673019,-193.846153846154,80.6288032454361,271000.0,660208.0,129.0,17.0,-17.0,8.0,0.0,0.0,1.0,125.0
272000.0,6.140625,7.273716619238257E-7,272000.0,80.80000000000001,80.78962639825507,-242.8571428571425,80.20618556701031,272000.0,660208.0,129.0,17.0,-17.0,8.0,0.0,0.0,1.0,125.0
273000.0,6.203125,7.380464295339254E-7,273000.0,74.5,74.49160773894612,-304.76190476190516,73.2423924449108,273000.0,660208.0,129.0,17.0,-17.0,8.0,0.0,0.0,1.0,125.0
274000.0,6.21875,7.407151214364502E-7,274000.0,74.3,74.2796294665375,-435.4166666666662,72.30603448275862,274000.0,660208.0,129.0,17.0,-17.0,8.0,0.0,0.0,1.0,125.0
275000.0,6.25,7.460770171342625E-7,275000.0,75.3,75.27626521460601,-425.53191489361654,73.61111111111113,275000.0,663240.0,129.0,17.0,-17.0,8.0,0.0,0.0,1.0,125.0
276000.0,6.265625,7.487579649831685E-7,276000.0,73.0,72.97178254097277,-542.8571428571423,71.3375796178344,276000.0,663240.0,129.0,17.0,-17.0,8.0,0.0,0.0,1.0,125.0
277000.0,6.296875,7.541618348720172E-7,277000.0,76.6,76.59824486836513,-349.99999999999955,76.24365482233503,277000.0,668432.0,129.0,17.0,-17.0,8.0,0.0,0.0,1.0,125.0
278000.0,6.3125,7.568637698164416E-7,278000.0,74.0,73.9942787413231,-419.99999999999955,73.46938775510205,278000.0,668432.0,129.0,17.0,-17.0,8.0,0.0,0.0,1.0,125.0
279000.0,6.34375,7.622676397052904E-7,279000.0,79.3,79.29503080739377,-349.9999999999995,78.98477157360406,279000.0,668432.0,129.0,17.0,-17.0,8.0,0.0,0.0,1.0,125.0
280000.0,6.375,7.676788825645214E-7,280000.0,71.1,71.09739876588893,-502.08333333333286,70.8080808080808,280000.0,669344.0,131.0,18.0,-16.0,8.0,0.0,0.0,1.0,126.0
281000.0,6.40625,7.733611144228942E-7,281000.0,74.6,74.59857752034114,-519.5121951219508,74.39516129032258,281000.0,702864.0,131.0,18.0,-16.0,8.0,0.0,0.0,1.0,126.0
282000.0,6.4375,7.790331922781964E-7,282000.0,72.1,72.08794199094008,-457.99999999999955,71.4139344262295,282000.0,701608.0,133.0,19.0,-15.0,8.0,0.0,0.0,1.0,127.0
283000.0,6.453125,7.820221880036923E-7,283000.0,76.7,76.6874112020491,-454.7619047619042,76.05344295991779,283000.0,739448.0,133.0,19.0,-15.0,8.0,0.0,0.0,1.0,127.0
284000.0,6.484375,7.880001794546842E-7,284000.0,74.3,74.2835929322908,-497.6744186046506,73.53244078269825,284000.0,739448.0,133.0,19.0,-15.0,8.0,0.0,0.0,1.0,127.0
285000.0,6.5,7.909891751801801E-7,285000.0,74.3,74.2974297429743,-526.8292682926824,74.04040404040404,285000.0,739448.0,133.0,19.0,-15.0,8.0,0.0,0.0,1.0,127.0
286000.0,6.53125,7.972524488448268E-7,286000.0,70.39999999999999,70.39626993001119,-588.3720930232553,70.1913393756294,286000.0,774736.0,135.0,20.0,-14.0,8.0,0.0,0.0,1.0,128.0
287000.0,6.5625,8.034818327157861E-7,287000.0,69.5,69.49877995119805,-563.043478260869,69.37751004016064,287000.0,770544.0,141.0,23.0,-11.0,9.0,0.0,0.0,1.0,131.0
288000.0,6.59375,8.106501061572796E-7,288000.0,70.3,70.29934658562487,-506.1224489795914,70.24048096192385,288000.0,886680.0,141.0,23.0,-11.0,9.0,0.0,0.0,1.0,131.0
289000.0,6.609375,8.142429740271634E-7,289000.0,68.0,68.0,-742.1052631578939,68.0,289000.0,888840.0,141.0,23.0,-11.0,9.0,0.0,0.0,1.0,131.0
290000.0,6.625,8.178480978434284E-7,290000.0,65.2,65.2,-640.4255319148929,65.2,290000.0,891872.0,141.0,23.0,-11.0,9.0,0.0,0.0,1.0,131.0
291000.0,6.65625,8.250827926935421E-7,291000.0,61.5,61.49753584229391,-654.9019607843131,61.18951612903226,291000.0,894896.0,141.0,23.0,-11.0,9.0,0.0,0.0,1.0,131.0
292000.0,6.6875,8.323174875436558E-7,292000.0,64.60000000000001,64.59745101647319,-567.9245283018862,64.31451612903226,292000.0,894896.0,141.0,23.0,-11.0,9.0,0.0,0.0,1.0,131.0
293000.0,6.703125,8.359435661178497E-7,293000.0,73.0,72.99848791532327,-558.536585365853,72.809667673716,293000.0,897056.0,141.0,23.0,-11.0,9.0,0.0,0.0,1.0,131.0
294000.0,6.734375,8.431957232662374E-7,294000.0,73.3,73.29647513471778,-520.9302325581391,72.97570850202429,294000.0,897056.0,141.0,23.0,-11.0,9.0,0.0,0.0,1.0,131.0
295000.0,6.765625,8.50447880414625E-7,295000.0,71.5,71.49948699076583,-562.7906976744181,71.41424272818455,295000.0,897056.0,141.0,23.0,-11.0,9.0,0.0,0.0,1.0,131.0
296000.0,6.78125,8.540739589888189E-7,296000.0,66.0,66.0,-655.5555555555549,66.0,296000.0,897056.0,141.0,23.0,-11.0,9.0,0.0,0.0,1.0,131.0
297000.0,6.8125,8.612951367265649E-7,297000.0,68.60000000000001,68.60000000000001,-665.8536585365846,68.60000000000001,297000.0,893224.0,143.0,24.0,-10.0,9.0,0.0,0.0,1.0,132.0
298000.0,6.859375,8.721269033331839E-7,298000.0,69.39999999999999,69.39999999999999,-727.0270270270264,69.39999999999999,298000.0,893224.0,143.0,24.0,-10.0,9.0,0.0,0.0,1.0,132.0
299000.0,6.875,8.757374922020568E-7,299000.0,64.1,64.1,-754.7619047619039,64.1,299000.0,893224.0,143.0,24.0,-10.0,9.0,0.0,0.0,1.0,132.0
300000.0,6.90625,8.829761322380768E-7,300000.0,70.3,70.3,-574.9999999999994,70.3,300000.0,895384.0,143.0,24.0,-10.0,9.0,0.0,0.0,1.0,132.0
301000.0,6.921875,8.865954522560868E-7,301000.0,66.5,66.5,-697.6190476190468,66.5,301000.0,895384.0,143.0,24.0,-10.0,9.0,0.0,0.0,1.0,132.0
302000.0,6.953125,8.938340922921067E-7,302000.0,71.8,71.8,-729.4117647058818,71.8,302000.0,895384.0,143.0,24.0,-10.0,9.0,0.0,0.0,1.0,132.0
303000.0,6.984375,9.010727323281267E-7,303000.0,71.3,71.3,-617.4999999999994,71.3,303000.0,895384.0,143.0,24.0,-10.0,9.0,0.0,0.0,1.0,132.0
304000.0,7.0,9.046920523461367E-7,304000.0,73.7,73.7,-511.6279069767437,73.7,304000.0,895384.0,143.0,24.0,-10.0,9.0,0.0,0.0,1.0,132.0
305000.0,7.015625,9.083113723641467E-7,305000.0,75.6,75.6,-430.4347826086952,75.6,305000.0,895384.0,143.0,24.0,-10.0,9.0,0.0,0.0,1.0,132.0
306000.0,7.046875,9.155849369967147E-7,306000.0,72.8,72.8,-394.5454545454541,72.38578680203045,306000.0,899704.0,143.0,24.0,-10.0,9.0,0.0,0.0,1.0,132.0
307000.0,7.078125,9.228759639275569E-7,307000.0,70.0,70.0,-391.80327868852424,69.57403651115618,307000.0,901864.0,143.0,24.0,-10.0,9.0,0.0,0.0,1.0,132.0
308000.0,7.09375,9.26521477392978E-7,308000.0,63.3,63.3,-605.7692307692301,62.47443762781187,308000.0,901864.0,143.0,24.0,-10.0,9.0,0.0,0.0,1.0,132.0
309000.0,7.109375,9.301669908583991E-7,309000.0,60.9,60.9,-749.9999999999993,60.10204081632653,309000.0,901864.0,143.0,24.0,-10.0,9.0,0.0,0.0,1.0,132.0
310000.0,7.109375,9.301669908583991E-7,310000.0,63.7,63.7,-672.3404255319142,62.95918367346939,310000.0,901864.0,143.0,24.0,-10.0,9.0,0.0,0.0,1.0,132.0
311000.0,7.171875,9.447009263870616E-7,311000.0,66.60000000000001,66.60000000000001,-676.7441860465109,65.63786008230453,311000.0,898888.0,145.0,25.0,-9.0,9.0,0.0,0.0,1.0,133.0
312000.0,7.203125,9.519438349848819E-7,312000.0,66.3,66.3,-648.8888888888882,64.89583333333333,312000.0,895912.0,147.0,26.0,-8.0,9.0,0.0,0.0,1.0,134.0
313000.0,7.21875,9.55565289283792E-7,313000.0,74.1,74.1,-502.3255813953483,73.16062176165804,313000.0,895912.0,147.0,26.0,-8.0,9.0,0.0,0.0,1.0,134.0
314000.0,7.234375,9.591954747318392E-7,314000.0,65.60000000000001,65.60000000000001,-647.826086956521,64.75409836065575,314000.0,898072.0,147.0,26.0,-8.0,9.0,0.0,0.0,1.0,134.0
315000.0,7.234375,9.591954747318392E-7,315000.0,69.69999999999999,69.69999999999999,-558.6956521739125,68.85919835560122,315000.0,932888.0,147.0,26.0,-8.0,9.0,0.0,0.0,1.0,134.0
316000.0,7.296875,9.7427914928024E-7,316000.0,67.9,67.9,-555.1020408163258,66.83884297520662,316000.0,932888.0,147.0,26.0,-8.0,9.0,0.0,0.0,1.0,134.0
317000.0,7.328125,9.821062687680952E-7,317000.0,75.7,75.7,-636.3636363636357,75.45454545454545,317000.0,968176.0,149.0,27.0,-7.0,9.0,0.0,0.0,1.0,135.0
318000.0,7.359375,9.899333882559503E-7,318000.0,67.5,67.5,-884.8484848484838,66.66666666666667,318000.0,968176.0,149.0,27.0,-7.0,9.0,0.0,0.0,1.0,135.0
319000.0,7.359375,9.899333882559503E-7,319000.0,71.8,71.8,-729.4117647058818,71.22448979591837,319000.0,968176.0,149.0,27.0,-7.0,9.0,0.0,0.0,1.0,135.0
320000.0,7.359375,9.899333882559503E-7,320000.0,62.0,62.0,-1125.806451612902,61.34282807731434,320000.0,931672.0,151.0,28.0,-6.0,9.0,0.0,0.0,1.0,136.0
321000.0,7.421875,1.0060813575465643E-6,321000.0,69.8,69.8,-1107.999999999999,69.34010152284263,321000.0,998712.0,151.0,28.0,-6.0,9.0,0.0,0.0,1.0,136.0
322000.0,7.4375,1.0101305734780096E-6,322000.0,64.2,64.2,-1134.4827586206884,63.244353182751546,322000.0,1001736.0,151.0,28.0,-6.0,9.0,0.0,0.0,1.0,136.0
323000.0,7.46875,1.0182290053409004E-6,323000.0,72.39999999999999,72.39999999999999,-885.7142857142849,71.89409368635438,323000.0,1001736.0,151.0,28.0,-6.0,9.0,0.0,0.0,1.0,136.0
324000.0,7.484375,1.02228012919012E-6,324000.0,60.199999999999996,60.199999999999996,-870.7317073170724,58.62785862785862,324000.0,1002208.0,153.0,29.0,-5.0,9.0,0.0,0.0,1.0,137.0
325000.0,7.515625,1.0306882904842492E-6,325000.0,72.3,72.3,-691.4285714285709,71.64790174002047,325000.0,1040048.0,153.0,29.0,-5.0,9.0,0.0,0.0,1.0,137.0
326000.0,7.546875,1.0390964517783783E-6,326000.0,63.5,63.5,-769.0476190476182,62.67893660531697,326000.0,1040048.0,153.0,29.0,-5.0,9.0,0.0,0.0,1.0,137.0
327000.0,7.578125,1.0477898952861623E-6,327000.0,68.4,68.4,-602.2222222222215,66.87631027253668,327000.0,1075336.0,155.0,30.0,-4.0,9.0,0.0,0.0,1.0,138.0
328000.0,7.609375,1.0565008010922203E-6,328000.0,65.8,65.8,-643.4782608695646,64.99488229273285,328000.0,1077496.0,155.0,30.0,-4.0,9.0,0.0,0.0,1.0,138.0
329000.0,7.625,1.0608649851443863E-6,329000.0,67.7,67.7,-487.2727272727267,66.10703043022036,329000.0,1079656.0,155.0,30.0,-4.0,9.0,0.0,0.0,1.0,138.0
330000.0,7.640625,1.0652291691965523E-6,330000.0,74.6,74.6,-490.6976744186041,74.1869918699187,330000.0,1079656.0,155.0,30.0,-4.0,9.0,0.0,0.0,1.0,138.0
331000.0,7.671875,1.0739820491936468E-6,331000.0,64.9,64.9,-601.9999999999993,63.58921161825726,331000.0,1082688.0,155.0,30.0,-4.0,9.0,0.0,0.0,1.0,138.0
332000.0,7.703125,1.0827594410835037E-6,332000.0,67.9,67.9,-582.9787234042545,67.24489795918367,332000.0,1085720.0,155.0,30.0,-4.0,9.0,0.0,0.0,1.0,138.0
333000.0,7.71875,1.087148137028432E-6,333000.0,62.7,62.7,-677.0833333333327,62.05493387589013,333000.0,1085720.0,155.0,30.0,-4.0,9.0,0.0,0.0,1.0,138.0
334000.0,7.75,1.095925528918289E-6,334000.0,61.5,61.5,-654.9019607843131,60.39094650205761,334000.0,1085720.0,155.0,30.0,-4.0,9.0,0.0,0.0,1.0,138.0
335000.0,7.78125,1.1047274973760872E-6,335000.0,68.5,68.5,-668.2926829268284,67.95523906408953,335000.0,1088760.0,155.0,30.0,-4.0,9.0,0.0,0.0,1.0,138.0
336000.0,7.8125,1.1135294658338854E-6,336000.0,57.699999999999996,57.699999999999996,-819.5652173913036,56.61538461538461,336000.0,1088760.0,155.0,30.0,-4.0,9.0,0.0,0.0,1.0,138.0
337000.0,7.828125,1.1179304500627845E-6,337000.0,66.4,66.4,-599.9999999999993,66.06060606060606,337000.0,1088760.0,155.0,30.0,-4.0,9.0,0.0,0.0,1.0,138.0
338000.0,7.859375,1.1267324185205827E-6,338000.0,61.8,61.8,-607.4074074074068,61.257606490872206,338000.0,1088760.0,155.0,30.0,-4.0,9.0,0.0,0.0,1.0,138.0
339000.0,7.875,1.1311456586958629E-6,339000.0,64.0,64.0,-665.95744680851,63.81909547738693,339000.0,1091792.0,155.0,30.0,-4.0,9.0,0.0,0.0,1.0,138.0
340000.0,7.921875,1.1447872061075431E-6,340000.0,60.3,60.3,-782.2222222222215,60.02014098690835,340000.0,1124928.0,157.0,31.0,-3.0,9.0,0.0,0.0,1.0,139.0
341000.0,7.9375,1.1493431197272402E-6,341000.0,66.9,66.88211634282513,-604.2553191489355,66.22448979591837,341000.0,1127088.0,157.0,31.0,-3.0,9.0,0.0,0.0,1.0,139.0
342000.0,7.9375,1.1493431197272402E-6,342000.0,67.30000000000001,67.29568303015998,-595.7446808510631,67.16867469879519,342000.0,1127088.0,157.0,31.0,-3.0,9.0,0.0,0.0,1.0,139.0
343000.0,8.0,1.166976548524366E-6,343000.0,69.1,69.08052072805867,-602.2727272727268,68.78787878787878,343000.0,1090584.0,159.0,32.0,-2.0,9.0,0.0,0.0,1.0,140.0
344000.0,8.015625,1.1715256389127004E-6,344000.0,67.9,67.84743054894753,-646.511627906976,67.41116751269035,344000.0,1125400.0,159.0,32.0,-2.0,9.0,0.0,0.0,1.0,140.0
345000.0,8.0625,1.1851729100777037E-6,345000.0,72.0,71.96054849172786,-495.7446808510634,71.3993871297242,345000.0,1125400.0,159.0,32.0,-2.0,9.0,0.0,0.0,1.0,140.0
346000.0,8.078125,1.1897220004660382E-6,346000.0,66.5,66.34684448927068,-498.21428571428515,65.2128764278297,346000.0,1125400.0,159.0,32.0,-2.0,9.0,0.0,0.0,1.0,140.0
347000.0,8.125,1.2033068924210959E-6,347000.0,71.1,71.01426018161722,-455.7692307692303,70.23686920700308,347000.0,1120256.0,161.0,33.0,-1.0,9.0,0.0,0.0,1.0,141.0
348000.0,8.15625,1.2123634870578011E-6,348000.0,75.0,74.95002530047444,-420.83333333333286,74.46373850868233,348000.0,1120256.0,161.0,33.0,-1.0,9.0,0.0,0.0,1.0,141.0
349000.0,8.1875,1.2214200816945064E-6,349000.0,69.0,68.8739394547919,-620.9302325581391,68.04123711340205,349000.0,1120256.0,161.0,33.0,-1.0,9.0,0.0,0.0,1.0,141.0
350000.0,8.1875,1.2214200816945064E-6,350000.0,65.2,65.06578273727662,-656.5217391304341,63.975155279503106,350000.0,1117720.0,163.0,34.0,0.0,10.0,0.0,0.0,1.0,142.0
351000.0,8.25,1.240639733926703E-6,351000.0,77.10000000000001,77.08496773883667,-518.9189189189183,76.72764227642277,351000.0,1188688.0,165.0,35.0,1.0,10.0,0.0,0.0,1.0,143.0
352000.0,8.28125,1.2502495600428013E-6,352000.0,70.5,70.44325104200063,-656.4102564102559,69.52479338842976,352000.0,1188688.0,165.0,35.0,1.0,10.0,0.0,0.0,1.0,143.0
353000.0,8.3125,1.2601408525370057E-6,353000.0,65.4,65.31947181355106,-686.3636363636356,63.84535005224661,353000.0,1223504.0,165.0,35.0,1.0,10.0,0.0,0.0,1.0,143.0
354000.0,8.328125,1.2650864987841078E-6,354000.0,70.1,70.07309571304603,-611.9047619047615,69.14344685242517,354000.0,1223504.0,165.0,35.0,1.0,10.0,0.0,0.0,1.0,143.0
355000.0,8.390625,1.2848690837725164E-6,355000.0,62.9,62.824347547258675,-689.3617021276589,61.47455867082036,355000.0,1223504.0,165.0,35.0,1.0,10.0,0.0,0.0,1.0,143.0
356000.0,8.421875,1.2949875801698197E-6,356000.0,79.10000000000001,79.09642548875858,-620.689655172413,78.69520897043833,356000.0,1251608.0,171.0,38.0,4.0,10.0,0.0,0.0,1.0,146.0
357000.0,8.4375,1.3006764412340186E-6,357000.0,91.7,91.69976759349262,-151.5151515151512,91.64149043303122,357000.0,1407368.0,175.0,40.0,6.0,10.0,0.0,0.0,1.0,148.0
358000.0,8.484375,1.31822867034417E-6,358000.0,91.60000000000001,91.60000000000001,-121.05263157894709,91.51515151515152,358000.0,1447416.0,177.0,41.0,7.0,10.0,0.0,0.0,1.0,149.0
359000.0,8.546875,1.3365959037198782E-6,359000.0,85.7,85.69828379405529,-232.55813953488348,85.55555555555556,359000.0,1135968.0,170.0,33.0,-2.0,10.0,0.0,0.0,1.0,150.0
360000.0,8.59375,1.3507788793908218E-6,360000.0,81.5,81.49700251440733,-330.2325581395346,80.98663926002055,360000.0,1169576.0,172.0,34.0,-1.0,10.0,0.0,0.0,1.0,151.0
361000.0,8.609375,1.3557847058917907E-6,361000.0,88.3,88.3,-207.89473684210495,88.14589665653494,361000.0,1238392.0,174.0,35.0,-1.0,10.0,0.0,0.0,1.0,152.0
362000.0,8.6875,1.3815621302152667E-6,362000.0,90.5,90.5,-227.58620689655135,90.41372351160445,362000.0,1275416.0,176.0,36.0,0.0,10.0,0.0,0.0,1.0,153.0
363000.0,8.71875,1.39195704832673E-6,363000.0,90.8,90.79939275992216,-170.58823529411734,90.59304703476482,363000.0,1285800.0,176.0,36.0,0.0,10.0,0.0,0.0,1.0,153.0
364000.0,8.75,1.402651347840825E-6,364000.0,91.0,90.99918992709344,-172.7272727272724,90.83503054989816,364000.0,1322832.0,178.0,37.0,1.0,10.0,0.0,0.0,1.0,154.0
365000.0,8.75,1.402651347840825E-6,365000.0,88.8,88.79938396611814,-173.1707317073168,88.67542972699697,365000.0,1322832.0,178.0,37.0,1.0,10.0,0.0,0.0,1.0,154.0
366000.0,8.828125,1.4301706364171365E-6,366000.0,89.2,89.2,-169.99999999999972,89.06882591093117,366000.0,1361600.0,180.0,38.0,2.0,10.0,0.0,0.0,1.0,155.0
367000.0,8.859375,1.4412274403083648E-6,367000.0,82.6,82.6,-278.26086956521715,82.3170731707317,367000.0,1367672.0,180.0,38.0,2.0,10.0,0.0,0.0,1.0,155.0
368000.0,8.890625,1.4523086914171768E-6,368000.0,77.4,77.4,-479.48717948717893,77.10233029381965,368000.0,1370696.0,180.0,38.0,2.0,10.0,0.0,0.0,1.0,155.0
369000.0,8.921875,1.4633899425259888E-6,369000.0,76.1,76.1,-431.11111111111063,75.80971659919028,369000.0,1370696.0,180.0,38.0,2.0,10.0,0.0,0.0,1.0,155.0
370000.0,8.96875,1.4800118191892068E-6,370000.0,78.2,78.2,-335.99999999999955,77.64102564102564,370000.0,1370696.0,180.0,38.0,2.0,10.0,0.0,0.0,1.0,155.0
371000.0,9.0,1.4911279948945669E-6,371000.0,80.4,80.4,-237.93103448275824,79.97957099080695,371000.0,1375016.0,180.0,38.0,2.0,10.0,0.0,0.0,1.0,155.0
372000.0,9.015625,1.4966860827472469E-6,372000.0,79.0,79.0,-296.22641509433925,78.46153846153847,372000.0,1375016.0,180.0,38.0,2.0,10.0,0.0,0.0,1.0,155.0
373000.0,9.0625,1.513250139800624E-6,373000.0,77.9,77.9,-360.41666666666623,77.37973387922212,373000.0,1365928.0,180.0,38.0,1.0,10.0,0.0,0.0,1.0,155.0
374000.0,9.109375,1.530268604660199E-6,374000.0,80.80000000000001,80.80000000000001,-276.4705882352937,80.42813455657493,374000.0,1403400.0,182.0,39.0,2.0,10.0,0.0,0.0,1.0,156.0
375000.0,9.15625,1.5482274142818311E-6,375000.0,83.7,83.6961849072683,-297.5609756097558,83.40122199592668,375000.0,1480944.0,186.0,41.0,4.0,10.0,0.0,0.0,1.0,158.0
376000.0,9.15625,1.5482274142818311E-6,376000.0,84.0,83.99399774915594,-201.88679245282998,83.58974358974358,376000.0,1519736.0,188.0,42.0,5.0,10.0,0.0,0.0,1.0,159.0
377000.0,9.25,1.5806157090183754E-6,377000.0,83.89999999999999,83.89946868246652,-347.22222222222194,83.72093023255813,377000.0,1335424.0,185.0,37.0,-1.0,10.0,0.0,0.0,1.0,161.0
378000.0,9.296875,1.5968622432814697E-6,378000.0,83.6,83.59675215692707,-256.5217391304345,83.29938900203666,378000.0,1339744.0,185.0,37.0,-1.0,10.0,0.0,0.0,1.0,161.0
379000.0,9.3125,1.6022864858516382E-6,379000.0,88.1,88.09798856006665,-283.87096774193515,87.94326241134752,379000.0,1341904.0,185.0,37.0,-1.0,10.0,0.0,0.0,1.0,161.0
380000.0,9.34375,1.613134970991975E-6,380000.0,83.5,83.48946627948631,-302.4390243902436,83.12883435582822,380000.0,1341904.0,185.0,37.0,-1.0,10.0,0.0,0.0,1.0,161.0
381000.0,9.390625,1.6298462934274634E-6,381000.0,88.0,87.99765954361101,-299.99999999999966,87.84194528875379,381000.0,1378072.0,187.0,38.0,0.0,10.0,0.0,0.0,1.0,162.0
382000.0,9.421875,1.6409871750511223E-6,382000.0,85.3,85.29086562755471,-297.297297297297,84.95394063459571,382000.0,1378072.0,187.0,38.0,0.0,10.0,0.0,0.0,1.0,162.0
383000.0,9.453125,1.6527094865321279E-6,383000.0,85.39999999999999,85.39810175322792,-421.428571428571,85.25252525252525,383000.0,1449992.0,191.0,40.0,2.0,10.0,0.0,0.0,1.0,164.0
384000.0,9.484375,1.664470344419694E-6,384000.0,87.0,86.99024268201151,-202.32558139534856,86.66666666666667,384000.0,1454760.0,191.0,40.0,2.0,10.0,0.0,0.0,1.0,164.0
385000.0,9.53125,1.6826080455858667E-6,385000.0,88.9,88.89697997855417,-226.4705882352938,88.71951219512195,385000.0,1495696.0,193.0,41.0,3.0,10.0,0.0,0.0,1.0,165.0
386000.0,9.546875,1.688671408272865E-6,386000.0,87.9,87.88251446837788,-188.09523809523782,87.43509865005193,386000.0,1500016.0,193.0,41.0,3.0,10.0,0.0,0.0,1.0,165.0
387000.0,9.59375,1.70686149633386E-6,387000.0,86.9,86.89339427071245,-263.8888888888886,86.57786885245902,387000.0,1500016.0,193.0,41.0,3.0,10.0,0.0,0.0,1.0,165.0
388000.0,9.65625,1.7311149470818532E-6,388000.0,81.2,81.17871312454386,-408.10810810810756,80.63851699279094,388000.0,1500016.0,193.0,41.0,3.0,10.0,0.0,0.0,1.0,165.0
389000.0,9.703125,1.7492896101127061E-6,389000.0,78.7,78.68780942699225,-526.4705882352935,78.13141683778234,389000.0,1498744.0,194.0,41.0,2.0,10.0,0.0,0.0,1.0,166.0
390000.0,9.734375,1.7617194680497044E-6,390000.0,76.9,76.89445466912059,-541.6666666666661,76.5482233502538,390000.0,1537512.0,196.0,42.0,3.0,10.0,0.0,0.0,1.0,167.0
391000.0,9.78125,1.7799039293701444E-6,391000.0,83.6,83.59069592458924,-290.4761904761902,83.14491264131551,391000.0,1499552.0,196.0,41.0,1.0,10.0,0.0,0.0,1.0,168.0
392000.0,9.8125,1.7923474337698678E-6,392000.0,79.10000000000001,79.09811883069476,-326.5306122448975,78.9738430583501,392000.0,1539200.0,198.0,42.0,2.0,10.0,0.0,0.0,1.0,169.0
393000.0,9.859375,1.811435957077062E-6,393000.0,84.89999999999999,84.89800653686285,-268.292682926829,84.73205257836199,393000.0,1574104.0,200.0,43.0,3.0,10.0,0.0,0.0,1.0,170.0
394000.0,9.890625,1.8242281253656572E-6,394000.0,84.89999999999999,84.8994563804297,-259.5238095238093,84.80885311871226,394000.0,1582328.0,200.0,43.0,3.0,10.0,0.0,0.0,1.0,170.0
395000.0,9.953125,1.8478615998497433E-6,395000.0,81.69999999999999,81.698243031331,-335.71428571428544,81.47773279352226,395000.0,1461672.0,199.0,40.0,-1.0,10.0,0.0,0.0,1.0,172.0
396000.0,9.953125,1.8478615998497433E-6,396000.0,82.69999999999999,82.69927336948152,-367.56756756756727,82.57804632426988,396000.0,1536200.0,203.0,42.0,1.0,10.0,0.0,0.0,1.0,174.0
397000.0,10.046875,1.8833758400028772E-6,397000.0,84.5,84.49441799047656,-244.4444444444442,84.21588594704684,397000.0,1464312.0,204.0,41.0,-1.0,10.0,0.0,0.0,1.0,176.0
398000.0,10.09375,1.9021146322807498E-6,398000.0,82.5,82.49672688792803,-316.6666666666664,82.19735503560528,398000.0,1545264.0,206.0,42.0,0.0,10.0,0.0,0.0,1.0,177.0
399000.0,10.109375,1.90848271207263E-6,399000.0,89.3,89.29235474128528,-127.65957446808487,88.92339544513457,399000.0,1575400.0,208.0,43.0,1.0,10.0,0.0,0.0,1.0,178.0
400000.0,10.140625,1.921236333954665E-6,400000.0,84.6,84.59661125447599,-242.22222222222197,84.28571428571429,400000.0,1577560.0,208.0,43.0,1.0,10.0,0.0,0.0,1.0,178.0
401000.0,10.1875,1.940366766777717E-6,401000.0,86.0,85.99285635674194,-249.99999999999974,85.56701030927834,401000.0,1577560.0,208.0,43.0,1.0,10.0,0.0,0.0,1.0,178.0
402000.0,10.203125,1.946740440972563E-6,402000.0,86.0,85.98093407033566,-174.50980392156842,85.41666666666666,402000.0,1576784.0,212.0,45.0,3.0,10.0,0.0,0.0,1.0,180.0
403000.0,10.265625,1.9722700623484945E-6,403000.0,85.6,85.56037767634389,-152.63157894736824,84.85804416403785,403000.0,1578944.0,212.0,45.0,3.0,10.0,0.0,0.0,1.0,180.0
404000.0,10.296875,1.9850838321468065E-6,404000.0,85.1,85.07178567492561,-129.23076923076945,84.55958549222797,404000.0,1585000.0,212.0,45.0,3.0,10.0,0.0,0.0,1.0,180.0
405000.0,10.328125,1.997922049162702E-6,405000.0,81.39999999999999,81.30012396208147,-271.9999999999998,80.44164037854888,405000.0,1588024.0,212.0,45.0,3.0,10.0,0.0,0.0,1.0,180.0
406000.0,10.359375,2.01111209915123E-6,406000.0,88.8,88.78556702476087,-133.33333333333312,88.41778697001034,406000.0,1631544.0,214.0,46.0,4.0,10.0,0.0,0.0,1.0,181.0
407000.0,10.375,2.017386723309755E-6,407000.0,84.7,84.66810966810966,-212.24489795918348,83.86075949367088,407000.0,1552280.0,214.0,44.0,1.0,10.0,0.0,0.0,1.0,183.0
408000.0,10.453125,2.050247534902559E-6,408000.0,86.7,86.69308040180894,-241.02564102564074,86.34496919917865,408000.0,1625888.0,216.0,45.0,2.0,10.0,0.0,0.0,1.0,184.0
409000.0,10.484375,2.063426784136229E-6,409000.0,81.3,81.26785564027871,-392.1052631578944,80.43933054393305,409000.0,1630208.0,216.0,45.0,2.0,10.0,0.0,0.0,1.0,184.0
410000.0,10.53125,2.083676550278647E-6,410000.0,88.5,88.49562833876873,-161.36363636363612,88.26530612244898,410000.0,1669864.0,218.0,46.0,3.0,11.0,0.0,0.0,1.0,185.0
411000.0,10.5625,2.095559773604489E-6,411000.0,87.4,87.3987398739874,-193.02325581395323,87.14285714285714,411000.0,1469896.0,214.0,41.0,-3.0,10.0,0.0,0.0,1.0,186.0
412000.0,10.609375,2.113938939550684E-6,412000.0,86.6,86.5879291362226,-226.82926829268263,85.96858638743456,412000.0,1515608.0,216.0,42.0,-2.0,10.0,0.0,0.0,1.0,187.0
413000.0,10.640625,2.1261917168481477E-6,413000.0,88.8,88.79354508196722,-249.99999999999966,88.38174273858921,413000.0,1515608.0,216.0,42.0,-2.0,10.0,0.0,0.0,1.0,187.0
414000.0,10.671875,2.1384444941456113E-6,414000.0,89.5,89.48597428970247,-218.18181818181785,88.9937106918239,414000.0,1515608.0,216.0,42.0,-2.0,10.0,0.0,0.0,1.0,187.0
415000.0,10.703125,2.1506246412172908E-6,415000.0,85.9,85.89585338089398,-340.62499999999966,85.59754851889683,415000.0,1506624.0,218.0,43.0,-1.0,10.0,0.0,0.0,1.0,188.0
416000.0,10.75,2.1698506316170092E-6,416000.0,88.5,88.49806767536947,-248.48484848484813,88.25331971399387,416000.0,1585440.0,222.0,45.0,1.0,10.0,0.0,0.0,1.0,190.0
417000.0,10.78125,2.1830087967423924E-6,417000.0,91.7,91.69887104646233,-151.5151515151512,91.63306451612904,417000.0,1627600.0,222.0,45.0,1.0,10.0,0.0,0.0,1.0,190.0
418000.0,10.8125,2.19618442416605E-6,418000.0,86.2,86.18812178473488,-253.84615384615356,85.91836734693878,418000.0,1629760.0,222.0,45.0,1.0,10.0,0.0,0.0,1.0,190.0
419000.0,10.875,2.2230921442516974E-6,419000.0,87.9,87.89680475645571,-278.12499999999966,87.76541961577351,419000.0,1664176.0,224.0,46.0,2.0,10.0,0.0,0.0,1.0,191.0
420000.0,10.90625,2.2365705161872833E-6,420000.0,85.8,85.78703777845395,-254.99999999999972,85.45081967213115,420000.0,1667208.0,224.0,46.0,2.0,10.0,0.0,0.0,1.0,191.0
421000.0,10.9375,2.2500488881228693E-6,421000.0,84.1,84.09282586446487,-381.8181818181815,83.9231547017189,421000.0,1667208.0,224.0,46.0,2.0,10.0,0.0,0.0,1.0,191.0
422000.0,10.9375,2.2500488881228693E-6,422000.0,83.39999999999999,83.39508494514376,-453.333333333333,83.26612903225806,422000.0,1667208.0,224.0,46.0,2.0,10.0,0.0,0.0,1.0,191.0
423000.0,11.015625,2.2844319917365076E-6,423000.0,87.6,87.5992931597101,-313.333333333333,87.56268806419257,423000.0,1701208.0,226.0,47.0,3.0,10.0,0.0,0.0,1.0,192.0
424000.0,11.0625,2.3058814177703524E-6,424000.0,90.9,90.89954497724887,-152.7777777777775,90.85427135678393,424000.0,1768792.0,232.0,50.0,6.0,10.0,0.0,0.0,1.0,195.0
425000.0,11.0625,2.3058814177703524E-6,425000.0,90.9,90.89715991389313,-106.81818181818157,90.78947368421053,425000.0,1813120.0,232.0,50.0,6.0,10.0,0.0,0.0,1.0,195.0
426000.0,11.109375,2.3278683915527326E-6,426000.0,91.9,91.89724506332153,-102.49999999999973,91.75991861648016,426000.0,1813120.0,232.0,50.0,6.0,10.0,0.0,0.0,1.0,195.0
427000.0,11.15625,2.347992526160346E-6,427000.0,89.3,89.29511857406978,-256.6666666666663,89.0927624872579,427000.0,1659504.0,232.0,47.0,2.0,10.0,0.0,0.0,1.0,198.0
428000.0,11.203125,2.368987738413529E-6,428000.0,93.4,93.39661906896332,-106.24999999999964,93.29268292682927,428000.0,1731336.0,234.0,48.0,3.0,10.0,0.0,0.0,1.0,199.0
429000.0,11.234375,2.3829845465823177E-6,429000.0,92.7,92.69776551624798,-128.12499999999966,92.63370332996973,429000.0,1731336.0,234.0,48.0,3.0,10.0,0.0,0.0,1.0,199.0
430000.0,11.265625,2.3972806068033803E-6,430000.0,91.5,91.49801053446507,-286.36363636363586,91.44869215291752,430000.0,1768352.0,236.0,49.0,4.0,10.0,0.0,0.0,1.0,200.0
431000.0,11.3125,2.4187246971349746E-6,431000.0,92.7,92.69836443363315,-264.99999999999943,92.64853977844915,431000.0,1768352.0,236.0,49.0,4.0,10.0,0.0,0.0,1.0,200.0
432000.0,11.34375,2.433285214162121E-6,432000.0,92.5,92.49969998799953,-134.37499999999966,92.46231155778895,432000.0,1801064.0,238.0,50.0,5.0,10.0,0.0,0.0,1.0,201.0
433000.0,11.375,2.4484162956165765E-6,433000.0,88.9,88.9,-258.0645161290319,88.82175226586104,433000.0,1871640.0,242.0,52.0,7.0,11.0,0.0,0.0,1.0,203.0
434000.0,11.4375,2.4787133831220363E-6,434000.0,88.8,88.8,-249.99999999999966,88.8,434000.0,1873800.0,242.0,52.0,7.0,11.0,0.0,0.0,1.0,203.0
435000.0,11.46875,2.493861926874766E-6,435000.0,82.69999999999999,82.69999999999999,-458.0645161290319,82.69999999999999,435000.0,1873800.0,242.0,52.0,7.0,11.0,0.0,0.0,1.0,203.0
436000.0,11.5,2.509010470627496E-6,436000.0,83.39999999999999,83.39999999999999,-472.41379310344786,83.39999999999999,436000.0,1873800.0,242.0,52.0,7.0,11.0,0.0,0.0,1.0,203.0
437000.0,11.5625,2.539342482729504E-6,437000.0,87.9,87.9,-303.333333333333,87.9,437000.0,1875960.0,242.0,52.0,7.0,11.0,0.0,0.0,1.0,203.0
438000.0,11.59375,2.554508488780508E-6,438000.0,87.4,87.4,-319.9999999999996,87.4,438000.0,1875960.0,242.0,52.0,7.0,11.0,0.0,0.0,1.0,203.0
439000.0,11.625,2.569674494831512E-6,439000.0,85.3,85.3,-359.37499999999966,85.3,439000.0,1875960.0,242.0,52.0,7.0,11.0,0.0,0.0,1.0,203.0
440000.0,11.6875,2.599986198927379E-6,440000.0,85.2,85.2,-311.1111111111108,85.2,440000.0,1874704.0,244.0,53.0,8.0,11.0,0.0,0.0,1.0,204.0
441000.0,11.734375,2.6231945634612603E-6,441000.0,83.8,83.8,-223.9999999999998,83.8,441000.0,1913840.0,244.0,53.0,8.0,11.0,0.0,0.0,1.0,204.0
442000.0,11.765625,2.6389695509957765E-6,442000.0,78.8,78.8,-606.666666666666,78.8,442000.0,1951288.0,246.0,54.0,9.0,11.0,0.0,0.0,1.0,205.0
443000.0,11.796875,2.650083657095415E-6,443000.0,86.1,86.1,-363.333333333333,86.1,443000.0,1374760.0,235.0,41.0,-5.0,10.0,0.0,0.0,1.0,207.0
444000.0,11.84375,2.667620655200961E-6,444000.0,87.3,87.3,-353.57142857142816,87.3,444000.0,1446160.0,237.0,42.0,-4.0,10.0,0.0,0.0,1.0,208.0
445000.0,11.84375,2.667620655200961E-6,445000.0,88.1,88.1,-271.87499999999966,88.1,445000.0,1443568.0,238.0,42.0,-5.0,10.0,0.0,0.0,1.0,209.0
446000.0,11.875,2.679308818187564E-6,446000.0,89.9,89.9,-215.62499999999966,89.9,446000.0,1445768.0,240.0,43.0,-4.0,10.0,0.0,0.0,1.0,210.0
447000.0,11.90625,2.6913448689608933E-6,447000.0,88.3,88.3,-277.4193548387093,88.3,447000.0,1488800.0,240.0,43.0,-4.0,10.0,0.0,0.0,1.0,210.0
448000.0,11.953125,2.709435906985567E-6,448000.0,83.1,83.1,-322.4999999999997,83.1,448000.0,1491848.0,240.0,43.0,-4.0,10.0,0.0,0.0,1.0,210.0
449000.0,11.984375,2.7214231279989077E-6,449000.0,91.0,91.0,-190.3225806451609,91.0,449000.0,1482760.0,241.0,43.0,-5.0,10.0,0.0,0.0,1.0,211.0
450000.0,12.015625,2.7334103490122482E-6,450000.0,91.7,91.7,-219.2307692307688,91.7,450000.0,1482760.0,241.0,43.0,-5.0,10.0,0.0,0.0,1.0,211.0
451000.0,12.0625,2.7518290961678647E-6,451000.0,89.9,89.9,-215.62499999999966,89.9,451000.0,1518872.0,241.0,43.0,-5.0,10.0,0.0,0.0,1.0,211.0
452000.0,12.078125,2.757980902161862E-6,452000.0,88.5,88.5,-283.333333333333,88.5,452000.0,1521896.0,241.0,43.0,-5.0,10.0,0.0,0.0,1.0,211.0
453000.0,12.125,2.776874914868837E-6,453000.0,89.4,89.4,-253.33333333333297,89.4,453000.0,1558064.0,243.0,44.0,-4.0,10.0,0.0,0.0,1.0,212.0
454000.0,12.1875,2.802101856408019E-6,454000.0,88.9,88.9,-236.36363636363603,88.9,454000.0,1560224.0,243.0,44.0,-4.0,10.0,0.0,0.0,1.0,212.0
455000.0,12.21875,2.81471532717761E-6,455000.0,87.1,87.1,-268.5714285714282,87.1,455000.0,1560224.0,243.0,44.0,-4.0,10.0,0.0,0.0,1.0,212.0
456000.0,12.234375,2.8210220625624053E-6,456000.0,87.0,87.0,-261.1111111111108,87.0,456000.0,1560224.0,243.0,44.0,-4.0,10.0,0.0,0.0,1.0,212.0
457000.0,12.28125,2.8399684621642025E-6,457000.0,85.0,85.0,-294.7368421052629,85.0,457000.0,1562384.0,243.0,44.0,-4.0,10.0,0.0,0.0,1.0,212.0
458000.0,12.328125,2.8589148617659997E-6,458000.0,86.5,86.5,-264.86486486486456,86.5,458000.0,1562384.0,243.0,44.0,-4.0,10.0,0.0,0.0,1.0,212.0
459000.0,12.34375,2.865239059449069E-6,459000.0,86.5,86.5,-264.86486486486456,86.5,459000.0,1564544.0,243.0,44.0,-4.0,10.0,0.0,0.0,1.0,212.0
460000.0,12.40625,2.8905848739668716E-6,460000.0,84.6,84.6,-449.99999999999966,84.6,460000.0,1567576.0,243.0,44.0,-4.0,10.0,0.0,0.0,1.0,212.0
461000.0,12.453125,2.9095942348552234E-6,461000.0,82.69999999999999,82.69999999999999,-458.0645161290319,82.69999999999999,461000.0,1567576.0,243.0,44.0,-4.0,10.0,0.0,0.0,1.0,212.0
462000.0,12.484375,2.9222744504093285E-6,462000.0,82.19999999999999,82.19999999999999,-474.1935483870964,82.19999999999999,462000.0,1568480.0,245.0,45.0,-3.0,10.0,0.0,0.0,1.0,213.0
463000.0,12.5,2.928614558186381E-6,463000.0,87.2,87.2,-265.7142857142854,87.2,463000.0,1568480.0,245.0,45.0,-3.0,10.0,0.0,0.0,1.0,213.0
464000.0,12.546875,2.948057081084697E-6,464000.0,80.60000000000001,80.60000000000001,-470.58823529411694,80.60000000000001,464000.0,1603296.0,245.0,45.0,-3.0,10.0,0.0,0.0,1.0,213.0
465000.0,12.578125,2.961318015069182E-6,465000.0,75.3,75.3,-517.4999999999994,75.3,465000.0,1640312.0,247.0,46.0,-2.0,10.0,0.0,0.0,1.0,214.0
466000.0,12.609375,2.974860415431773E-6,466000.0,72.1,72.1,-674.9999999999994,72.1,466000.0,1675128.0,247.0,46.0,-2.0,10.0,0.0,0.0,1.0,214.0
467000.0,12.65625,2.9952002094230705E-6,467000.0,75.3,75.3,-605.7142857142851,75.3,467000.0,1677288.0,247.0,46.0,-2.0,10.0,0.0,0.0,1.0,214.0
468000.0,12.6875,3.0087600720839354E-6,468000.0,78.9,78.9,-368.8888888888884,78.9,468000.0,1677288.0,247.0,46.0,-2.0,10.0,0.0,0.0,1.0,214.0
469000.0,12.71875,3.0223199347448003E-6,469000.0,80.10000000000001,80.10000000000001,-362.7906976744181,80.10000000000001,469000.0,1677288.0,247.0,46.0,-2.0,10.0,0.0,0.0,1.0,214.0
470000.0,12.765625,3.0426597287360976E-6,470000.0,78.8,78.8,-371.11111111111063,78.8,470000.0,1677288.0,247.0,46.0,-2.0,10.0,0.0,0.0,1.0,214.0
471000.0,12.796875,3.0562195913969625E-6,471000.0,76.3,76.3,-355.7692307692304,76.3,471000.0,1677288.0,247.0,46.0,-2.0,10.0,0.0,0.0,1.0,214.0
472000.0,12.84375,3.07655938538826E-6,472000.0,69.89999999999999,69.89999999999999,-393.4426229508193,69.89999999999999,472000.0,1677288.0,247.0,46.0,-2.0,10.0,0.0,0.0,1.0,214.0
473000.0,12.84375,3.07655938538826E-6,473000.0,64.9,64.9,-515.78947368421,64.9,473000.0,1714264.0,247.0,46.0,-2.0,10.0,0.0,0.0,1.0,214.0
474000.0,12.921875,3.1119111614922663E-6,474000.0,69.19999999999999,69.19999999999999,-541.6666666666662,69.19999999999999,474000.0,1749136.0,249.0,47.0,-1.0,10.0,0.0,0.0,1.0,215.0
475000.0,12.96875,3.1331700544493873E-6,475000.0,77.2,77.2,-338.461538461538,77.2,475000.0,1753080.0,251.0,48.0,0.0,10.0,0.0,0.0,1.0,216.0
476000.0,12.96875,3.1331700544493873E-6,476000.0,75.7,75.7,-367.30769230769187,75.7,476000.0,1781472.0,253.0,49.0,1.0,10.0,0.0,0.0,1.0,217.0
477000.0,13.046875,3.1691672888377452E-6,477000.0,72.2,72.2,-434.61538461538424,72.2,477000.0,1781072.0,255.0,50.0,2.0,10.0,0.0,0.0,1.0,218.0
478000.0,13.09375,3.1912768867591165E-6,478000.0,76.5,76.5,-351.9230769230765,76.5,478000.0,1823232.0,255.0,50.0,2.0,10.0,0.0,0.0,1.0,218.0
479000.0,13.09375,3.1912768867591165E-6,479000.0,65.9,65.9,-508.9285714285708,65.9,479000.0,1826256.0,255.0,50.0,2.0,10.0,0.0,0.0,1.0,218.0
480000.0,13.171875,3.228135594528994E-6,480000.0,73.0,73.0,-439.9999999999996,73.0,480000.0,1823696.0,257.0,51.0,3.0,10.0,0.0,0.0,1.0,219.0
481000.0,13.21875,3.2511480902839016E-6,481000.0,72.2,72.2,-612.8205128205122,72.2,481000.0,1897688.0,259.0,52.0,4.0,10.0,0.0,0.0,1.0,220.0
482000.0,13.265625,3.2741505937236856E-6,482000.0,73.1,73.1,-556.0975609756092,73.1,482000.0,1896864.0,261.0,53.0,5.0,10.0,0.0,0.0,1.0,221.0
483000.0,13.296875,3.2894614075000064E-6,483000.0,88.2,88.2,-257.5757575757573,88.2,483000.0,1893872.0,263.0,54.0,6.0,10.0,0.0,0.0,1.0,222.0
484000.0,13.34375,3.3124276281644875E-6,484000.0,89.8,89.8,-239.99999999999963,89.8,484000.0,1893872.0,263.0,54.0,6.0,10.0,0.0,0.0,1.0,222.0
485000.0,13.34375,3.3124276281644875E-6,485000.0,84.2,84.2,-485.18518518518476,84.2,485000.0,1893872.0,263.0,54.0,6.0,10.0,0.0,0.0,1.0,222.0
486000.0,13.421875,3.35070466260529E-6,486000.0,80.2,80.2,-582.7586206896544,80.2,486000.0,1893872.0,263.0,54.0,6.0,10.0,0.0,0.0,1.0,222.0
487000.0,13.46875,3.373670883269771E-6,487000.0,73.4,73.4,-1109.090909090908,73.4,487000.0,1893872.0,263.0,54.0,6.0,10.0,0.0,0.0,1.0,222.0
488000.0,13.5,3.3892526860452337E-6,488000.0,65.3,65.3,-1185.1851851851839,65.3,488000.0,1927392.0,263.0,54.0,6.0,10.0,0.0,0.0,1.0,222.0
489000.0,13.5625,3.4204162915961585E-6,489000.0,69.0,69.0,-694.8717948717942,69.0,489000.0,1927392.0,263.0,54.0,6.0,10.0,0.0,0.0,1.0,222.0
490000.0,13.59375,3.435998094371621E-6,490000.0,71.8,71.8,-907.1428571428564,71.8,490000.0,1927392.0,263.0,54.0,6.0,10.0,0.0,0.0,1.0,222.0
491000.0,13.59375,3.435998094371621E-6,491000.0,70.8,70.8,-873.3333333333326,70.8,491000.0,1927392.0,263.0,54.0,6.0,10.0,0.0,0.0,1.0,222.0
492000.0,13.65625,3.467210723708071E-6,492000.0,67.10000000000001,67.10000000000001,-789.1891891891884,67.10000000000001,492000.0,1930424.0,263.0,54.0,6.0,10.0,0.0,0.0,1.0,222.0
493000.0,13.703125,3.4906201957104084E-6,493000.0,61.3,61.3,-630.1886792452824,61.3,493000.0,1930424.0,263.0,54.0,6.0,10.0,0.0,0.0,1.0,222.0
494000.0,13.703125,3.4906201957104084E-6,494000.0,60.8,60.8,-959.4594594594586,60.8,494000.0,1933448.0,263.0,54.0,6.0,10.0,0.0,0.0,1.0,222.0
495000.0,13.734375,3.506275404813801E-6,495000.0,59.8,59.8,-834.8837209302317,59.8,495000.0,1936472.0,263.0,54.0,6.0,10.0,0.0,0.0,1.0,222.0
496000.0,13.78125,3.529758218468889E-6,496000.0,58.9,58.9,-1041.6666666666656,58.9,496000.0,1936472.0,263.0,54.0,6.0,10.0,0.0,0.0,1.0,222.0
497000.0,13.78125,3.529758218468889E-6,497000.0,62.4,62.4,-839.9999999999991,62.4,497000.0,1937368.0,265.0,55.0,7.0,10.0,0.0,0.0,1.0,223.0
498000.0,13.859375,3.5689143502774317E-6,498000.0,66.2,66.2,-744.9999999999991,66.2,498000.0,1937368.0,265.0,55.0,7.0,10.0,0.0,0.0,1.0,223.0
499000.0,13.890625,3.5845942652991227E-6,499000.0,60.699999999999996,60.699999999999996,-934.2105263157887,60.62124248496994,499000.0,1939528.0,265.0,55.0,7.0,10.0,0.0,0.0,1.0,223.0
500000.0,13.953125,3.6159540953425048E-6,500000.0,61.0,60.999804999024995,-729.7872340425525,60.80402010050251,500000.0,1939528.0,265.0,55.0,7.0,10.0,0.0,0.0,1.0,223.0
501000.0,13.984375,3.63163433374009E-6,501000.0,68.8,68.7999375998752,-699.9999999999994,68.73747494989979,501000.0,1939568.0,267.0,56.0,8.0,11.0,0.0,0.0,1.0,224.0
502000.0,14.0,3.639486708885264E-6,502000.0,75.6,75.59970719648635,-480.9523809523804,75.50200803212851,502000.0,1942600.0,267.0,56.0,8.0,11.0,0.0,0.0,1.0,224.0
503000.0,14.03125,3.6551914591756113E-6,503000.0,77.7,77.6999107996432,-486.84210526315735,77.61044176706827,503000.0,1942600.0,267.0,56.0,8.0,11.0,0.0,0.0,1.0,224.0
504000.0,14.09375,3.6871715241836156E-6,504000.0,81.8,81.79901714692593,-487.0967741935481,81.63471241170535,504000.0,1977888.0,269.0,57.0,9.0,11.0,0.0,0.0,1.0,225.0
505000.0,14.109375,3.695317912691581E-6,505000.0,80.7,80.69864890542338,-565.5172413793096,80.50505050505052,505000.0,2015336.0,271.0,58.0,10.0,12.0,0.0,0.0,1.0,226.0
506000.0,14.171875,3.7279034667234432E-6,506000.0,77.60000000000001,77.5996415942655,-646.666666666666,77.51004016064257,506000.0,2015336.0,271.0,58.0,10.0,12.0,0.0,0.0,1.0,226.0
507000.0,14.234375,3.759884954585381E-6,507000.0,78.2,78.19736188078757,-707.4074074074066,77.95753286147624,507000.0,1977976.0,274.0,58.0,9.0,12.0,0.0,0.0,1.0,229.0
508000.0,14.25,3.767889057700003E-6,508000.0,88.0,87.99798366125509,-274.99999999999966,87.82961460446248,508000.0,1980136.0,274.0,58.0,9.0,12.0,0.0,0.0,1.0,229.0
509000.0,14.34375,3.816749926449522E-6,509000.0,84.0,83.9987198975918,-384.84848484848453,83.83838383838383,509000.0,2014616.0,278.0,60.0,11.0,13.0,0.0,0.0,1.0,231.0
510000.0,14.390625,3.842537278412943E-6,510000.0,84.1,84.09650123027066,-354.28571428571394,83.9231547017189,510000.0,2126512.0,282.0,62.0,13.0,13.0,0.0,0.0,1.0,233.0
511000.0,14.46875,3.884134089781176E-6,511000.0,84.2,84.19856206914828,-285.3658536585363,84.08862034239677,511000.0,2058128.0,282.0,61.0,11.0,13.0,0.0,0.0,1.0,234.0
512000.0,14.515625,3.90990572567615E-6,512000.0,85.1,85.09666165221009,-263.4146341463412,84.88843813387423,512000.0,2125216.0,284.0,62.0,12.0,13.0,0.0,0.0,1.0,235.0
513000.0,14.53125,3.918630213269754E-6,513000.0,78.2,78.19574817089332,-419.0476190476185,77.86802030456853,513000.0,2158352.0,286.0,63.0,13.0,13.0,0.0,0.0,1.0,236.0
514000.0,14.625,3.971050480484132E-6,514000.0,78.0,77.99599527113935,-388.8888888888884,77.68762677484787,514000.0,2161376.0,286.0,63.0,13.0,13.0,0.0,0.0,1.0,236.0
515000.0,14.640625,3.979795922835665E-6,515000.0,80.30000000000001,80.29495550861022,-302.04081632653015,79.97967479674797,515000.0,2163536.0,286.0,63.0,13.0,13.0,0.0,0.0,1.0,236.0
516000.0,14.71875,4.024226800538596E-6,516000.0,87.5,87.49862484873336,-212.49999999999974,87.37373737373737,516000.0,2198352.0,286.0,63.0,13.0,13.0,0.0,0.0,1.0,236.0
517000.0,14.765625,4.0508853271603555E-6,517000.0,84.1,84.09899823688892,-318.4210526315787,83.95560040363269,517000.0,2198352.0,286.0,63.0,13.0,13.0,0.0,0.0,1.0,236.0
518000.0,14.8125,4.077543853782115E-6,518000.0,81.5,81.49814981498149,-374.3589743589741,81.31313131313131,518000.0,2198352.0,286.0,63.0,13.0,13.0,0.0,0.0,1.0,236.0
519000.0,14.859375,4.1045937299107485E-6,519000.0,83.5,83.49764016254323,-274.9999999999997,83.3164812942366,519000.0,2230624.0,288.0,64.0,14.0,14.0,0.0,0.0,1.0,237.0
520000.0,14.921875,4.14129366011669E-6,520000.0,85.8,85.79953138453568,-273.6842105263155,85.75727181544633,520000.0,2269800.0,290.0,65.0,15.0,15.0,0.0,0.0,1.0,238.0
521000.0,14.96875,4.165200322555996E-6,521000.0,76.0,75.999951999904,-649.9999999999993,75.95190380761522,521000.0,1971424.0,281.0,57.0,3.0,11.0,0.0,0.0,1.0,239.0
522000.0,15.015625,4.1895134684940155E-6,522000.0,78.0,78.0,-746.1538461538453,78.0,522000.0,2004944.0,281.0,57.0,3.0,11.0,0.0,0.0,1.0,239.0
523000.0,15.03125,4.197630106419736E-6,523000.0,76.4,76.4,-661.2903225806444,76.4,523000.0,2007976.0,281.0,57.0,3.0,11.0,0.0,0.0,1.0,239.0
524000.0,15.09375,4.23009665812262E-6,524000.0,76.7,76.7,-651.6129032258057,76.7,524000.0,2007976.0,281.0,57.0,3.0,11.0,0.0,0.0,1.0,239.0
525000.0,15.140625,4.253617015718997E-6,525000.0,87.7,87.7,-339.2857142857139,87.7,525000.0,1939568.0,279.0,55.0,0.0,10.0,0.0,0.0,1.0,239.0
526000.0,15.203125,4.285506923527765E-6,526000.0,90.10000000000001,90.10000000000001,-349.9999999999995,90.10000000000001,526000.0,1972312.0,283.0,57.0,2.0,11.0,0.0,0.0,1.0,241.0
527000.0,15.25,4.3098472330408765E-6,527000.0,91.4,91.4,-329.99999999999943,91.4,527000.0,2007184.0,285.0,58.0,3.0,11.0,0.0,0.0,1.0,242.0
528000.0,15.296875,4.334594026052701E-6,528000.0,87.9,87.9,-572.2222222222216,87.9,528000.0,2040704.0,285.0,58.0,3.0,11.0,0.0,0.0,1.0,242.0
529000.0,15.34375,4.3597740780872575E-6,529000.0,88.4,88.4,-728.5714285714278,88.4,529000.0,2076432.0,287.0,59.0,4.0,11.0,0.0,0.0,1.0,243.0
530000.0,15.375,4.376842245821735E-6,530000.0,92.4,92.4,-406.66666666666595,92.4,530000.0,2111248.0,287.0,59.0,4.0,11.0,0.0,0.0,1.0,243.0
531000.0,15.40625,4.393910413556212E-6,531000.0,94.0,94.0,-300.0,94.0,531000.0,2111248.0,287.0,59.0,4.0,11.0,0.0,0.0,1.0,243.0
532000.0,15.484375,4.437112624550028E-6,532000.0,93.2,93.2,-579.9999999999989,93.2,532000.0,2137560.0,293.0,62.0,7.0,11.0,0.0,0.0,1.0,246.0
533000.0,15.515625,4.4547417847853535E-6,533000.0,93.60000000000001,93.60000000000001,-357.14285714285637,93.60000000000001,533000.0,2180640.0,295.0,63.0,8.0,11.0,0.0,0.0,1.0,247.0
534000.0,15.53125,4.463549541671654E-6,534000.0,95.7,95.7,-207.14285714285717,95.7,534000.0,2178952.0,297.0,64.0,9.0,12.0,0.0,0.0,1.0,248.0
535000.0,15.609375,4.5083094543466934E-6,535000.0,92.4,92.4,-162.068965517241,92.4,535000.0,2214632.0,297.0,64.0,9.0,12.0,0.0,0.0,1.0,248.0
536000.0,15.640625,4.526199772953984E-6,536000.0,87.6,87.6,-287.49999999999966,87.6,536000.0,2212944.0,299.0,65.0,10.0,13.0,0.0,0.0,1.0,249.0
537000.0,15.6875,4.553546508153277E-6,537000.0,80.10000000000001,80.10000000000001,-323.4042553191485,80.10000000000001,537000.0,2255104.0,299.0,65.0,10.0,13.0,0.0,0.0,1.0,249.0
538000.0,15.75,4.5912553711483845E-6,538000.0,74.1,74.1,-407.8431372549015,74.1,538000.0,2332200.0,303.0,67.0,12.0,13.0,0.0,0.0,1.0,251.0
539000.0,15.765625,4.600691318046299E-6,539000.0,77.2,77.2,-456.0975609756092,77.2,539000.0,2334360.0,303.0,67.0,12.0,13.0,0.0,0.0,1.0,251.0
540000.0,15.84375,4.64786296813852E-6,540000.0,83.6,83.6,-530.7692307692303,83.6,540000.0,2333960.0,305.0,68.0,13.0,13.0,0.0,0.0,1.0,252.0
541000.0,15.890625,4.675706699749245E-6,541000.0,84.89999999999999,84.89999999999999,-654.9999999999994,84.89999999999999,541000.0,2296088.0,305.0,67.0,11.0,12.0,0.0,0.0,1.0,253.0
542000.0,15.953125,4.714001002462785E-6,542000.0,82.0,82.0,-899.9999999999994,82.0,542000.0,2368408.0,309.0,69.0,13.0,13.0,0.0,0.0,1.0,255.0
543000.0,16.015625,4.75290092355054E-6,543000.0,90.5,90.5,-374.9999999999995,90.5,543000.0,2405864.0,311.0,70.0,14.0,13.0,0.0,0.0,1.0,256.0
544000.0,16.0625,4.782128251261179E-6,544000.0,90.9,90.9,-111.62790697674392,90.9,544000.0,2410184.0,311.0,70.0,14.0,13.0,0.0,0.0,1.0,256.0
545000.0,16.109375,4.811705407013907E-6,545000.0,85.6,85.6,-278.9473684210523,85.6,545000.0,2439032.0,315.0,72.0,16.0,14.0,0.0,0.0,1.0,258.0
546000.0,16.171875,4.851211463877308E-6,546000.0,75.3,75.3,-605.7142857142851,75.3,546000.0,2443352.0,315.0,72.0,16.0,14.0,0.0,0.0,1.0,258.0
547000.0,16.21875,4.880841006524858E-6,547000.0,63.1,63.1,-1217.8571428571418,63.1,547000.0,2443352.0,315.0,72.0,16.0,14.0,0.0,0.0,1.0,258.0
548000.0,16.25,4.900597850792107E-6,548000.0,56.10000000000001,56.10000000000001,-1230.3030303030291,56.10000000000001,548000.0,2443824.0,317.0,73.0,17.0,14.0,0.0,0.0,1.0,259.0
549000.0,16.3125,4.940146463923153E-6,549000.0,45.2,45.2,-2784.2105263157864,45.2,549000.0,2445984.0,317.0,73.0,17.0,14.0,0.0,0.0,1.0,259.0
550000.0,16.375,4.980238736607131E-6,550000.0,65.2,65.2,-1142.8571428571418,65.2,550000.0,2479608.0,323.0,76.0,20.0,14.0,0.0,0.0,1.0,262.0
551000.0,16.421875,5.010324239265171E-6,551000.0,93.8,93.8,-169.56521739130434,93.8,551000.0,2480952.0,325.0,77.0,21.0,14.0,0.0,0.0,1.0,263.0
552000.0,16.484375,5.051065721393871E-6,552000.0,93.5,93.5,-182.60869565217342,93.5,552000.0,2519760.0,329.0,79.0,23.0,14.0,0.0,0.0,1.0,265.0
553000.0,16.515625,5.071485486243745E-6,553000.0,95.19999999999999,95.19999999999999,-92.0,95.19999999999999,553000.0,2525824.0,329.0,79.0,23.0,14.0,0.0,0.0,1.0,265.0
554000.0,16.546875,5.09216291700593E-6,554000.0,91.5,91.5,-157.57575757575722,91.5,554000.0,2557696.0,333.0,81.0,25.0,14.0,0.0,0.0,1.0,267.0
555000.0,16.578125,5.112600790905867E-6,555000.0,84.5,84.49858937163282,-260.46511627906955,84.29584599797366,555000.0,2528064.0,334.0,81.0,24.0,13.0,0.0,0.0,1.0,268.0
556000.0,16.6875,5.186991863107927E-6,556000.0,89.4,89.39925794805636,-194.44444444444414,89.29292929292929,556000.0,2629088.0,336.0,82.0,25.0,14.0,0.0,0.0,1.0,269.0
557000.0,16.734375,5.219295950761683E-6,557000.0,92.10000000000001,92.10000000000001,-182.14285714285674,92.06030150753769,557000.0,2663904.0,336.0,82.0,25.0,14.0,0.0,0.0,1.0,269.0
558000.0,16.796875,5.262621076932795E-6,558000.0,93.7,93.7,-162.49999999999955,93.7,558000.0,2679552.0,336.0,82.0,25.0,14.0,0.0,0.0,1.0,269.0
559000.0,16.84375,5.295559046013899E-6,559000.0,84.1,84.09825080758883,-297.4999999999997,83.9231547017189,559000.0,2716176.0,338.0,83.0,26.0,14.0,0.0,0.0,1.0,270.0
560000.0,16.90625,5.339609180939277E-6,560000.0,85.39999999999999,85.39986859881739,-186.27450980392135,85.38538538538538,560000.0,2724392.0,338.0,83.0,26.0,14.0,0.0,0.0,1.0,270.0
561000.0,16.96875,5.383729165057752E-6,561000.0,81.10000000000001,81.10000000000001,-277.99999999999955,81.10000000000001,561000.0,2728712.0,338.0,83.0,26.0,14.0,0.0,0.0,1.0,270.0
562000.0,17.03125,5.428134754765776E-6,562000.0,80.60000000000001,80.60000000000001,-234.48275862068928,80.60000000000001,562000.0,2746376.0,342.0,85.0,28.0,14.0,0.0,0.0,1.0,272.0
563000.0,17.078125,5.46139247793083E-6,563000.0,80.80000000000001,80.80000000000001,-392.30769230769175,80.80000000000001,563000.0,2742544.0,344.0,86.0,29.0,14.0,0.0,0.0,1.0,273.0
564000.0,17.140625,5.5068275671348765E-6,564000.0,79.80000000000001,79.80000000000001,-512.1212121212114,79.80000000000001,564000.0,2810048.0,346.0,87.0,30.0,14.0,0.0,0.0,1.0,274.0
565000.0,17.1875,5.5406503896746335E-6,565000.0,92.2,92.2,-77.27272727272701,92.2,565000.0,2789144.0,345.0,86.0,28.0,14.0,0.0,0.0,1.0,274.0
566000.0,17.265625,5.597631485822296E-6,566000.0,78.2,78.2,-363.8297872340421,78.2,566000.0,2819312.0,349.0,88.0,30.0,16.0,0.0,0.0,1.0,276.0
567000.0,17.328125,5.6434204776046965E-6,567000.0,85.8,85.8,-273.6842105263155,85.8,567000.0,2831936.0,351.0,89.0,31.0,16.0,0.0,0.0,1.0,277.0
568000.0,17.34375,5.655039890876243E-6,568000.0,86.2,86.2,-187.49999999999977,86.2,568000.0,2874528.0,351.0,89.0,31.0,16.0,0.0,0.0,1.0,277.0
569000.0,17.453125,5.736390497380243E-6,569000.0,92.7,92.7,-40.38461538461517,92.7,569000.0,2875048.0,353.0,90.0,32.0,16.0,0.0,0.0,1.0,278.0
570000.0,17.46875,5.748183013767828E-6,570000.0,95.6,95.6,22.807017543859647,95.6,570000.0,2917352.0,357.0,92.0,34.0,16.0,0.0,0.0,1.0,280.0
571000.0,17.578125,5.833121928541607E-6,571000.0,90.10000000000001,90.10000000000001,-47.76119402985082,90.10000000000001,571000.0,3001864.0,361.0,94.0,36.0,16.0,0.0,0.0,1.0,282.0
572000.0,17.59375,5.845477539373351E-6,572000.0,85.9,85.9,-65.88235294117656,85.9,572000.0,3056656.0,363.0,95.0,37.0,16.0,0.0,0.0,1.0,283.0
573000.0,17.6875,5.920865191405428E-6,573000.0,69.3,69.3,-223.15789473684225,69.3,573000.0,3108360.0,363.0,95.0,37.0,16.0,0.0,0.0,1.0,283.0
574000.0,17.75,5.971738557693441E-6,574000.0,70.6,70.6,-332.35294117647095,70.6,574000.0,3146392.0,367.0,97.0,39.0,16.0,0.0,0.0,1.0,285.0
575000.0,17.8125,6.01839872413418E-6,575000.0,74.3,74.3,-375.9259259259255,74.3,575000.0,2885816.0,358.0,89.0,26.0,16.0,0.0,0.0,1.0,287.0
576000.0,17.828125,6.030081228042639E-6,576000.0,86.0,86.0,-112.12121212121231,86.0,576000.0,2890136.0,358.0,89.0,26.0,16.0,0.0,0.0,1.0,287.0
577000.0,17.921875,6.100176251493391E-6,577000.0,83.89999999999999,83.89999999999999,-120.54794520547965,83.89999999999999,577000.0,2890136.0,358.0,89.0,26.0,16.0,0.0,0.0,1.0,287.0
578000.0,17.9375,6.11185875540185E-6,578000.0,87.3,87.3,-164.58333333333312,87.3,578000.0,2890136.0,358.0,89.0,26.0,16.0,0.0,0.0,1.0,287.0
579000.0,18.015625,6.171029106351647E-6,579000.0,87.7,87.7,-179.5454545454543,87.7,579000.0,2927632.0,360.0,90.0,27.0,16.0,0.0,0.0,1.0,288.0
580000.0,18.046875,6.1947216939491495E-6,580000.0,65.4,65.4,-810.5263157894727,65.4,580000.0,2930656.0,360.0,90.0,27.0,16.0,0.0,0.0,1.0,288.0
581000.0,18.15625,6.27745175734162E-6,581000.0,92.5,92.5,-274.9999999999995,92.5,581000.0,2923800.0,362.0,91.0,27.0,16.0,0.0,0.0,1.0,289.0
581012.0,18.171875,6.289270337826259E-6,581012.0,92.80000000000001,92.80000000000001,-259.99999999999943,92.80000000000001,581012.0,2923800.0,362.0,91.0,27.0,16.0,0.0,0.0,1.0,289.0
