learning evaluation instances,evaluation time (cpu seconds),model cost (RAM-Hours),classified instances,classifications correct (percent),Kappa Statistic (percent),Kappa Temporal Statistic (percent),Kappa M Statistic (percent),model training instances,model serialized size (bytes),tree size (nodes),tree size (leaves),active learning leaves,tree depth,active leaf byte size estimate,inactive leaf byte size estimate,byte size estimate overhead
1000.0,0.0,0.0,1000.0,61.1,60.365897146955916,5.582524271844664,52.034525277435264,1000.0,38584.0,1.0,1.0,1.0,0.0,0.0,0.0,1.0
2000.0,0.0,0.0,2000.0,57.9,55.140083347807135,18.882466281310208,37.25782414307003,2000.0,52008.0,1.0,1.0,1.0,0.0,0.0,0.0,1.0
3000.0,0.03125,4.204533373316129E-10,3000.0,47.4,47.014263840760734,-35.21850899742931,28.918918918918912,3000.0,52008.0,1.0,1.0,1.0,0.0,0.0,0.0,1.0
4000.0,0.03125,4.204533373316129E-10,4000.0,64.3,64.17425162319742,-27.95698924731181,60.769230769230774,4000.0,52008.0,1.0,1.0,1.0,0.0,0.0,0.0,1.0
5000.0,0.109375,1.4715866806606451E-9,5000.0,57.4,57.31783683590912,-24.561403508771953,53.84615384615383,5000.0,52008.0,1.0,1.0,1.0,0.0,0.0,0.0,1.0
6000.0,0.125,1.6818133493264517E-9,6000.0,59.0,58.973291612839965,11.062906724511917,57.68833849329204,6000.0,52008.0,1.0,1.0,1.0,0.0,0.0,0.0,1.0
7000.0,0.15625,2.1022666866580646E-9,7000.0,50.9,49.3153442375882,-0.8213552361396311,39.75460122699387,7000.0,52008.0,1.0,1.0,1.0,0.0,0.0,0.0,1.0
8000.0,0.171875,2.4496370719538794E-9,8000.0,63.0,61.9980013002846,19.03719912472647,54.48954489544896,8000.0,85936.0,5.0,3.0,3.0,2.0,0.0,0.0,1.0
9000.0,0.171875,2.4496370719538794E-9,9000.0,66.9,65.2900119125518,35.85271317829458,57.4002574002574,9000.0,92416.0,5.0,3.0,3.0,2.0,0.0,0.0,1.0
10000.0,0.21875,3.570328570074505E-9,10000.0,75.2,75.19970239642876,38.91625615763547,74.89878542510121,10000.0,92416.0,5.0,3.0,3.0,2.0,0.0,0.0,1.0
11000.0,0.234375,3.94389240278138E-9,11000.0,61.8,61.77029551961874,18.895966029723983,60.33229491173417,11000.0,92416.0,5.0,3.0,3.0,2.0,0.0,0.0,1.0
12000.0,0.25,4.4667912233206956E-9,12000.0,57.099999999999994,56.793362493617195,9.302325581395333,49.46996466431094,12000.0,129360.0,5.0,3.0,3.0,2.0,0.0,0.0,1.0
13000.0,0.265625,5.026360870235495E-9,13000.0,65.9,65.48460724823248,32.60869565217392,60.11695906432749,13000.0,138432.0,5.0,3.0,3.0,2.0,0.0,0.0,1.0
14000.0,0.28125,5.585930517150295E-9,14000.0,52.7,52.02075786915361,25.86206896551725,44.807467911318554,14000.0,138432.0,5.0,3.0,3.0,2.0,0.0,0.0,1.0
15000.0,0.3125,6.705069810979895E-9,15000.0,57.9,57.33987252626992,26.140350877192976,53.17018909899889,15000.0,138432.0,5.0,3.0,3.0,2.0,0.0,0.0,1.0
16000.0,0.328125,7.2646394578946946E-9,16000.0,79.0,78.99218509285456,-138.63636363636368,78.328173374613,16000.0,138432.0,5.0,3.0,3.0,2.0,0.0,0.0,1.0
17000.0,0.34375,7.824209104809494E-9,17000.0,78.2,78.17348077914666,-344.89795918367304,76.278563656148,17000.0,138432.0,5.0,3.0,3.0,2.0,0.0,0.0,1.0
18000.0,0.375,8.943348398639094E-9,18000.0,79.60000000000001,79.60000000000001,-579.9999999999993,77.92207792207793,18000.0,138432.0,5.0,3.0,3.0,2.0,0.0,0.0,1.0
19000.0,0.40625,9.992444473836155E-9,19000.0,75.9,75.9,-995.4545454545445,74.92195629552549,19000.0,129768.0,7.0,4.0,4.0,3.0,0.0,0.0,1.0
20000.0,0.421875,1.0529216120226514E-8,20000.0,82.19999999999999,82.19999999999999,-747.6190476190471,82.03834510595358,20000.0,132792.0,7.0,4.0,4.0,3.0,0.0,0.0,1.0
21000.0,0.421875,1.0529216120226514E-8,21000.0,82.39999999999999,82.39999999999999,-576.9230769230765,82.39999999999999,21000.0,132792.0,7.0,4.0,4.0,3.0,0.0,0.0,1.0
22000.0,0.421875,1.0529216120226514E-8,22000.0,84.8,84.8,-1281.8181818181808,84.8,22000.0,132792.0,7.0,4.0,4.0,3.0,0.0,0.0,1.0
23000.0,0.421875,1.0529216120226514E-8,23000.0,84.6,84.6,-862.4999999999993,84.6,23000.0,132792.0,7.0,4.0,4.0,3.0,0.0,0.0,1.0
24000.0,0.46875,1.2139531059397589E-8,24000.0,79.9,79.9,-644.4444444444437,79.9,24000.0,132792.0,7.0,4.0,4.0,3.0,0.0,0.0,1.0
25000.0,0.46875,1.2139531059397589E-8,25000.0,86.7,86.7,-504.54545454545405,86.7,25000.0,132792.0,7.0,4.0,4.0,3.0,0.0,0.0,1.0
26000.0,0.46875,1.2139531059397589E-8,26000.0,83.5,83.5,-468.9655172413789,83.5,26000.0,132792.0,7.0,4.0,4.0,3.0,0.0,0.0,1.0
27000.0,0.46875,1.2139531059397589E-8,27000.0,84.7,84.7,-446.428571428571,84.7,27000.0,132792.0,7.0,4.0,4.0,3.0,0.0,0.0,1.0
28000.0,0.5,1.3213074352178306E-8,28000.0,77.0,77.0,-399.9999999999995,77.0,28000.0,132792.0,7.0,4.0,4.0,3.0,0.0,0.0,1.0
29000.0,0.5,1.3213074352178306E-8,29000.0,76.8,76.8,-582.3529411764699,76.8,29000.0,132792.0,7.0,4.0,4.0,3.0,0.0,0.0,1.0
30000.0,0.5,1.3213074352178306E-8,30000.0,76.9,76.9,-645.1612903225799,76.9,30000.0,132792.0,7.0,4.0,4.0,3.0,0.0,0.0,1.0
31000.0,0.5,1.3213074352178306E-8,31000.0,73.1,73.1,-556.0975609756092,73.1,31000.0,132792.0,7.0,4.0,4.0,3.0,0.0,0.0,1.0
32000.0,0.515625,1.3749845998568664E-8,32000.0,78.60000000000001,78.60000000000001,-529.4117647058818,78.60000000000001,32000.0,132792.0,7.0,4.0,4.0,3.0,0.0,0.0,1.0
33000.0,0.546875,1.4823389291349381E-8,33000.0,78.9,78.9,-486.1111111111105,78.9,33000.0,132792.0,7.0,4.0,4.0,3.0,0.0,0.0,1.0
34000.0,0.546875,1.4823389291349381E-8,34000.0,85.39999999999999,85.39999999999999,-256.0975609756095,85.39999999999999,34000.0,168400.0,9.0,5.0,5.0,4.0,0.0,0.0,1.0
35000.0,0.546875,1.4823389291349381E-8,35000.0,89.8,89.8,-218.74999999999966,89.74874371859298,35000.0,168400.0,9.0,5.0,5.0,4.0,0.0,0.0,1.0
36000.0,0.546875,1.4823389291349381E-8,36000.0,89.0,89.0,-254.838709677419,88.94472361809045,36000.0,168400.0,9.0,5.0,5.0,4.0,0.0,0.0,1.0
37000.0,0.59375,1.6865508061730195E-8,37000.0,93.5,93.5,-170.8333333333329,93.43434343434343,37000.0,168400.0,9.0,5.0,5.0,4.0,0.0,0.0,1.0
38000.0,0.609375,1.75462143185238E-8,38000.0,96.1,96.1,-105.26315789473684,96.1,38000.0,168400.0,9.0,5.0,5.0,4.0,0.0,0.0,1.0
39000.0,0.640625,1.8907626832111012E-8,39000.0,97.6,97.6,-140.0,97.6,39000.0,168400.0,9.0,5.0,5.0,4.0,0.0,0.0,1.0
40000.0,0.65625,1.9588333088904618E-8,40000.0,95.89999999999999,95.89999999999999,-925.0,95.89999999999999,40000.0,168400.0,9.0,5.0,5.0,4.0,0.0,0.0,1.0
41000.0,0.671875,2.0269039345698224E-8,41000.0,96.39999999999999,96.39999999999999,-500.0,96.39999999999999,41000.0,168400.0,9.0,5.0,5.0,4.0,0.0,0.0,1.0
42000.0,0.6875,2.094974560249183E-8,42000.0,90.8,90.8,-607.6923076923068,90.8,42000.0,168400.0,9.0,5.0,5.0,4.0,0.0,0.0,1.0
43000.0,0.6875,2.094974560249183E-8,43000.0,86.4,86.4,-806.666666666666,86.4,43000.0,168400.0,9.0,5.0,5.0,4.0,0.0,0.0,1.0
44000.0,0.734375,2.3413675888958904E-8,44000.0,88.6,88.6,-659.9999999999992,88.6,44000.0,203184.0,9.0,5.0,5.0,4.0,0.0,0.0,1.0
45000.0,0.734375,2.3413675888958904E-8,45000.0,82.89999999999999,82.89999999999999,-714.2857142857138,82.89999999999999,45000.0,203184.0,9.0,5.0,5.0,4.0,0.0,0.0,1.0
46000.0,0.78125,2.5877606175425978E-8,46000.0,83.5,83.5,-1078.5714285714278,83.5,46000.0,203184.0,9.0,5.0,5.0,4.0,0.0,0.0,1.0
47000.0,0.796875,2.6698916270915004E-8,47000.0,83.3,83.3,-1569.9999999999989,83.3,47000.0,203184.0,9.0,5.0,5.0,4.0,0.0,0.0,1.0
48000.0,0.828125,2.8341536461893056E-8,48000.0,87.8,87.8,-1933.3333333333314,87.8,48000.0,203184.0,9.0,5.0,5.0,4.0,0.0,0.0,1.0
49000.0,0.84375,2.9162846557382082E-8,49000.0,89.60000000000001,89.60000000000001,-1199.9999999999986,89.60000000000001,49000.0,203184.0,9.0,5.0,5.0,4.0,0.0,0.0,1.0
50000.0,0.859375,2.998415665287111E-8,50000.0,91.4,91.4,-759.9999999999989,91.4,50000.0,203184.0,9.0,5.0,5.0,4.0,0.0,0.0,1.0
51000.0,0.875,3.0805466748360134E-8,51000.0,92.7,92.7,-508.3333333333324,92.7,51000.0,203184.0,9.0,5.0,5.0,4.0,0.0,0.0,1.0
52000.0,0.875,3.0805466748360134E-8,52000.0,95.19999999999999,95.19999999999999,-300.0,95.19999999999999,52000.0,203184.0,9.0,5.0,5.0,4.0,0.0,0.0,1.0
53000.0,0.875,3.0805466748360134E-8,53000.0,95.3,95.3,-193.75,95.3,53000.0,203184.0,9.0,5.0,5.0,4.0,0.0,0.0,1.0
54000.0,0.875,3.0805466748360134E-8,54000.0,94.39999999999999,94.39999999999999,-211.11111111111111,94.39999999999999,54000.0,203184.0,9.0,5.0,5.0,4.0,0.0,0.0,1.0
55000.0,0.921875,3.326939703482721E-8,55000.0,92.30000000000001,92.30000000000001,-220.83333333333286,92.30000000000001,55000.0,203184.0,9.0,5.0,5.0,4.0,0.0,0.0,1.0
56000.0,0.9375,3.409070713031624E-8,56000.0,89.9,89.9,-260.7142857142853,89.9,56000.0,203184.0,9.0,5.0,5.0,4.0,0.0,0.0,1.0
57000.0,0.9375,3.409070713031624E-8,57000.0,86.3,86.3,-302.9411764705879,86.3,57000.0,203184.0,9.0,5.0,5.0,4.0,0.0,0.0,1.0
58000.0,0.984375,3.6554637416783315E-8,58000.0,86.7,86.7,-259.45945945945914,86.7,58000.0,203184.0,9.0,5.0,5.0,4.0,0.0,0.0,1.0
59000.0,1.0,3.737594751227234E-8,59000.0,85.2,85.2,-269.9999999999997,85.2,59000.0,203184.0,9.0,5.0,5.0,4.0,0.0,0.0,1.0
60000.0,1.015625,3.819725760776137E-8,60000.0,87.6,87.6,-275.7575757575754,87.6,60000.0,203184.0,9.0,5.0,5.0,4.0,0.0,0.0,1.0
61000.0,1.03125,3.901856770325039E-8,61000.0,85.3,85.3,-319.99999999999966,85.3,61000.0,203184.0,9.0,5.0,5.0,4.0,0.0,0.0,1.0
62000.0,1.078125,4.148249798971747E-8,62000.0,80.0,80.0,-344.44444444444395,80.0,62000.0,203184.0,9.0,5.0,5.0,4.0,0.0,0.0,1.0
63000.0,1.09375,4.2312539234343515E-8,63000.0,74.9,74.9,-364.8148148148144,74.9,63000.0,205344.0,9.0,5.0,5.0,4.0,0.0,0.0,1.0
64000.0,1.09375,4.2312539234343515E-8,64000.0,73.3,73.3,-433.99999999999955,73.3,64000.0,205344.0,9.0,5.0,5.0,4.0,0.0,0.0,1.0
65000.0,1.109375,4.329175377885502E-8,65000.0,83.6,83.6,-290.4761904761902,83.6,65000.0,242248.0,11.0,6.0,6.0,5.0,0.0,0.0,1.0
66000.0,1.109375,4.329175377885502E-8,66000.0,81.89999999999999,81.89999999999999,-376.31578947368394,81.89999999999999,66000.0,242248.0,11.0,6.0,6.0,5.0,0.0,0.0,1.0
67000.0,1.109375,4.329175377885502E-8,67000.0,86.2,86.2,-359.9999999999996,86.2,67000.0,242248.0,11.0,6.0,6.0,5.0,0.0,0.0,1.0
68000.0,1.171875,4.7208611956901036E-8,68000.0,91.3,91.3,-234.6153846153842,91.3,68000.0,242248.0,11.0,6.0,6.0,5.0,0.0,0.0,1.0
69000.0,1.171875,4.7208611956901036E-8,69000.0,92.60000000000001,92.60000000000001,-208.33333333333286,92.60000000000001,69000.0,242248.0,11.0,6.0,6.0,5.0,0.0,0.0,1.0
70000.0,1.171875,4.7208611956901036E-8,70000.0,95.5,95.5,-181.25,95.5,70000.0,242248.0,11.0,6.0,6.0,5.0,0.0,0.0,1.0
71000.0,1.171875,4.7208611956901036E-8,71000.0,92.5,92.5,-212.49999999999955,92.5,71000.0,242248.0,11.0,6.0,6.0,5.0,0.0,0.0,1.0
72000.0,1.21875,5.014625559043555E-8,72000.0,78.0,78.0,-547.0588235294111,77.80020181634713,72000.0,242248.0,11.0,6.0,6.0,5.0,0.0,0.0,1.0
73000.0,1.25,5.210468467945856E-8,73000.0,75.1,75.1,-591.6666666666661,73.7064413938754,73000.0,242248.0,11.0,6.0,6.0,5.0,0.0,0.0,1.0
74000.0,1.25,5.210468467945856E-8,74000.0,77.7,77.7,-457.4999999999995,76.62473794549265,74000.0,242248.0,11.0,6.0,6.0,5.0,0.0,0.0,1.0
75000.0,1.265625,5.308389922397006E-8,75000.0,77.7,77.7,-519.4444444444439,77.12820512820512,75000.0,242248.0,11.0,6.0,6.0,5.0,0.0,0.0,1.0
76000.0,1.296875,5.504232831299307E-8,76000.0,85.39999999999999,85.39999999999999,-274.3589743589741,85.2376137512639,76000.0,242248.0,11.0,6.0,6.0,5.0,0.0,0.0,1.0
77000.0,1.3125,5.6021542857504574E-8,77000.0,85.8,85.8,-195.83333333333312,85.8,77000.0,242248.0,11.0,6.0,6.0,5.0,0.0,0.0,1.0
78000.0,1.328125,5.700075740201608E-8,78000.0,84.2,84.2,-444.82758620689617,84.2,78000.0,242248.0,11.0,6.0,6.0,5.0,0.0,0.0,1.0
79000.0,1.34375,5.797997194652758E-8,79000.0,81.8,81.8,-468.74999999999966,81.8,79000.0,242248.0,11.0,6.0,6.0,5.0,0.0,0.0,1.0
80000.0,1.359375,5.8959186491039087E-8,80000.0,85.7,85.7,-449.99999999999955,85.7,80000.0,242248.0,11.0,6.0,6.0,5.0,0.0,0.0,1.0
81000.0,1.375,5.993840103555058E-8,81000.0,86.7,86.7,-343.333333333333,86.7,81000.0,242248.0,11.0,6.0,6.0,5.0,0.0,0.0,1.0
82000.0,1.390625,6.091761558006208E-8,82000.0,86.2,86.2,-589.9999999999994,86.2,82000.0,242248.0,11.0,6.0,6.0,5.0,0.0,0.0,1.0
83000.0,1.390625,6.091761558006208E-8,83000.0,80.5,80.5,-786.3636363636354,80.5,83000.0,242248.0,11.0,6.0,6.0,5.0,0.0,0.0,1.0
84000.0,1.40625,6.189683012457358E-8,84000.0,83.2,83.2,-663.6363636363632,83.2,84000.0,242248.0,11.0,6.0,6.0,5.0,0.0,0.0,1.0
85000.0,1.4375,6.385525921359659E-8,85000.0,80.30000000000001,80.30000000000001,-392.49999999999943,80.30000000000001,85000.0,242248.0,11.0,6.0,6.0,5.0,0.0,0.0,1.0
86000.0,1.453125,6.483447375810809E-8,86000.0,77.9,77.9,-402.2727272727268,77.9,86000.0,242248.0,11.0,6.0,6.0,5.0,0.0,0.0,1.0
87000.0,1.453125,6.483447375810809E-8,87000.0,78.60000000000001,78.60000000000001,-664.2857142857135,78.60000000000001,87000.0,242248.0,11.0,6.0,6.0,5.0,0.0,0.0,1.0
88000.0,1.484375,6.699682368586461E-8,88000.0,79.3,79.3,-349.9999999999995,79.3,88000.0,267472.0,15.0,8.0,8.0,5.0,0.0,0.0,1.0
89000.0,1.5,6.807799864974287E-8,89000.0,89.2,89.2,-259.9999999999996,89.2,89000.0,267472.0,15.0,8.0,8.0,5.0,0.0,0.0,1.0
90000.0,1.515625,6.915917361362113E-8,90000.0,84.0,84.0,-627.2727272727268,84.0,90000.0,267472.0,15.0,8.0,8.0,5.0,0.0,0.0,1.0
91000.0,1.515625,6.915917361362113E-8,91000.0,81.69999999999999,81.69999999999999,-471.87499999999966,81.69999999999999,91000.0,267472.0,15.0,8.0,8.0,5.0,0.0,0.0,1.0
92000.0,1.53125,7.024034857749939E-8,92000.0,83.5,83.5,-358.33333333333303,83.5,92000.0,267472.0,15.0,8.0,8.0,5.0,0.0,0.0,1.0
93000.0,1.546875,7.132152354137765E-8,93000.0,93.60000000000001,93.60000000000001,-146.15384615384573,93.60000000000001,93000.0,267472.0,15.0,8.0,8.0,5.0,0.0,0.0,1.0
94000.0,1.5625,7.240269850525591E-8,94000.0,93.0,93.0,-218.18181818181768,93.0,94000.0,267472.0,15.0,8.0,8.0,5.0,0.0,0.0,1.0
95000.0,1.59375,7.456504843301244E-8,95000.0,94.3,94.3,-119.23076923076923,94.3,95000.0,267472.0,15.0,8.0,8.0,5.0,0.0,0.0,1.0
96000.0,1.609375,7.56462233968907E-8,96000.0,89.9,89.9,-215.62499999999966,89.9,96000.0,267472.0,15.0,8.0,8.0,5.0,0.0,0.0,1.0
97000.0,1.625,7.672739836076896E-8,97000.0,87.8,87.8,-306.6666666666663,87.8,97000.0,267472.0,15.0,8.0,8.0,5.0,0.0,0.0,1.0
98000.0,1.640625,7.780857332464722E-8,98000.0,93.2,93.2,-161.53846153846112,93.2,98000.0,267472.0,15.0,8.0,8.0,5.0,0.0,0.0,1.0
99000.0,1.65625,7.88984794376625E-8,99000.0,83.0,83.0,-372.22222222222194,82.96593186372745,99000.0,269632.0,15.0,8.0,8.0,5.0,0.0,0.0,1.0
100000.0,1.671875,7.998838555067779E-8,100000.0,84.8,84.79552988578641,-289.7435897435895,84.47395301327886,100000.0,269632.0,15.0,8.0,8.0,5.0,0.0,0.0,1.0
101000.0,1.6875,8.107829166369308E-8,101000.0,87.1,87.09509613653188,-186.66666666666643,86.83673469387755,101000.0,269632.0,15.0,8.0,8.0,5.0,0.0,0.0,1.0
102000.0,1.71875,8.325810388972364E-8,102000.0,88.9,88.89680227905637,-311.11111111111074,88.69653767820775,102000.0,269632.0,15.0,8.0,8.0,5.0,0.0,0.0,1.0
103000.0,1.734375,8.434801000273893E-8,103000.0,91.2,91.19207286557902,-183.87096774193512,90.87136929460581,103000.0,269632.0,15.0,8.0,8.0,5.0,0.0,0.0,1.0
104000.0,1.75,8.543791611575421E-8,104000.0,91.5,91.49578190782628,-157.57575757575722,91.2280701754386,104000.0,269632.0,15.0,8.0,8.0,5.0,0.0,0.0,1.0
105000.0,1.765625,8.65278222287695E-8,105000.0,84.1,84.08844821340293,-354.28571428571394,83.74233128834355,105000.0,269632.0,15.0,8.0,8.0,5.0,0.0,0.0,1.0
106000.0,1.765625,8.65278222287695E-8,106000.0,86.3,86.3,-389.2857142857139,86.3,106000.0,269632.0,15.0,8.0,8.0,5.0,0.0,0.0,1.0
107000.0,1.765625,8.65278222287695E-8,107000.0,90.10000000000001,90.10000000000001,-229.99999999999963,90.10000000000001,107000.0,269632.0,15.0,8.0,8.0,5.0,0.0,0.0,1.0
108000.0,1.765625,8.65278222287695E-8,108000.0,88.4,88.39834096275767,-262.49999999999966,88.27098078867543,108000.0,269632.0,15.0,8.0,8.0,5.0,0.0,0.0,1.0
109000.0,1.8125,8.979754056781535E-8,109000.0,90.8,90.79617120722222,-283.33333333333286,90.65040650406505,109000.0,269632.0,15.0,8.0,8.0,5.0,0.0,0.0,1.0
110000.0,1.828125,9.088744668083063E-8,110000.0,91.2,91.19595894515584,-266.66666666666623,91.04781281790437,110000.0,269632.0,15.0,8.0,8.0,5.0,0.0,0.0,1.0
111000.0,1.84375,9.197735279384592E-8,111000.0,94.6,94.59913046000406,-145.45454545454547,94.56193353474319,111000.0,269632.0,15.0,8.0,8.0,5.0,0.0,0.0,1.0
112000.0,1.859375,9.30672589068612E-8,112000.0,93.0,92.99897084871476,-169.2307692307688,92.95065458207452,112000.0,269632.0,15.0,8.0,8.0,5.0,0.0,0.0,1.0
113000.0,1.875,9.415716501987649E-8,113000.0,90.8,90.79880384449979,-206.6666666666663,90.70707070707071,113000.0,269632.0,15.0,8.0,8.0,5.0,0.0,0.0,1.0
114000.0,1.890625,9.524707113289178E-8,114000.0,90.3,90.29898139304628,-223.33333333333297,90.15228426395939,114000.0,269632.0,15.0,8.0,8.0,5.0,0.0,0.0,1.0
115000.0,1.921875,9.742688335892234E-8,115000.0,92.10000000000001,92.0997629928898,-182.14285714285674,92.06030150753769,115000.0,269632.0,15.0,8.0,8.0,5.0,0.0,0.0,1.0
116000.0,1.921875,9.742688335892234E-8,116000.0,93.0,93.0,-249.99999999999946,93.0,116000.0,269632.0,15.0,8.0,8.0,5.0,0.0,0.0,1.0
117000.0,1.921875,9.742688335892234E-8,117000.0,80.4,80.4,-512.4999999999993,80.4,117000.0,269632.0,15.0,8.0,8.0,5.0,0.0,0.0,1.0
118000.0,1.96875,1.0069660169796819E-7,118000.0,74.9,74.9,-597.2222222222216,74.9,118000.0,269632.0,15.0,8.0,8.0,5.0,0.0,0.0,1.0
119000.0,1.984375,1.0178650781098347E-7,119000.0,84.1,84.1,-396.87499999999966,84.1,119000.0,269632.0,15.0,8.0,8.0,5.0,0.0,0.0,1.0
120000.0,2.015625,1.0396632003701403E-7,120000.0,80.10000000000001,80.10000000000001,-297.99999999999955,80.10000000000001,120000.0,269632.0,15.0,8.0,8.0,5.0,0.0,0.0,1.0
121000.0,2.03125,1.0505622615002932E-7,121000.0,80.30000000000001,80.30000000000001,-302.04081632653015,80.30000000000001,121000.0,269632.0,15.0,8.0,8.0,5.0,0.0,0.0,1.0
122000.0,2.046875,1.061461322630446E-7,122000.0,75.8,75.8,-554.0540540540534,75.8,122000.0,269632.0,15.0,8.0,8.0,5.0,0.0,0.0,1.0
123000.0,2.0625,1.0723603837605989E-7,123000.0,78.60000000000001,78.60000000000001,-375.5555555555551,78.60000000000001,123000.0,269632.0,15.0,8.0,8.0,5.0,0.0,0.0,1.0
124000.0,2.078125,1.0832594448907518E-7,124000.0,77.3,77.3,-453.65853658536525,77.3,124000.0,269632.0,15.0,8.0,8.0,5.0,0.0,0.0,1.0
125000.0,2.09375,1.0941585060209046E-7,125000.0,78.7,78.7,-384.0909090909086,78.7,125000.0,269632.0,15.0,8.0,8.0,5.0,0.0,0.0,1.0
126000.0,2.09375,1.0941585060209046E-7,126000.0,79.2,79.2,-299.99999999999955,79.2,126000.0,269632.0,15.0,8.0,8.0,5.0,0.0,0.0,1.0
127000.0,2.09375,1.0941585060209046E-7,127000.0,76.7,76.7,-365.99999999999955,76.7,127000.0,269632.0,15.0,8.0,8.0,5.0,0.0,0.0,1.0
128000.0,2.09375,1.0941585060209046E-7,128000.0,80.7,80.7,-359.523809523809,80.7,128000.0,269632.0,15.0,8.0,8.0,5.0,0.0,0.0,1.0
129000.0,2.140625,1.1268556894113631E-7,129000.0,82.6,82.6,-334.9999999999997,82.6,129000.0,269632.0,15.0,8.0,8.0,5.0,0.0,0.0,1.0
130000.0,2.15625,1.137754750541516E-7,130000.0,84.39999999999999,84.39999999999999,-345.71428571428544,84.39999999999999,130000.0,269632.0,15.0,8.0,8.0,5.0,0.0,0.0,1.0
131000.0,2.171875,1.1486538116716688E-7,131000.0,88.4,88.4,-404.347826086956,88.4,131000.0,269632.0,15.0,8.0,8.0,5.0,0.0,0.0,1.0
132000.0,2.1875,1.1595528728018217E-7,132000.0,91.2,91.2,-266.66666666666623,91.2,132000.0,269632.0,15.0,8.0,8.0,5.0,0.0,0.0,1.0
133000.0,2.203125,1.1704519339319746E-7,133000.0,87.4,87.4,-472.72727272727224,87.4,133000.0,269632.0,15.0,8.0,8.0,5.0,0.0,0.0,1.0
134000.0,2.21875,1.1813509950621274E-7,134000.0,88.2,88.2,-413.0434782608691,88.2,134000.0,269632.0,15.0,8.0,8.0,5.0,0.0,0.0,1.0
135000.0,2.234375,1.1923373676836504E-7,135000.0,88.3,88.3,-367.99999999999955,88.20564516129032,135000.0,271792.0,15.0,8.0,8.0,5.0,0.0,0.0,1.0
136000.0,2.234375,1.1923373676836504E-7,136000.0,86.3,86.29523074029763,-407.407407407407,85.8908341915551,136000.0,271792.0,15.0,8.0,8.0,5.0,0.0,0.0,1.0
137000.0,2.234375,1.1923373676836504E-7,137000.0,84.8,84.8,-424.1379310344824,84.2159916926272,137000.0,271792.0,15.0,8.0,8.0,5.0,0.0,0.0,1.0
138000.0,2.28125,1.2291430418069177E-7,138000.0,87.6,87.6,-342.8571428571425,87.17683557394002,138000.0,303512.0,17.0,9.0,9.0,6.0,0.0,0.0,1.0
139000.0,2.296875,1.2416211474272954E-7,139000.0,88.9,88.9,-246.87499999999966,88.61538461538461,139000.0,308696.0,17.0,9.0,9.0,6.0,0.0,0.0,1.0
140000.0,2.328125,1.266751981650791E-7,140000.0,88.0,88.0,-252.94117647058792,87.5776397515528,140000.0,310856.0,17.0,9.0,9.0,6.0,0.0,0.0,1.0
141000.0,2.34375,1.2793173987625388E-7,141000.0,86.5,86.49941947503741,-193.47826086956496,85.89341692789968,141000.0,310856.0,17.0,9.0,9.0,6.0,0.0,0.0,1.0
142000.0,2.359375,1.2918828158742867E-7,142000.0,87.3,87.29668443463744,-195.34883720930208,86.92070030895984,142000.0,310856.0,17.0,9.0,9.0,6.0,0.0,0.0,1.0
143000.0,2.375,1.3043243800186465E-7,143000.0,85.7,85.69485014605259,-393.1034482758617,85.40816326530613,143000.0,307792.0,19.0,10.0,10.0,6.0,0.0,0.0,1.0
144000.0,2.375,1.3043243800186465E-7,144000.0,84.39999999999999,84.39750360057609,-419.99999999999966,84.24242424242424,144000.0,307792.0,19.0,10.0,10.0,6.0,0.0,0.0,1.0
145000.0,2.390625,1.3167659441630063E-7,145000.0,84.2,84.1986252803994,-586.9565217391299,84.15245737211634,145000.0,307792.0,19.0,10.0,10.0,6.0,0.0,0.0,1.0
146000.0,2.40625,1.3293297443952842E-7,146000.0,80.30000000000001,80.30000000000001,-556.666666666666,80.30000000000001,146000.0,310816.0,19.0,10.0,10.0,6.0,0.0,0.0,1.0
147000.0,2.421875,1.3431931923454024E-7,147000.0,77.60000000000001,77.60000000000001,-646.666666666666,77.60000000000001,147000.0,342968.0,21.0,11.0,11.0,6.0,0.0,0.0,1.0
148000.0,2.453125,1.3737638558571555E-7,148000.0,88.2,88.2,-413.0434782608691,88.2,148000.0,378144.0,23.0,12.0,12.0,7.0,0.0,0.0,1.0
149000.0,2.46875,1.3891714237009502E-7,149000.0,80.7,80.7,-864.999999999999,80.7,149000.0,381168.0,23.0,12.0,12.0,7.0,0.0,0.0,1.0
150000.0,2.484375,1.404578991544745E-7,150000.0,81.89999999999999,81.89999999999999,-596.1538461538457,81.89999999999999,150000.0,381168.0,23.0,12.0,12.0,7.0,0.0,0.0,1.0
151000.0,2.5,1.4199865593885396E-7,151000.0,80.7,80.7,-704.1666666666657,80.7,151000.0,381168.0,23.0,12.0,12.0,7.0,0.0,0.0,1.0
152000.0,2.5,1.4199865593885396E-7,152000.0,84.89999999999999,84.89999999999999,-308.1081081081078,84.89999999999999,152000.0,383328.0,23.0,12.0,12.0,7.0,0.0,0.0,1.0
153000.0,2.5,1.4199865593885396E-7,153000.0,82.1,82.1,-539.2857142857139,82.1,153000.0,381560.0,25.0,13.0,13.0,7.0,0.0,0.0,1.0
154000.0,2.53125,1.4508333859137377E-7,154000.0,90.4,90.4,-219.99999999999963,90.4,154000.0,381560.0,25.0,13.0,13.0,7.0,0.0,0.0,1.0
155000.0,2.5625,1.4816802124389359E-7,155000.0,90.10000000000001,90.10000000000001,-253.57142857142816,90.10000000000001,155000.0,381560.0,25.0,13.0,13.0,7.0,0.0,0.0,1.0
156000.0,2.5625,1.4816802124389359E-7,156000.0,91.9,91.9,-223.99999999999957,91.9,156000.0,381560.0,25.0,13.0,13.0,7.0,0.0,0.0,1.0
157000.0,2.59375,1.512527038964134E-7,157000.0,90.10000000000001,90.10000000000001,-209.37499999999966,90.10000000000001,157000.0,381560.0,25.0,13.0,13.0,7.0,0.0,0.0,1.0
158000.0,2.609375,1.527950452226733E-7,158000.0,85.6,85.6,-433.333333333333,85.6,158000.0,381560.0,25.0,13.0,13.0,7.0,0.0,0.0,1.0
159000.0,2.640625,1.561675970959996E-7,159000.0,77.8,77.8,-454.99999999999943,77.8,159000.0,417168.0,27.0,14.0,14.0,7.0,0.0,0.0,1.0
160000.0,2.65625,1.5785387303266275E-7,160000.0,79.10000000000001,79.10000000000001,-335.41666666666623,79.10000000000001,160000.0,417168.0,27.0,14.0,14.0,7.0,0.0,0.0,1.0
161000.0,2.671875,1.5968932226921137E-7,161000.0,80.4,80.4,-262.96296296296254,80.4,161000.0,454072.0,29.0,15.0,15.0,8.0,0.0,0.0,1.0
162000.0,2.6875,1.6153350265489699E-7,162000.0,79.7,79.7,-322.91666666666623,79.7,162000.0,456232.0,29.0,15.0,15.0,8.0,0.0,0.0,1.0
163000.0,2.71875,1.6522186342626825E-7,163000.0,71.3,71.3,-441.50943396226376,71.3,163000.0,456232.0,29.0,15.0,15.0,8.0,0.0,0.0,1.0
164000.0,2.734375,1.6706604381195386E-7,164000.0,79.9,79.9,-229.5081967213111,79.9,164000.0,456232.0,29.0,15.0,15.0,8.0,0.0,0.0,1.0
165000.0,2.75,1.6891022419763948E-7,165000.0,70.0,70.0,-524.9999999999995,70.0,165000.0,456232.0,29.0,15.0,15.0,8.0,0.0,0.0,1.0
166000.0,2.765625,1.708897697325383E-7,166000.0,60.099999999999994,60.099999999999994,-806.8181818181811,60.099999999999994,166000.0,489720.0,29.0,15.0,15.0,8.0,0.0,0.0,1.0
167000.0,2.78125,1.7286931526743714E-7,167000.0,71.7,71.7,-558.1395348837204,71.7,167000.0,489720.0,29.0,15.0,15.0,8.0,0.0,0.0,1.0
168000.0,2.78125,1.7286931526743714E-7,168000.0,77.2,77.2,-418.18181818181773,77.2,168000.0,489720.0,29.0,15.0,15.0,8.0,0.0,0.0,1.0
169000.0,2.796875,1.7484886080233597E-7,169000.0,80.30000000000001,80.30000000000001,-479.4117647058817,80.30000000000001,169000.0,489720.0,29.0,15.0,15.0,8.0,0.0,0.0,1.0
170000.0,2.828125,1.7909200525739136E-7,170000.0,82.39999999999999,82.39999999999999,-417.6470588235291,82.39999999999999,170000.0,524856.0,33.0,17.0,17.0,10.0,0.0,0.0,1.0
171000.0,2.84375,1.8136640493240632E-7,171000.0,86.6,86.6,-243.5897435897433,86.54618473895582,171000.0,562664.0,33.0,17.0,17.0,10.0,0.0,0.0,1.0
172000.0,2.875,1.859152042824362E-7,172000.0,83.3,83.3,-263.04347826086934,82.9417773237998,172000.0,562664.0,33.0,17.0,17.0,10.0,0.0,0.0,1.0
173000.0,2.890625,1.8818960395745117E-7,173000.0,75.1,75.1,-453.33333333333286,74.22360248447205,173000.0,562664.0,33.0,17.0,17.0,10.0,0.0,0.0,1.0
174000.0,2.90625,1.9046400363246612E-7,174000.0,76.2,76.2,-440.90909090909037,75.564681724846,174000.0,562664.0,33.0,17.0,17.0,10.0,0.0,0.0,1.0
175000.0,2.921875,1.928790071461765E-7,175000.0,72.5,72.5,-428.8461538461534,71.11344537815125,175000.0,597448.0,33.0,17.0,17.0,10.0,0.0,0.0,1.0
176000.0,2.953125,1.9772647647187127E-7,176000.0,73.9,73.9,-401.92307692307645,72.61280167890871,176000.0,599608.0,33.0,17.0,17.0,10.0,0.0,0.0,1.0
177000.0,2.96875,2.0015021113471866E-7,177000.0,74.9,74.9,-401.9999999999995,73.38282078472959,177000.0,599608.0,33.0,17.0,17.0,10.0,0.0,0.0,1.0
178000.0,2.984375,2.0269343319038565E-7,178000.0,61.5,61.49857544729155,-640.3846153846147,60.020768431983385,178000.0,629168.0,35.0,18.0,18.0,10.0,0.0,0.0,1.0
179000.0,3.0,2.0541551445300394E-7,179000.0,63.5,63.483202273045606,-601.9230769230763,62.755102040816325,179000.0,673416.0,37.0,19.0,19.0,10.0,0.0,0.0,1.0
180000.0,3.0,2.0541551445300394E-7,180000.0,69.3,69.2776033728588,-613.9534883720925,68.44809866392599,180000.0,678600.0,37.0,19.0,19.0,10.0,0.0,0.0,1.0
181000.0,3.0,2.0541551445300394E-7,181000.0,72.5,72.47525525447377,-605.1282051282046,71.62022703818369,181000.0,718096.0,39.0,20.0,20.0,10.0,0.0,0.0,1.0
182000.0,3.0,2.0541551445300394E-7,182000.0,79.5,79.4896627900462,-425.6410256410251,79.06026557711951,182000.0,752840.0,41.0,21.0,21.0,10.0,0.0,0.0,1.0
183000.0,3.03125,2.1151923445156894E-7,183000.0,89.9,89.89787855449644,-260.7142857142853,89.75659229208925,183000.0,755000.0,41.0,21.0,21.0,10.0,0.0,0.0,1.0
184000.0,3.078125,2.218286843142577E-7,184000.0,88.4,88.39675109030529,-274.19354838709637,88.23529411764706,184000.0,850152.0,47.0,24.0,24.0,10.0,0.0,0.0,1.0
185000.0,3.09375,2.252789434149035E-7,185000.0,83.3,83.29749462419362,-279.5454545454543,83.13131313131312,185000.0,853560.0,49.0,25.0,25.0,10.0,0.0,0.0,1.0
186000.0,3.125,2.3217946161619506E-7,186000.0,79.7,79.69780736319522,-434.21052631578885,79.45344129554657,186000.0,853560.0,49.0,25.0,25.0,10.0,0.0,0.0,1.0
187000.0,3.15625,2.391044917102491E-7,187000.0,82.8,82.79225651543194,-364.86486486486456,82.35897435897435,187000.0,856592.0,49.0,25.0,25.0,10.0,0.0,0.0,1.0
188000.0,3.171875,2.425670067572761E-7,188000.0,82.39999999999999,82.39297479694397,-225.92592592592572,82.02247191011236,188000.0,856592.0,49.0,25.0,25.0,10.0,0.0,0.0,1.0
189000.0,3.203125,2.494920368513301E-7,189000.0,86.0,85.99058567357264,-164.1509433962262,85.65573770491804,189000.0,856592.0,49.0,25.0,25.0,10.0,0.0,0.0,1.0
190000.0,3.21875,2.5295455189835715E-7,190000.0,78.7,78.68676448074254,-287.27272727272685,78.1985670419652,190000.0,856592.0,49.0,25.0,25.0,10.0,0.0,0.0,1.0
191000.0,3.234375,2.564170669453842E-7,191000.0,74.4,74.37775989558936,-349.1228070175435,73.66255144032921,191000.0,856592.0,49.0,25.0,25.0,10.0,0.0,0.0,1.0
192000.0,3.265625,2.6390069655867107E-7,192000.0,75.8,75.76592689321186,-476.19047619047564,74.84407484407485,192000.0,925688.0,51.0,26.0,26.0,11.0,0.0,0.0,1.0
193000.0,3.296875,2.7140883806472045E-7,193000.0,84.3,84.29010276474177,-336.1111111111108,83.9632277834525,193000.0,928720.0,51.0,26.0,26.0,11.0,0.0,0.0,1.0
194000.0,3.328125,2.7891697957076983E-7,194000.0,83.6,83.58626170104377,-320.5128205128202,83.14491264131551,194000.0,928720.0,51.0,26.0,26.0,11.0,0.0,0.0,1.0
195000.0,3.359375,2.866849859452084E-7,195000.0,82.1,82.08597331710729,-517.2413793103444,81.6032887975334,195000.0,960864.0,53.0,27.0,27.0,11.0,0.0,0.0,1.0
196000.0,3.375,2.905812450788089E-7,196000.0,77.60000000000001,77.5848697871063,-505.4054054054048,77.02564102564102,196000.0,963896.0,53.0,27.0,27.0,11.0,0.0,0.0,1.0
197000.0,3.40625,2.9837376334601E-7,197000.0,72.6,72.5860188696235,-783.8709677419348,72.1261444557477,197000.0,963896.0,53.0,27.0,27.0,11.0,0.0,0.0,1.0
198000.0,3.40625,2.9837376334601E-7,198000.0,74.7,74.69605258420313,-716.1290322580638,74.54728370221328,198000.0,966056.0,53.0,27.0,27.0,11.0,0.0,0.0,1.0
199000.0,3.453125,3.101149276416337E-7,199000.0,74.1,74.09691753318644,-763.3333333333326,73.91742195367573,199000.0,968216.0,53.0,27.0,27.0,11.0,0.0,0.0,1.0
200000.0,3.46875,3.1402864907350826E-7,200000.0,79.0,78.99086102454568,-556.2499999999993,78.68020304568529,200000.0,968216.0,53.0,27.0,27.0,11.0,0.0,0.0,1.0
201000.0,3.484375,3.1795983280365686E-7,201000.0,68.30000000000001,68.28833010547882,-832.3529411764696,67.78455284552845,201000.0,972536.0,53.0,27.0,27.0,11.0,0.0,0.0,1.0
202000.0,3.5,3.2189101653380547E-7,202000.0,78.60000000000001,78.5842379991674,-529.4117647058818,78.09621289662232,202000.0,972536.0,53.0,27.0,27.0,11.0,0.0,0.0,1.0
203000.0,3.53125,3.297533839941027E-7,203000.0,84.8,84.7858812978444,-270.7317073170729,84.34603501544798,203000.0,972536.0,53.0,27.0,27.0,11.0,0.0,0.0,1.0
204000.0,3.546875,3.336845677242513E-7,204000.0,82.89999999999999,82.8841849869279,-297.6744186046509,82.51533742331289,204000.0,972536.0,53.0,27.0,27.0,11.0,0.0,0.0,1.0
205000.0,3.578125,3.415818597810966E-7,205000.0,83.2,83.18882056567617,-319.9999999999997,82.87461773700305,205000.0,976856.0,53.0,27.0,27.0,11.0,0.0,0.0,1.0
206000.0,3.609375,3.497498821363683E-7,206000.0,87.0,86.99581265167384,-282.35294117647027,86.81541582150102,206000.0,1010344.0,53.0,27.0,27.0,11.0,0.0,0.0,1.0
207000.0,3.625,3.5383389331400414E-7,207000.0,86.8,86.79362131909713,-325.80645161290283,86.51685393258427,207000.0,1010344.0,53.0,27.0,27.0,11.0,0.0,0.0,1.0
208000.0,3.625,3.5383389331400414E-7,208000.0,93.5,93.49471771078116,-109.67741935483835,93.30587023686921,208000.0,1012504.0,53.0,27.0,27.0,11.0,0.0,0.0,1.0
209000.0,3.6875,3.7025375705626294E-7,209000.0,94.5,94.47580402161466,-89.65517241379311,94.14893617021278,209000.0,1015528.0,53.0,27.0,27.0,11.0,0.0,0.0,1.0
210000.0,3.71875,3.7846368892739234E-7,210000.0,89.9,89.89058813755607,-146.34146341463386,89.70438328236494,210000.0,1015528.0,53.0,27.0,27.0,11.0,0.0,0.0,1.0
211000.0,3.71875,3.7846368892739234E-7,211000.0,88.8,88.79753545780072,-194.73684210526287,88.67542972699697,211000.0,1018560.0,53.0,27.0,27.0,11.0,0.0,0.0,1.0
212000.0,3.71875,3.7846368892739234E-7,212000.0,86.5,86.49016484000353,-285.71428571428544,86.1111111111111,212000.0,1021592.0,53.0,27.0,27.0,11.0,0.0,0.0,1.0
213000.0,3.71875,3.7846368892739234E-7,213000.0,82.69999999999999,82.68694595725177,-343.5897435897433,82.18331616889803,213000.0,1021592.0,53.0,27.0,27.0,11.0,0.0,0.0,1.0
214000.0,3.78125,3.9498160024070097E-7,214000.0,82.19999999999999,82.18403689705977,-368.4210526315787,81.61157024793387,214000.0,1021592.0,53.0,27.0,27.0,11.0,0.0,0.0,1.0
215000.0,3.8125,4.0327172933353337E-7,215000.0,73.7,73.6671365864599,-557.4999999999994,72.63267429760666,215000.0,1025448.0,55.0,28.0,28.0,11.0,0.0,0.0,1.0
216000.0,3.84375,4.117728288595877E-7,216000.0,75.6,75.53676253114301,-639.3939393939387,74.17989417989418,216000.0,1051544.0,57.0,29.0,29.0,11.0,0.0,0.0,1.0
217000.0,3.84375,4.117728288595877E-7,217000.0,78.10000000000001,78.04625723771792,-421.42857142857093,76.99579831932773,217000.0,1054568.0,57.0,29.0,29.0,11.0,0.0,0.0,1.0
218000.0,3.84375,4.117728288595877E-7,218000.0,78.10000000000001,78.02506547326384,-365.95744680851016,76.82539682539684,218000.0,1057592.0,57.0,29.0,29.0,11.0,0.0,0.0,1.0
219000.0,3.90625,4.289985453296041E-7,219000.0,81.3,81.27247053168156,-484.37499999999966,80.62176165803108,219000.0,1065368.0,57.0,29.0,29.0,11.0,0.0,0.0,1.0
220000.0,3.953125,4.4191783268211637E-7,220000.0,87.3,87.28965377817543,-252.77777777777746,87.01431492842536,220000.0,1065368.0,57.0,29.0,29.0,11.0,0.0,0.0,1.0
221000.0,3.96875,4.4622426179962047E-7,221000.0,88.9,88.89438055656163,-164.28571428571402,88.63868986693961,221000.0,1065368.0,57.0,29.0,29.0,11.0,0.0,0.0,1.0
222000.0,3.96875,4.4622426179962047E-7,222000.0,87.9,87.89212988442488,-152.08333333333312,87.58974358974359,222000.0,1065368.0,57.0,29.0,29.0,11.0,0.0,0.0,1.0
223000.0,4.015625,4.5914354915213276E-7,223000.0,86.7,86.69608865006312,-182.97872340425508,86.51115618661257,223000.0,1065368.0,57.0,29.0,29.0,11.0,0.0,0.0,1.0
224000.0,4.03125,4.6344997826963686E-7,224000.0,85.3,85.29894152378971,-206.24999999999977,85.18145161290323,224000.0,1065368.0,57.0,29.0,29.0,11.0,0.0,0.0,1.0
225000.0,4.0625,4.7206283650464505E-7,225000.0,88.8,88.79968639121896,-148.88888888888866,88.72104733131924,225000.0,1065368.0,57.0,29.0,29.0,11.0,0.0,0.0,1.0
226000.0,4.078125,4.7636926562214914E-7,226000.0,90.8,90.79908910982188,-155.55555555555526,90.69767441860466,226000.0,1065368.0,57.0,29.0,29.0,11.0,0.0,0.0,1.0
227000.0,4.09375,4.806756947396532E-7,227000.0,91.2,91.19920792871359,-158.82352941176438,91.12008072653886,227000.0,1065368.0,57.0,29.0,29.0,11.0,0.0,0.0,1.0
228000.0,4.109375,4.849821238571573E-7,228000.0,90.0,89.99719921578043,-177.7777777777775,89.8580121703854,228000.0,1065368.0,57.0,29.0,29.0,11.0,0.0,0.0,1.0
229000.0,4.140625,4.935949820921655E-7,229000.0,89.1,89.09801583888269,-186.8421052631576,88.94523326572008,229000.0,1065368.0,57.0,29.0,29.0,11.0,0.0,0.0,1.0
230000.0,4.171875,5.022078403271737E-7,230000.0,83.3,83.29766167263416,-297.61904761904736,83.06288032454361,230000.0,1065368.0,57.0,29.0,29.0,11.0,0.0,0.0,1.0
231000.0,4.1875,5.065142694446777E-7,231000.0,85.6,85.59270991121507,-206.38297872340402,85.26100307062437,231000.0,1065368.0,57.0,29.0,29.0,11.0,0.0,0.0,1.0
232000.0,4.21875,5.151271276796859E-7,232000.0,86.3,86.29501138414383,-218.60465116279042,85.93429158110882,232000.0,1065368.0,57.0,29.0,29.0,11.0,0.0,0.0,1.0
233000.0,4.25,5.237399859146941E-7,233000.0,86.4,86.39580990945211,-171.99999999999977,86.09406952965234,233000.0,1065368.0,57.0,29.0,29.0,11.0,0.0,0.0,1.0
234000.0,4.28125,5.323528441497023E-7,234000.0,84.89999999999999,84.89546864059217,-228.26086956521715,84.59183673469387,234000.0,1065368.0,57.0,29.0,29.0,11.0,0.0,0.0,1.0
235000.0,4.3125,5.409657023847105E-7,235000.0,81.2,81.19296616934734,-283.67346938775466,80.77709611451944,235000.0,1065368.0,57.0,29.0,29.0,11.0,0.0,0.0,1.0
236000.0,4.328125,5.452843551110064E-7,236000.0,77.0,76.98835610819074,-303.50877192982415,76.48261758691207,236000.0,1068392.0,57.0,29.0,29.0,11.0,0.0,0.0,1.0
237000.0,4.328125,5.452843551110064E-7,237000.0,73.3,73.27530638309798,-433.99999999999955,72.53086419753086,237000.0,1068392.0,57.0,29.0,29.0,11.0,0.0,0.0,1.0
238000.0,4.40625,5.66877618742486E-7,238000.0,73.2,73.14209435543032,-446.93877551020364,71.96652719665272,238000.0,1068392.0,57.0,29.0,29.0,11.0,0.0,0.0,1.0
239000.0,4.4375,5.755323864933519E-7,239000.0,70.3,70.134425253606,-421.052631578947,67.5764192139738,239000.0,1070552.0,57.0,29.0,29.0,11.0,0.0,0.0,1.0
240000.0,4.46875,5.841871542442177E-7,240000.0,69.89999999999999,69.68170829975826,-447.2727272727269,66.92307692307692,240000.0,1070552.0,57.0,29.0,29.0,11.0,0.0,0.0,1.0
241000.0,4.46875,5.841871542442177E-7,241000.0,71.8,71.56160090034761,-412.72727272727235,68.63181312569522,241000.0,1070552.0,57.0,29.0,29.0,11.0,0.0,0.0,1.0
242000.0,4.515625,5.971738654706215E-7,242000.0,70.6,70.34951268314722,-302.7397260273976,67.47787610619469,242000.0,1070928.0,59.0,30.0,30.0,11.0,0.0,0.0,1.0
243000.0,4.546875,6.058561848476531E-7,243000.0,64.1,63.945397866049625,-391.7808219178085,61.521972132904615,243000.0,1073960.0,59.0,30.0,30.0,11.0,0.0,0.0,1.0
244000.0,4.5625,6.103327096853821E-7,244000.0,63.5,63.33368157964527,-444.7761194029855,61.41649048625793,244000.0,1107448.0,59.0,30.0,30.0,11.0,0.0,0.0,1.0
245000.0,4.578125,6.148092345231111E-7,245000.0,71.3,71.23072358238637,-355.555555555556,70.01044932079414,245000.0,1107448.0,59.0,30.0,30.0,11.0,0.0,0.0,1.0
246000.0,4.625,6.282388090362982E-7,246000.0,77.2,77.14881334188583,-307.14285714285677,75.84745762711864,246000.0,1107448.0,59.0,30.0,30.0,11.0,0.0,0.0,1.0
247000.0,4.640625,6.327153338740272E-7,247000.0,74.4,74.31616797226145,-468.8888888888884,72.64957264957265,247000.0,1107448.0,59.0,30.0,30.0,11.0,0.0,0.0,1.0
248000.0,4.6875,6.461449083872142E-7,248000.0,70.0,69.90067221832047,-499.99999999999955,68.25396825396824,248000.0,1107448.0,59.0,30.0,30.0,11.0,0.0,0.0,1.0
249000.0,4.703125,6.506336891713245E-7,249000.0,72.8,72.74153058310075,-597.4358974358968,71.6961498439126,249000.0,1110480.0,59.0,30.0,30.0,11.0,0.0,0.0,1.0
250000.0,4.71875,6.551224699554347E-7,250000.0,64.7,64.62358694780727,-720.9302325581388,63.72045220966084,250000.0,1110480.0,59.0,30.0,30.0,11.0,0.0,0.0,1.0
251000.0,4.765625,6.685888123077654E-7,251000.0,62.8,62.68776479650789,-765.1162790697666,61.57024793388429,251000.0,1110480.0,59.0,30.0,30.0,11.0,0.0,0.0,1.0
252000.0,4.78125,6.730775930918756E-7,252000.0,64.0,63.97982870407428,-778.048780487804,63.26530612244898,252000.0,1110480.0,59.0,30.0,30.0,11.0,0.0,0.0,1.0
253000.0,4.8125,6.820726169583701E-7,253000.0,70.6,70.54037371640199,-583.7209302325576,69.24686192468619,253000.0,1112640.0,59.0,30.0,30.0,11.0,0.0,0.0,1.0
254000.0,4.84375,6.910676408248646E-7,254000.0,68.60000000000001,68.59497519603137,-647.6190476190468,68.28282828282829,254000.0,1112640.0,59.0,30.0,30.0,11.0,0.0,0.0,1.0
255000.0,4.875,7.000871765841215E-7,255000.0,70.0,69.99774983123733,-809.0909090909084,69.84924623115577,255000.0,1115672.0,59.0,30.0,30.0,11.0,0.0,0.0,1.0
256000.0,4.90625,7.091067123433784E-7,256000.0,77.7,77.69879573496969,-418.6046511627902,77.49747729566096,256000.0,1115672.0,59.0,30.0,30.0,11.0,0.0,0.0,1.0
257000.0,4.9375,7.181507599953978E-7,257000.0,70.19999999999999,70.19999999999999,-626.8292682926824,70.19999999999999,257000.0,1118704.0,59.0,30.0,30.0,11.0,0.0,0.0,1.0
258000.0,4.96875,7.272193195401797E-7,258000.0,79.5,79.5,-469.44444444444383,79.5,258000.0,1121736.0,59.0,30.0,30.0,11.0,0.0,0.0,1.0
259000.0,4.96875,7.272193195401797E-7,259000.0,82.3,82.2999645999292,-353.8461538461536,82.26452905811624,259000.0,1121736.0,59.0,30.0,30.0,11.0,0.0,0.0,1.0
260000.0,5.015625,7.408221588573524E-7,260000.0,78.2,78.18586444015723,-327.4509803921564,77.5950668036999,260000.0,1121736.0,59.0,30.0,30.0,11.0,0.0,0.0,1.0
261000.0,5.03125,7.453686945761245E-7,261000.0,77.5,77.49669201372602,-411.36363636363586,77.0173646578141,261000.0,1124768.0,59.0,30.0,30.0,11.0,0.0,0.0,1.0
262000.0,5.0625,7.544617660136688E-7,262000.0,71.89999999999999,71.88740555768985,-473.4693877551016,70.23305084745762,262000.0,1124768.0,59.0,30.0,30.0,11.0,0.0,0.0,1.0
263000.0,5.109375,7.681013731699852E-7,263000.0,76.4,76.39702602527919,-280.6451612903222,75.36534446764091,263000.0,1124768.0,59.0,30.0,30.0,11.0,0.0,0.0,1.0
264000.0,5.109375,7.681013731699852E-7,264000.0,76.4,76.38086850348783,-202.56410256410268,74.31991294885746,264000.0,1127800.0,59.0,30.0,30.0,11.0,0.0,0.0,1.0
265000.0,5.171875,7.863365398305987E-7,265000.0,72.5,72.48728912757694,-205.55555555555566,70.55674518201286,265000.0,1127800.0,59.0,30.0,30.0,11.0,0.0,0.0,1.0
266000.0,5.203125,7.954541231609054E-7,266000.0,77.7,77.69875113006329,-227.94117647058846,77.05761316872429,266000.0,1127800.0,59.0,30.0,30.0,11.0,0.0,0.0,1.0
267000.0,5.21875,8.000129148260588E-7,267000.0,80.0,79.9918366693611,-189.85507246376827,79.65412004069177,267000.0,1127800.0,59.0,30.0,30.0,11.0,0.0,0.0,1.0
268000.0,5.234375,8.045717064912123E-7,268000.0,81.39999999999999,81.38671011101927,-264.70588235294093,81.00102145045965,268000.0,1127800.0,59.0,30.0,30.0,11.0,0.0,0.0,1.0
269000.0,5.234375,8.045717064912123E-7,269000.0,77.60000000000001,77.5865070772605,-250.00000000000026,77.28194726166329,269000.0,1127800.0,59.0,30.0,30.0,11.0,0.0,0.0,1.0
270000.0,5.296875,8.228068731518257E-7,270000.0,76.1,76.09237346713601,-267.69230769230796,75.83417593528817,270000.0,1127800.0,59.0,30.0,30.0,11.0,0.0,0.0,1.0
271000.0,5.328125,8.319244564821324E-7,271000.0,73.9,73.88537581045385,-301.5384615384619,73.52941176470587,271000.0,1127800.0,59.0,30.0,30.0,11.0,0.0,0.0,1.0
272000.0,5.34375,8.364832481472859E-7,272000.0,77.60000000000001,77.57376130072184,-299.9999999999996,76.90721649484537,272000.0,1127800.0,59.0,30.0,30.0,11.0,0.0,0.0,1.0
273000.0,5.34375,8.364832481472859E-7,273000.0,70.3,70.19071917650105,-371.4285714285719,68.8352570828961,273000.0,1127800.0,59.0,30.0,30.0,11.0,0.0,0.0,1.0
274000.0,5.390625,8.50159623142746E-7,274000.0,71.39999999999999,71.18213695538269,-495.83333333333286,69.18103448275862,274000.0,1127800.0,59.0,30.0,30.0,11.0,0.0,0.0,1.0
275000.0,5.40625,8.547184148078994E-7,275000.0,73.9,73.82461489088575,-455.31914893616977,72.11538461538463,275000.0,1127800.0,59.0,30.0,30.0,11.0,0.0,0.0,1.0
276000.0,5.4375,8.638359981382062E-7,276000.0,71.0,70.92918349098404,-590.47619047619,69.2144373673036,276000.0,1127800.0,59.0,30.0,30.0,11.0,0.0,0.0,1.0
277000.0,5.453125,8.683947898033596E-7,277000.0,70.5,70.47652884042813,-467.30769230769187,70.05076142131979,277000.0,1127800.0,59.0,30.0,30.0,11.0,0.0,0.0,1.0
278000.0,5.453125,8.683947898033596E-7,278000.0,70.7,70.65715945280108,-485.9999999999996,70.10204081632652,278000.0,1127800.0,59.0,30.0,30.0,11.0,0.0,0.0,1.0
279000.0,5.515625,8.86629956463973E-7,279000.0,70.89999999999999,70.85978650537741,-532.6086956521734,70.45685279187816,279000.0,1127800.0,59.0,30.0,30.0,11.0,0.0,0.0,1.0
280000.0,5.53125,8.911887481291265E-7,280000.0,64.7,64.67209095185197,-635.416666666666,64.34343434343435,280000.0,1127800.0,59.0,30.0,30.0,11.0,0.0,0.0,1.0
281000.0,5.5625,9.003063314594332E-7,281000.0,68.2,68.19083896162095,-675.6097560975602,67.94354838709677,281000.0,1127800.0,59.0,30.0,30.0,11.0,0.0,0.0,1.0
282000.0,5.5625,9.003063314594332E-7,282000.0,66.9,66.8482833219823,-561.9999999999993,66.0860655737705,282000.0,1127800.0,59.0,30.0,30.0,11.0,0.0,0.0,1.0
283000.0,5.5625,9.003063314594332E-7,283000.0,68.0,67.95847418254057,-661.9047619047611,67.11202466598151,283000.0,1127800.0,59.0,30.0,30.0,11.0,0.0,0.0,1.0
284000.0,5.625,9.185414981200466E-7,284000.0,62.9,62.85475709414066,-762.7906976744179,61.79196704428425,284000.0,1127800.0,59.0,30.0,30.0,11.0,0.0,0.0,1.0
285000.0,5.65625,9.276590814503534E-7,285000.0,63.2,63.19227037677913,-797.5609756097552,62.82828282828283,285000.0,1127800.0,59.0,30.0,30.0,11.0,0.0,0.0,1.0
286000.0,5.671875,9.322178731155068E-7,286000.0,64.2,64.18495768222654,-732.558139534883,63.947633434038266,286000.0,1127800.0,59.0,30.0,30.0,11.0,0.0,0.0,1.0
287000.0,5.671875,9.322178731155068E-7,287000.0,64.5,64.49062552513864,-671.7391304347819,64.35742971887551,287000.0,1127800.0,59.0,30.0,30.0,11.0,0.0,0.0,1.0
288000.0,5.71875,9.458942481109669E-7,288000.0,62.7,62.6964188562102,-661.2244897959176,62.62525050100201,288000.0,1127800.0,59.0,30.0,30.0,11.0,0.0,0.0,1.0
289000.0,5.75,9.550118314412737E-7,289000.0,65.3,65.3,-813.1578947368413,65.3,289000.0,1127800.0,59.0,30.0,30.0,11.0,0.0,0.0,1.0
290000.0,5.78125,9.64153926664343E-7,290000.0,62.2,62.2,-704.2553191489355,62.2,290000.0,1130832.0,59.0,30.0,30.0,11.0,0.0,0.0,1.0
291000.0,5.78125,9.64153926664343E-7,291000.0,64.8,64.79126823452216,-590.1960784313719,64.51612903225806,291000.0,1130832.0,59.0,30.0,30.0,11.0,0.0,0.0,1.0
292000.0,5.78125,9.64153926664343E-7,292000.0,69.39999999999999,69.39265423701688,-477.3584905660373,69.15322580645162,292000.0,1130832.0,59.0,30.0,30.0,11.0,0.0,0.0,1.0
293000.0,5.84375,9.824381171104813E-7,293000.0,70.3,70.29667322740146,-624.3902439024386,70.0906344410876,293000.0,1130832.0,59.0,30.0,30.0,11.0,0.0,0.0,1.0
294000.0,5.875,9.915802123335505E-7,294000.0,68.2,68.194656702326,-639.5348837209294,67.81376518218623,294000.0,1130832.0,59.0,30.0,30.0,11.0,0.0,0.0,1.0
295000.0,5.90625,1.0007223075566198E-6,295000.0,70.0,69.99900996732892,-597.6744186046507,69.90972918756269,295000.0,1130832.0,59.0,30.0,30.0,11.0,0.0,0.0,1.0
296000.0,5.90625,1.0007223075566198E-6,296000.0,65.4,65.4,-668.8888888888881,65.4,296000.0,1130832.0,59.0,30.0,30.0,11.0,0.0,0.0,1.0
297000.0,5.953125,1.0144354503912236E-6,297000.0,69.69999999999999,69.69999999999999,-639.024390243902,69.69999999999999,297000.0,1130832.0,59.0,30.0,30.0,11.0,0.0,0.0,1.0
298000.0,5.984375,1.0235775456142929E-6,298000.0,70.8,70.8,-689.1891891891886,70.8,298000.0,1130832.0,59.0,30.0,30.0,11.0,0.0,0.0,1.0
299000.0,6.0,1.0281485932258274E-6,299000.0,66.0,66.0,-709.5238095238087,66.0,299000.0,1130832.0,59.0,30.0,30.0,11.0,0.0,0.0,1.0
300000.0,6.015625,1.032719640837362E-6,300000.0,66.8,66.8,-654.5454545454538,66.8,300000.0,1130832.0,59.0,30.0,30.0,11.0,0.0,0.0,1.0
301000.0,6.015625,1.032719640837362E-6,301000.0,59.699999999999996,59.699999999999996,-859.5238095238087,59.699999999999996,301000.0,1130832.0,59.0,30.0,30.0,11.0,0.0,0.0,1.0
302000.0,6.078125,1.0515376602092555E-6,302000.0,67.9,67.9,-844.1176470588225,67.9,302000.0,1163848.0,61.0,31.0,31.0,11.0,0.0,0.0,1.0
303000.0,6.109375,1.0609466698952023E-6,303000.0,71.6,71.6,-609.9999999999994,71.6,303000.0,1163848.0,61.0,31.0,31.0,11.0,0.0,0.0,1.0
304000.0,6.125,1.0656511747381758E-6,304000.0,73.6,73.6,-513.9534883720925,73.6,304000.0,1163848.0,61.0,31.0,31.0,11.0,0.0,0.0,1.0
305000.0,6.140625,1.0703556795811493E-6,305000.0,75.6,75.6,-430.4347826086952,75.6,305000.0,1163848.0,61.0,31.0,31.0,11.0,0.0,0.0,1.0
306000.0,6.171875,1.0797821515653701E-6,306000.0,72.8,72.79795984698852,-394.5454545454541,72.38578680203045,306000.0,1166008.0,61.0,31.0,31.0,11.0,0.0,0.0,1.0
307000.0,6.171875,1.0797821515653701E-6,307000.0,70.5,70.49339051947636,-383.60655737704883,70.08113590263692,307000.0,1168168.0,61.0,31.0,31.0,11.0,0.0,0.0,1.0
308000.0,6.234375,1.09867002013036E-6,308000.0,63.800000000000004,63.77609222086578,-596.1538461538455,62.985685071574636,308000.0,1168168.0,61.0,31.0,31.0,11.0,0.0,0.0,1.0
309000.0,6.25,1.1033919872716074E-6,309000.0,59.3,59.243756383809654,-784.7826086956514,58.46938775510204,309000.0,1168168.0,61.0,31.0,31.0,11.0,0.0,0.0,1.0
310000.0,6.265625,1.108113954412855E-6,310000.0,62.6,62.518289871920786,-695.7446808510631,61.836734693877546,310000.0,1168168.0,61.0,31.0,31.0,11.0,0.0,0.0,1.0
311000.0,6.28125,1.1128359215541024E-6,311000.0,63.4,63.24253100281607,-751.1627906976736,62.34567901234568,311000.0,1168168.0,61.0,31.0,31.0,11.0,0.0,0.0,1.0
312000.0,6.3125,1.1222798558365974E-6,312000.0,60.9,60.63864057340742,-768.8888888888881,59.27083333333333,312000.0,1168168.0,61.0,31.0,31.0,11.0,0.0,0.0,1.0
313000.0,6.34375,1.1317237901190924E-6,313000.0,67.2,67.02805128746412,-662.7906976744179,66.01036269430051,313000.0,1168168.0,61.0,31.0,31.0,11.0,0.0,0.0,1.0
314000.0,6.359375,1.13644575726034E-6,314000.0,61.5,61.39530406462326,-736.9565217391298,60.55327868852459,314000.0,1168168.0,61.0,31.0,31.0,11.0,0.0,0.0,1.0
315000.0,6.390625,1.145889691542835E-6,315000.0,65.60000000000001,65.57025269833136,-647.826086956521,64.64542651593011,315000.0,1168168.0,61.0,31.0,31.0,11.0,0.0,0.0,1.0
316000.0,6.421875,1.15533362582533E-6,316000.0,67.9,67.9,-555.1020408163258,66.83884297520662,316000.0,1168168.0,61.0,31.0,31.0,11.0,0.0,0.0,1.0
317000.0,6.453125,1.164777560107825E-6,317000.0,74.1,74.1,-684.8484848484842,73.83838383838383,317000.0,1168168.0,61.0,31.0,31.0,11.0,0.0,0.0,1.0
318000.0,6.46875,1.1694995272490724E-6,318000.0,76.7,76.7,-606.0606060606053,76.1025641025641,318000.0,1168168.0,61.0,31.0,31.0,11.0,0.0,0.0,1.0
319000.0,6.484375,1.17422149439032E-6,319000.0,72.6,72.5961634628848,-705.8823529411758,72.0408163265306,319000.0,1168168.0,61.0,31.0,31.0,11.0,0.0,0.0,1.0
320000.0,6.515625,1.183665428672815E-6,320000.0,70.8,70.79006862333192,-841.9354838709671,70.29501525940996,320000.0,1168168.0,61.0,31.0,31.0,11.0,0.0,0.0,1.0
321000.0,6.546875,1.19310936295531E-6,321000.0,71.5,71.49657958955075,-1039.999999999999,71.06598984771573,321000.0,1168168.0,61.0,31.0,31.0,11.0,0.0,0.0,1.0
322000.0,6.5625,1.1978313300965574E-6,322000.0,72.2,72.2,-858.6206896551718,71.45790554414783,322000.0,1168168.0,61.0,31.0,31.0,11.0,0.0,0.0,1.0
323000.0,6.59375,1.2072752643790525E-6,323000.0,75.7,75.7,-767.8571428571421,75.25458248472505,323000.0,1168168.0,61.0,31.0,31.0,11.0,0.0,0.0,1.0
324000.0,6.609375,1.2119972315203E-6,324000.0,67.30000000000001,67.30000000000001,-697.5609756097552,66.00831600831602,324000.0,1168168.0,61.0,31.0,31.0,11.0,0.0,0.0,1.0
325000.0,6.625,1.2166931022269046E-6,325000.0,77.60000000000001,77.60000000000001,-539.9999999999993,77.07267144319346,325000.0,1161712.0,63.0,32.0,32.0,11.0,0.0,0.0,1.0
326000.0,6.65625,1.2260848436401138E-6,326000.0,73.5,73.5,-530.9523809523804,72.9038854805726,326000.0,1161712.0,63.0,32.0,32.0,11.0,0.0,0.0,1.0
327000.0,6.671875,1.230931763226789E-6,327000.0,75.5,75.5,-444.44444444444395,74.31865828092243,327000.0,1199080.0,65.0,33.0,33.0,11.0,0.0,0.0,1.0
328000.0,6.734375,1.250319441573489E-6,328000.0,74.3,74.3,-458.69565217391255,73.6949846468782,328000.0,1199080.0,65.0,33.0,33.0,11.0,0.0,0.0,1.0
329000.0,6.765625,1.260013280746839E-6,329000.0,77.7,77.7,-305.45454545454504,76.60020986358866,329000.0,1199080.0,65.0,33.0,33.0,11.0,0.0,0.0,1.0
330000.0,6.796875,1.269707119920189E-6,330000.0,79.2,79.2,-383.72093023255763,78.86178861788619,330000.0,1199080.0,65.0,33.0,33.0,11.0,0.0,0.0,1.0
331000.0,6.796875,1.269707119920189E-6,331000.0,76.5,76.4991539695429,-369.99999999999955,75.62240663900414,331000.0,1199080.0,65.0,33.0,33.0,11.0,0.0,0.0,1.0
332000.0,6.828125,1.279400959093539E-6,332000.0,76.8,76.8,-393.61702127659527,76.32653061224491,332000.0,1199080.0,65.0,33.0,33.0,11.0,0.0,0.0,1.0
333000.0,6.859375,1.2890947982668891E-6,333000.0,77.10000000000001,77.10000000000001,-377.08333333333286,76.70396744659207,333000.0,1199080.0,65.0,33.0,33.0,11.0,0.0,0.0,1.0
334000.0,6.890625,1.2987886374402392E-6,334000.0,77.0,77.0,-350.9803921568623,76.33744855967079,334000.0,1199080.0,65.0,33.0,33.0,11.0,0.0,0.0,1.0
335000.0,6.921875,1.3084824766135892E-6,335000.0,81.5,81.5,-351.2195121951217,81.18006103763987,335000.0,1199080.0,65.0,33.0,33.0,11.0,0.0,0.0,1.0
336000.0,6.921875,1.3084824766135892E-6,336000.0,71.7,71.7,-515.2173913043473,70.97435897435898,336000.0,1199080.0,65.0,33.0,33.0,11.0,0.0,0.0,1.0
337000.0,6.96875,1.323060003212758E-6,337000.0,74.4,74.4,-433.33333333333286,74.14141414141415,337000.0,1202112.0,65.0,33.0,33.0,11.0,0.0,0.0,1.0
338000.0,7.0,1.3327958165771444E-6,338000.0,70.39999999999999,70.39999999999999,-448.14814814814775,69.97971602434076,338000.0,1204272.0,65.0,33.0,33.0,11.0,0.0,0.0,1.0
339000.0,7.03125,1.3425316299415308E-6,339000.0,69.3,69.3,-553.1914893617017,69.14572864321607,339000.0,1204272.0,65.0,33.0,33.0,11.0,0.0,0.0,1.0
340000.0,7.03125,1.3425316299415308E-6,340000.0,69.5,69.5,-577.7777777777774,69.28499496475327,340000.0,1204272.0,65.0,33.0,33.0,11.0,0.0,0.0,1.0
341000.0,7.09375,1.362003256670304E-6,341000.0,70.7,70.7,-523.4042553191484,70.10204081632652,341000.0,1204272.0,65.0,33.0,33.0,11.0,0.0,0.0,1.0
342000.0,7.109375,1.3668711633524973E-6,342000.0,73.5,73.5,-463.8297872340421,73.39357429718876,342000.0,1204272.0,65.0,33.0,33.0,11.0,0.0,0.0,1.0
343000.0,7.140625,1.3766069767168838E-6,343000.0,74.6,74.6,-477.2727272727268,74.34343434343434,343000.0,1204272.0,65.0,33.0,33.0,11.0,0.0,0.0,1.0
344000.0,7.15625,1.3814748833990771E-6,344000.0,75.0,75.0,-481.3953488372088,74.61928934010153,344000.0,1204272.0,65.0,33.0,33.0,11.0,0.0,0.0,1.0
345000.0,7.15625,1.3814748833990771E-6,345000.0,68.4,68.4,-572.3404255319142,67.72216547497447,345000.0,1199496.0,67.0,34.0,34.0,11.0,0.0,0.0,1.0
346000.0,7.21875,1.4015015525122495E-6,346000.0,71.0,71.0,-417.85714285714243,69.88577362409137,346000.0,1238600.0,67.0,34.0,34.0,11.0,0.0,0.0,1.0
347000.0,7.25,1.4115148870688357E-6,347000.0,70.5,70.5,-467.30769230769187,69.61894953656024,347000.0,1238600.0,67.0,34.0,34.0,11.0,0.0,0.0,1.0
348000.0,7.265625,1.4165215543471289E-6,348000.0,68.8,68.8,-549.9999999999995,68.13074565883555,348000.0,1238600.0,67.0,34.0,34.0,11.0,0.0,0.0,1.0
349000.0,7.296875,1.4268021914176654E-6,349000.0,68.2,68.2,-639.5348837209294,67.21649484536083,349000.0,1271664.0,69.0,35.0,35.0,11.0,0.0,0.0,1.0
350000.0,7.296875,1.4268021914176654E-6,350000.0,78.9,78.8827683389646,-358.69565217391255,78.15734989648033,350000.0,1271232.0,71.0,36.0,36.0,11.0,0.0,0.0,1.0
351000.0,7.359375,1.4481351697920937E-6,351000.0,74.8,74.79314373509595,-581.0810810810805,74.39024390243902,351000.0,1319392.0,73.0,37.0,37.0,11.0,0.0,0.0,1.0
352000.0,7.375,1.4536264805226702E-6,352000.0,77.2,77.18101460415066,-484.6153846153841,76.44628099173553,352000.0,1358496.0,73.0,37.0,37.0,11.0,0.0,0.0,1.0
353000.0,7.40625,1.4646091019838233E-6,353000.0,71.39999999999999,71.31612835932265,-549.9999999999994,70.11494252873563,353000.0,1358496.0,73.0,37.0,37.0,11.0,0.0,0.0,1.0
354000.0,7.4375,1.4755917234449763E-6,354000.0,73.0,72.95976412902398,-542.8571428571423,72.13622291021672,354000.0,1358496.0,73.0,37.0,37.0,11.0,0.0,0.0,1.0
355000.0,7.46875,1.4865918072044034E-6,355000.0,74.4,74.30969859054576,-444.6808510638293,73.41640706126688,355000.0,1360656.0,73.0,37.0,37.0,11.0,0.0,0.0,1.0
356000.0,7.5,1.4975918909638304E-6,356000.0,66.60000000000001,66.5408777309506,-1051.7241379310333,65.95310907237513,356000.0,1360656.0,73.0,37.0,37.0,11.0,0.0,0.0,1.0
357000.0,7.5,1.4975918909638304E-6,357000.0,74.1,74.09383433257115,-684.8484848484842,73.91742195367573,357000.0,1360656.0,73.0,37.0,37.0,11.0,0.0,0.0,1.0
358000.0,7.578125,1.5250921003623981E-6,358000.0,70.0,69.98228955083499,-689.4736842105258,69.69696969696969,358000.0,1360656.0,73.0,37.0,37.0,11.0,0.0,0.0,1.0
359000.0,7.609375,1.5360921841218252E-6,359000.0,74.3,74.29331626222819,-497.6744186046506,74.04040404040404,359000.0,1360656.0,73.0,37.0,37.0,11.0,0.0,0.0,1.0
360000.0,7.625,1.5415922260015388E-6,360000.0,74.1,74.05867547002374,-502.3255813953483,73.38129496402878,360000.0,1360656.0,73.0,37.0,37.0,11.0,0.0,0.0,1.0
361000.0,7.625,1.5415922260015388E-6,361000.0,77.3,77.28346236059852,-497.368421052631,77.00101317122594,361000.0,1360656.0,73.0,37.0,37.0,11.0,0.0,0.0,1.0
362000.0,7.6875,1.5635923935203929E-6,362000.0,86.9,86.89823126122026,-351.72413793103414,86.78102926337033,362000.0,1360656.0,73.0,37.0,37.0,11.0,0.0,0.0,1.0
363000.0,7.703125,1.5690924354001065E-6,363000.0,84.89999999999999,84.89401803114033,-344.1176470588232,84.560327198364,363000.0,1360656.0,73.0,37.0,37.0,11.0,0.0,0.0,1.0
364000.0,7.734375,1.5800925191595336E-6,364000.0,81.2,81.19187488995246,-469.696969696969,80.85539714867618,364000.0,1360656.0,73.0,37.0,37.0,11.0,0.0,0.0,1.0
365000.0,7.734375,1.5800925191595336E-6,365000.0,76.3,76.29269815103052,-478.0487804878043,76.03640040444894,365000.0,1360656.0,73.0,37.0,37.0,11.0,0.0,0.0,1.0
366000.0,7.78125,1.5965926447986742E-6,366000.0,82.0,81.99783974076888,-349.9999999999997,81.78137651821862,366000.0,1360656.0,73.0,37.0,37.0,11.0,0.0,0.0,1.0
367000.0,7.8125,1.6076101908563753E-6,367000.0,76.1,76.09770537971644,-419.56521739130386,75.71138211382113,367000.0,1362816.0,73.0,37.0,37.0,11.0,0.0,0.0,1.0
368000.0,7.84375,1.6186277369140763E-6,368000.0,70.5,70.49693168089482,-656.4102564102559,70.11144883485308,368000.0,1362816.0,73.0,37.0,37.0,11.0,0.0,0.0,1.0
369000.0,7.875,1.6296452829717774E-6,369000.0,67.30000000000001,67.29607552906349,-626.666666666666,66.90283400809717,369000.0,1362816.0,73.0,37.0,37.0,11.0,0.0,0.0,1.0
370000.0,7.890625,1.635162787149765E-6,370000.0,66.0,65.99744980873565,-579.9999999999993,65.12820512820512,370000.0,1364976.0,73.0,37.0,37.0,11.0,0.0,0.0,1.0
371000.0,7.921875,1.6461977955057402E-6,371000.0,66.60000000000001,66.60000000000001,-475.86206896551664,65.8835546475996,371000.0,1364976.0,73.0,37.0,37.0,11.0,0.0,0.0,1.0
372000.0,7.953125,1.6572328038617155E-6,372000.0,69.1,69.1,-483.01886792452785,68.3076923076923,372000.0,1364976.0,73.0,37.0,37.0,11.0,0.0,0.0,1.0
373000.0,7.984375,1.6682678122176907E-6,373000.0,73.9,73.9,-443.74999999999955,73.28556806550665,373000.0,1364976.0,73.0,37.0,37.0,11.0,0.0,0.0,1.0
374000.0,8.015625,1.679302820573666E-6,374000.0,75.6,75.6,-378.43137254901916,75.12742099898063,374000.0,1364976.0,73.0,37.0,37.0,11.0,0.0,0.0,1.0
375000.0,8.046875,1.6903378289296413E-6,375000.0,81.0,81.0,-363.4146341463409,80.65173116089613,375000.0,1364976.0,73.0,37.0,37.0,11.0,0.0,0.0,1.0
376000.0,8.078125,1.7013728372856165E-6,376000.0,76.0,76.0,-352.8301886792449,75.38461538461539,376000.0,1364976.0,73.0,37.0,37.0,11.0,0.0,0.0,1.0
377000.0,8.109375,1.7126293581289569E-6,377000.0,79.10000000000001,79.10000000000001,-480.5555555555549,78.8675429726997,377000.0,1392376.0,75.0,38.0,38.0,11.0,0.0,0.0,1.0
378000.0,8.140625,1.7238858789722972E-6,378000.0,79.10000000000001,79.09698996655518,-354.34782608695605,78.71690427698574,378000.0,1392376.0,75.0,38.0,38.0,11.0,0.0,0.0,1.0
379000.0,8.15625,1.7295141393939674E-6,379000.0,82.89999999999999,82.89755435027209,-451.61290322580606,82.67477203647417,379000.0,1392376.0,75.0,38.0,38.0,11.0,0.0,0.0,1.0
380000.0,8.1875,1.7407706602373077E-6,380000.0,81.2,81.18799794268745,-358.5365853658531,80.77709611451944,380000.0,1392376.0,75.0,38.0,38.0,11.0,0.0,0.0,1.0
381000.0,8.21875,1.752027181080648E-6,381000.0,82.3,82.29585723059195,-489.9999999999996,82.06686930091185,381000.0,1392376.0,75.0,38.0,38.0,11.0,0.0,0.0,1.0
382000.0,8.21875,1.752027181080648E-6,382000.0,78.3,78.2760167224616,-486.4864864864859,77.78915046059366,382000.0,1392376.0,75.0,38.0,38.0,11.0,0.0,0.0,1.0
383000.0,8.265625,1.7689119623456586E-6,383000.0,78.10000000000001,78.09540003400714,-682.1428571428563,77.87878787878788,383000.0,1392376.0,75.0,38.0,38.0,11.0,0.0,0.0,1.0
384000.0,8.296875,1.780168483188999E-6,384000.0,75.4,75.37291020122134,-472.0930232558135,74.76923076923076,384000.0,1392376.0,75.0,38.0,38.0,11.0,0.0,0.0,1.0
385000.0,8.328125,1.7914495159251017E-6,385000.0,75.5,75.49176523311833,-620.588235294117,75.10162601626016,385000.0,1395408.0,75.0,38.0,38.0,11.0,0.0,0.0,1.0
386000.0,8.34375,1.797090032293153E-6,386000.0,68.10000000000001,68.06336868388043,-659.5238095238087,66.87435098650052,386000.0,1395408.0,75.0,38.0,38.0,11.0,0.0,0.0,1.0
387000.0,8.375,1.8083710650292558E-6,387000.0,74.2,74.19318700136836,-616.6666666666661,73.5655737704918,387000.0,1395408.0,75.0,38.0,38.0,11.0,0.0,0.0,1.0
388000.0,8.40625,1.8196520977653585E-6,388000.0,68.30000000000001,68.28804459281149,-756.7567567567559,67.35324407826982,388000.0,1395408.0,75.0,38.0,38.0,11.0,0.0,0.0,1.0
389000.0,8.4375,1.8309331305014613E-6,389000.0,72.8,72.79858552644737,-699.9999999999994,72.07392197125256,389000.0,1395408.0,75.0,38.0,38.0,11.0,0.0,0.0,1.0
390000.0,8.46875,1.842214163237564E-6,390000.0,71.2,71.19913597407923,-699.9999999999994,70.76142131979695,390000.0,1395408.0,75.0,38.0,38.0,11.0,0.0,0.0,1.0
391000.0,8.5,1.8535441550840129E-6,391000.0,75.4,75.39534972109729,-485.71428571428515,74.71736896197328,391000.0,1401464.0,75.0,38.0,38.0,11.0,0.0,0.0,1.0
392000.0,8.515625,1.8592091510072372E-6,392000.0,67.7,67.69689890229462,-559.183673469387,67.50503018108652,392000.0,1401464.0,75.0,38.0,38.0,11.0,0.0,0.0,1.0
393000.0,8.515625,1.8592091510072372E-6,393000.0,71.0,71.0,-607.3170731707312,70.67745197168857,393000.0,1398848.0,77.0,39.0,39.0,11.0,0.0,0.0,1.0
394000.0,8.609375,1.8949897882218183E-6,394000.0,75.5,75.5,-483.33333333333275,75.35211267605634,394000.0,1475296.0,79.0,40.0,40.0,11.0,0.0,0.0,1.0
395000.0,8.625,1.9009532277575818E-6,395000.0,70.89999999999999,70.899301583238,-592.8571428571423,70.54655870445343,395000.0,1475296.0,79.0,40.0,40.0,11.0,0.0,0.0,1.0
396000.0,8.671875,1.9188168678536204E-6,396000.0,75.7,75.69965979523714,-556.7567567567561,75.52870090634441,396000.0,1473096.0,81.0,41.0,41.0,11.0,0.0,0.0,1.0
397000.0,8.703125,1.9309966915494057E-6,397000.0,73.4,73.39664797764517,-491.11111111111063,72.91242362525459,397000.0,1506584.0,81.0,41.0,41.0,11.0,0.0,0.0,1.0
398000.0,8.75,1.949266427093084E-6,398000.0,72.89999999999999,72.89631389869022,-545.2380952380947,72.43133265513734,398000.0,1506584.0,81.0,41.0,41.0,11.0,0.0,0.0,1.0
399000.0,8.78125,1.961446250788869E-6,399000.0,76.8,76.79131995366268,-393.61702127659527,75.98343685300208,399000.0,1506584.0,81.0,41.0,41.0,11.0,0.0,0.0,1.0
400000.0,8.78125,1.961446250788869E-6,400000.0,72.3,72.28281534551422,-515.5555555555551,71.73469387755101,400000.0,1506584.0,81.0,41.0,41.0,11.0,0.0,0.0,1.0
401000.0,8.828125,1.9797159863325473E-6,401000.0,76.0,75.97982305136316,-499.9999999999995,75.25773195876289,401000.0,1506584.0,81.0,41.0,41.0,11.0,0.0,0.0,1.0
402000.0,8.875,1.9979857218762255E-6,402000.0,71.89999999999999,71.87862775709539,-450.9803921568623,70.72916666666667,402000.0,1506584.0,81.0,41.0,41.0,11.0,0.0,0.0,1.0
403000.0,8.921875,2.0162922252590474E-6,403000.0,75.7,75.67258300104217,-326.3157894736838,74.44794952681389,403000.0,1509616.0,81.0,41.0,41.0,11.0,0.0,0.0,1.0
404000.0,8.921875,2.0162922252590474E-6,404000.0,74.5,74.49017871880675,-292.30769230769266,73.57512953367875,404000.0,1509616.0,81.0,41.0,41.0,11.0,0.0,0.0,1.0
405000.0,8.984375,2.0407358210326913E-6,405000.0,74.0,73.94638165344278,-419.99999999999955,72.66035751840167,405000.0,1511776.0,81.0,41.0,41.0,11.0,0.0,0.0,1.0
406000.0,9.015625,2.0529576189195134E-6,406000.0,74.6,74.57986725486585,-429.1666666666662,73.73319544984489,406000.0,1511776.0,81.0,41.0,41.0,11.0,0.0,0.0,1.0
407000.0,9.015625,2.0529576189195134E-6,407000.0,71.8,71.74122174122174,-475.5102040816322,70.25316455696202,407000.0,1511776.0,81.0,41.0,41.0,11.0,0.0,0.0,1.0
408000.0,9.015625,2.0529576189195134E-6,408000.0,79.4,79.38821005615212,-428.20512820512766,78.85010266940452,408000.0,1511776.0,81.0,41.0,41.0,11.0,0.0,0.0,1.0
409000.0,9.09375,2.0835121136365684E-6,409000.0,76.3,76.25716793094743,-523.6842105263153,75.2092050209205,409000.0,1511776.0,81.0,41.0,41.0,11.0,0.0,0.0,1.0
410000.0,9.125,2.0957339115233905E-6,410000.0,79.10000000000001,79.09372811843554,-374.9999999999995,78.6734693877551,410000.0,1511776.0,81.0,41.0,41.0,11.0,0.0,0.0,1.0
411000.0,9.15625,2.1079557094102127E-6,411000.0,76.9,76.89214332873176,-437.20930232558084,76.42857142857143,411000.0,1511776.0,81.0,41.0,41.0,11.0,0.0,0.0,1.0
412000.0,9.1875,2.120177507297035E-6,412000.0,80.4,80.36996604805353,-378.0487804878043,79.47643979057592,412000.0,1511776.0,81.0,41.0,41.0,11.0,0.0,0.0,1.0
413000.0,9.21875,2.132399305183857E-6,413000.0,80.9,80.88830364182881,-496.8749999999993,80.18672199170125,413000.0,1511776.0,81.0,41.0,41.0,11.0,0.0,0.0,1.0
414000.0,9.25,2.1446103023158205E-6,414000.0,84.3,84.28264804343996,-375.7575757575754,83.54297693920336,414000.0,1510440.0,83.0,42.0,42.0,11.0,0.0,0.0,1.0
415000.0,9.25,2.1446103023158205E-6,415000.0,78.10000000000001,78.09355950649491,-584.3749999999993,77.63023493360572,415000.0,1512600.0,83.0,42.0,42.0,11.0,0.0,0.0,1.0
416000.0,9.296875,2.162952991461177E-6,416000.0,81.6,81.59226875287621,-457.5757575757573,81.20531154239019,416000.0,1512600.0,83.0,42.0,42.0,11.0,0.0,0.0,1.0
417000.0,9.328125,2.1751814508914147E-6,417000.0,85.0,84.99891992223439,-354.5454545454542,84.87903225806451,417000.0,1512600.0,83.0,42.0,42.0,11.0,0.0,0.0,1.0
418000.0,9.375,2.193524140036771E-6,418000.0,82.39999999999999,82.38767136995897,-351.282051282051,82.0408163265306,418000.0,1512600.0,83.0,42.0,42.0,11.0,0.0,0.0,1.0
419000.0,9.375,2.193524140036771E-6,419000.0,83.39999999999999,83.39689521940602,-418.74999999999966,83.21536905965623,419000.0,1512600.0,83.0,42.0,42.0,11.0,0.0,0.0,1.0
420000.0,9.4375,2.217981058897246E-6,420000.0,77.2,77.18466809696116,-469.9999999999995,76.63934426229508,420000.0,1512600.0,83.0,42.0,42.0,11.0,0.0,0.0,1.0
421000.0,9.46875,2.230209518327484E-6,421000.0,76.4,76.39246919767406,-615.1515151515146,76.13751263902932,421000.0,1512600.0,83.0,42.0,42.0,11.0,0.0,0.0,1.0
422000.0,9.484375,2.2363237480426026E-6,422000.0,73.0,72.99135723431498,-799.9999999999993,72.78225806451613,422000.0,1512600.0,83.0,42.0,42.0,11.0,0.0,0.0,1.0
423000.0,9.484375,2.2363237480426026E-6,423000.0,75.5,75.49823587298286,-716.666666666666,75.42627883650952,423000.0,1512600.0,83.0,42.0,42.0,11.0,0.0,0.0,1.0
424000.0,9.546875,2.2607806669030777E-6,424000.0,75.9,75.89554067502488,-569.4444444444439,75.77889447236181,424000.0,1512600.0,83.0,42.0,42.0,11.0,0.0,0.0,1.0
425000.0,9.59375,2.279123356048434E-6,425000.0,76.1,76.08880956287543,-443.18181818181773,75.80971659919028,425000.0,1512600.0,83.0,42.0,42.0,11.0,0.0,0.0,1.0
426000.0,9.59375,2.279123356048434E-6,426000.0,73.0,72.99265400188851,-574.9999999999994,72.53306205493388,426000.0,1512600.0,83.0,42.0,42.0,11.0,0.0,0.0,1.0
427000.0,9.609375,2.285237585763553E-6,427000.0,79.5,79.4949352490065,-583.3333333333326,79.10295616717636,427000.0,1512600.0,83.0,42.0,42.0,11.0,0.0,0.0,1.0
428000.0,9.640625,2.2974660451937905E-6,428000.0,87.6,87.59742026341479,-287.49999999999966,87.39837398373984,428000.0,1512600.0,83.0,42.0,42.0,11.0,0.0,0.0,1.0
429000.0,9.671875,2.3096945046240283E-6,429000.0,86.3,86.29852024018594,-328.12499999999966,86.17558022199799,429000.0,1512600.0,83.0,42.0,42.0,11.0,0.0,0.0,1.0
430000.0,9.6875,2.315808734339147E-6,430000.0,79.4,79.39653861848791,-836.3636363636355,79.27565392354126,430000.0,1512600.0,83.0,42.0,42.0,11.0,0.0,0.0,1.0
431000.0,9.71875,2.3280371937693847E-6,431000.0,78.60000000000001,78.59550505606178,-969.9999999999989,78.4491440080564,431000.0,1512600.0,83.0,42.0,42.0,11.0,0.0,0.0,1.0
432000.0,9.75,2.3402656531996225E-6,432000.0,73.0,72.997299729973,-743.7499999999993,72.8643216080402,432000.0,1512600.0,83.0,42.0,42.0,11.0,0.0,0.0,1.0
433000.0,9.765625,2.346379882914741E-6,433000.0,71.7,71.69801886132029,-812.9032258064509,71.50050352467271,433000.0,1512600.0,83.0,42.0,42.0,11.0,0.0,0.0,1.0
434000.0,9.78125,2.3524765209812283E-6,434000.0,75.1,75.1,-678.1249999999993,75.1,434000.0,1508248.0,85.0,43.0,43.0,11.0,0.0,0.0,1.0
435000.0,9.828125,2.3712139550803463E-6,435000.0,74.8,74.8,-712.9032258064509,74.8,435000.0,1545152.0,87.0,44.0,44.0,12.0,0.0,0.0,1.0
436000.0,9.859375,2.3837055778130914E-6,436000.0,72.5,72.5,-848.2758620689648,72.5,436000.0,1545152.0,87.0,44.0,44.0,12.0,0.0,0.0,1.0
437000.0,9.875,2.389951389179464E-6,437000.0,80.30000000000001,80.30000000000001,-556.666666666666,80.30000000000001,437000.0,1545152.0,87.0,44.0,44.0,12.0,0.0,0.0,1.0
438000.0,9.921875,2.408688823278582E-6,438000.0,82.6,82.6,-479.9999999999996,82.6,438000.0,1545152.0,87.0,44.0,44.0,12.0,0.0,0.0,1.0
439000.0,9.953125,2.421464822772479E-6,439000.0,78.10000000000001,78.10000000000001,-584.3749999999993,78.10000000000001,439000.0,1580328.0,89.0,45.0,45.0,13.0,0.0,0.0,1.0
440000.0,9.984375,2.4342408222663758E-6,440000.0,81.10000000000001,81.10000000000001,-424.9999999999994,81.10000000000001,440000.0,1580328.0,89.0,45.0,45.0,13.0,0.0,0.0,1.0
441000.0,9.984375,2.4342408222663758E-6,441000.0,78.10000000000001,78.10000000000001,-337.99999999999955,78.10000000000001,441000.0,1580328.0,89.0,45.0,45.0,13.0,0.0,0.0,1.0
442000.0,10.046875,2.459827745850718E-6,442000.0,78.4,78.4,-619.9999999999992,78.4,442000.0,1582488.0,89.0,45.0,45.0,13.0,0.0,0.0,1.0
443000.0,10.078125,2.4726174564825187E-6,443000.0,85.7,85.7,-376.6666666666663,85.7,443000.0,1582024.0,91.0,46.0,46.0,13.0,0.0,0.0,1.0
444000.0,10.09375,2.479161485098305E-6,444000.0,88.6,88.6,-307.14285714285677,88.6,444000.0,1618928.0,93.0,47.0,47.0,13.0,0.0,0.0,1.0
445000.0,10.140625,2.499215382461749E-6,445000.0,84.3,84.3,-390.62499999999966,84.3,445000.0,1653712.0,93.0,47.0,47.0,13.0,0.0,0.0,1.0
446000.0,10.171875,2.512584647370712E-6,446000.0,83.5,83.5,-415.62499999999966,83.5,446000.0,1653712.0,93.0,47.0,47.0,13.0,0.0,0.0,1.0
447000.0,10.21875,2.5330441551179548E-6,447000.0,78.4,78.4,-596.7741935483864,78.4,447000.0,1687160.0,95.0,48.0,48.0,13.0,0.0,0.0,1.0
448000.0,10.25,2.546701289247724E-6,448000.0,80.2,80.2,-394.99999999999943,80.2,448000.0,1689320.0,95.0,48.0,48.0,13.0,0.0,0.0,1.0
449000.0,10.28125,2.5603829352702557E-6,449000.0,79.4,79.4,-564.5161290322574,79.4,449000.0,1692352.0,95.0,48.0,48.0,13.0,0.0,0.0,1.0
450000.0,10.3125,2.5740645812927873E-6,450000.0,85.39999999999999,85.39999999999999,-461.53846153846115,85.39999999999999,450000.0,1692352.0,95.0,48.0,48.0,13.0,0.0,0.0,1.0
451000.0,10.34375,2.587746227315319E-6,451000.0,87.8,87.8,-281.24999999999966,87.8,451000.0,1692352.0,95.0,48.0,48.0,13.0,0.0,0.0,1.0
452000.0,10.390625,2.6087115596358996E-6,452000.0,86.6,86.6,-346.6666666666663,86.6,452000.0,1728872.0,95.0,48.0,48.0,13.0,0.0,0.0,1.0
453000.0,10.421875,2.6227128950672038E-6,453000.0,83.1,83.1,-463.3333333333329,83.1,453000.0,1731896.0,95.0,48.0,48.0,13.0,0.0,0.0,1.0
454000.0,10.453125,2.6367386777160915E-6,454000.0,81.3,81.3,-466.66666666666634,81.3,454000.0,1734920.0,95.0,48.0,48.0,13.0,0.0,0.0,1.0
455000.0,10.453125,2.6367386777160915E-6,455000.0,80.0,80.0,-471.4285714285708,80.0,455000.0,1734920.0,95.0,48.0,48.0,13.0,0.0,0.0,1.0
456000.0,10.53125,2.6718031343383114E-6,456000.0,79.3,79.3,-474.9999999999994,79.3,456000.0,1734920.0,95.0,48.0,48.0,13.0,0.0,0.0,1.0
457000.0,10.5625,2.685853428879962E-6,457000.0,82.3,82.3,-365.78947368421024,82.3,457000.0,1737952.0,95.0,48.0,48.0,13.0,0.0,0.0,1.0
458000.0,10.5625,2.685853428879962E-6,458000.0,83.2,83.2,-354.0540540540538,83.2,458000.0,1737952.0,95.0,48.0,48.0,13.0,0.0,0.0,1.0
459000.0,10.625,2.7144950905090424E-6,459000.0,84.0,84.0,-332.43243243243217,84.0,459000.0,1771416.0,97.0,49.0,49.0,13.0,0.0,0.0,1.0
460000.0,10.65625,2.7288159213235828E-6,460000.0,83.5,83.5,-489.2857142857139,83.5,460000.0,1771416.0,97.0,49.0,49.0,13.0,0.0,0.0,1.0
461000.0,10.671875,2.735976336730853E-6,461000.0,80.10000000000001,80.10000000000001,-541.935483870967,80.10000000000001,461000.0,1771416.0,97.0,49.0,49.0,13.0,0.0,0.0,1.0
462000.0,10.71875,2.7574837764000747E-6,462000.0,83.1,83.1,-445.16129032258027,83.1,462000.0,1773576.0,97.0,49.0,49.0,13.0,0.0,0.0,1.0
463000.0,10.765625,2.7794336913050068E-6,463000.0,84.6,84.6,-339.99999999999966,84.6,463000.0,1810064.0,99.0,50.0,50.0,13.0,0.0,0.0,1.0
464000.0,10.78125,2.7867396905397393E-6,464000.0,84.6,84.6,-352.9411764705879,84.6,464000.0,1807432.0,101.0,51.0,51.0,13.0,0.0,0.0,1.0
465000.0,10.828125,2.8092053253203647E-6,465000.0,84.7,84.7,-282.4999999999997,84.7,465000.0,1852592.0,101.0,51.0,51.0,13.0,0.0,0.0,1.0
466000.0,10.859375,2.824182415174115E-6,466000.0,84.0,84.0,-344.4444444444442,84.0,466000.0,1852592.0,101.0,51.0,51.0,13.0,0.0,0.0,1.0
467000.0,10.890625,2.8391595050278655E-6,467000.0,81.10000000000001,81.10000000000001,-439.9999999999993,81.10000000000001,467000.0,1852592.0,101.0,51.0,51.0,13.0,0.0,0.0,1.0
468000.0,10.890625,2.8391595050278655E-6,468000.0,80.7,80.7,-328.8888888888884,80.7,468000.0,1852592.0,101.0,51.0,51.0,13.0,0.0,0.0,1.0
469000.0,10.96875,2.8766022296622413E-6,469000.0,79.0,79.0,-388.37209302325533,79.0,469000.0,1852592.0,101.0,51.0,51.0,13.0,0.0,0.0,1.0
470000.0,11.0,2.891621293707028E-6,470000.0,74.7,74.7,-462.2222222222217,74.7,470000.0,1857784.0,101.0,51.0,51.0,13.0,0.0,0.0,1.0
471000.0,11.03125,2.906640357751815E-6,471000.0,74.7,74.7,-386.5384615384611,74.7,471000.0,1857784.0,101.0,51.0,51.0,13.0,0.0,0.0,1.0
472000.0,11.0625,2.9216452579324463E-6,472000.0,70.39999999999999,70.39999999999999,-385.2459016393439,70.39999999999999,472000.0,1856032.0,103.0,52.0,52.0,13.0,0.0,0.0,1.0
473000.0,11.09375,2.9366501581130776E-6,473000.0,68.10000000000001,68.10000000000001,-459.6491228070169,68.10000000000001,473000.0,1856032.0,103.0,52.0,52.0,13.0,0.0,0.0,1.0
474000.0,11.109375,2.944152608203393E-6,474000.0,62.8,62.8,-674.9999999999993,62.8,474000.0,1856032.0,103.0,52.0,52.0,13.0,0.0,0.0,1.0
475000.0,11.15625,2.96665995847434E-6,475000.0,61.0,61.0,-649.9999999999994,61.0,475000.0,1856032.0,103.0,52.0,52.0,13.0,0.0,0.0,1.0
476000.0,11.203125,2.9891673087452866E-6,476000.0,65.0,65.0,-573.0769230769224,65.0,476000.0,1856032.0,103.0,52.0,52.0,13.0,0.0,0.0,1.0
477000.0,11.21875,2.9968103626742975E-6,477000.0,63.0,63.0,-611.5384615384609,63.0,477000.0,1890816.0,103.0,52.0,52.0,13.0,0.0,0.0,1.0
478000.0,11.28125,3.0273825783903417E-6,478000.0,60.0,60.0,-669.2307692307686,60.0,478000.0,1890816.0,103.0,52.0,52.0,13.0,0.0,0.0,1.0
479000.0,11.3125,3.042668686248364E-6,479000.0,64.8,64.8,-528.571428571428,64.8,479000.0,1890816.0,103.0,52.0,52.0,13.0,0.0,0.0,1.0
480000.0,11.328125,3.050323963786167E-6,480000.0,69.3,69.3,-513.9999999999995,69.3,480000.0,1893840.0,103.0,52.0,52.0,13.0,0.0,0.0,1.0
481000.0,11.390625,3.0809450739373783E-6,481000.0,66.2,66.2,-766.6666666666658,66.2,481000.0,1893840.0,103.0,52.0,52.0,13.0,0.0,0.0,1.0
482000.0,11.421875,3.096255629012984E-6,482000.0,66.0,66.0,-729.268292682926,66.0,482000.0,1893840.0,103.0,52.0,52.0,13.0,0.0,0.0,1.0
483000.0,11.453125,3.111583646386864E-6,483000.0,69.8,69.8,-815.1515151515146,69.8,483000.0,1896000.0,103.0,52.0,52.0,13.0,0.0,0.0,1.0
484000.0,11.5,3.1345756724476835E-6,484000.0,72.6,72.6,-813.3333333333326,72.6,484000.0,1896000.0,103.0,52.0,52.0,13.0,0.0,0.0,1.0
485000.0,11.5,3.1345756724476835E-6,485000.0,65.3,65.3,-1185.1851851851839,65.3,485000.0,1896000.0,103.0,52.0,52.0,13.0,0.0,0.0,1.0
486000.0,11.5,3.1345756724476835E-6,486000.0,62.4,62.4,-1196.5517241379298,62.4,486000.0,1898160.0,103.0,52.0,52.0,13.0,0.0,0.0,1.0
487000.0,11.5,3.1345756724476835E-6,487000.0,54.800000000000004,54.800000000000004,-1954.5454545454525,54.800000000000004,487000.0,1901192.0,103.0,52.0,52.0,13.0,0.0,0.0,1.0
488000.0,11.578125,3.173000651359974E-6,488000.0,57.199999999999996,57.199999999999996,-1485.1851851851839,57.199999999999996,488000.0,1901192.0,103.0,52.0,52.0,13.0,0.0,0.0,1.0
489000.0,11.609375,3.1883706429248904E-6,489000.0,63.4,63.4,-838.4615384615377,63.4,489000.0,1901192.0,103.0,52.0,52.0,13.0,0.0,0.0,1.0
490000.0,11.625,3.1960556387073483E-6,490000.0,63.0,63.0,-1221.4285714285702,63.0,490000.0,1901192.0,103.0,52.0,52.0,13.0,0.0,0.0,1.0
491000.0,11.671875,3.2191106260547226E-6,491000.0,64.4,64.4,-1086.6666666666654,64.4,491000.0,1901192.0,103.0,52.0,52.0,13.0,0.0,0.0,1.0
492000.0,11.703125,3.234480617619639E-6,492000.0,58.3,58.3,-1027.0270270270262,58.3,492000.0,1901192.0,103.0,52.0,52.0,13.0,0.0,0.0,1.0
493000.0,11.71875,3.242165613402097E-6,493000.0,53.2,53.2,-783.0188679245275,53.2,493000.0,1901192.0,103.0,52.0,52.0,13.0,0.0,0.0,1.0
494000.0,11.765625,3.265220600749471E-6,494000.0,53.800000000000004,53.800000000000004,-1148.6486486486476,53.800000000000004,494000.0,1901192.0,103.0,52.0,52.0,13.0,0.0,0.0,1.0
495000.0,11.8125,3.2882755880968454E-6,495000.0,51.2,51.2,-1034.8837209302314,51.2,495000.0,1901192.0,103.0,52.0,52.0,13.0,0.0,0.0,1.0
496000.0,11.828125,3.2959605838793033E-6,496000.0,54.1,54.1,-1174.9999999999989,54.1,496000.0,1901192.0,103.0,52.0,52.0,13.0,0.0,0.0,1.0
497000.0,11.875,3.3190155712266776E-6,497000.0,57.699999999999996,57.699999999999996,-957.4999999999992,57.699999999999996,497000.0,1901192.0,103.0,52.0,52.0,13.0,0.0,0.0,1.0
498000.0,11.90625,3.334385562791594E-6,498000.0,63.3,63.3,-817.4999999999992,63.3,498000.0,1901192.0,103.0,52.0,52.0,13.0,0.0,0.0,1.0
499000.0,11.921875,3.342070558574052E-6,499000.0,69.39999999999999,69.39999999999999,-705.2631578947363,69.3386773547094,499000.0,1901192.0,103.0,52.0,52.0,13.0,0.0,0.0,1.0
500000.0,11.984375,3.3728105417038845E-6,500000.0,75.1,75.1,-429.78723404255265,74.9748743718593,500000.0,1901192.0,103.0,52.0,52.0,13.0,0.0,0.0,1.0
501000.0,12.015625,3.388180533268801E-6,501000.0,73.8,73.8,-571.7948717948711,73.74749498997996,501000.0,1901192.0,103.0,52.0,52.0,13.0,0.0,0.0,1.0
502000.0,12.046875,3.403550524833717E-6,502000.0,73.3,73.3,-535.7142857142851,73.19277108433735,502000.0,1901192.0,103.0,52.0,52.0,13.0,0.0,0.0,1.0
503000.0,12.09375,3.4266055121810914E-6,503000.0,68.60000000000001,68.60000000000001,-726.3157894736834,68.47389558232932,503000.0,1901192.0,103.0,52.0,52.0,13.0,0.0,0.0,1.0
504000.0,12.140625,3.4496604995284657E-6,504000.0,68.10000000000001,68.10000000000001,-929.0322580645151,67.81029263370334,504000.0,1901192.0,103.0,52.0,52.0,13.0,0.0,0.0,1.0
505000.0,12.171875,3.465030491093382E-6,505000.0,70.0,70.0,-934.482758620689,69.69696969696969,505000.0,1901192.0,103.0,52.0,52.0,13.0,0.0,0.0,1.0
506000.0,12.203125,3.4804004826582983E-6,506000.0,65.0,65.0,-1066.6666666666656,64.85943775100402,506000.0,1901192.0,103.0,52.0,52.0,13.0,0.0,0.0,1.0
507000.0,12.234375,3.4957704742232147E-6,507000.0,68.30000000000001,68.30000000000001,-1074.0740740740728,67.9474216380182,507000.0,1901192.0,103.0,52.0,52.0,13.0,0.0,0.0,1.0
508000.0,12.28125,3.51922078860096E-6,508000.0,68.7,68.7,-878.124999999999,68.2555780933063,508000.0,1933792.0,105.0,53.0,53.0,13.0,0.0,0.0,1.0
509000.0,12.296875,3.527037560060208E-6,509000.0,64.7,64.7,-969.6969696969686,64.34343434343435,509000.0,1933792.0,105.0,53.0,53.0,13.0,0.0,0.0,1.0
510000.0,12.34375,3.5504878744379533E-6,510000.0,66.4,66.4,-859.9999999999991,66.0262891809909,510000.0,1933792.0,105.0,53.0,53.0,13.0,0.0,0.0,1.0
511000.0,12.375,3.56612141735645E-6,511000.0,67.2,67.2,-699.9999999999992,66.96878147029204,511000.0,1933792.0,105.0,53.0,53.0,13.0,0.0,0.0,1.0
512000.0,12.390625,3.573938188815698E-6,512000.0,67.30000000000001,67.30000000000001,-697.5609756097552,66.83569979716025,512000.0,1933792.0,105.0,53.0,53.0,13.0,0.0,0.0,1.0
513000.0,12.453125,3.6052541690878586E-6,513000.0,79.4,79.4,-390.4761904761899,79.08629441624366,513000.0,1936816.0,105.0,53.0,53.0,13.0,0.0,0.0,1.0
514000.0,12.484375,3.620929621522213E-6,514000.0,81.89999999999999,81.89999999999999,-302.222222222222,81.64300202839756,514000.0,1938976.0,105.0,53.0,53.0,13.0,0.0,0.0,1.0
515000.0,12.5,3.62876734773939E-6,515000.0,83.0,83.0,-246.93877551020384,82.72357723577235,515000.0,1938976.0,105.0,53.0,53.0,13.0,0.0,0.0,1.0
516000.0,12.546875,3.6522805263909214E-6,516000.0,79.10000000000001,79.10000000000001,-422.49999999999943,78.8888888888889,516000.0,1938976.0,105.0,53.0,53.0,13.0,0.0,0.0,1.0
517000.0,12.59375,3.675793705042453E-6,517000.0,77.8,77.8,-484.21052631578885,77.598385469223,517000.0,1938976.0,105.0,53.0,53.0,13.0,0.0,0.0,1.0
518000.0,12.625,3.691469157476807E-6,518000.0,81.10000000000001,81.10000000000001,-384.6153846153841,80.90909090909092,518000.0,1938976.0,105.0,53.0,53.0,13.0,0.0,0.0,1.0
519000.0,12.65625,3.7071446099111614E-6,519000.0,79.7,79.7,-361.36363636363586,79.474216380182,519000.0,1938976.0,105.0,53.0,53.0,13.0,0.0,0.0,1.0
520000.0,12.6875,3.7228200623455156E-6,520000.0,73.7,73.7,-592.1052631578941,73.6208625877633,520000.0,1938976.0,105.0,53.0,53.0,13.0,0.0,0.0,1.0
521000.0,12.703125,3.7306577885626928E-6,521000.0,72.6,72.6,-756.2499999999993,72.54509018036072,521000.0,1938976.0,105.0,53.0,53.0,13.0,0.0,0.0,1.0
522000.0,12.734375,3.746333240997047E-6,522000.0,72.6,72.6,-953.8461538461529,72.6,522000.0,1938976.0,105.0,53.0,53.0,13.0,0.0,0.0,1.0
523000.0,12.765625,3.7620086934314013E-6,523000.0,72.7,72.7,-780.6451612903219,72.7,523000.0,1938976.0,105.0,53.0,53.0,13.0,0.0,0.0,1.0
524000.0,12.796875,3.7776841458657556E-6,524000.0,69.19999999999999,69.19999999999999,-893.5483870967735,69.19999999999999,524000.0,1938976.0,105.0,53.0,53.0,13.0,0.0,0.0,1.0
525000.0,12.84375,3.8012339953436628E-6,525000.0,69.6,69.6,-985.7142857142849,69.6,525000.0,1942000.0,105.0,53.0,53.0,13.0,0.0,0.0,1.0
526000.0,12.875,3.816933894995601E-6,526000.0,69.19999999999999,69.19999999999999,-1299.9999999999989,69.19999999999999,526000.0,1942000.0,105.0,53.0,53.0,13.0,0.0,0.0,1.0
527000.0,12.90625,3.832633794647539E-6,527000.0,69.8,69.8,-1409.9999999999989,69.8,527000.0,1942000.0,105.0,53.0,53.0,13.0,0.0,0.0,1.0
528000.0,12.90625,3.832633794647539E-6,528000.0,73.1,73.1,-1394.4444444444432,73.1,528000.0,1942000.0,105.0,53.0,53.0,13.0,0.0,0.0,1.0
529000.0,12.984375,3.871883543777384E-6,529000.0,79.3,79.3,-1378.571428571427,79.3,529000.0,1942000.0,105.0,53.0,53.0,13.0,0.0,0.0,1.0
530000.0,13.015625,3.887583443429322E-6,530000.0,79.4,79.4,-1273.333333333332,79.4,530000.0,1942000.0,105.0,53.0,53.0,13.0,0.0,0.0,1.0
531000.0,13.015625,3.887583443429322E-6,531000.0,77.4,77.4,-1406.6666666666652,77.4,531000.0,1942000.0,105.0,53.0,53.0,13.0,0.0,0.0,1.0
532000.0,13.078125,3.918933701546243E-6,532000.0,86.4,86.4,-1259.9999999999989,86.4,532000.0,1938936.0,107.0,54.0,54.0,14.0,0.0,0.0,1.0
533000.0,13.125,3.942446395133934E-6,533000.0,87.9,87.9,-764.2857142857135,87.9,533000.0,1938936.0,107.0,54.0,54.0,14.0,0.0,0.0,1.0
534000.0,13.125,3.942446395133934E-6,534000.0,88.3,88.3,-735.714285714285,88.3,534000.0,1938936.0,107.0,54.0,54.0,14.0,0.0,0.0,1.0
535000.0,13.1875,3.973796653250855E-6,535000.0,83.89999999999999,83.89999999999999,-455.17241379310303,83.89999999999999,535000.0,1938936.0,107.0,54.0,54.0,14.0,0.0,0.0,1.0
536000.0,13.21875,3.989471782309315E-6,536000.0,81.2,81.2,-487.4999999999993,81.2,536000.0,1938936.0,107.0,54.0,54.0,14.0,0.0,0.0,1.0
537000.0,13.25,4.0051643736660496E-6,537000.0,76.7,76.7,-395.7446808510634,76.7,537000.0,1941096.0,107.0,54.0,54.0,14.0,0.0,0.0,1.0
538000.0,13.296875,4.0287032607011515E-6,538000.0,69.5,69.5,-498.0392156862741,69.5,538000.0,1941096.0,107.0,54.0,54.0,14.0,0.0,0.0,1.0
539000.0,13.328125,4.044395852057886E-6,539000.0,60.9,60.9,-853.658536585365,60.9,539000.0,1941096.0,107.0,54.0,54.0,14.0,0.0,0.0,1.0
540000.0,13.359375,4.06008844341462E-6,540000.0,55.60000000000001,55.60000000000001,-1607.6923076923058,55.60000000000001,540000.0,1941096.0,107.0,54.0,54.0,14.0,0.0,0.0,1.0
541000.0,13.390625,4.075798497069629E-6,541000.0,61.4,61.4,-1829.9999999999982,61.4,541000.0,1943256.0,107.0,54.0,54.0,14.0,0.0,0.0,1.0
542000.0,13.421875,4.091508550724637E-6,542000.0,69.8,69.8,-1577.7777777777767,69.8,542000.0,1943256.0,107.0,54.0,54.0,14.0,0.0,0.0,1.0
543000.0,13.4375,4.099363577552141E-6,543000.0,72.6,72.6,-1269.9999999999989,72.6,543000.0,1943256.0,107.0,54.0,54.0,14.0,0.0,0.0,1.0
544000.0,13.484375,4.122928658034654E-6,544000.0,72.7,72.7,-534.883720930232,72.7,544000.0,1943256.0,107.0,54.0,54.0,14.0,0.0,0.0,1.0
545000.0,13.515625,4.138638711689663E-6,545000.0,73.1,73.1,-607.8947368421046,73.1,545000.0,1943256.0,107.0,54.0,54.0,14.0,0.0,0.0,1.0
546000.0,13.546875,4.154348765344671E-6,546000.0,72.1,72.1,-697.1428571428565,72.1,546000.0,1943256.0,107.0,54.0,54.0,14.0,0.0,0.0,1.0
547000.0,13.5625,4.162180994171651E-6,547000.0,88.1,88.1,-324.9999999999996,88.1,547000.0,1937616.0,109.0,55.0,55.0,14.0,0.0,0.0,1.0
548000.0,13.609375,4.185645957477393E-6,548000.0,77.10000000000001,77.10000000000001,-593.9393939393932,77.10000000000001,548000.0,1935000.0,111.0,56.0,56.0,14.0,0.0,0.0,1.0
549000.0,13.640625,4.201306728646161E-6,549000.0,58.199999999999996,58.199999999999996,-2099.999999999998,58.199999999999996,549000.0,1937160.0,111.0,56.0,56.0,14.0,0.0,0.0,1.0
550000.0,13.671875,4.217255369035736E-6,550000.0,73.6,73.6,-842.857142857142,73.6,550000.0,1972768.0,113.0,57.0,57.0,14.0,0.0,0.0,1.0
551000.0,13.71875,4.241204523067509E-6,551000.0,93.7,93.7,-173.91304347826036,93.7,551000.0,1974928.0,113.0,57.0,57.0,14.0,0.0,0.0,1.0
552000.0,13.75,4.25719513764812E-6,552000.0,95.8,95.8,-82.6086956521739,95.8,552000.0,1977960.0,113.0,57.0,57.0,14.0,0.0,0.0,1.0
553000.0,13.78125,4.273185752228731E-6,553000.0,88.3,88.3,-367.99999999999955,88.3,553000.0,1977960.0,113.0,57.0,57.0,14.0,0.0,0.0,1.0
554000.0,13.8125,4.2891622029451865E-6,554000.0,81.39999999999999,81.39999999999999,-463.6363636363633,81.39999999999999,554000.0,1976208.0,115.0,58.0,58.0,14.0,0.0,0.0,1.0
555000.0,13.859375,4.3135482054721155E-6,555000.0,78.9,78.89835407161759,-390.69767441860415,78.62208713272544,555000.0,2010952.0,117.0,59.0,59.0,14.0,0.0,0.0,1.0
556000.0,13.90625,4.338329438016647E-6,556000.0,86.4,86.39823177013012,-277.77777777777743,86.26262626262627,556000.0,2043544.0,119.0,60.0,60.0,14.0,0.0,0.0,1.0
557000.0,13.953125,4.3631473413875535E-6,557000.0,91.8,91.79938495387154,-192.85714285714246,91.75879396984925,557000.0,2046568.0,119.0,60.0,60.0,14.0,0.0,0.0,1.0
558000.0,13.96875,4.371419975844523E-6,558000.0,89.5,89.5,-337.49999999999955,89.5,558000.0,2046568.0,119.0,60.0,60.0,14.0,0.0,0.0,1.0
559000.0,14.015625,4.3962378792154295E-6,559000.0,77.5,77.48588364904796,-462.4999999999995,77.24974721941355,559000.0,2046568.0,119.0,60.0,60.0,14.0,0.0,0.0,1.0
560000.0,14.0625,4.421055782586336E-6,560000.0,77.9,77.89949168830883,-333.3333333333329,77.87787787787788,560000.0,2046568.0,119.0,60.0,60.0,14.0,0.0,0.0,1.0
561000.0,14.078125,4.4293284170433056E-6,561000.0,74.3,74.3,-413.99999999999955,74.3,561000.0,2046568.0,119.0,60.0,60.0,14.0,0.0,0.0,1.0
562000.0,14.140625,4.462987708393485E-6,562000.0,78.60000000000001,78.60000000000001,-268.9655172413789,78.60000000000001,562000.0,2081744.0,121.0,61.0,61.0,14.0,0.0,0.0,1.0
563000.0,14.1875,4.48823217690612E-6,563000.0,82.6,82.6,-346.15384615384585,82.6,563000.0,2081744.0,121.0,61.0,61.0,14.0,0.0,0.0,1.0
564000.0,14.21875,4.5050618225812095E-6,564000.0,62.9,62.9,-1024.242424242423,62.9,564000.0,2081744.0,121.0,61.0,61.0,14.0,0.0,0.0,1.0
565000.0,14.25,4.521891468256299E-6,565000.0,68.60000000000001,68.60000000000001,-613.6363636363628,68.60000000000001,565000.0,2081744.0,121.0,61.0,61.0,14.0,0.0,0.0,1.0
566000.0,14.296875,4.547135936768934E-6,566000.0,63.5,63.5,-676.5957446808503,63.5,566000.0,2081744.0,121.0,61.0,61.0,14.0,0.0,0.0,1.0
567000.0,14.296875,4.547135936768934E-6,567000.0,79.5,79.5,-439.47368421052573,79.5,567000.0,2081744.0,121.0,61.0,61.0,14.0,0.0,0.0,1.0
568000.0,14.375,4.589210050956658E-6,568000.0,81.39999999999999,81.39999999999999,-287.4999999999998,81.39999999999999,568000.0,2081744.0,121.0,61.0,61.0,14.0,0.0,0.0,1.0
569000.0,14.390625,4.597883412821427E-6,569000.0,84.7,84.7,-194.230769230769,84.7,569000.0,2145704.0,125.0,63.0,63.0,14.0,0.0,0.0,1.0
570000.0,14.4375,4.623971601379002E-6,570000.0,92.5,92.5,-31.578947368420856,92.5,570000.0,2151320.0,125.0,63.0,63.0,14.0,0.0,0.0,1.0
571000.0,14.46875,4.641388174301636E-6,571000.0,88.5,88.5,-71.64179104477624,88.5,571000.0,2154344.0,125.0,63.0,63.0,14.0,0.0,0.0,1.0
572000.0,14.5,4.658829259117032E-6,572000.0,86.3,86.3,-61.176470588235375,86.3,572000.0,2157376.0,125.0,63.0,63.0,14.0,0.0,0.0,1.0
573000.0,14.5625,4.693760323182991E-6,573000.0,65.5,65.5,-263.1578947368422,65.5,573000.0,2160400.0,125.0,63.0,63.0,14.0,0.0,0.0,1.0
574000.0,14.59375,4.7112258552159716E-6,574000.0,50.5,50.5,-627.9411764705887,50.5,574000.0,2160400.0,125.0,63.0,63.0,14.0,0.0,0.0,1.0
575000.0,14.640625,4.737424153265441E-6,575000.0,53.5,53.5,-761.1111111111103,53.5,575000.0,2160400.0,125.0,63.0,63.0,14.0,0.0,0.0,1.0
576000.0,14.6875,4.763601496556982E-6,576000.0,83.39999999999999,83.39999999999999,-151.51515151515179,83.39999999999999,576000.0,2158672.0,127.0,64.0,64.0,14.0,0.0,0.0,1.0
577000.0,14.71875,4.781053058751342E-6,577000.0,68.30000000000001,68.30000000000001,-334.246575342466,68.30000000000001,577000.0,2158672.0,127.0,64.0,64.0,14.0,0.0,0.0,1.0
578000.0,14.734375,4.789778839848522E-6,578000.0,87.2,87.2,-166.66666666666643,87.2,578000.0,2158672.0,127.0,64.0,64.0,14.0,0.0,0.0,1.0
579000.0,14.796875,4.824681964237244E-6,579000.0,74.1,74.1,-488.6363636363631,74.1,579000.0,2158672.0,127.0,64.0,64.0,14.0,0.0,0.0,1.0
580000.0,14.828125,4.842133526431604E-6,580000.0,53.6,53.6,-1121.0526315789461,53.6,580000.0,2158672.0,127.0,64.0,64.0,14.0,0.0,0.0,1.0
581000.0,14.84375,4.851008642516617E-6,581000.0,82.3,82.3,-784.9999999999994,82.3,581000.0,2195616.0,127.0,64.0,64.0,14.0,0.0,0.0,1.0
581012.0,14.890625,4.877633990771655E-6,581012.0,82.39999999999999,82.39999999999999,-779.9999999999994,82.39999999999999,581012.0,2195616.0,127.0,64.0,64.0,14.0,0.0,0.0,1.0
